0	0
0	0
0	0
0	0
0	0
0	0
0	0
0	0
0	0
0	0
0	0
0	0
0	0
0	0
0	0
0	0
0	0
0	0
0	0
0	0
0	0
0	0
0	0
0	0
0	0
0	0
0	0
0	0
0	0
0	0
0	0
0	0
0	0
0	0
0	0
0	0
0	0
0	0
0	0
0	0
0	0
0	0
0	0
0	0
0	0
0	0
0	0
0	0
0	0
0	0
0	1
0	1
0	1
0	1
0	1
0	1
0	1
0	1
0	1
0	1
0	1
0	1
0	1
0	1
0	1
0	1
0	1
0	1
0	1
0	1
0	1
0	1
0	1
0	1
0	1
0	1
0	1
0	1
0	1
0	1
0	1
0	1
0	1
0	1
0	1
0	1
0	1
0	1
0	1
0	1
0	1
0	1
0	1
0	1
0	1
0	1
0	1
0	1
0	1
0	1
0	2
0	2
0	2
0	2
0	2
0	2
0	2
0	2
0	2
0	2
0	2
0	2
0	2
0	2
0	2
0	2
0	2
0	2
0	2
0	2
0	2
0	2
0	2
0	2
0	2
0	2
0	2
0	2
0	2
0	2
0	2
0	2
0	2
0	2
0	2
0	2
0	2
0	2
0	2
0	2
0	2
0	2
0	2
0	2
0	2
0	2
0	2
0	2
0	2
0	2
0	3
0	3
0	3
0	3
0	3
0	3
0	3
0	3
0	3
0	3
0	3
0	3
0	3
0	3
0	3
0	3
0	3
0	3
0	3
0	3
0	3
0	3
0	3
0	3
0	3
0	3
0	3
0	3
0	3
0	3
0	3
0	3
0	3
0	3
0	3
0	3
0	3
0	3
0	3
0	3
0	3
0	3
0	3
0	3
0	3
0	3
0	3
0	3
0	3
0	3
0	4
0	4
0	4
0	4
0	4
0	4
0	4
0	4
0	4
0	4
0	4
0	4
0	4
0	4
0	4
0	4
0	4
11	4
11	4
11	4
11	4
11	4
11	4
11	4
11	4
11	4
11	4
11	4
11	4
23	4
23	4
23	4
23	4
23	4
23	4
23	4
23	4
23	4
23	4
23	4
23	4
35	4
35	4
35	4
35	4
35	4
35	4
35	4
35	4
35	4
35	5
35	5
35	5
35	5
35	5
35	5
35	5
35	5
35	5
35	5
35	5
23	5
23	5
23	5
23	5
23	5
23	5
23	5
23	5
23	5
23	5
23	5
23	5
23	5
23	5
23	5
23	5
23	5
23	5
11	5
11	5
11	5
11	5
11	5
11	5
11	5
11	5
11	5
23	5
23	5
23	5
23	5
23	5
23	5
23	5
23	5
23	5
23	5
23	5
23	5
23	6
23	6
23	6
35	6
35	6
35	6
35	6
35	6
35	6
35	6
35	6
35	6
35	6
35	6
35	6
35	6
35	6
35	6
35	6
35	6
35	6
35	6
35	6
35	6
35	6
35	6
35	6
35	6
35	6
35	6
35	6
35	6
35	6
35	6
35	6
35	6
35	6
35	6
35	6
35	6
35	6
35	6
35	6
35	6
35	6
23	6
23	6
23	6
23	6
23	6
23	7
23	7
23	7
23	7
23	7
23	7
23	7
23	7
23	7
23	7
23	7
23	7
23	7
23	7
23	7
23	7
23	7
35	7
35	7
35	7
35	7
35	7
35	7
35	7
35	7
35	7
35	7
35	7
35	7
35	7
35	7
35	7
35	7
35	7
35	7
35	7
35	7
35	7
35	7
35	7
35	7
46	7
46	7
46	7
46	7
46	7
46	7
46	7
46	7
46	7
46	8
46	8
35	8
35	8
35	8
35	8
35	8
35	8
35	8
35	8
35	8
35	8
35	8
35	8
35	8
35	8
35	8
35	8
35	8
35	8
35	8
35	8
35	8
35	8
35	8
35	8
35	8
35	8
35	8
35	8
35	8
35	8
35	8
35	8
35	8
35	8
35	8
35	8
35	8
35	8
35	8
35	8
35	8
35	8
35	8
35	8
35	8
35	8
35	8
35	8
35	9
35	9
35	9
35	9
35	9
35	9
35	9
35	9
35	9
35	9
35	9
35	9
35	9
35	9
35	9
35	9
35	9
35	9
35	9
35	9
46	9
46	9
46	9
46	9
46	9
46	9
46	9
35	9
35	9
35	9
35	9
35	9
35	9
35	9
35	9
35	9
35	9
35	9
35	9
35	9
35	9
35	9
35	9
35	9
35	9
35	9
35	9
35	9
35	9
35	9
35	10
35	10
35	10
35	10
35	10
35	10
35	10
35	10
35	10
35	10
35	10
35	10
35	10
35	10
35	10
35	10
35	10
35	10
35	10
35	10
35	10
35	10
35	10
35	10
35	10
35	10
35	10
35	10
35	10
35	10
35	10
35	10
35	10
35	10
35	10
35	10
35	10
35	10
35	10
35	10
35	10
35	10
35	10
35	10
35	10
35	10
35	10
35	10
35	10
35	10
35	11
35	11
35	11
35	11
35	11
35	11
35	11
35	11
35	11
35	11
35	11
35	11
35	11
35	11
35	11
35	11
35	11
35	11
35	11
35	11
35	11
35	11
35	11
35	11
35	11
35	11
35	11
35	11
35	11
35	11
35	11
35	11
35	11
35	11
35	11
35	11
35	11
35	11
35	11
35	11
35	11
35	11
35	11
35	11
35	11
35	11
35	11
35	11
35	11
35	11
35	12
35	12
35	12
35	12
35	12
35	12
35	12
35	12
35	12
35	12
35	12
35	12
35	12
35	12
35	12
35	12
35	12
35	12
35	12
35	12
35	12
35	12
35	12
35	12
35	12
35	12
35	12
35	12
35	12
35	12
35	12
35	12
35	12
35	12
35	12
35	12
35	12
35	12
35	12
35	12
35	12
35	12
35	12
35	12
35	12
35	12
35	12
35	12
35	12
35	12
35	13
35	13
35	13
35	13
35	13
35	13
35	13
35	13
35	13
35	13
35	13
35	13
35	13
35	13
35	13
35	13
35	13
35	13
35	13
35	13
35	13
35	13
35	13
35	13
35	13
35	13
35	13
35	13
35	13
35	13
35	13
35	13
35	13
35	13
35	13
35	13
35	13
35	13
35	13
35	13
35	13
35	13
35	13
35	13
35	13
35	13
35	13
35	13
35	13
35	13
35	14
35	14
35	14
35	14
35	14
35	14
35	14
35	14
35	14
35	14
35	14
35	14
35	14
35	14
35	14
35	14
35	14
35	14
35	14
35	14
35	14
35	14
35	14
35	14
35	14
35	14
35	14
35	14
35	14
35	14
35	14
35	14
35	14
35	14
35	14
35	14
35	14
35	14
35	14
35	14
35	14
35	14
35	14
35	14
35	14
35	14
35	14
35	14
35	14
35	14
35	15
35	15
35	15
35	15
35	15
35	15
35	15
35	15
35	15
35	15
35	15
35	15
35	15
35	15
35	15
35	15
35	15
35	15
35	15
35	15
35	15
35	15
35	15
35	15
35	15
35	15
35	15
35	15
35	15
35	15
35	15
35	15
35	15
35	15
35	15
35	15
35	15
35	15
35	15
35	15
35	15
35	15
35	15
35	15
35	15
35	15
35	15
35	15
35	15
35	15
35	16
35	16
35	16
35	16
35	16
35	16
35	16
35	16
35	16
35	16
35	16
35	16
35	16
35	16
35	16
35	16
35	16
35	16
35	16
35	16
35	16
35	16
35	16
35	16
35	16
35	16
35	16
35	16
35	16
35	16
35	16
35	16
35	16
35	16
35	16
35	16
35	16
35	16
35	16
35	16
35	16
35	16
35	16
35	16
35	16
35	16
35	16
35	16
35	16
35	16
35	17
35	17
35	17
35	17
35	17
35	17
35	17
35	17
35	17
35	17
35	17
35	17
35	17
35	17
35	17
35	17
35	17
35	17
35	17
35	17
35	17
35	17
35	17
35	17
35	17
35	17
35	17
35	17
35	17
35	17
35	17
35	17
35	17
35	17
35	17
35	17
35	17
35	17
35	17
35	17
35	17
35	17
35	17
35	17
35	17
35	17
35	17
35	17
35	17
35	17
35	18
35	18
35	18
35	18
35	18
35	18
35	18
35	18
35	18
35	18
35	18
35	18
35	18
35	18
35	18
35	18
35	18
35	18
35	18
35	18
35	18
35	18
35	18
35	18
35	18
35	18
35	18
35	18
35	18
35	18
35	18
35	18
35	18
35	18
35	18
35	18
35	18
35	18
35	18
35	18
35	18
35	18
35	18
35	18
35	18
35	18
35	18
35	18
35	18
35	18
35	19
35	19
35	19
35	19
35	19
35	19
35	19
35	19
35	19
35	19
35	19
35	19
35	19
35	19
35	19
35	19
35	19
35	19
35	19
35	19
35	19
35	19
35	19
35	19
35	19
35	19
35	19
35	19
35	19
35	19
35	19
35	19
35	19
35	19
35	19
35	19
35	19
35	19
35	19
35	19
35	19
35	19
35	19
35	19
35	19
35	19
35	19
35	19
35	19
35	19
35	20
35	20
35	20
35	20
35	20
35	20
35	20
35	20
35	20
35	20
35	20
35	20
35	20
35	20
35	20
35	20
35	20
35	20
35	20
35	20
35	20
35	20
35	20
35	20
35	20
35	20
35	20
35	20
35	20
35	20
35	20
35	20
35	20
35	20
35	20
35	20
35	20
35	20
35	20
35	20
35	20
35	20
35	20
35	20
35	20
35	20
35	20
35	20
35	20
35	20
35	21
35	21
35	21
35	21
35	21
35	21
35	21
35	21
35	21
35	21
35	21
35	21
35	21
35	21
35	21
35	21
35	21
35	21
35	21
35	21
35	21
35	21
35	21
35	21
35	21
35	21
35	21
35	21
35	21
35	21
35	21
35	21
35	21
35	21
35	21
35	21
35	21
35	21
35	21
35	21
35	21
35	21
35	21
35	21
35	21
35	21
35	21
35	21
35	21
35	21
35	22
35	22
35	22
35	22
35	22
35	22
35	22
35	22
35	22
35	22
35	22
35	22
35	22
35	22
35	22
35	22
35	22
35	22
35	22
35	22
35	22
35	22
35	22
35	22
35	22
35	22
35	22
35	22
35	22
35	22
35	22
35	22
35	22
35	22
35	22
35	22
35	22
35	22
35	22
35	22
35	22
35	22
35	22
35	22
35	22
35	22
35	22
35	22
35	22
35	22
35	23
35	23
35	23
35	23
35	23
35	23
35	23
35	23
35	23
35	23
35	23
35	23
35	23
35	23
35	23
35	23
35	23
35	23
35	23
35	23
35	23
35	23
35	23
35	23
35	23
35	23
35	23
35	23
35	23
35	23
35	23
35	23
35	23
35	23
35	23
35	23
35	23
35	23
35	23
35	23
35	23
35	23
35	23
35	23
35	23
35	23
35	23
35	23
35	23
35	23
35	24
35	24
35	24
35	24
35	24
35	24
35	24
35	24
35	24
35	24
35	24
35	24
35	24
35	24
35	24
35	24
35	24
35	24
35	24
35	24
35	24
35	24
35	24
35	24
35	24
35	24
35	24
35	24
35	24
35	24
35	24
35	24
35	24
35	24
35	24
35	24
35	24
35	24
35	24
35	24
35	24
35	24
35	24
35	24
35	24
35	24
35	24
35	24
35	24
35	24
35	25
35	25
35	25
35	25
35	25
35	25
35	25
35	25
35	25
35	25
35	25
35	25
35	25
35	25
35	25
35	25
35	25
35	25
35	25
35	25
35	25
35	25
35	25
35	25
35	25
35	25
35	25
35	25
35	25
35	25
35	25
35	25
35	25
35	25
35	25
35	25
35	25
35	25
35	25
35	25
35	25
35	25
35	25
35	25
35	25
35	25
35	25
35	25
35	25
35	25
35	26
35	26
35	26
35	26
35	26
35	26
35	26
35	26
35	26
35	26
35	26
35	26
35	26
35	26
35	26
35	26
35	26
35	26
35	26
35	26
35	26
35	26
35	26
35	26
35	26
35	26
35	26
35	26
35	26
35	26
35	26
35	26
35	26
35	26
35	26
35	26
35	26
35	26
35	26
35	26
35	26
35	26
35	26
35	26
35	26
35	26
35	26
35	26
35	26
35	26
35	27
35	27
35	27
35	27
35	27
35	27
35	27
35	27
35	27
35	27
35	27
35	27
35	27
35	27
35	27
35	27
35	27
35	27
35	27
35	27
35	27
35	27
35	27
35	27
35	27
35	27
35	27
35	27
35	27
35	27
35	27
35	27
35	27
35	27
35	27
35	27
35	27
35	27
35	27
35	27
35	27
35	27
35	27
35	27
35	27
35	27
35	27
35	27
35	27
35	27
35	28
35	28
35	28
35	28
35	28
35	28
35	28
35	28
35	28
35	28
35	28
35	28
35	28
35	28
35	28
35	28
35	28
35	28
35	28
35	28
35	28
35	28
35	28
35	28
35	28
35	28
35	28
35	28
35	28
35	28
35	28
35	28
35	28
35	28
35	28
35	28
35	28
35	28
35	28
35	28
35	28
35	28
35	28
35	28
35	28
35	28
35	28
35	28
35	28
35	28
35	29
35	29
35	29
35	29
35	29
35	29
35	29
35	29
35	29
35	29
35	29
35	29
35	29
35	29
35	29
35	29
35	29
35	29
35	29
35	29
35	29
35	29
35	29
35	29
35	29
35	29
35	29
35	29
35	29
35	29
35	29
35	29
35	29
35	29
35	29
35	29
35	29
35	29
35	29
35	29
35	29
35	29
35	29
35	29
35	29
35	29
35	29
35	29
35	29
35	29
35	30
46	30
46	30
46	30
46	30
46	30
46	30
46	30
46	30
46	30
46	30
46	30
46	30
46	30
46	30
46	30
46	30
46	30
46	30
46	30
46	30
46	30
46	30
46	30
46	30
46	30
46	30
46	30
46	30
46	30
46	30
46	30
46	30
46	30
46	30
46	30
46	30
46	30
46	30
46	30
46	30
46	30
46	30
46	30
46	30
46	30
46	30
46	30
46	30
46	30
46	31
58	31
58	31
58	31
58	31
58	31
58	31
58	31
58	31
58	31
58	31
58	31
58	31
58	31
58	31
58	31
58	31
58	31
58	31
58	31
58	31
58	31
58	31
58	31
58	31
58	31
70	31
70	31
70	31
70	31
70	31
70	31
70	31
70	31
70	31
70	31
70	31
70	31
70	31
70	31
82	31
82	31
82	31
82	31
82	31
82	31
82	31
82	31
82	31
82	31
82	32
82	32
82	32
93	32
93	32
93	32
93	32
93	32
93	32
93	32
93	32
93	32
93	32
93	32
93	32
93	32
93	32
93	32
105	32
105	32
105	32
105	32
105	32
105	32
105	32
105	32
105	32
105	32
105	32
105	32
105	32
105	32
117	32
117	32
117	32
117	32
117	32
117	32
117	32
117	32
117	32
128	32
128	32
128	32
128	32
128	32
128	32
128	32
128	32
128	32
140	33
140	33
140	33
140	33
140	33
140	33
140	33
140	33
152	33
152	33
152	33
152	33
152	33
152	33
152	33
152	33
164	33
164	33
164	33
164	33
164	33
164	33
164	33
164	33
175	33
175	33
175	33
175	33
175	33
175	33
175	33
175	33
187	33
187	33
187	33
187	33
187	33
187	33
187	33
199	33
199	33
199	33
199	33
199	33
199	33
199	33
199	33
210	33
210	33
210	33
210	34
210	34
210	34
210	34
222	34
222	34
222	34
222	34
222	34
222	34
222	34
234	34
234	34
234	34
234	34
234	34
234	34
246	34
246	34
246	34
246	34
246	34
246	34
257	34
257	34
257	34
257	34
257	34
257	34
269	34
269	34
269	34
269	34
269	34
269	34
281	34
281	34
281	34
281	34
281	34
281	34
292	34
292	34
292	34
292	34
292	34
292	34
292	34
304	34
304	34
304	35
304	35
304	35
304	35
316	35
316	35
316	35
316	35
316	35
316	35
316	35
328	35
328	35
328	35
328	35
328	35
328	35
339	35
339	35
339	35
339	35
339	35
339	35
351	35
351	35
351	35
351	35
351	35
351	35
363	35
363	35
363	35
363	35
363	35
363	35
375	35
375	35
375	35
375	35
375	35
386	35
386	35
386	35
386	35
386	35
398	35
398	35
398	35
398	35
398	35
410	36
410	36
410	36
410	36
410	36
410	36
421	36
421	36
421	36
421	36
421	36
433	36
433	36
433	36
433	36
433	36
445	36
445	36
445	36
445	36
445	36
457	36
457	36
457	36
457	36
457	36
457	36
468	36
468	36
468	36
468	36
468	36
480	36
480	36
480	36
480	36
480	36
492	36
492	36
492	36
492	36
492	36
503	36
503	36
503	36
503	36
503	36
515	36
515	36
515	36
515	37
515	37
527	37
527	37
527	37
527	37
527	37
539	37
539	37
539	37
539	37
539	37
550	37
550	37
550	37
550	37
562	37
562	37
562	37
562	37
562	37
574	37
574	37
574	37
574	37
585	37
585	37
585	37
585	37
597	37
597	37
597	37
597	37
597	37
609	37
609	37
609	37
609	37
621	37
621	37
621	37
621	37
621	37
632	37
632	37
632	37
632	37
644	37
644	37
644	37
644	38
644	38
656	38
656	38
656	38
656	38
667	38
667	38
667	38
667	38
667	38
679	38
679	38
679	38
679	38
691	38
691	38
691	38
691	38
691	38
703	38
703	38
703	38
703	38
714	38
714	38
714	38
714	38
726	38
726	38
726	38
726	38
726	38
738	38
738	38
738	38
738	38
750	38
750	38
750	38
750	38
750	38
761	38
761	38
761	38
761	38
761	38
773	38
773	38
773	38
773	39
785	39
785	39
785	39
785	39
785	39
796	39
796	39
796	39
796	39
808	39
808	39
808	39
808	39
820	39
820	39
820	39
820	39
820	39
832	39
832	39
832	39
832	39
843	39
843	39
843	39
843	39
855	39
855	39
855	39
855	39
855	39
867	39
867	39
867	39
867	39
878	39
878	39
878	39
878	39
890	39
890	39
890	39
890	39
902	39
902	39
902	39
902	39
914	39
914	39
914	40
914	40
925	40
925	40
925	40
925	40
937	40
937	40
937	40
937	40
949	40
949	40
949	40
949	40
960	40
960	40
960	40
972	40
972	40
972	40
972	40
984	40
984	40
984	40
984	40
996	40
996	40
996	40
996	40
1007	40
1007	40
1007	40
1007	40
1019	40
1019	40
1019	40
1019	40
1031	40
1031	40
1031	40
1042	40
1042	40
1042	40
1042	40
1042	40
1054	40
1054	40
1054	40
1054	40
1066	40
1066	41
1066	41
1066	41
1078	41
1078	41
1078	41
1089	41
1089	41
1089	41
1089	41
1089	41
1101	41
1101	41
1101	41
1113	41
1113	41
1113	41
1113	41
1125	41
1125	41
1125	41
1125	41
1136	41
1136	41
1136	41
1136	41
1148	41
1148	41
1148	41
1148	41
1160	41
1160	41
1160	41
1160	41
1171	41
1171	41
1171	41
1171	41
1183	41
1183	41
1183	41
1183	41
1195	41
1195	41
1195	41
1195	41
1207	41
1207	41
1207	41
1207	41
1218	42
1218	42
1218	42
1218	42
1230	42
1230	42
1230	42
1230	42
1242	42
1242	42
1242	42
1242	42
1253	42
1253	42
1253	42
1253	42
1265	42
1265	42
1265	42
1277	42
1277	42
1277	42
1277	42
1289	42
1289	42
1289	42
1289	42
1300	42
1300	42
1300	42
1312	42
1312	42
1312	42
1312	42
1324	42
1324	42
1324	42
1324	42
1335	42
1335	42
1335	42
1347	42
1347	42
1347	42
1347	42
1359	42
1359	42
1359	42
1359	42
1371	42
1371	43
1371	43
1382	43
1382	43
1382	43
1382	43
1394	43
1394	43
1394	43
1394	43
1406	43
1406	43
1406	43
1406	43
1417	43
1417	43
1417	43
1417	43
1429	43
1429	43
1429	43
1441	43
1441	43
1441	43
1441	43
1453	43
1453	43
1453	43
1453	43
1464	43
1464	43
1464	43
1464	43
1476	43
1476	43
1476	43
1476	43
1488	43
1488	43
1488	43
1500	43
1500	43
1500	43
1500	43
1511	43
1511	43
1511	43
1511	43
1523	43
1523	43
1523	44
1523	44
1535	44
1535	44
1535	44
1535	44
1546	44
1546	44
1546	44
1546	44
1558	44
1558	44
1558	44
1558	44
1570	44
1570	44
1570	44
1570	44
1582	44
1582	44
1582	44
1582	44
1593	44
1593	44
1593	44
1593	44
1605	44
1605	44
1605	44
1605	44
1617	44
1617	44
1617	44
1628	44
1628	44
1628	44
1628	44
1640	44
1640	44
1640	44
1640	44
1652	44
1652	44
1652	44
1664	44
1664	44
1664	44
1664	44
1675	44
1675	44
1675	45
1687	45
1687	45
1687	45
1687	45
1699	45
1699	45
1699	45
1710	45
1710	45
1710	45
1722	45
1722	45
1722	45
1734	45
1734	45
1734	45
1746	45
1746	45
1746	45
1746	45
1757	45
1757	45
1757	45
1769	45
1769	45
1769	45
1769	45
1781	45
1781	45
1781	45
1792	45
1792	45
1792	45
1792	45
1804	45
1804	45
1804	45
1804	45
1816	45
1816	45
1816	45
1816	45
1828	45
1828	45
1828	45
1839	45
1839	45
1839	45
1839	45
1851	46
1851	46
1851	46
1863	46
1863	46
1863	46
1875	46
1875	46
1875	46
1886	46
1886	46
1886	46
1898	46
1898	46
1898	46
1910	46
1910	46
1910	46
1921	46
1921	46
1921	46
1933	46
1933	46
1933	46
1945	46
1945	46
1945	46
1945	46
1957	46
1957	46
1957	46
1968	46
1968	46
1968	46
1968	46
1980	46
1980	46
1980	46
1992	46
1992	46
1992	46
1992	46
2003	46
2003	46
2003	46
2015	46
2015	46
2015	46
2027	46
2027	46
2027	47
2039	47
2039	47
2039	47
2050	47
2050	47
2050	47
2062	47
2062	47
2062	47
2074	47
2074	47
2074	47
2085	47
2085	47
2085	47
2097	47
2097	47
2097	47
2109	47
2109	47
2109	47
2121	47
2121	47
2121	47
2121	47
2132	47
2132	47
2132	47
2144	47
2144	47
2144	47
2156	47
2156	47
2156	47
2167	47
2167	47
2167	47
2179	47
2179	47
2179	47
2191	47
2191	47
2191	47
2191	47
2203	47
2203	47
2203	47
2214	47
2214	47
2214	48
2226	48
2226	48
2226	48
2238	48
2238	48
2238	48
2250	48
2250	48
2250	48
2250	48
2261	48
2261	48
2261	48
2261	48
2273	48
2273	48
2273	48
2285	48
2285	48
2285	48
2285	48
2296	48
2296	48
2296	48
2308	48
2308	48
2308	48
2308	48
2320	48
2320	48
2320	48
2332	48
2332	48
2332	48
2343	48
2343	48
2343	48
2355	48
2355	48
2355	48
2367	48
2367	48
2378	48
2378	48
2378	48
2390	48
2390	48
2390	48
2402	48
2402	49
2402	49
2414	49
2414	49
2414	49
2425	49
2425	49
2425	49
2437	49
2437	49
2437	49
2449	49
2449	49
2449	49
2460	49
2460	49
2460	49
2472	49
2472	49
2472	49
2484	49
2484	49
2496	49
2496	49
2496	49
2507	49
2507	49
2507	49
2519	49
2519	49
2519	49
2531	49
2531	49
2542	49
2542	49
2542	49
2554	49
2554	49
2566	49
2566	49
2566	49
2578	49
2578	49
2578	49
2589	49
2589	49
2589	49
2601	49
2601	49
2613	49
2613	50
2613	50
2625	50
2625	50
2636	50
2636	50
2636	50
2648	50
2648	50
2660	50
2660	50
2660	50
2671	50
2671	50
2683	50
2683	50
2683	50
2695	50
2695	50
2707	50
2707	50
2707	50
2718	50
2718	50
2718	50
2730	50
2730	50
2730	50
2742	50
2742	50
2753	50
2753	50
2753	50
2765	50
2765	50
2777	50
2777	50
2789	50
2789	50
2800	50
2800	50
2812	50
2812	50
2824	50
2824	50
2835	50
2835	50
2847	50
2847	50
2859	50
2859	51
2871	51
2871	51
2871	51
2882	51
2882	51
2894	51
2894	51
2906	51
2906	51
2906	51
2917	51
2917	51
2929	51
2929	51
2929	51
2941	51
2941	51
2953	51
2953	51
2953	51
2964	51
2964	51
2976	51
2976	51
2988	51
2988	51
2988	51
3000	51
3000	51
3011	51
3011	51
3023	51
3023	51
3023	51
3035	51
3035	51
3046	51
3046	51
3046	51
3058	51
3058	51
3070	51
3070	51
3070	51
3082	51
3082	51
3093	51
3093	51
3093	51
3105	52
3105	52
3117	52
3117	52
3128	52
3128	52
3140	52
3140	52
3140	52
3152	52
3152	52
3164	52
3164	52
3175	52
3175	52
3175	52
3187	52
3187	52
3199	52
3199	52
3210	52
3210	52
3210	52
3222	52
3222	52
3234	52
3234	52
3246	52
3246	52
3246	52
3257	52
3257	52
3269	52
3269	52
3281	52
3281	52
3292	52
3292	52
3304	52
3304	52
3304	52
3316	52
3316	52
3328	52
3328	52
3339	52
3339	52
3351	52
3351	52
3351	52
3363	53
3363	53
3375	53
3375	53
3386	53
3386	53
3398	53
3398	53
3398	53
3410	53
3410	53
3421	53
3421	53
3433	53
3433	53
3445	53
3445	53
3457	53
3457	53
3457	53
3468	53
3468	53
3480	53
3480	53
3492	53
3492	53
3503	53
3503	53
3515	53
3515	53
3527	53
3527	53
3539	53
3539	53
3550	53
3550	53
3562	53
3574	53
3574	53
3585	53
3585	53
3597	53
3597	53
3609	53
3621	53
3621	53
3632	53
3632	53
3644	53
3644	53
3656	54
3656	54
3667	54
3667	54
3679	54
3679	54
3691	54
3691	54
3691	54
3703	54
3703	54
3714	54
3714	54
3726	54
3726	54
3738	54
3738	54
3750	54
3750	54
3761	54
3761	54
3773	54
3773	54
3785	54
3785	54
3796	54
3796	54
3808	54
3808	54
3820	54
3820	54
3832	54
3832	54
3843	54
3843	54
3855	54
3855	54
3867	54
3867	54
3878	54
3878	54
3890	54
3890	54
3902	54
3902	54
3902	54
3914	54
3914	54
3925	54
3925	54
3937	55
3937	55
3949	55
3949	55
3960	55
3960	55
3972	55
3972	55
3984	55
3984	55
3996	55
3996	55
4007	55
4007	55
4019	55
4019	55
4031	55
4031	55
4042	55
4042	55
4054	55
4066	55
4066	55
4078	55
4078	55
4089	55
4089	55
4101	55
4101	55
4113	55
4113	55
4125	55
4125	55
4136	55
4136	55
4148	55
4148	55
4160	55
4160	55
4171	55
4171	55
4183	55
4183	55
4195	55
4195	55
4207	55
4207	55
4218	55
4218	55
4230	55
4230	56
4242	56
4242	56
4253	56
4253	56
4265	56
4277	56
4277	56
4289	56
4289	56
4300	56
4312	56
4312	56
4324	56
4335	56
4335	56
4347	56
4359	56
4359	56
4371	56
4382	56
4382	56
4394	56
4394	56
4406	56
4417	56
4417	56
4429	56
4429	56
4441	56
4441	56
4453	56
4453	56
4464	56
4464	56
4476	56
4476	56
4488	56
4500	56
4500	56
4511	56
4511	56
4523	56
4523	56
4535	56
4535	56
4546	56
4546	56
4558	56
4558	56
4570	57
4570	57
4582	57
4582	57
4593	57
4605	57
4605	57
4617	57
4617	57
4628	57
4628	57
4640	57
4652	57
4652	57
4664	57
4664	57
4675	57
4675	57
4687	57
4687	57
4699	57
4699	57
4710	57
4710	57
4722	57
4722	57
4734	57
4734	57
4746	57
4746	57
4757	57
4757	57
4769	57
4769	57
4781	57
4781	57
4792	57
4804	57
4804	57
4816	57
4816	57
4828	57
4839	57
4839	57
4851	57
4851	57
4863	57
4863	57
4875	57
4875	57
4886	58
4886	58
4898	58
4898	58
4910	58
4910	58
4921	58
4933	58
4933	58
4945	58
4945	58
4957	58
4957	58
4968	58
4968	58
4980	58
4992	58
4992	58
5003	58
5003	58
5015	58
5027	58
5027	58
5039	58
5050	58
5050	58
5062	58
5074	58
5085	58
5085	58
5097	58
5109	58
5121	58
5121	58
5132	58
5144	58
5144	58
5156	58
5167	58
5167	58
5179	58
5179	58
5191	58
5191	58
5203	58
5203	58
5214	58
5226	58
5226	58
5238	58
5250	59
5250	59
5261	59
5273	59
5285	59
5285	59
5296	59
5308	59
5308	59
5320	59
5320	59
5332	59
5343	59
5343	59
5355	59
5355	59
5367	59
5378	59
5378	59
5390	59
5390	59
5402	59
5414	59
5414	59
5425	59
5425	59
5437	59
5449	59
5449	59
5460	59
5460	59
5472	59
5484	59
5484	59
5496	59
5496	59
5507	59
5519	59
5519	59
5531	59
5531	59
5542	59
5554	59
5554	59
5566	59
5578	59
5578	59
5589	59
5589	59
5601	59
5613	60
5613	60
5625	60
5625	60
5636	60
5636	60
5648	60
5648	60
5660	60
5660	60
5671	60
5671	60
5683	60
5683	60
5695	60
5707	60
5707	60
5718	60
5730	60
5730	60
5742	60
5742	60
5753	60
5765	60
5765	60
5777	60
5789	60
5789	60
5800	60
5812	60
5812	60
5824	60
5835	60
5835	60
5847	60
5859	60
5871	60
5871	60
5882	60
5894	60
5894	60
5906	60
5917	60
5917	60
5929	60
5941	60
5941	60
5953	60
5964	60
5964	60
5976	61
5988	61
5988	61
6000	61
6011	61
6011	61
6023	61
6035	61
6035	61
6046	61
6058	61
6058	61
6070	61
6082	61
6082	61
6093	61
6105	61
6105	61
6117	61
6128	61
6128	61
6140	61
6152	61
6152	61
6164	61
6175	61
6175	61
6187	61
6199	61
6199	61
6210	61
6222	61
6222	61
6234	61
6246	61
6246	61
6257	61
6269	61
6269	61
6281	61
6292	61
6292	61
6304	61
6316	61
6328	61
6328	61
6339	61
6351	61
6351	61
6363	61
6363	62
6375	62
6386	62
6386	62
6398	62
6410	62
6410	62
6421	62
6433	62
6433	62
6445	62
6445	62
6457	62
6468	62
6468	62
6480	62
6492	62
6503	62
6503	62
6515	62
6527	62
6527	62
6539	62
6550	62
6562	62
6562	62
6574	62
6585	62
6597	62
6597	62
6609	62
6621	62
6632	62
6632	62
6644	62
6656	62
6656	62
6667	62
6679	62
6679	62
6691	62
6703	62
6714	62
6714	62
6726	62
6738	62
6738	62
6750	62
6761	62
6761	62
6773	63
6785	63
6785	63
6796	63
6808	63
6808	63
6820	63
6832	63
6832	63
6843	63
6855	63
6855	63
6867	63
6878	63
6890	63
6890	63
6902	63
6914	63
6914	63
6925	63
6937	63
6937	63
6949	63
6960	63
6972	63
6972	63
6984	63
6996	63
6996	63
7007	63
7019	63
7019	63
7031	63
7042	63
7042	63
7054	63
7066	63
7078	63
7078	63
7089	63
7101	63
7101	63
7113	63
7125	63
7125	63
7136	63
7136	63
7148	63
7148	63
7160	63
7171	64
7171	64
7183	64
7195	64
7195	64
7207	64
7218	64
7230	64
7230	64
7242	64
7253	64
7253	64
7265	64
7277	64
7289	64
7289	64
7300	64
7312	64
7324	64
7324	64
7335	64
7347	64
7359	64
7371	64
7371	64
7382	64
7394	64
7406	64
7406	64
7417	64
7429	64
7441	64
7441	64
7453	64
7464	64
7464	64
7476	64
7488	64
7500	64
7511	64
7523	64
7535	64
7535	64
7546	64
7558	64
7570	64
7570	64
7582	64
7593	64
7605	64
7605	65
7617	65
7628	65
7640	65
7640	65
7652	65
7664	65
7675	65
7687	65
7699	65
7699	65
7710	65
7722	65
7734	65
7746	65
7746	65
7757	65
7769	65
7781	65
7792	65
7792	65
7804	65
7816	65
7828	65
7828	65
7839	65
7851	65
7863	65
7863	65
7875	65
7886	65
7886	65
7898	65
7910	65
7910	65
7921	65
7933	65
7945	65
7945	65
7957	65
7968	65
7980	65
7980	65
7992	65
8003	65
8015	65
8015	65
8027	65
8039	65
8050	65
8050	66
8062	66
8074	66
8085	66
8097	66
8097	66
8109	66
8121	66
8132	66
8144	66
8144	66
8156	66
8167	66
8179	66
8191	66
8191	66
8203	66
8214	66
8226	66
8226	66
8238	66
8250	66
8261	66
8261	66
8273	66
8285	66
8296	66
8308	66
8308	66
8320	66
8332	66
8343	66
8343	66
8355	66
8367	66
8378	66
8378	66
8390	66
8402	66
8414	66
8425	66
8437	66
8437	66
8449	66
8460	66
8472	66
8484	66
8496	66
8496	66
8507	66
8519	67
8531	67
8542	67
8542	67
8554	67
8566	67
8578	67
8589	67
8589	67
8601	67
8613	67
8613	67
8625	67
8636	67
8648	67
8648	67
8660	67
8671	67
8671	67
8683	67
8695	67
8707	67
8707	67
8718	67
8730	67
8742	67
8753	67
8753	67
8765	67
8777	67
8789	67
8789	67
8800	67
8812	67
8824	67
8835	67
8835	67
8847	67
8859	67
8871	67
8871	67
8882	67
8894	67
8906	67
8917	67
8929	67
8929	67
8941	67
8953	67
8964	67
8976	68
8976	68
8988	68
9000	68
9011	68
9011	68
9023	68
9035	68
9046	68
9058	68
9070	68
9070	68
9082	68
9093	68
9105	68
9105	68
9117	68
9128	68
9140	68
9152	68
9164	68
9175	68
9175	68
9187	68
9199	68
9210	68
9222	68
9234	68
9246	68
9257	68
9269	68
9269	68
9281	68
9292	68
9304	68
9316	68
9316	68
9328	68
9339	68
9351	68
9363	68
9375	68
9375	68
9386	68
9398	68
9410	68
9410	68
9421	68
9433	68
9445	68
9445	69
9457	69
9468	69
9480	69
9492	69
9503	69
9503	69
9515	69
9527	69
9539	69
9550	69
9550	69
9562	69
9574	69
9585	69
9597	69
9597	69
9609	69
9621	69
9632	69
9644	69
9644	69
9656	69
9667	69
9679	69
9691	69
9703	69
9714	69
9714	69
9726	69
9738	69
9750	69
9761	69
9761	69
9773	69
9785	69
9796	69
9808	69
9820	69
9820	69
9832	69
9843	69
9855	69
9867	69
9867	69
9878	69
9890	69
9902	69
9914	69
9925	69
9937	70
9949	70
9960	70
9972	70
9984	70
9996	70
10007	70
10019	70
10031	70
10031	70
10042	70
10054	70
10066	70
10078	70
10089	70
10089	70
10101	70
10113	70
10125	70
10136	70
10148	70
10148	70
10160	70
10171	70
10183	70
10183	70
10195	70
10207	70
10218	70
10230	70
10242	70
10253	70
10265	70
10265	70
10277	70
10289	70
10300	70
10312	70
10312	70
10324	70
10335	70
10347	70
10359	70
10371	70
10371	70
10382	70
10394	70
10406	70
10417	70
10429	70
10441	71
10453	71
10464	71
10464	71
10476	71
10488	71
10500	71
10511	71
10511	71
10523	71
10535	71
10546	71
10558	71
10570	71
10582	71
10593	71
10593	71
10605	71
10617	71
10628	71
10640	71
10652	71
10664	71
10675	71
10687	71
10699	71
10710	71
10722	71
10734	71
10746	71
10757	71
10769	71
10781	71
10792	71
10804	71
10804	71
10816	71
10828	71
10839	71
10851	71
10863	71
10875	71
10886	71
10886	71
10898	71
10910	71
10921	71
10933	71
10945	71
10945	71
10957	72
10968	72
10980	72
10992	72
11003	72
11015	72
11027	72
11039	72
11039	72
11050	72
11062	72
11074	72
11085	72
11097	72
11109	72
11121	72
11121	72
11132	72
11144	72
11156	72
11167	72
11179	72
11191	72
11203	72
11214	72
11226	72
11226	72
11238	72
11250	72
11261	72
11273	72
11285	72
11296	72
11308	72
11320	72
11332	72
11332	72
11343	72
11355	72
11367	72
11378	72
11390	72
11402	72
11414	72
11425	72
11437	72
11449	72
11460	72
11472	72
11484	72
11496	73
11507	73
11519	73
11531	73
11542	73
11554	73
11566	73
11578	73
11589	73
11589	73
11601	73
11613	73
11625	73
11636	73
11648	73
11660	73
11671	73
11671	73
11683	73
11695	73
11707	73
11718	73
11730	73
11742	73
11753	73
11765	73
11777	73
11777	73
11789	73
11800	73
11812	73
11824	73
11835	73
11847	73
11859	73
11859	73
11871	73
11882	73
11894	73
11906	73
11917	73
11929	73
11941	73
11953	73
11964	73
11976	73
11988	73
11988	73
12000	73
12011	73
12023	74
12035	74
12046	74
12058	74
12070	74
12070	74
12082	74
12093	74
12105	74
12117	74
12128	74
12140	74
12152	74
12164	74
12175	74
12187	74
12199	74
12210	74
12222	74
12234	74
12246	74
12257	74
12269	74
12281	74
12292	74
12304	74
12316	74
12328	74
12339	74
12351	74
12363	74
12375	74
12386	74
12386	74
12398	74
12410	74
12421	74
12433	74
12445	74
12457	74
12468	74
12480	74
12492	74
12503	74
12515	74
12527	74
12539	74
12550	74
12562	74
12574	74
12585	75
12597	75
12609	75
12621	75
12621	75
12632	75
12644	75
12656	75
12667	75
12679	75
12691	75
12703	75
12714	75
12726	75
12738	75
12750	75
12761	75
12761	75
12773	75
12785	75
12796	75
12808	75
12820	75
12832	75
12843	75
12855	75
12867	75
12878	75
12890	75
12902	75
12914	75
12925	75
12937	75
12949	75
12960	75
12972	75
12984	75
12996	75
13007	75
13019	75
13031	75
13042	75
13054	75
13066	75
13078	75
13089	75
13089	75
13101	75
13113	75
13125	75
13136	76
13148	76
13160	76
13171	76
13183	76
13195	76
13207	76
13218	76
13230	76
13242	76
13253	76
13265	76
13277	76
13289	76
13300	76
13312	76
13324	76
13335	76
13347	76
13359	76
13371	76
13382	76
13394	76
13406	76
13417	76
13429	76
13441	76
13453	76
13464	76
13476	76
13488	76
13488	76
13500	76
13511	76
13523	76
13535	76
13546	76
13558	76
13570	76
13582	76
13593	76
13605	76
13617	76
13628	76
13640	76
13652	76
13664	76
13675	76
13687	76
13699	76
13710	77
13722	77
13734	77
13746	77
13757	77
13769	77
13781	77
13792	77
13804	77
13816	77
13828	77
13839	77
13851	77
13863	77
13875	77
13886	77
13910	77
13921	77
13933	77
13945	77
13957	77
13968	77
13980	77
13980	77
13992	77
14003	77
14027	77
14039	77
14050	77
14062	77
14074	77
14085	77
14097	77
14109	77
14121	77
14132	77
14144	77
14156	77
14167	77
14179	77
14191	77
14203	77
14214	77
14226	77
14238	77
14250	77
14261	77
14261	77
14273	77
14285	77
14296	78
14308	78
14320	78
14332	78
14343	78
14355	78
14367	78
14378	78
14390	78
14402	78
14402	78
14414	78
14425	78
14437	78
14449	78
14460	78
14472	78
14484	78
14496	78
14507	78
14519	78
14531	78
14542	78
14554	78
14566	78
14578	78
14589	78
14601	78
14613	78
14636	78
14648	78
14660	78
14671	78
14683	78
14695	78
14707	78
14718	78
14730	78
14742	78
14753	78
14765	78
14777	78
14789	78
14800	78
14824	78
14835	78
14847	78
14859	78
14882	78
14894	78
14906	79
14917	79
14929	79
14941	79
14953	79
14964	79
14976	79
14988	79
15000	79
15011	79
15023	79
15035	79
15046	79
15058	79
15070	79
15082	79
15093	79
15105	79
15117	79
15128	79
15140	79
15152	79
15164	79
15175	79
15187	79
15199	79
15210	79
15222	79
15234	79
15246	79
15257	79
15269	79
15281	79
15292	79
15304	79
15316	79
15328	79
15339	79
15351	79
15363	79
15375	79
15386	79
15398	79
15421	79
15433	79
15445	79
15457	79
15468	79
15480	79
15492	79
15503	80
15515	80
15527	80
15539	80
15550	80
15574	80
15585	80
15597	80
15609	80
15632	80
15644	80
15656	80
15667	80
15679	80
15691	80
15703	80
15714	80
15726	80
15738	80
15750	80
15761	80
15773	80
15785	80
15796	80
15808	80
15820	80
15832	80
15855	80
15867	80
15878	80
15890	80
15902	80
15914	80
15925	80
15937	80
15949	80
15960	80
15972	80
15984	80
15996	80
16007	80
16019	80
16031	80
16042	80
16054	80
16078	80
16089	80
16101	80
16113	80
16125	80
16136	81
16148	81
16160	81
16171	81
16183	81
16195	81
16207	81
16218	81
16230	81
16242	81
16253	81
16277	81
16289	81
16300	81
16324	81
16335	81
16347	81
16371	81
16382	81
16394	81
16406	81
16417	81
16429	81
16441	81
16453	81
16464	81
16488	81
16500	81
16511	81
16523	81
16535	81
16546	81
16558	81
16570	81
16582	81
16593	81
16605	81
16617	81
16628	81
16652	81
16664	81
16675	81
16675	81
16687	81
16699	81
16710	81
16722	81
16734	81
16746	81
16757	81
16769	82
16792	82
16804	82
16816	82
16828	82
16839	82
16851	82
16863	82
16875	82
16886	82
16898	82
16910	82
16921	82
16933	82
16945	82
16957	82
16968	82
16980	82
16992	82
17003	82
17027	82
17039	82
17050	82
17074	82
17085	82
17097	82
17121	82
17132	82
17144	82
17156	82
17167	82
17191	82
17191	82
17214	82
17226	82
17238	82
17250	82
17273	82
17285	82
17296	82
17308	82
17320	82
17332	82
17343	82
17355	82
17378	82
17390	82
17402	82
17414	82
17425	82
17437	83
17449	83
17460	83
17472	83
17484	83
17496	83
17507	83
17531	83
17542	83
17554	83
17566	83
17578	83
17589	83
17601	83
17613	83
17625	83
17636	83
17648	83
17660	83
17671	83
17683	83
17695	83
17707	83
17718	83
17730	83
17742	83
17753	83
17765	83
17789	83
17800	83
17812	83
17824	83
17835	83
17859	83
17871	83
17882	83
17894	83
17906	83
17917	83
17941	83
17953	83
17964	83
17976	83
17988	83
18000	83
18011	83
18035	83
18046	83
18058	83
18070	83
18082	84
18093	84
18105	84
18128	84
18140	84
18152	84
18164	84
18175	84
18187	84
18199	84
18222	84
18234	84
18246	84
18257	84
18269	84
18281	84
18304	84
18316	84
18328	84
18339	84
18351	84
18363	84
18375	84
18386	84
18398	84
18410	84
18421	84
18445	84
18457	84
18468	84
18480	84
18492	84
18503	84
18515	84
18539	84
18550	84
18562	84
18574	84
18597	84
18609	84
18621	84
18632	84
18644	84
18667	84
18679	84
18691	84
18703	84
18714	84
18726	84
18738	84
18750	85
18773	85
18785	85
18796	85
18808	85
18820	85
18832	85
18843	85
18855	85
18878	85
18890	85
18902	85
18914	85
18925	85
18937	85
18949	85
18960	85
18972	85
18996	85
19007	85
19019	85
19031	85
19042	85
19054	85
19066	85
19089	85
19101	85
19113	85
19125	85
19136	85
19136	85
19148	85
19160	85
19171	85
19183	85
19207	85
19218	85
19230	85
19242	85
19253	85
19265	85
19277	85
19300	85
19312	85
19324	85
19335	85
19359	85
19371	85
19382	85
19394	85
19417	86
19429	86
19441	86
19453	86
19464	86
19476	86
19500	86
19511	86
19523	86
19546	86
19558	86
19570	86
19582	86
19593	86
19605	86
19628	86
19640	86
19652	86
19664	86
19687	86
19699	86
19710	86
19734	86
19746	86
19757	86
19769	86
19781	86
19804	86
19816	86
19828	86
19839	86
19851	86
19863	86
19875	86
19898	86
19910	86
19921	86
19933	86
19945	86
19957	86
19968	86
19980	86
20003	86
20015	86
20027	86
20039	86
20050	86
20062	86
20085	86
20097	86
20109	87
20121	87
20132	87
20156	87
20167	87
20179	87
20191	87
20203	87
20226	87
20238	87
20250	87
20261	87
20273	87
20285	87
20308	87
20320	87
20332	87
20343	87
20355	87
20367	87
20390	87
20402	87
20414	87
20425	87
20449	87
20460	87
20472	87
20484	87
20507	87
20519	87
20531	87
20542	87
20554	87
20566	87
20589	87
20601	87
20613	87
20625	87
20636	87
20648	87
20660	87
20671	87
20683	87
20695	87
20707	87
20730	87
20742	87
20753	87
20765	87
20777	87
20800	88
20812	88
20824	88
20835	88
20847	88
20859	88
20871	88
20894	88
20906	88
20917	88
20929	88
20953	88
20964	88
20976	88
20988	88
21000	88
21011	88
21023	88
21046	88
21058	88
21070	88
21082	88
21093	88
21117	88
21128	88
21140	88
21152	88
21164	88
21187	88
21199	88
21222	88
21234	88
21246	88
21257	88
21281	88
21292	88
21304	88
21316	88
21339	88
21351	88
21363	88
21375	88
21386	88
21398	88
21410	88
21421	88
21445	88
21457	88
21468	88
21480	88
21492	89
21515	89
21527	89
21539	89
21550	89
21562	89
21574	89
21597	89
21609	89
21621	89
21632	89
21644	89
21656	89
21679	89
21691	89
21703	89
21714	89
21726	89
21750	89
21761	89
21773	89
21785	89
21796	89
21808	89
21832	89
21843	89
21855	89
21867	89
21878	89
21902	89
21914	89
21925	89
21949	89
21960	89
21972	89
21996	89
22007	89
22019	89
22042	89
22054	89
22066	89
22078	89
22089	89
22113	89
22125	89
22136	89
22148	89
22160	89
22171	89
22183	89
22207	90
22218	90
22230	90
22242	90
22265	90
22277	90
22289	90
22300	90
22312	90
22324	90
22347	90
22359	90
22371	90
22382	90
22394	90
22417	90
22429	90
22441	90
22453	90
22476	90
22488	90
22500	90
22511	90
22523	90
22535	90
22558	90
22570	90
22582	90
22593	90
22605	90
22628	90
22640	90
22652	90
22675	90
22687	90
22699	90
22722	90
22734	90
22757	90
22769	90
22781	90
22792	90
22816	90
22828	90
22839	90
22851	90
22875	90
22886	90
22898	90
22910	90
22921	91
22933	91
22945	91
22968	91
22980	91
22992	91
23003	91
23027	91
23039	91
23050	91
23062	91
23074	91
23097	91
23109	91
23121	91
23132	91
23156	91
23167	91
23179	91
23191	91
23214	91
23226	91
23238	91
23250	91
23261	91
23285	91
23296	91
23308	91
23332	91
23343	91
23355	91
23367	91
23378	91
23402	91
23414	91
23437	91
23449	91
23460	91
23484	91
23496	91
23519	91
23531	91
23542	91
23554	91
23578	91
23589	91
23601	91
23613	91
23636	91
23648	91
23660	92
23671	92
23683	92
23695	92
23718	92
23730	92
23742	92
23765	92
23777	92
23789	92
23800	92
23812	92
23824	92
23847	92
23859	92
23871	92
23882	92
23906	92
23917	92
23929	92
23941	92
23964	92
23976	92
23988	92
24000	92
24011	92
24023	92
24046	92
24058	92
24070	92
24082	92
24105	92
24117	92
24128	92
24140	92
24164	92
24175	92
24187	92
24210	92
24222	92
24246	92
24257	92
24269	92
24292	92
24304	92
24316	92
24328	92
24351	92
24363	92
24375	92
24398	93
24410	93
24421	93
24433	93
24457	93
24468	93
24480	93
24503	93
24515	93
24527	93
24539	93
24562	93
24574	93
24585	93
24609	93
24621	93
24632	93
24656	93
24667	93
24679	93
24703	93
24714	93
24726	93
24738	93
24750	93
24773	93
24785	93
24796	93
24808	93
24832	93
24843	93
24855	93
24867	93
24890	93
24902	93
24914	93
24937	93
24949	93
24972	93
24984	93
24996	93
25019	93
25031	93
25042	93
25054	93
25078	93
25089	93
25101	93
25125	93
25136	93
25148	94
25171	94
25183	94
25195	94
25207	94
25230	94
25242	94
25253	94
25277	94
25289	94
25300	94
25324	94
25335	94
25347	94
25371	94
25382	94
25394	94
25417	94
25429	94
25441	94
25464	94
25476	94
25488	94
25500	94
25523	94
25535	94
25546	94
25558	94
25582	94
25593	94
25605	94
25628	94
25640	94
25652	94
25675	94
25687	94
25710	94
25722	94
25746	94
25757	94
25769	94
25792	94
25804	94
25816	94
25839	94
25851	94
25863	94
25886	94
25898	94
25921	94
25933	95
25957	95
25968	95
25980	95
25992	95
26015	95
26027	95
26050	95
26062	95
26074	95
26097	95
26109	95
26132	95
26144	95
26156	95
26179	95
26191	95
26203	95
26226	95
26238	95
26250	95
26261	95
26273	95
26285	95
26296	95
26308	95
26332	95
26343	95
26355	95
26378	95
26390	95
26402	95
26425	95
26437	95
26449	95
26460	95
26484	95
26496	95
26507	95
26531	95
26542	95
26554	95
26578	95
26589	95
26601	95
26625	95
26636	95
26660	95
26671	95
26683	95
26707	96
26718	96
26730	96
26753	96
26765	96
26789	96
26800	96
26824	96
26835	96
26859	96
26871	96
26894	96
26906	96
26929	96
26941	96
26953	96
26976	96
26988	96
27000	96
27023	96
27035	96
27046	96
27058	96
27082	96
27093	96
27105	96
27128	96
27140	96
27152	96
27164	96
27187	96
27199	96
27210	96
27234	96
27246	96
27257	96
27269	96
27292	96
27304	96
27328	96
27339	96
27351	96
27363	96
27386	96
27398	96
27410	96
27433	96
27445	96
27457	96
27468	96
27492	97
27503	97
27515	97
27539	97
27550	97
27574	97
27597	97
27609	97
27632	97
27644	97
27667	97
27679	97
27691	97
27703	97
27726	97
27738	97
27761	97
27773	97
27785	97
27808	97
27820	97
27832	97
27843	97
27867	97
27878	97
27890	97
27914	97
27925	97
27937	97
27960	97
27972	97
27984	97
27996	97
28019	97
28031	97
28042	97
28066	97
28078	97
28101	97
28113	97
28125	97
28136	97
28160	97
28171	97
28195	97
28207	97
28218	97
28230	97
28253	97
28265	97
28289	98
28300	98
28324	98
28347	98
28359	98
28382	98
28394	98
28417	98
28429	98
28441	98
28464	98
28476	98
28488	98
28511	98
28523	98
28535	98
28558	98
28570	98
28582	98
28593	98
28617	98
28628	98
28652	98
28664	98
28675	98
28687	98
28699	98
28722	98
28734	98
28746	98
28757	98
28781	98
28792	98
28804	98
28828	98
28839	98
28851	98
28875	98
28886	98
28898	98
28910	98
28933	98
28945	98
28957	98
28968	98
28992	98
29003	98
29027	98
29039	98
29062	98
29074	99
29097	99
29121	99
29132	99
29156	99
29167	99
29179	99
29203	99
29214	99
29238	99
29250	99
29273	99
29285	99
29308	99
29320	99
29332	99
29355	99
29367	99
29378	99
29402	99
29414	99
29425	99
29449	99
29460	99
29472	99
29496	99
29507	99
29519	99
29531	99
29554	99
29566	99
29589	99
29601	99
29613	99
29625	99
29636	99
29648	99
29660	99
29683	99
29695	99
29707	99
29730	99
29742	99
29753	99
29777	99
29789	99
29812	99
29824	99
29847	99
29859	99
29882	100
29894	100
29906	100
29929	100
29941	100
29953	100
29976	100
29988	100
30011	100
30023	100
30046	100
30058	100
30070	100
30093	100
30105	100
30117	100
30140	100
30152	100
30175	100
30187	100
30199	100
30222	100
30234	100
30246	100
30269	100
30281	100
30304	100
30316	100
30328	100
30351	100
30363	100
30375	100
30386	100
30410	100
30421	100
30433	100
30457	100
30468	100
30480	100
30503	100
30515	100
30539	100
30550	100
30574	100
30585	100
30609	100
30621	100
30644	100
30656	100
30667	100
30691	101
30703	101
30714	101
30738	101
30750	101
30773	101
30785	101
30796	101
30820	101
30832	101
30843	101
30867	101
30878	101
30890	101
30914	101
30925	101
30949	101
30960	101
30972	101
30996	101
31007	101
31019	101
31042	101
31054	101
31078	101
31089	101
31101	101
31113	101
31136	101
31148	101
31160	101
31171	101
31183	101
31195	101
31218	101
31230	101
31253	101
31265	101
31277	101
31300	101
31312	101
31335	101
31347	101
31371	101
31382	101
31406	101
31417	101
31429	101
31453	101
31464	101
31488	102
31500	102
31523	102
31546	102
31558	102
31570	102
31593	102
31605	102
31617	102
31640	102
31652	102
31675	102
31687	102
31710	102
31734	102
31746	102
31757	102
31781	102
31792	102
31816	102
31828	102
31839	102
31863	102
31875	102
31886	102
31910	102
31921	102
31933	102
31957	102
31968	102
31980	102
32003	102
32015	102
32039	102
32050	102
32062	102
32085	102
32097	102
32121	102
32132	102
32156	102
32167	102
32179	102
32203	102
32214	102
32238	102
32250	102
32261	102
32285	102
32296	102
32308	103
32332	103
32343	103
32367	103
32378	103
32390	103
32414	103
32425	103
32449	103
32460	103
32484	103
32496	103
32519	103
32531	103
32554	103
32566	103
32578	103
32601	103
32613	103
32625	103
32648	103
32660	103
32671	103
32683	103
32707	103
32718	103
32742	103
32753	103
32765	103
32789	103
32800	103
32812	103
32835	103
32847	103
32871	103
32882	103
32894	103
32917	103
32929	103
32953	103
32964	103
32988	103
33000	103
33011	103
33035	103
33046	103
33058	103
33082	103
33093	103
33117	103
33128	104
33140	104
33164	104
33175	104
33199	104
33222	104
33234	104
33257	104
33269	104
33292	104
33304	104
33316	104
33339	104
33351	104
33375	104
33386	104
33398	104
33410	104
33433	104
33445	104
33457	104
33480	104
33492	104
33515	104
33527	104
33550	104
33562	104
33574	104
33597	104
33609	104
33621	104
33644	104
33656	104
33679	104
33691	104
33714	104
33726	104
33738	104
33761	104
33773	104
33785	104
33808	104
33820	104
33843	104
33855	104
33867	104
33890	104
33902	104
33925	104
33949	104
33960	105
33984	105
33996	105
34019	105
34031	105
34054	105
34066	105
34089	105
34101	105
34113	105
34136	105
34148	105
34160	105
34183	105
34195	105
34207	105
34230	105
34242	105
34265	105
34277	105
34289	105
34312	105
34324	105
34347	105
34359	105
34371	105
34394	105
34406	105
34429	105
34441	105
34464	105
34476	105
34488	105
34511	105
34523	105
34535	105
34558	105
34570	105
34593	105
34605	105
34617	105
34640	105
34652	105
34675	105
34699	105
34710	105
34734	105
34757	105
34769	105
34792	105
34804	106
34828	106
34839	106
34863	106
34875	106
34886	106
34910	106
34921	106
34933	106
34957	106
34968	106
34992	106
35003	106
35027	106
35039	106
35050	106
35074	106
35085	106
35109	106
35121	106
35144	106
35156	106
35179	106
35191	106
35214	106
35226	106
35238	106
35261	106
35273	106
35296	106
35308	106
35332	106
35343	106
35355	106
35378	106
35390	106
35414	106
35437	106
35449	106
35472	106
35496	106
35507	106
35531	106
35542	106
35566	106
35578	106
35601	106
35613	106
35625	106
35648	106
35660	107
35671	107
35695	107
35707	107
35730	107
35742	107
35765	107
35777	107
35789	107
35812	107
35824	107
35847	107
35859	107
35871	107
35894	107
35906	107
35929	107
35941	107
35964	107
35976	107
36000	107
36011	107
36023	107
36046	107
36058	107
36082	107
36093	107
36117	107
36128	107
36152	107
36164	107
36187	107
36199	107
36222	107
36246	107
36257	107
36281	107
36292	107
36316	107
36328	107
36351	107
36363	107
36386	107
36398	107
36421	107
36433	107
36457	107
36468	107
36492	107
36503	107
36527	108
36539	108
36562	108
36574	108
36597	108
36609	108
36632	108
36644	108
36667	108
36679	108
36703	108
36714	108
36738	108
36750	108
36773	108
36785	108
36796	108
36820	108
36832	108
36855	108
36867	108
36890	108
36902	108
36925	108
36937	108
36960	108
36984	108
36996	108
37019	108
37031	108
37054	108
37066	108
37089	108
37101	108
37125	108
37136	108
37160	108
37171	108
37195	108
37207	108
37230	108
37242	108
37265	108
37277	108
37300	108
37324	108
37335	108
37359	108
37371	108
37394	108
37406	109
37429	109
37441	109
37464	109
37488	109
37500	109
37511	109
37535	109
37546	109
37570	109
37582	109
37605	109
37617	109
37640	109
37652	109
37675	109
37699	109
37710	109
37734	109
37757	109
37769	109
37792	109
37804	109
37828	109
37839	109
37863	109
37886	109
37910	109
37921	109
37945	109
37957	109
37980	109
37992	109
38015	109
38027	109
38050	109
38074	109
38085	109
38109	109
38132	109
38144	109
38167	109
38179	109
38203	109
38214	109
38238	109
38250	109
38261	109
38285	109
38296	109
38308	110
38332	110
38343	110
38367	110
38390	110
38402	110
38425	110
38437	110
38460	110
38472	110
38496	110
38507	110
38531	110
38542	110
38566	110
38578	110
38601	110
38625	110
38636	110
38660	110
38683	110
38695	110
38718	110
38730	110
38753	110
38765	110
38789	110
38812	110
38835	110
38859	110
38871	110
38894	110
38917	110
38929	110
38953	110
38964	110
38988	110
39011	110
39023	110
39046	110
39058	110
39082	110
39093	110
39117	110
39128	110
39152	110
39164	110
39187	110
39199	110
39222	110
39234	111
39257	111
39269	111
39292	111
39316	111
39328	111
39351	111
39363	111
39386	111
39398	111
39421	111
39445	111
39457	111
39468	111
39492	111
39515	111
39527	111
39550	111
39574	111
39597	111
39621	111
39644	111
39656	111
39679	111
39691	111
39714	111
39738	111
39750	111
39773	111
39785	111
39808	111
39820	111
39843	111
39867	111
39878	111
39902	111
39914	111
39937	111
39949	111
39972	111
39996	111
40007	111
40031	111
40042	111
40066	111
40089	111
40101	111
40125	111
40136	111
40160	111
40183	112
40195	112
40218	112
40230	112
40253	112
40277	112
40300	112
40324	112
40347	112
40371	112
40382	112
40406	112
40429	112
40441	112
40464	112
40476	112
40500	112
40523	112
40535	112
40558	112
40570	112
40593	112
40617	112
40628	112
40652	112
40664	112
40687	112
40699	112
40722	112
40734	112
40757	112
40769	112
40792	112
40816	112
40828	112
40851	112
40863	112
40886	112
40898	112
40921	112
40933	112
40957	112
40968	112
40992	112
41015	112
41027	112
41050	112
41074	112
41097	112
41121	112
41144	113
41167	113
41179	113
41203	113
41226	113
41238	113
41261	113
41285	113
41308	113
41332	113
41343	113
41367	113
41378	113
41402	113
41425	113
41437	113
41460	113
41472	113
41496	113
41519	113
41531	113
41554	113
41578	113
41589	113
41613	113
41625	113
41636	113
41660	113
41671	113
41683	113
41707	113
41730	113
41742	113
41765	113
41789	113
41800	113
41824	113
41847	113
41871	113
41894	113
41906	113
41929	113
41941	113
41964	113
41988	113
42011	113
42023	113
42046	113
42070	113
42082	113
42105	114
42128	114
42140	114
42164	114
42187	114
42199	114
42222	114
42246	114
42257	114
42281	114
42304	114
42328	114
42339	114
42363	114
42375	114
42398	114
42410	114
42433	114
42457	114
42468	114
42492	114
42515	114
42527	114
42550	114
42574	114
42597	114
42621	114
42632	114
42656	114
42679	114
42691	114
42714	114
42738	114
42750	114
42773	114
42796	114
42808	114
42832	114
42843	114
42867	114
42890	114
42902	114
42925	114
42949	114
42960	114
42984	114
43007	114
43019	114
43042	114
43066	114
43078	115
43101	115
43113	115
43136	115
43148	115
43160	115
43183	115
43195	115
43218	115
43242	115
43265	115
43277	115
43300	115
43324	115
43335	115
43359	115
43382	115
43406	115
43429	115
43441	115
43464	115
43488	115
43511	115
43535	115
43546	115
43570	115
43593	115
43605	115
43628	115
43652	115
43675	115
43699	115
43722	115
43734	115
43757	115
43781	115
43804	115
43816	115
43839	115
43863	115
43875	115
43898	115
43910	115
43933	115
43957	115
43968	115
43992	115
44015	115
44027	115
44050	115
44074	116
44097	116
44109	116
44132	116
44156	116
44179	116
44191	116
44214	116
44238	116
44250	116
44273	116
44296	116
44308	116
44332	116
44355	116
44367	116
44390	116
44414	116
44425	116
44449	116
44472	116
44496	116
44507	116
44531	116
44554	116
44578	116
44589	116
44613	116
44625	116
44648	116
44660	116
44683	116
44695	116
44718	116
44742	116
44765	116
44777	116
44800	116
44812	116
44835	116
44859	116
44871	116
44894	116
44917	116
44941	116
44953	116
44976	116
45000	116
45011	116
45035	116
45058	117
45070	117
45093	117
45117	117
45140	117
45152	117
45175	117
45199	117
45222	117
45246	117
45269	117
45292	117
45304	117
45328	117
45351	117
45363	117
45386	117
45398	117
45421	117
45445	117
45457	117
45480	117
45503	117
45527	117
45539	117
45562	117
45574	117
45597	117
45621	117
45632	117
45656	117
45679	117
45703	117
45714	117
45738	117
45750	117
45773	117
45796	117
45820	117
45832	117
45855	117
45878	117
45890	117
45914	117
45937	117
45960	117
45984	117
46007	117
46031	117
46042	117
46066	118
46089	118
46113	118
46125	118
46148	118
46160	118
46183	118
46207	118
46218	118
46242	118
46265	118
46289	118
46300	118
46324	118
46347	118
46359	118
46382	118
46406	118
46417	118
46441	118
46464	118
46488	118
46500	118
46523	118
46546	118
46558	118
46582	118
46605	118
46628	118
46640	118
46664	118
46687	118
46710	118
46734	118
46757	118
46781	118
46804	118
46828	118
46839	118
46863	118
46886	118
46898	118
46921	118
46945	118
46957	118
46980	118
47003	118
47027	118
47039	118
47062	118
47085	119
47097	119
47121	119
47144	119
47167	119
47179	119
47203	119
47226	119
47238	119
47261	119
47285	119
47308	119
47332	119
47343	119
47367	119
47390	119
47414	119
47425	119
47460	119
47484	119
47507	119
47519	119
47542	119
47566	119
47589	119
47601	119
47625	119
47648	119
47660	119
47683	119
47707	119
47718	119
47742	119
47765	119
47789	119
47800	119
47824	119
47847	119
47859	119
47882	119
47906	119
47929	119
47953	119
47964	119
47988	119
48011	119
48023	119
48046	119
48070	119
48082	119
48105	120
48128	120
48152	120
48175	120
48199	120
48222	120
48246	120
48269	120
48281	120
48304	120
48328	120
48351	120
48363	120
48386	120
48410	120
48433	120
48457	120
48468	120
48492	120
48515	120
48539	120
48562	120
48574	120
48597	120
48621	120
48644	120
48667	120
48679	120
48703	120
48726	120
48750	120
48761	120
48785	120
48808	120
48820	120
48843	120
48867	120
48890	120
48902	120
48925	120
48949	120
48972	120
48996	120
49019	120
49042	120
49066	120
49078	120
49101	120
49125	120
49148	120
49171	121
49183	121
49207	121
49230	121
49253	121
49277	121
49289	121
49312	121
49335	121
49359	121
49382	121
49406	121
49429	121
49453	121
49464	121
49488	121
49511	121
49535	121
49546	121
49570	121
49593	121
49617	121
49628	121
49652	121
49675	121
49699	121
49722	121
49746	121
49769	121
49792	121
49816	121
49839	121
49851	121
49886	121
49910	121
49933	121
49945	121
49968	121
49992	121
50015	121
50039	121
50062	121
50085	121
50109	121
50132	121
50144	121
50167	121
50191	121
50214	121
50238	121
50250	122
50273	122
50285	122
50308	122
50320	122
50343	122
50367	122
50390	122
50414	122
50425	122
50449	122
50472	122
50496	122
50507	122
50531	122
50554	122
50578	122
50601	122
50625	122
50648	122
50671	122
50695	122
50707	122
50730	122
50753	122
50777	122
50800	122
50824	122
50859	122
50882	122
50906	122
50929	122
50941	122
50964	122
50988	122
51011	122
51035	122
51058	122
51070	122
51093	122
51117	122
51140	122
51164	122
51175	122
51199	122
51222	122
51246	122
51269	122
51292	122
51316	122
51328	123
51351	123
51375	123
51398	123
51421	123
51433	123
51457	123
51480	123
51503	123
51527	123
51550	123
51574	123
51597	123
51621	123
51644	123
51667	123
51691	123
51714	123
51738	123
51761	123
51785	123
51796	123
51820	123
51843	123
51867	123
51890	123
51902	123
51925	123
51949	123
51972	123
51996	123
52007	123
52031	123
52054	123
52078	123
52101	123
52125	123
52148	123
52171	123
52195	123
52207	123
52230	123
52253	123
52277	123
52300	123
52335	123
52359	123
52382	123
52406	123
52429	123
52453	124
52476	124
52500	124
52523	124
52535	124
52558	124
52582	124
52605	124
52628	124
52652	124
52664	124
52687	124
52710	124
52734	124
52746	124
52769	124
52792	124
52816	124
52839	124
52863	124
52875	124
52898	124
52921	124
52945	124
52957	124
52980	124
53003	124
53027	124
53050	124
53085	124
53109	124
53132	124
53156	124
53179	124
53203	124
53226	124
53250	124
53273	124
53296	124
53320	124
53343	124
53367	124
53390	124
53414	124
53425	124
53449	124
53472	124
53496	124
53519	124
53531	124
53554	125
53578	125
53601	125
53625	125
53636	125
53660	125
53671	125
53695	125
53718	125
53742	125
53765	125
53789	125
53812	125
53835	125
53859	125
53882	125
53906	125
53929	125
53941	125
53964	125
53988	125
54011	125
54035	125
54058	125
54082	125
54105	125
54128	125
54152	125
54175	125
54199	125
54222	125
54246	125
54269	125
54281	125
54304	125
54328	125
54351	125
54375	125
54398	125
54410	125
54433	125
54457	125
54480	125
54503	125
54527	125
54550	125
54574	125
54597	125
54621	125
54644	125
54667	126
54691	126
54714	126
54738	126
54761	126
54773	126
54796	126
54820	126
54843	126
54867	126
54890	126
54914	126
54925	126
54949	126
54972	126
54996	126
55019	126
55042	126
55066	126
55089	126
55101	126
55125	126
55136	126
55160	126
55183	126
55195	126
55218	126
55242	126
55265	126
55289	126
55312	126
55335	126
55359	126
55382	126
55406	126
55429	126
55453	126
55476	126
55500	126
55523	126
55546	126
55570	126
55593	126
55617	126
55640	126
55664	126
55687	126
55710	126
55734	126
55757	126
55781	127
55804	127
55828	127
55851	127
55875	127
55898	127
55921	127
55933	127
55957	127
55980	127
56003	127
56027	127
56050	127
56074	127
56097	127
56121	127
56144	127
56167	127
56191	127
56214	127
56238	127
56261	127
56273	127
56296	127
56320	127
56343	127
56367	127
56390	127
56414	127
56437	127
56460	127
56484	127
56507	127
56531	127
56554	127
56578	127
56601	127
56613	127
56636	127
56660	127
56671	127
56695	127
56718	127
56742	127
56765	127
56789	127
56812	127
56835	127
56847	127
56871	127
56894	128
56917	128
56941	128
56964	128
56988	128
57011	128
57035	128
57058	128
57082	128
57093	128
57117	128
57140	128
57164	128
57199	128
57222	128
57246	128
57269	128
57292	128
57316	128
57339	128
57363	128
57375	128
57398	128
57421	128
57445	128
57468	128
57492	128
57515	128
57539	128
57550	128
57574	128
57597	128
57621	128
57644	128
57667	128
57691	128
57714	128
57738	128
57761	128
57773	128
57796	128
57820	128
57843	128
57867	128
57890	128
57914	128
57937	128
57972	128
57996	128
58019	128
58042	129
58066	129
58089	129
58113	129
58125	129
58148	129
58171	129
58195	129
58218	129
58242	129
58265	129
58277	129
58300	129
58324	129
58347	129
58371	129
58394	129
58417	129
58441	129
58464	129
58476	129
58500	129
58523	129
58546	129
58570	129
58593	129
58617	129
58640	129
58664	129
58687	129
58722	129
58746	129
58769	129
58792	129
58816	129
58839	129
58863	129
58886	129
58910	129
58921	129
58945	129
58968	129
58992	129
59015	129
59039	129
59062	129
59085	129
59109	129
59132	129
59156	129
59179	130
59203	130
59226	130
59250	130
59273	130
59296	130
59320	130
59343	130
59367	130
59390	130
59414	130
59437	130
59460	130
59496	130
59519	130
59542	130
59566	130
59589	130
59613	130
59636	130
59648	130
59671	130
59695	130
59718	130
59742	130
59765	130
59789	130
59812	130
59835	130
59859	130
59871	130
59894	130
59917	130
59941	130
59964	130
59988	130
60011	130
60035	130
60058	130
60082	130
60105	130
60128	130
60152	130
60175	130
60199	130
60222	130
60246	130
60269	130
60292	130
60316	130
60339	131
60363	131
60386	131
60410	131
60433	131
60457	131
60480	131
60503	131
60527	131
60550	131
60585	131
60609	131
60632	131
60656	131
60679	131
60703	131
60726	131
60750	131
60773	131
60785	131
60808	131
60832	131
60855	131
60878	131
60902	131
60937	131
60960	131
60984	131
61007	131
61031	131
61054	131
61078	131
61101	131
61125	131
61148	131
61171	131
61195	131
61218	131
61242	131
61265	131
61289	131
61324	131
61347	131
61371	131
61394	131
61417	131
61441	131
61464	131
61488	131
61511	131
61535	132
61558	132
61582	132
61605	132
61628	132
61652	132
61675	132
61699	132
61722	132
61746	132
61781	132
61804	132
61828	132
61851	132
61875	132
61898	132
61933	132
61957	132
61980	132
62003	132
62027	132
62050	132
62074	132
62097	132
62132	132
62156	132
62179	132
62203	132
62226	132
62250	132
62261	132
62285	132
62308	132
62332	132
62355	132
62378	132
62402	132
62425	132
62449	132
62472	132
62496	132
62519	132
62542	132
62566	132
62589	132
62613	132
62636	132
62671	132
62695	132
62718	132
62742	133
62765	133
62789	133
62824	133
62847	133
62882	133
62906	133
62929	133
62953	133
62976	133
63000	133
63023	133
63046	133
63070	133
63093	133
63117	133
63140	133
63164	133
63187	133
63210	133
63234	133
63257	133
63281	133
63304	133
63328	133
63351	133
63375	133
63398	133
63421	133
63445	133
63468	133
63492	133
63515	133
63550	133
63574	133
63609	133
63632	133
63656	133
63679	133
63703	133
63726	133
63761	133
63785	133
63808	133
63832	133
63855	133
63878	133
63902	133
63925	133
63949	133
63972	134
63996	134
64019	134
64042	134
64066	134
64089	134
64113	134
64148	134
64171	134
64195	134
64218	134
64242	134
64265	134
64300	134
64324	134
64359	134
64382	134
64417	134
64441	134
64453	134
64488	134
64511	134
64535	134
64558	134
64582	134
64605	134
64628	134
64652	134
64675	134
64699	134
64722	134
64746	134
64769	134
64792	134
64816	134
64839	134
64863	134
64886	134
64910	134
64933	134
64957	134
64980	134
65003	134
65027	134
65050	134
65085	134
65121	134
65144	134
65167	134
65191	134
65214	135
65250	135
65273	135
65296	135
65320	135
65343	135
65378	135
65402	135
65425	135
65449	135
65472	135
65496	135
65519	135
65542	135
65566	135
65589	135
65613	135
65636	135
65648	135
65671	135
65695	135
65718	135
65742	135
65765	135
65800	135
65824	135
65847	135
65882	135
65906	135
65929	135
65953	135
65976	135
66000	135
66035	135
66058	135
66082	135
66105	135
66128	135
66152	135
66175	135
66199	135
66234	135
66257	135
66281	135
66304	135
66328	135
66351	135
66375	135
66398	135
66421	135
66445	136
66468	136
66492	136
66527	136
66550	136
66574	136
66597	136
66632	136
66656	136
66679	136
66703	136
66726	136
66750	136
66773	136
66796	136
66820	136
66843	136
66878	136
66902	136
66925	136
66949	136
66972	136
66996	136
67019	136
67042	136
67066	136
67101	136
67113	136
67136	136
67160	136
67183	136
67207	136
67230	136
67253	136
67277	136
67300	136
67324	136
67359	136
67382	136
67406	136
67429	136
67464	136
67488	136
67511	136
67546	136
67570	136
67593	136
67617	136
67640	136
67675	136
67699	137
67734	137
67757	137
67781	137
67804	137
67828	137
67851	137
67886	137
67898	137
67921	137
67957	137
67980	137
68003	137
68027	137
68050	137
68074	137
68109	137
68132	137
68156	137
68179	137
68203	137
68226	137
68261	137
68285	137
68308	137
68332	137
68355	137
68378	137
68402	137
68437	137
68460	137
68484	137
68507	137
68542	137
68566	137
68589	137
68613	137
68636	137
68660	137
68683	137
68707	137
68730	137
68753	137
68777	137
68800	137
68824	137
68859	137
68882	137
68906	137
68929	137
68953	138
68976	138
69011	138
69035	138
69058	138
69082	138
69105	138
69128	138
69152	138
69187	138
69210	138
69246	138
69269	138
69292	138
69316	138
69351	138
69375	138
69398	138
69421	138
69445	138
69468	138
69492	138
69515	138
69539	138
69562	138
69585	138
69621	138
69644	138
69667	138
69691	138
69714	138
69738	138
69761	138
69796	138
69820	138
69843	138
69867	138
69890	138
69925	138
69949	138
69984	138
70007	138
70031	138
70066	138
70089	138
70113	138
70136	138
70160	138
70183	138
70207	138
70230	139
70265	139
70289	139
70312	139
70335	139
70359	139
70382	139
70406	139
70429	139
70464	139
70488	139
70511	139
70535	139
70558	139
70582	139
70605	139
70640	139
70664	139
70699	139
70722	139
70757	139
70781	139
70804	139
70828	139
70863	139
70886	139
70910	139
70933	139
70957	139
70980	139
71003	139
71039	139
71062	139
71085	139
71109	139
71132	139
71156	139
71191	139
71214	139
71238	139
71261	139
71285	139
71320	139
71343	139
71367	139
71390	139
71425	139
71449	139
71484	139
71507	139
71542	140
71566	140
71589	140
71613	140
71636	140
71660	140
71683	140
71718	140
71742	140
71765	140
71789	140
71812	140
71847	140
71871	140
71894	140
71917	140
71941	140
71976	140
72000	140
72023	140
72046	140
72070	140
72093	140
72117	140
72152	140
72175	140
72199	140
72234	140
72257	140
72292	140
72316	140
72339	140
72363	140
72398	140
72421	140
72445	140
72468	140
72503	140
72527	140
72550	140
72574	140
72609	140
72632	140
72656	140
72679	140
72714	140
72738	140
72761	140
72785	140
72808	140
72832	141
72867	141
72890	141
72914	141
72949	141
72972	141
72996	141
73031	141
73054	141
73078	141
73101	141
73136	141
73160	141
73183	141
73207	141
73242	141
73265	141
73289	141
73324	141
73347	141
73371	141
73406	141
73429	141
73453	141
73476	141
73511	141
73535	141
73558	141
73582	141
73605	141
73640	141
73664	141
73687	141
73722	141
73746	141
73781	141
73804	141
73828	141
73863	141
73886	141
73921	141
73945	141
73968	141
73992	141
74027	141
74050	141
74085	141
74109	141
74132	141
74167	141
74191	142
74214	142
74238	142
74261	142
74285	142
74308	142
74332	142
74367	142
74390	142
74414	142
74437	142
74460	142
74496	142
74519	142
74542	142
74578	142
74601	142
74625	142
74660	142
74683	142
74707	142
74730	142
74765	142
74789	142
74824	142
74859	142
74882	142
74917	142
74941	142
74964	142
75000	142
75023	142
75046	142
75070	142
75093	142
75128	142
75152	142
75175	142
75199	142
75234	142
75257	142
75281	142
75316	142
75339	142
75363	142
75386	142
75421	142
75445	142
75468	142
75492	142
75527	143
75550	143
75585	143
75621	143
75644	143
75679	143
75703	143
75726	143
75750	143
75785	143
75808	143
75832	143
75867	143
75890	143
75914	143
75937	143
75972	143
75996	143
76019	143
76042	143
76078	143
76101	143
76125	143
76160	143
76183	143
76207	143
76242	143
76265	143
76300	143
76324	143
76359	143
76394	143
76417	143
76453	143
76476	143
76500	143
76535	143
76558	143
76582	143
76605	143
76640	143
76664	143
76687	143
76710	143
76734	143
76757	143
76792	143
76816	143
76839	143
76863	143
76886	144
76921	144
76945	144
76968	144
76992	144
77027	144
77062	144
77097	144
77121	144
77156	144
77179	144
77203	144
77238	144
77273	144
77296	144
77332	144
77355	144
77378	144
77414	144
77437	144
77460	144
77484	144
77507	144
77542	144
77566	144
77601	144
77613	144
77636	144
77660	144
77683	144
77718	144
77742	144
77765	144
77800	144
77824	144
77859	144
77882	144
77917	144
77941	144
77964	144
78000	144
78023	144
78058	144
78082	144
78105	144
78140	144
78164	144
78187	144
78222	144
78246	144
78269	145
78304	145
78328	145
78351	145
78386	145
78410	145
78433	145
78457	145
78480	145
78515	145
78539	145
78574	145
78597	145
78632	145
78656	145
78691	145
78714	145
78738	145
78761	145
78796	145
78820	145
78843	145
78878	145
78902	145
78925	145
78949	145
78984	145
79007	145
79031	145
79066	145
79089	145
79113	145
79136	145
79160	145
79183	145
79207	145
79230	145
79265	145
79289	145
79312	145
79347	145
79371	145
79406	145
79429	145
79464	145
79488	145
79523	145
79546	145
79582	145
79605	145
79628	146
79664	146
79699	146
79722	146
79757	146
79781	146
79816	146
79839	146
79863	146
79886	146
79921	146
79945	146
79968	146
79992	146
80027	146
80050	146
80085	146
80109	146
80144	146
80167	146
80191	146
80226	146
80250	146
80273	146
80308	146
80332	146
80355	146
80390	146
80414	146
80449	146
80472	146
80507	146
80531	146
80554	146
80589	146
80613	146
80636	146
80660	146
80683	146
80707	146
80742	146
80765	146
80789	146
80824	146
80847	146
80871	146
80906	146
80929	146
80953	146
80988	146
81011	147
81035	147
81070	147
81093	147
81117	147
81152	147
81175	147
81210	147
81234	147
81269	147
81292	147
81316	147
81351	147
81375	147
81398	147
81421	147
81457	147
81480	147
81503	147
81539	147
81562	147
81585	147
81621	147
81644	147
81667	147
81703	147
81726	147
81750	147
81785	147
81808	147
81832	147
81867	147
81890	147
81925	147
81949	147
81984	147
82019	147
82042	147
82066	147
82101	147
82125	147
82148	147
82183	147
82207	147
82230	147
82265	147
82289	147
82312	147
82335	147
82371	147
82394	148
82417	148
82453	148
82476	148
82500	148
82535	148
82558	148
82582	148
82617	148
82640	148
82675	148
82699	148
82734	148
82769	148
82792	148
82816	148
82851	148
82875	148
82898	148
82933	148
82957	148
82980	148
83015	148
83039	148
83062	148
83097	148
83121	148
83144	148
83179	148
83203	148
83226	148
83261	148
83285	148
83320	148
83343	148
83367	148
83402	148
83425	148
83460	148
83496	148
83519	148
83554	148
83578	148
83613	148
83636	148
83660	148
83683	148
83718	148
83742	148
83777	148
83800	149
83824	149
83859	149
83882	149
83906	149
83941	149
83964	149
83988	149
84023	149
84046	149
84070	149
84105	149
84128	149
84164	149
84187	149
84222	149
84257	149
84281	149
84316	149
84339	149
84363	149
84398	149
84421	149
84457	149
84480	149
84503	149
84539	149
84562	149
84597	149
84621	149
84644	149
84679	149
84703	149
84738	149
84761	149
84785	149
84808	149
84843	149
84867	149
84890	149
84925	149
84949	149
84984	149
85007	149
85042	149
85066	149
85101	149
85125	149
85148	149
85183	149
85207	150
85242	150
85265	150
85289	150
85324	150
85359	150
85382	150
85417	150
85441	150
85464	150
85500	150
85523	150
85546	150
85582	150
85605	150
85640	150
85664	150
85699	150
85722	150
85757	150
85792	150
85816	150
85851	150
85875	150
85910	150
85945	150
85968	150
86003	150
86027	150
86062	150
86085	150
86121	150
86156	150
86179	150
86203	150
86238	150
86261	150
86285	150
86308	150
86332	150
86367	150
86390	150
86425	150
86449	150
86472	150
86507	150
86531	150
86566	150
86589	150
86613	150
86648	151
86683	151
86707	151
86730	151
86765	151
86800	151
86824	151
86859	151
86894	151
86917	151
86953	151
86976	151
87011	151
87035	151
87058	151
87093	151
87117	151
87152	151
87175	151
87199	151
87234	151
87257	151
87281	151
87316	151
87339	151
87375	151
87398	151
87421	151
87457	151
87480	151
87515	151
87539	151
87574	151
87609	151
87644	151
87667	151
87703	151
87726	151
87761	151
87785	151
87820	151
87843	151
87878	151
87902	151
87937	151
87960	151
87984	151
88019	151
88042	151
88078	151
88101	152
88136	152
88171	152
88195	152
88218	152
88253	152
88289	152
88324	152
88359	152
88394	152
88417	152
88441	152
88476	152
88511	152
88535	152
88558	152
88593	152
88617	152
88652	152
88675	152
88699	152
88722	152
88757	152
88781	152
88816	152
88839	152
88863	152
88886	152
88921	152
88945	152
88968	152
89003	152
89027	152
89062	152
89109	152
89132	152
89167	152
89191	152
89226	152
89261	152
89296	152
89320	152
89355	152
89378	152
89402	152
89437	152
89460	152
89496	152
89519	152
89542	152
89578	153
89601	153
89625	153
89648	153
89683	153
89707	153
89742	153
89765	153
89800	153
89824	153
89859	153
89894	153
89917	153
89953	153
89976	153
90011	153
90046	153
90070	153
90105	153
90128	153
90164	153
90187	153
90222	153
90246	153
90281	153
90304	153
90339	153
90363	153
90398	153
90421	153
90445	153
90480	153
90503	153
90539	153
90574	153
90597	153
90632	153
90667	153
90691	153
90726	153
90750	153
90785	153
90808	153
90832	153
90867	153
90890	153
90925	153
90949	153
90984	153
91007	153
91031	154
91066	154
91089	154
91125	154
91148	154
91171	154
91195	154
91218	154
91253	154
91277	154
91312	154
91335	154
91371	154
91406	154
91429	154
91464	154
91488	154
91523	154
91558	154
91593	154
91617	154
91652	154
91675	154
91710	154
91746	154
91781	154
91804	154
91839	154
91863	154
91886	154
91921	154
91945	154
91980	154
92003	154
92039	154
92062	154
92097	154
92132	154
92156	154
92191	154
92214	154
92250	154
92273	154
92308	154
92332	154
92367	154
92390	154
92425	154
92460	154
92484	154
92519	155
92542	155
92578	155
92613	155
92636	155
92660	155
92683	155
92718	155
92742	155
92777	155
92800	155
92835	155
92859	155
92894	155
92917	155
92953	155
92976	155
93000	155
93035	155
93058	155
93093	155
93117	155
93152	155
93187	155
93210	155
93246	155
93281	155
93304	155
93339	155
93363	155
93386	155
93421	155
93445	155
93480	155
93503	155
93539	155
93562	155
93585	155
93621	155
93644	155
93679	155
93703	155
93738	155
93761	155
93796	155
93820	155
93855	155
93878	155
93914	155
93949	155
93984	156
94007	156
94042	156
94078	156
94101	156
94136	156
94160	156
94183	156
94218	156
94242	156
94277	156
94300	156
94335	156
94359	156
94394	156
94417	156
94453	156
94488	156
94511	156
94546	156
94570	156
94605	156
94628	156
94664	156
94699	156
94734	156
94769	156
94792	156
94828	156
94851	156
94886	156
94910	156
94945	156
94968	156
95003	156
95027	156
95062	156
95085	156
95121	156
95144	156
95179	156
95203	156
95238	156
95261	156
95296	156
95320	156
95355	156
95378	156
95414	156
95449	156
95484	157
95519	157
95542	157
95578	157
95601	157
95636	157
95660	157
95683	157
95718	157
95742	157
95777	157
95800	157
95835	157
95859	157
95894	157
95917	157
95953	157
95976	157
96011	157
96035	157
96070	157
96093	157
96128	157
96152	157
96187	157
96222	157
96257	157
96292	157
96316	157
96351	157
96386	157
96410	157
96445	157
96468	157
96503	157
96539	157
96562	157
96597	157
96632	157
96656	157
96691	157
96726	157
96750	157
96773	157
96808	157
96832	157
96867	157
96902	157
96925	157
96960	157
96996	158
97031	158
97054	158
97089	158
97125	158
97148	158
97183	158
97207	158
97242	158
97265	158
97300	158
97335	158
97371	158
97394	158
97429	158
97453	158
97488	158
97511	158
97546	158
97570	158
97605	158
97628	158
97664	158
97699	158
97734	158
97769	158
97792	158
97828	158
97851	158
97886	158
97921	158
97957	158
97980	158
98015	158
98050	158
98085	158
98121	158
98144	158
98179	158
98203	158
98238	158
98261	158
98285	158
98320	158
98343	158
98378	158
98402	158
98437	158
98472	158
98496	158
98531	159
98566	159
98589	159
98625	159
98660	159
98695	159
98718	159
98753	159
98789	159
98824	159
98859	159
98894	159
98929	159
98953	159
98988	159
99023	159
99046	159
99082	159
99105	159
99140	159
99175	159
99199	159
99234	159
99257	159
99292	159
99328	159
99351	159
99386	159
99421	159
99445	159
99480	159
99503	159
99539	159
99574	159
99621	159
99644	159
99679	159
99714	159
99738	159
99773	159
99808	159
99832	159
99867	159
99890	159
99925	159
99949	159
99984	159
100019	159
100042	159
100078	159
100101	160
100136	160
100171	160
100207	160
100230	160
100265	160
100300	160
100335	160
100371	160
100406	160
100441	160
100464	160
100500	160
100535	160
100558	160
100593	160
100628	160
100652	160
100687	160
100710	160
100734	160
100769	160
100804	160
100839	160
100863	160
100886	160
100921	160
100957	160
100980	160
101015	160
101050	160
101085	160
101132	160
101167	160
101191	160
101226	160
101261	160
101296	160
101332	160
101355	160
101390	160
101425	160
101449	160
101484	160
101507	160
101542	160
101578	160
101613	160
101636	160
101660	160
101683	161
101718	161
101742	161
101777	161
101812	161
101847	161
101882	161
101917	161
101941	161
101976	161
102011	161
102035	161
102070	161
102105	161
102128	161
102164	161
102199	161
102234	161
102257	161
102292	161
102328	161
102351	161
102386	161
102410	161
102445	161
102468	161
102503	161
102539	161
102562	161
102597	161
102632	161
102667	161
102703	161
102726	161
102761	161
102796	161
102820	161
102855	161
102878	161
102914	161
102949	161
102972	161
103007	161
103042	161
103078	161
103101	161
103125	161
103160	161
103183	161
103218	161
103242	162
103277	162
103312	162
103347	162
103382	162
103406	162
103441	162
103476	162
103511	162
103546	162
103582	162
103605	162
103640	162
103675	162
103710	162
103746	162
103781	162
103816	162
103839	162
103875	162
103898	162
103933	162
103968	162
103992	162
104027	162
104062	162
104085	162
104121	162
104156	162
104191	162
104214	162
104250	162
104285	162
104308	162
104343	162
104378	162
104402	162
104437	162
104472	162
104507	162
104531	162
104566	162
104601	162
104625	162
104660	162
104683	162
104707	162
104742	162
104777	162
104800	162
104835	163
104871	163
104894	163
104929	163
104964	163
104988	163
105023	163
105058	163
105082	163
105117	163
105152	163
105187	163
105222	163
105257	163
105292	163
105316	163
105351	163
105386	163
105410	163
105445	163
105468	163
105503	163
105539	163
105562	163
105597	163
105632	163
105656	163
105691	163
105726	163
105750	163
105785	163
105820	163
105855	163
105878	163
105914	163
105949	163
105996	163
106019	163
106054	163
106089	163
106125	163
106148	163
106183	163
106207	163
106242	163
106277	163
106300	163
106335	163
106359	163
106394	163
106429	164
106464	164
106488	164
106523	164
106546	164
106582	164
106617	164
106652	164
106675	164
106722	164
106757	164
106792	164
106816	164
106851	164
106886	164
106910	164
106945	164
106968	164
107003	164
107039	164
107062	164
107097	164
107132	164
107156	164
107191	164
107226	164
107250	164
107285	164
107320	164
107355	164
107378	164
107414	164
107449	164
107496	164
107531	164
107554	164
107589	164
107625	164
107648	164
107683	164
107718	164
107742	164
107777	164
107812	164
107835	164
107871	164
107906	164
107941	164
107964	164
108000	164
108035	165
108058	165
108093	165
108128	165
108164	165
108199	165
108234	165
108269	165
108292	165
108328	165
108363	165
108398	165
108433	165
108457	165
108492	165
108527	165
108550	165
108585	165
108621	165
108656	165
108691	165
108714	165
108750	165
108773	165
108808	165
108843	165
108867	165
108902	165
108937	165
108972	165
109007	165
109031	165
109066	165
109101	165
109136	165
109160	165
109195	165
109230	165
109253	165
109289	165
109324	165
109359	165
109394	165
109417	165
109453	165
109488	165
109511	165
109546	165
109582	165
109605	165
109640	166
109675	166
109710	166
109746	166
109781	166
109816	166
109851	166
109886	166
109921	166
109957	166
109992	166
110015	166
110050	166
110097	166
110132	166
110156	166
110191	166
110226	166
110250	166
110285	166
110308	166
110343	166
110378	166
110402	166
110437	166
110472	166
110507	166
110542	166
110566	166
110601	166
110636	166
110671	166
110707	166
110742	166
110777	166
110812	166
110847	166
110882	166
110917	166
110953	166
110976	166
111011	166
111046	166
111070	166
111105	166
111140	166
111175	166
111199	166
111234	166
111269	166
111292	167
111328	167
111363	167
111386	167
111421	167
111457	167
111480	167
111515	167
111550	167
111585	167
111632	167
111667	167
111691	167
111726	167
111761	167
111785	167
111820	167
111855	167
111890	167
111914	167
111949	167
111984	167
112007	167
112042	167
112078	167
112113	167
112148	167
112183	167
112207	167
112242	167
112277	167
112324	167
112359	167
112394	167
112429	167
112464	167
112500	167
112535	167
112558	167
112593	167
112628	167
112652	167
112687	167
112722	167
112746	167
112781	167
112816	167
112851	167
112875	167
112910	167
112933	168
112968	168
113003	168
113039	168
113074	168
113121	168
113156	168
113179	168
113214	168
113250	168
113285	168
113320	168
113355	168
113390	168
113414	168
113449	168
113484	168
113507	168
113542	168
113578	168
113601	168
113625	168
113660	168
113683	168
113718	168
113742	168
113777	168
113812	168
113847	168
113882	168
113917	168
113941	168
113976	168
114011	168
114046	168
114082	168
114105	168
114140	168
114175	168
114210	168
114246	168
114281	168
114304	168
114339	168
114375	168
114398	168
114433	168
114468	168
114492	168
114527	168
114562	169
114597	169
114632	169
114667	169
114703	169
114738	169
114761	169
114796	169
114832	169
114867	169
114890	169
114925	169
114960	169
114996	169
115019	169
115054	169
115089	169
115113	169
115148	169
115171	169
115195	169
115230	169
115265	169
115300	169
115335	169
115371	169
115394	169
115429	169
115464	169
115500	169
115535	169
115570	169
115605	169
115628	169
115664	169
115699	169
115746	169
115769	169
115804	169
115839	169
115863	169
115898	169
115921	169
115957	169
115992	169
116015	169
116050	169
116085	169
116121	169
116156	169
116179	170
116214	170
116250	170
116273	170
116308	170
116343	170
116378	170
116402	170
116437	170
116472	170
116507	170
116542	170
116578	170
116601	170
116636	170
116660	170
116695	170
116718	170
116753	170
116789	170
116824	170
116847	170
116882	170
116917	170
116953	170
116976	170
117011	170
117046	170
117082	170
117105	170
117140	170
117175	170
117210	170
117246	170
117281	170
117316	170
117351	170
117375	170
117410	170
117433	170
117468	170
117503	170
117539	170
117562	170
117597	170
117632	170
117656	170
117691	170
117726	170
117750	170
117785	171
117820	171
117843	171
117878	171
117914	171
117949	171
117984	171
118019	171
118054	171
118089	171
118113	171
118148	171
118171	171
118207	171
118242	171
118265	171
118300	171
118324	171
118359	171
118394	171
118417	171
118453	171
118488	171
118511	171
118546	171
118582	171
118617	171
118640	171
118675	171
118722	171
118757	171
118792	171
118816	171
118851	171
118886	171
118910	171
118945	171
118980	171
119003	171
119039	171
119074	171
119097	171
119132	171
119167	171
119203	171
119238	171
119261	171
119296	171
119332	171
119367	171
119390	172
119425	172
119472	172
119507	172
119542	172
119566	172
119601	172
119636	172
119660	172
119695	172
119730	172
119753	172
119789	172
119824	172
119847	172
119882	172
119917	172
119953	172
119976	172
120011	172
120035	172
120070	172
120105	172
120128	172
120164	172
120199	172
120234	172
120269	172
120304	172
120328	172
120363	172
120398	172
120433	172
120457	172
120492	172
120527	172
120562	172
120585	172
120621	172
120656	172
120691	172
120714	172
120750	172
120773	172
120808	172
120843	172
120867	172
120902	172
120937	172
120972	172
121007	173
121042	173
121066	173
121101	173
121136	173
121171	173
121195	173
121230	173
121265	173
121300	173
121335	173
121371	173
121394	173
121429	173
121464	173
121488	173
121523	173
121558	173
121582	173
121617	173
121652	173
121687	173
121722	173
121757	173
121792	173
121816	173
121851	173
121886	173
121933	173
121957	173
121992	173
122027	173
122062	173
122097	173
122132	173
122156	173
122191	173
122226	173
122250	173
122273	173
122308	173
122332	173
122367	173
122402	173
122437	173
122460	173
122496	173
122531	173
122554	173
122589	173
122625	174
122660	174
122695	174
122718	174
122753	174
122789	174
122824	174
122859	174
122894	174
122929	174
122964	174
122988	174
123023	174
123058	174
123082	174
123117	174
123152	174
123175	174
123210	174
123234	174
123269	174
123304	174
123328	174
123363	174
123386	174
123421	174
123457	174
123480	174
123515	174
123550	174
123585	174
123632	174
123656	174
123691	174
123726	174
123750	174
123785	174
123820	174
123843	174
123878	174
123914	174
123937	174
123972	174
124007	174
124042	174
124066	174
124101	174
124136	174
124171	174
124207	174
124230	175
124265	175
124300	175
124347	175
124382	175
124417	175
124441	175
124476	175
124511	175
124535	175
124570	175
124605	175
124640	175
124664	175
124699	175
124722	175
124746	175
124781	175
124816	175
124851	175
124875	175
124910	175
124933	175
124968	175
124992	175
125027	175
125074	175
125109	175
125144	175
125179	175
125203	175
125238	175
125273	175
125308	175
125343	175
125367	175
125402	175
125437	175
125460	175
125496	175
125519	175
125554	175
125589	175
125613	175
125636	175
125660	175
125695	175
125718	175
125753	175
125789	175
125824	176
125847	176
125882	176
125917	176
125953	176
125976	176
126011	176
126046	176
126082	176
126105	176
126140	176
126175	176
126199	176
126234	176
126269	176
126292	176
126328	176
126363	176
126386	176
126421	176
126445	176
126480	176
126515	176
126539	176
126574	176
126609	176
126644	176
126679	176
126714	176
126738	176
126773	176
126808	176
126832	176
126867	176
126902	176
126925	176
126960	176
126984	176
127019	176
127054	176
127078	176
127113	176
127136	176
127160	176
127183	176
127218	176
127253	176
127277	176
127312	176
127347	176
127382	177
127417	177
127441	177
127476	177
127511	177
127546	177
127582	177
127605	177
127640	177
127664	177
127699	177
127734	177
127769	177
127804	177
127828	177
127863	177
127886	177
127921	177
127945	177
127980	177
128003	177
128039	177
128074	177
128097	177
128132	177
128167	177
128191	177
128226	177
128261	177
128285	177
128320	177
128343	177
128378	177
128414	177
128437	177
128472	177
128507	177
128542	177
128566	177
128601	177
128625	177
128660	177
128683	177
128707	177
128742	177
128777	177
128800	177
128835	177
128871	177
128894	177
128929	178
128964	178
128988	178
129023	178
129046	178
129082	178
129105	178
129140	178
129175	178
129210	178
129246	178
129281	178
129304	178
129339	178
129363	178
129398	178
129421	178
129457	178
129480	178
129515	178
129539	178
129574	178
129597	178
129632	178
129667	178
129691	178
129726	178
129750	178
129785	178
129808	178
129843	178
129867	178
129902	178
129937	178
129972	178
130007	178
130042	178
130066	178
130101	178
130125	178
130160	178
130183	178
130207	178
130242	178
130277	178
130300	178
130335	178
130359	178
130394	178
130417	178
130453	179
130488	179
130511	179
130546	179
130570	179
130605	179
130628	179
130664	179
130699	179
130734	179
130769	179
130804	179
130828	179
130863	179
130886	179
130921	179
130945	179
130980	179
131015	179
131039	179
131074	179
131097	179
131132	179
131156	179
131191	179
131226	179
131250	179
131285	179
131308	179
131343	179
131378	179
131402	179
131437	179
131472	179
131507	179
131542	179
131566	179
131601	179
131625	179
131660	179
131683	179
131718	179
131742	179
131777	179
131800	179
131835	179
131859	179
131894	179
131917	179
131953	179
131976	180
132011	180
132035	180
132070	180
132093	180
132128	180
132164	180
132187	180
132222	180
132257	180
132292	180
132316	180
132351	180
132386	180
132410	180
132445	180
132468	180
132503	180
132539	180
132562	180
132597	180
132632	180
132656	180
132691	180
132726	180
132750	180
132773	180
132808	180
132832	180
132867	180
132902	180
132925	180
132960	180
132996	180
133019	180
133054	180
133089	180
133113	180
133148	180
133183	180
133207	180
133242	180
133265	180
133300	180
133335	180
133359	180
133394	180
133429	180
133453	180
133488	180
133511	181
133546	181
133570	181
133605	181
133628	181
133664	181
133699	181
133734	181
133757	181
133792	181
133816	181
133851	181
133886	181
133921	181
133957	181
133980	181
134015	181
134050	181
134085	181
134109	181
134144	181
134179	181
134203	181
134238	181
134261	181
134285	181
134308	181
134343	181
134367	181
134402	181
134425	181
134460	181
134496	181
134519	181
134554	181
134578	181
134613	181
134648	181
134683	181
134707	181
134742	181
134765	181
134800	181
134835	181
134882	181
134906	181
134941	181
134964	181
135000	181
135023	181
135058	182
135082	182
135117	182
135152	182
135175	182
135210	182
135234	182
135269	182
135292	182
135328	182
135363	182
135386	182
135421	182
135445	182
135480	182
135503	182
135539	182
135574	182
135621	182
135644	182
135679	182
135714	182
135738	182
135773	182
135796	182
135832	182
135867	182
135890	182
135925	182
135949	182
135984	182
136019	182
136042	182
136078	182
136101	182
136136	182
136171	182
136207	182
136230	182
136265	182
136300	182
136335	182
136371	182
136406	182
136441	182
136464	182
136500	182
136523	182
136558	182
136582	182
136617	183
136652	183
136675	183
136699	183
136734	183
136757	183
136792	183
136816	183
136851	183
136875	183
136910	183
136933	183
136968	183
136992	183
137027	183
137062	183
137097	183
137132	183
137167	183
137191	183
137226	183
137261	183
137296	183
137332	183
137355	183
137390	183
137414	183
137449	183
137472	183
137507	183
137542	183
137566	183
137601	183
137625	183
137648	183
137671	183
137707	183
137730	183
137765	183
137800	183
137824	183
137859	183
137894	183
137929	183
137953	183
137988	183
138023	183
138058	183
138082	183
138117	183
138140	184
138175	184
138210	184
138234	184
138269	184
138304	184
138328	184
138363	184
138386	184
138421	184
138445	184
138480	184
138503	184
138539	184
138574	184
138609	184
138632	184
138667	184
138703	184
138726	184
138761	184
138785	184
138820	184
138843	184
138878	184
138914	184
138937	184
138972	184
138996	184
139031	184
139066	184
139089	184
139113	184
139148	184
139171	184
139195	184
139230	184
139253	184
139289	184
139324	184
139347	184
139382	184
139417	184
139441	184
139476	184
139511	184
139546	184
139582	184
139605	184
139640	184
139675	185
139710	185
139746	185
139769	185
139804	185
139839	185
139863	185
139898	185
139921	185
139957	185
139980	185
140015	185
140039	185
140074	185
140109	185
140144	185
140167	185
140203	185
140226	185
140261	185
140296	185
140320	185
140355	185
140390	185
140414	185
140449	185
140484	185
140519	185
140542	185
140578	185
140601	185
140636	185
140660	185
140683	185
140718	185
140753	185
140777	185
140812	185
140835	185
140871	185
140906	185
140929	185
140964	185
140988	185
141023	185
141058	185
141082	185
141117	185
141140	185
141175	185
141210	186
141246	186
141281	186
141304	186
141339	186
141375	186
141398	186
141421	186
141457	186
141480	186
141515	186
141550	186
141574	186
141609	186
141632	186
141667	186
141703	186
141726	186
141761	186
141785	186
141820	186
141843	186
141878	186
141914	186
141949	186
141984	186
142019	186
142054	186
142078	186
142113	186
142136	186
142171	186
142195	186
142230	186
142253	186
142289	186
142324	186
142347	186
142382	186
142406	186
142441	186
142476	186
142500	186
142535	186
142558	186
142593	186
142628	186
142652	186
142687	186
142734	186
142757	187
142792	187
142828	187
142851	187
142886	187
142910	187
142945	187
142980	187
143003	187
143039	187
143062	187
143097	187
143121	187
143156	187
143191	187
143226	187
143250	187
143285	187
143308	187
143343	187
143378	187
143402	187
143437	187
143472	187
143507	187
143542	187
143578	187
143601	187
143636	187
143660	187
143695	187
143718	187
143753	187
143789	187
143812	187
143847	187
143871	187
143906	187
143941	187
143964	187
144000	187
144023	187
144058	187
144082	187
144117	187
144152	187
144187	187
144222	187
144257	187
144281	187
144316	188
144351	188
144375	188
144410	188
144445	188
144468	188
144503	188
144539	188
144574	188
144597	188
144632	188
144667	188
144703	188
144726	188
144761	188
144785	188
144820	188
144843	188
144878	188
144914	188
144949	188
144984	188
145007	188
145042	188
145078	188
145101	188
145136	188
145171	188
145195	188
145230	188
145265	188
145300	188
145324	188
145359	188
145394	188
145429	188
145453	188
145488	188
145511	188
145546	188
145570	188
145605	188
145640	188
145675	188
145710	188
145746	188
145769	188
145804	188
145839	188
145875	188
145910	189
145945	189
145968	189
146003	189
146039	189
146074	189
146109	189
146132	189
146167	189
146203	189
146226	189
146261	189
146285	189
146308	189
146343	189
146378	189
146402	189
146437	189
146472	189
146496	189
146531	189
146566	189
146601	189
146625	189
146660	189
146695	189
146730	189
146753	189
146789	189
146835	189
146871	189
146906	189
146941	189
146964	189
147000	189
147035	189
147058	189
147093	189
147128	189
147152	189
147187	189
147222	189
147246	189
147281	189
147316	189
147339	189
147375	189
147410	189
147433	189
147468	189
147503	190
147527	190
147574	190
147609	190
147644	190
147679	190
147703	190
147738	190
147773	190
147796	190
147832	190
147867	190
147890	190
147925	190
147960	190
147984	190
148019	190
148054	190
148078	190
148113	190
148148	190
148183	190
148207	190
148242	190
148277	190
148312	190
148347	190
148394	190
148417	190
148453	190
148488	190
148511	190
148546	190
148582	190
148605	190
148640	190
148664	190
148699	190
148722	190
148757	190
148792	190
148828	190
148851	190
148875	190
148910	190
148945	190
148968	190
149003	190
149039	190
149074	190
149121	191
149156	191
149179	191
149214	191
149250	191
149285	191
149320	191
149343	191
149378	191
149414	191
149437	191
149472	191
149507	191
149531	191
149566	191
149601	191
149625	191
149648	191
149671	191
149707	191
149742	191
149765	191
149800	191
149835	191
149871	191
149906	191
149929	191
149964	191
150000	191
150035	191
150058	191
150093	191
150128	191
150152	191
150187	191
150222	191
150246	191
150281	191
150316	191
150339	191
150375	191
150398	191
150433	191
150457	191
150492	191
150527	191
150562	191
150597	191
150621	191
150656	191
150691	192
150714	192
150750	192
150785	192
150808	192
150843	192
150878	192
150902	192
150937	192
150960	192
150996	192
151031	192
151054	192
151089	192
151113	192
151148	192
151171	192
151195	192
151230	192
151265	192
151289	192
151324	192
151359	192
151394	192
151417	192
151453	192
151488	192
151523	192
151558	192
151593	192
151617	192
151652	192
151687	192
151722	192
151757	192
151792	192
151816	192
151851	192
151875	192
151910	192
151933	192
151968	192
152003	192
152027	192
152062	192
152097	192
152121	192
152156	192
152191	192
152214	192
152250	193
152273	193
152308	193
152343	193
152367	193
152402	193
152437	193
152460	193
152496	193
152531	193
152554	193
152589	193
152625	193
152648	193
152671	193
152695	193
152730	193
152765	193
152789	193
152824	193
152847	193
152882	193
152917	193
152941	193
152976	193
153000	193
153035	193
153070	193
153093	193
153128	193
153164	193
153199	193
153234	193
153257	193
153292	193
153328	193
153351	193
153386	193
153410	193
153445	193
153468	193
153503	193
153539	193
153562	193
153597	193
153621	193
153656	193
153691	193
153726	193
153750	193
153785	194
153808	194
153843	194
153878	194
153902	194
153937	194
153972	194
154007	194
154042	194
154078	194
154101	194
154136	194
154160	194
154195	194
154218	194
154253	194
154289	194
154312	194
154347	194
154371	194
154406	194
154441	194
154464	194
154500	194
154523	194
154558	194
154593	194
154617	194
154652	194
154687	194
154722	194
154757	194
154792	194
154816	194
154851	194
154875	194
154910	194
154933	194
154968	194
155003	194
155027	194
155062	194
155085	194
155121	194
155144	194
155179	194
155214	194
155238	194
155273	194
155308	194
155332	195
155367	195
155402	195
155437	195
155472	195
155507	195
155531	195
155566	195
155601	195
155625	195
155660	195
155683	195
155718	195
155753	195
155777	195
155812	195
155835	195
155871	195
155906	195
155929	195
155964	195
156000	195
156023	195
156058	195
156082	195
156117	195
156152	195
156175	195
156210	195
156246	195
156281	195
156316	195
156351	195
156375	195
156410	195
156445	195
156468	195
156503	195
156539	195
156562	195
156597	195
156632	195
156667	195
156691	195
156726	195
156750	195
156785	195
156808	195
156843	195
156878	195
156902	196
156937	196
156972	196
157007	196
157042	196
157066	196
157101	196
157136	196
157160	196
157195	196
157230	196
157253	196
157289	196
157324	196
157359	196
157382	196
157417	196
157453	196
157476	196
157511	196
157535	196
157570	196
157605	196
157628	196
157664	196
157699	196
157734	196
157769	196
157804	196
157828	196
157863	196
157898	196
157933	196
157968	196
158003	196
158027	196
158062	196
158097	196
158132	196
158167	196
158203	196
158226	196
158261	196
158285	196
158308	196
158343	196
158378	196
158402	196
158437	196
158472	196
158496	197
158531	197
158566	197
158589	197
158625	197
158660	197
158695	197
158730	197
158753	197
158789	197
158835	197
158871	197
158906	197
158929	197
158964	197
159000	197
159023	197
159058	197
159082	197
159117	197
159152	197
159175	197
timepoint: 185.04