0	0
0	0
0	0
0	0
0	0
0	0
0	0
0	0
0	0
0	0
0	0
0	0
0	0
0	0
0	0
0	0
0	0
0	0
0	0
0	0
0	0
0	0
0	0
0	0
0	0
0	0
0	0
0	0
0	0
0	0
0	0
0	0
0	0
0	0
0	0
0	0
0	0
0	0
0	0
0	0
0	0
0	0
0	0
0	0
0	0
0	0
0	0
0	0
0	0
0	0
0	1
0	1
0	1
0	1
0	1
0	1
0	1
0	1
0	1
0	1
0	1
0	1
0	1
0	1
0	1
0	1
0	1
0	1
0	1
0	1
0	1
0	1
0	1
0	1
0	1
0	1
0	1
0	1
0	1
0	1
0	1
0	1
0	1
0	1
0	1
0	1
0	1
0	1
0	1
0	1
0	1
0	1
0	1
0	1
0	1
0	1
0	1
0	1
0	1
0	1
0	2
0	2
0	2
0	2
0	2
0	2
0	2
0	2
0	2
0	2
0	2
0	2
0	2
0	2
0	2
0	2
0	2
0	2
0	2
0	2
0	2
0	2
0	2
0	2
0	2
0	2
0	2
0	2
0	2
0	2
0	2
0	2
0	2
0	2
0	2
0	2
0	2
0	2
0	2
0	2
0	2
0	2
0	2
0	2
0	2
0	2
0	2
0	2
0	2
0	2
0	3
0	3
0	3
0	3
0	3
0	3
0	3
0	3
0	3
0	3
0	3
0	3
0	3
0	3
0	3
0	3
0	3
0	3
0	3
0	3
0	3
0	3
0	3
0	3
0	3
0	3
0	3
0	3
0	3
0	3
0	3
0	3
0	3
0	3
0	3
0	3
0	3
0	3
0	3
0	3
0	3
0	3
0	3
0	3
0	3
0	3
0	3
0	3
0	3
0	3
0	4
0	4
0	4
0	4
0	4
0	4
0	4
0	4
0	4
0	4
0	4
0	4
0	4
0	4
0	4
0	4
0	4
0	4
0	4
0	4
0	4
0	4
0	4
0	4
0	4
0	4
0	4
0	4
0	4
0	4
0	4
0	4
0	4
0	4
0	4
0	4
0	4
0	4
0	4
0	4
0	4
0	4
0	4
0	4
0	4
0	4
0	4
0	4
0	4
0	4
0	5
0	5
0	5
0	5
0	5
0	5
0	5
0	5
0	5
0	5
0	5
0	5
0	5
0	5
0	5
0	5
0	5
0	5
11	5
11	5
11	5
11	5
11	5
11	5
11	5
11	5
11	5
11	5
23	5
23	5
23	5
23	5
23	5
23	5
23	5
23	5
23	5
23	5
23	5
23	5
35	5
35	5
35	5
35	5
35	5
35	5
35	5
35	5
35	5
35	5
35	6
35	6
35	6
35	6
23	6
23	6
23	6
23	6
23	6
23	6
23	6
23	6
23	6
23	6
23	6
23	6
23	6
23	6
23	6
23	6
23	6
11	6
11	6
11	6
11	6
11	6
11	6
11	6
11	6
11	6
11	6
11	6
11	6
11	6
11	6
23	6
23	6
23	6
23	6
23	6
23	6
23	6
23	6
23	6
23	6
23	6
23	6
23	6
23	6
35	6
35	7
35	7
35	7
35	7
35	7
35	7
35	7
35	7
35	7
35	7
35	7
35	7
35	7
35	7
35	7
35	7
35	7
35	7
35	7
35	7
35	7
35	7
35	7
35	7
35	7
35	7
35	7
35	7
35	7
35	7
35	7
35	7
35	7
35	7
35	7
35	7
35	7
35	7
35	7
35	7
35	7
23	7
23	7
23	7
23	7
23	7
23	7
23	7
23	7
23	7
23	8
23	8
23	8
23	8
23	8
23	8
23	8
23	8
23	8
23	8
23	8
23	8
23	8
23	8
35	8
35	8
35	8
35	8
35	8
35	8
35	8
35	8
35	8
35	8
35	8
35	8
35	8
35	8
35	8
35	8
35	8
35	8
35	8
35	8
35	8
46	8
46	8
46	8
46	8
46	8
46	8
46	8
46	8
46	8
46	8
46	8
46	8
46	8
46	8
46	8
35	9
35	9
35	9
35	9
35	9
35	9
35	9
35	9
35	9
35	9
35	9
35	9
35	9
35	9
35	9
35	9
35	9
35	9
35	9
35	9
35	9
35	9
35	9
35	9
35	9
35	9
35	9
35	9
35	9
35	9
35	9
35	9
35	9
35	9
35	9
35	9
35	9
35	9
35	9
35	9
35	9
35	9
35	9
35	9
35	9
35	9
35	9
35	9
35	9
35	9
35	10
35	10
35	10
35	10
35	10
35	10
35	10
35	10
35	10
46	10
46	10
46	10
46	10
46	10
46	10
46	10
46	10
46	10
46	10
46	10
46	10
46	10
46	10
46	10
46	10
46	10
35	10
35	10
35	10
35	10
35	10
35	10
35	10
35	10
35	10
35	10
35	10
35	10
35	10
35	10
35	10
35	10
35	10
35	10
35	10
35	10
35	10
35	10
35	10
35	10
35	11
35	11
35	11
35	11
35	11
35	11
35	11
35	11
35	11
35	11
35	11
35	11
35	11
35	11
35	11
35	11
35	11
35	11
35	11
35	11
35	11
35	11
35	11
35	11
35	11
35	11
35	11
35	11
35	11
35	11
35	11
35	11
35	11
35	11
35	11
35	11
35	11
35	11
35	11
35	11
35	11
35	11
46	11
46	11
46	11
46	11
46	11
46	11
46	11
46	11
35	12
35	12
35	12
35	12
35	12
35	12
35	12
35	12
35	12
35	12
35	12
35	12
35	12
35	12
35	12
35	12
35	12
35	12
35	12
35	12
35	12
35	12
35	12
35	12
35	12
35	12
35	12
35	12
35	12
35	12
35	12
35	12
35	12
35	12
35	12
35	12
35	12
35	12
35	12
35	12
35	12
35	12
35	12
35	12
35	12
35	12
35	12
35	12
35	12
35	12
35	13
35	13
35	13
35	13
35	13
35	13
35	13
35	13
35	13
35	13
35	13
35	13
35	13
35	13
35	13
35	13
35	13
35	13
35	13
35	13
35	13
35	13
35	13
35	13
35	13
35	13
35	13
35	13
35	13
35	13
35	13
35	13
35	13
35	13
35	13
35	13
35	13
35	13
35	13
35	13
35	13
35	13
35	13
35	13
35	13
35	13
35	13
35	13
35	13
35	13
35	14
35	14
35	14
35	14
35	14
35	14
35	14
35	14
35	14
35	14
35	14
35	14
35	14
35	14
35	14
35	14
35	14
35	14
35	14
35	14
35	14
35	14
35	14
35	14
35	14
35	14
35	14
35	14
35	14
35	14
35	14
35	14
35	14
35	14
35	14
35	14
35	14
35	14
35	14
35	14
35	14
35	14
35	14
35	14
35	14
35	14
35	14
35	14
35	14
35	14
35	15
35	15
35	15
35	15
35	15
35	15
35	15
35	15
35	15
35	15
35	15
35	15
35	15
35	15
35	15
35	15
35	15
35	15
35	15
35	15
35	15
35	15
35	15
35	15
35	15
35	15
35	15
35	15
35	15
35	15
35	15
35	15
35	15
35	15
35	15
35	15
35	15
35	15
35	15
35	15
35	15
35	15
35	15
35	15
35	15
35	15
35	15
35	15
35	15
35	15
35	16
35	16
35	16
35	16
35	16
35	16
35	16
35	16
35	16
35	16
35	16
35	16
35	16
35	16
35	16
35	16
35	16
35	16
35	16
35	16
35	16
35	16
35	16
35	16
35	16
35	16
35	16
35	16
35	16
35	16
35	16
35	16
35	16
35	16
35	16
35	16
35	16
35	16
35	16
35	16
35	16
35	16
35	16
35	16
35	16
35	16
35	16
35	16
35	16
35	16
35	17
35	17
35	17
35	17
35	17
35	17
35	17
35	17
35	17
35	17
35	17
35	17
35	17
35	17
35	17
35	17
35	17
35	17
35	17
35	17
35	17
35	17
35	17
35	17
35	17
35	17
35	17
35	17
35	17
35	17
35	17
35	17
35	17
35	17
35	17
35	17
35	17
35	17
35	17
35	17
35	17
35	17
35	17
35	17
35	17
35	17
35	17
35	17
35	17
35	17
35	18
35	18
35	18
35	18
35	18
35	18
35	18
35	18
35	18
35	18
35	18
35	18
35	18
35	18
35	18
35	18
35	18
35	18
35	18
35	18
35	18
35	18
35	18
35	18
35	18
35	18
35	18
35	18
35	18
35	18
35	18
35	18
35	18
35	18
35	18
35	18
35	18
35	18
35	18
35	18
35	18
35	18
35	18
35	18
35	18
35	18
35	18
35	18
35	18
35	18
35	19
35	19
35	19
35	19
35	19
35	19
35	19
35	19
35	19
35	19
35	19
35	19
35	19
35	19
35	19
35	19
35	19
35	19
35	19
35	19
35	19
35	19
35	19
35	19
35	19
35	19
35	19
35	19
35	19
35	19
35	19
35	19
35	19
35	19
35	19
35	19
35	19
35	19
35	19
35	19
35	19
35	19
35	19
35	19
35	19
35	19
35	19
35	19
35	19
35	19
35	20
35	20
35	20
35	20
35	20
35	20
35	20
35	20
35	20
35	20
35	20
35	20
35	20
35	20
35	20
35	20
35	20
35	20
35	20
35	20
35	20
35	20
35	20
35	20
35	20
35	20
35	20
35	20
35	20
35	20
35	20
35	20
35	20
35	20
35	20
35	20
35	20
35	20
35	20
35	20
35	20
35	20
35	20
35	20
35	20
35	20
35	20
35	20
35	20
35	20
35	21
35	21
35	21
35	21
35	21
35	21
35	21
35	21
35	21
35	21
35	21
35	21
35	21
35	21
35	21
35	21
35	21
35	21
35	21
35	21
35	21
35	21
35	21
35	21
35	21
35	21
35	21
35	21
35	21
35	21
35	21
35	21
35	21
35	21
35	21
35	21
35	21
35	21
35	21
35	21
35	21
35	21
35	21
35	21
35	21
35	21
35	21
35	21
35	21
35	21
35	22
35	22
35	22
35	22
35	22
35	22
35	22
35	22
35	22
35	22
35	22
35	22
35	22
35	22
35	22
35	22
35	22
35	22
35	22
35	22
35	22
35	22
35	22
35	22
35	22
35	22
35	22
35	22
35	22
35	22
35	22
35	22
35	22
35	22
35	22
35	22
35	22
35	22
35	22
35	22
35	22
35	22
35	22
35	22
35	22
35	22
35	22
35	22
35	22
35	22
35	23
35	23
35	23
35	23
35	23
35	23
35	23
35	23
35	23
35	23
35	23
35	23
35	23
35	23
35	23
35	23
35	23
35	23
35	23
35	23
35	23
35	23
35	23
35	23
35	23
35	23
35	23
35	23
35	23
35	23
35	23
35	23
35	23
35	23
35	23
35	23
35	23
35	23
35	23
35	23
35	23
35	23
35	23
35	23
35	23
35	23
35	23
35	23
35	23
35	23
35	24
35	24
35	24
35	24
35	24
35	24
35	24
35	24
35	24
35	24
35	24
35	24
35	24
35	24
35	24
35	24
35	24
35	24
35	24
35	24
35	24
35	24
35	24
35	24
35	24
35	24
35	24
35	24
35	24
35	24
35	24
35	24
35	24
35	24
35	24
35	24
35	24
35	24
35	24
35	24
35	24
35	24
35	24
35	24
35	24
35	24
35	24
35	24
35	24
35	24
35	25
35	25
35	25
35	25
35	25
35	25
35	25
35	25
35	25
35	25
35	25
35	25
35	25
35	25
35	25
35	25
35	25
35	25
35	25
35	25
35	25
35	25
35	25
35	25
35	25
35	25
35	25
35	25
35	25
35	25
35	25
35	25
35	25
35	25
35	25
35	25
35	25
35	25
35	25
35	25
35	25
35	25
35	25
35	25
35	25
35	25
35	25
35	25
35	25
35	25
35	26
35	26
35	26
35	26
35	26
35	26
35	26
35	26
35	26
35	26
35	26
35	26
35	26
35	26
35	26
35	26
35	26
35	26
35	26
35	26
35	26
35	26
35	26
35	26
35	26
35	26
35	26
35	26
35	26
35	26
35	26
35	26
35	26
35	26
35	26
35	26
35	26
35	26
35	26
35	26
35	26
35	26
35	26
35	26
35	26
35	26
35	26
35	26
35	26
35	26
35	27
35	27
35	27
35	27
35	27
35	27
35	27
35	27
35	27
35	27
35	27
35	27
35	27
35	27
35	27
35	27
35	27
35	27
35	27
35	27
35	27
35	27
35	27
35	27
35	27
35	27
35	27
35	27
35	27
35	27
35	27
35	27
35	27
35	27
35	27
35	27
35	27
35	27
35	27
35	27
35	27
35	27
35	27
35	27
35	27
35	27
35	27
35	27
35	27
35	27
35	28
35	28
35	28
35	28
35	28
35	28
46	28
46	28
46	28
46	28
46	28
46	28
46	28
46	28
46	28
46	28
46	28
46	28
46	28
46	28
46	28
46	28
46	28
46	28
46	28
46	28
46	28
46	28
46	28
46	28
46	28
46	28
46	28
46	28
46	28
46	28
46	28
46	28
46	28
58	28
58	28
58	28
58	28
58	28
58	28
58	28
58	28
58	28
58	28
58	28
58	29
58	29
58	29
58	29
58	29
58	29
58	29
58	29
58	29
58	29
58	29
70	29
70	29
70	29
70	29
70	29
70	29
70	29
70	29
70	29
70	29
70	29
70	29
70	29
82	29
82	29
82	29
82	29
82	29
82	29
82	29
82	29
82	29
82	29
82	29
82	29
82	29
82	29
93	29
93	29
93	29
93	29
93	29
93	29
93	29
93	29
93	29
93	29
105	29
105	29
105	30
105	30
105	30
105	30
105	30
105	30
105	30
105	30
105	30
105	30
105	30
117	30
117	30
117	30
117	30
117	30
117	30
117	30
117	30
117	30
117	30
117	30
128	30
128	30
128	30
128	30
128	30
128	30
128	30
128	30
128	30
128	30
140	30
140	30
140	30
140	30
140	30
140	30
140	30
140	30
140	30
152	30
152	30
152	30
152	30
152	30
152	30
152	30
152	30
152	30
152	31
164	31
164	31
164	31
164	31
164	31
164	31
164	31
164	31
164	31
175	31
175	31
175	31
175	31
175	31
175	31
175	31
175	31
175	31
187	31
187	31
187	31
187	31
187	31
187	31
187	31
187	31
187	31
199	31
199	31
199	31
199	31
199	31
199	31
199	31
199	31
199	31
199	31
210	31
210	31
210	31
210	31
210	31
210	31
210	31
222	31
222	31
222	31
222	31
222	31
222	32
222	32
222	32
222	32
234	32
234	32
234	32
234	32
234	32
234	32
234	32
246	32
246	32
246	32
246	32
246	32
246	32
246	32
257	32
257	32
257	32
257	32
257	32
257	32
257	32
257	32
269	32
269	32
269	32
269	32
269	32
269	32
269	32
281	32
281	32
281	32
281	32
281	32
281	32
281	32
281	32
292	32
292	32
292	32
292	32
292	32
292	32
292	32
304	32
304	32
304	33
304	33
304	33
304	33
304	33
316	33
316	33
316	33
316	33
316	33
316	33
316	33
316	33
328	33
328	33
328	33
328	33
328	33
328	33
328	33
339	33
339	33
339	33
339	33
339	33
339	33
351	33
351	33
351	33
351	33
351	33
351	33
351	33
363	33
363	33
363	33
363	33
363	33
363	33
375	33
375	33
375	33
375	33
375	33
375	33
386	33
386	33
386	33
386	33
386	33
386	34
398	34
398	34
398	34
398	34
398	34
398	34
410	34
410	34
410	34
410	34
410	34
410	34
421	34
421	34
421	34
421	34
421	34
421	34
433	34
433	34
433	34
433	34
433	34
433	34
445	34
445	34
445	34
445	34
445	34
445	34
457	34
457	34
457	34
457	34
457	34
457	34
468	34
468	34
468	34
468	34
468	34
480	34
480	34
480	34
480	34
480	34
480	34
492	34
492	34
492	35
492	35
492	35
492	35
503	35
503	35
503	35
503	35
503	35
515	35
515	35
515	35
515	35
515	35
515	35
527	35
527	35
527	35
527	35
527	35
539	35
539	35
539	35
539	35
539	35
550	35
550	35
550	35
550	35
550	35
562	35
562	35
562	35
562	35
562	35
574	35
574	35
574	35
574	35
574	35
585	35
585	35
585	35
585	35
585	35
597	35
597	35
597	35
597	35
597	35
597	36
609	36
609	36
609	36
609	36
609	36
621	36
621	36
621	36
621	36
621	36
621	36
632	36
632	36
632	36
632	36
632	36
632	36
644	36
644	36
644	36
644	36
644	36
644	36
644	36
656	36
656	36
656	36
656	36
656	36
656	36
667	36
667	36
667	36
667	36
667	36
667	36
679	36
679	36
679	36
679	36
679	36
691	36
691	36
691	36
691	36
691	36
703	36
703	36
703	36
703	37
703	37
714	37
714	37
714	37
714	37
726	37
726	37
726	37
726	37
726	37
738	37
738	37
738	37
738	37
750	37
750	37
750	37
750	37
750	37
761	37
761	37
761	37
761	37
761	37
773	37
773	37
773	37
773	37
785	37
785	37
785	37
785	37
785	37
796	37
796	37
796	37
796	37
808	37
808	37
808	37
808	37
808	37
820	37
820	37
820	37
820	37
832	37
832	37
832	37
832	38
843	38
843	38
843	38
843	38
855	38
855	38
855	38
855	38
867	38
867	38
867	38
867	38
878	38
878	38
878	38
878	38
890	38
890	38
890	38
890	38
902	38
902	38
902	38
902	38
914	38
914	38
914	38
914	38
925	38
925	38
925	38
925	38
937	38
937	38
937	38
937	38
949	38
949	38
949	38
949	38
949	38
960	38
960	38
960	38
960	38
972	38
972	38
972	38
972	38
984	39
984	39
984	39
984	39
996	39
996	39
996	39
996	39
1007	39
1007	39
1007	39
1019	39
1019	39
1019	39
1019	39
1031	39
1031	39
1031	39
1042	39
1042	39
1042	39
1054	39
1054	39
1054	39
1054	39
1066	39
1066	39
1066	39
1066	39
1078	39
1078	39
1078	39
1078	39
1089	39
1089	39
1089	39
1089	39
1101	39
1101	39
1101	39
1101	39
1113	39
1113	39
1113	39
1113	39
1113	39
1125	39
1125	39
1125	39
1136	39
1136	40
1136	40
1136	40
1148	40
1148	40
1148	40
1148	40
1160	40
1160	40
1160	40
1171	40
1171	40
1171	40
1171	40
1183	40
1183	40
1183	40
1195	40
1195	40
1195	40
1195	40
1207	40
1207	40
1207	40
1218	40
1218	40
1218	40
1230	40
1230	40
1230	40
1230	40
1242	40
1242	40
1242	40
1253	40
1253	40
1253	40
1253	40
1265	40
1265	40
1265	40
1277	40
1277	40
1277	40
1277	40
1289	40
1289	40
1289	40
1289	40
1300	40
1300	41
1300	41
1312	41
1312	41
1312	41
1312	41
1324	41
1324	41
1324	41
1324	41
1335	41
1335	41
1335	41
1347	41
1347	41
1347	41
1347	41
1359	41
1359	41
1359	41
1359	41
1371	41
1371	41
1371	41
1382	41
1382	41
1382	41
1382	41
1394	41
1394	41
1394	41
1394	41
1406	41
1406	41
1406	41
1406	41
1417	41
1417	41
1417	41
1417	41
1429	41
1429	41
1429	41
1429	41
1441	41
1441	41
1441	41
1441	41
1453	41
1453	41
1453	42
1464	42
1464	42
1464	42
1464	42
1476	42
1476	42
1476	42
1488	42
1488	42
1488	42
1488	42
1500	42
1500	42
1500	42
1511	42
1511	42
1511	42
1511	42
1523	42
1523	42
1523	42
1535	42
1535	42
1535	42
1535	42
1546	42
1546	42
1546	42
1558	42
1558	42
1558	42
1570	42
1570	42
1570	42
1570	42
1582	42
1582	42
1582	42
1593	42
1593	42
1593	42
1605	42
1605	42
1605	42
1605	42
1617	42
1617	42
1617	42
1628	42
1628	43
1628	43
1640	43
1640	43
1640	43
1652	43
1652	43
1652	43
1652	43
1664	43
1664	43
1664	43
1675	43
1675	43
1675	43
1687	43
1687	43
1687	43
1687	43
1699	43
1699	43
1699	43
1710	43
1710	43
1710	43
1722	43
1722	43
1722	43
1722	43
1734	43
1734	43
1734	43
1746	43
1746	43
1746	43
1757	43
1757	43
1757	43
1757	43
1769	43
1769	43
1769	43
1781	43
1781	43
1781	43
1792	43
1792	43
1792	43
1804	43
1804	43
1804	44
1816	44
1816	44
1816	44
1816	44
1828	44
1828	44
1828	44
1839	44
1839	44
1839	44
1851	44
1851	44
1851	44
1851	44
1863	44
1863	44
1863	44
1875	44
1875	44
1875	44
1886	44
1886	44
1886	44
1898	44
1898	44
1898	44
1910	44
1910	44
1910	44
1921	44
1921	44
1921	44
1933	44
1933	44
1933	44
1945	44
1945	44
1945	44
1957	44
1957	44
1957	44
1968	44
1968	44
1968	44
1980	44
1980	44
1980	44
1992	44
1992	44
1992	45
2003	45
2003	45
2003	45
2015	45
2015	45
2027	45
2027	45
2027	45
2039	45
2039	45
2039	45
2050	45
2050	45
2050	45
2062	45
2062	45
2062	45
2074	45
2074	45
2074	45
2085	45
2085	45
2097	45
2097	45
2097	45
2109	45
2109	45
2109	45
2121	45
2121	45
2121	45
2132	45
2132	45
2132	45
2144	45
2144	45
2144	45
2144	45
2156	45
2156	45
2156	45
2167	45
2167	45
2167	45
2179	45
2179	45
2179	45
2191	45
2191	45
2191	46
2203	46
2203	46
2203	46
2214	46
2214	46
2214	46
2226	46
2226	46
2226	46
2238	46
2238	46
2250	46
2250	46
2250	46
2261	46
2261	46
2261	46
2273	46
2273	46
2273	46
2285	46
2285	46
2285	46
2296	46
2296	46
2308	46
2308	46
2308	46
2320	46
2320	46
2320	46
2332	46
2332	46
2332	46
2343	46
2343	46
2343	46
2355	46
2355	46
2367	46
2367	46
2367	46
2378	46
2378	46
2378	46
2390	46
2390	46
2402	46
2402	46
2402	47
2414	47
2414	47
2425	47
2425	47
2425	47
2437	47
2437	47
2437	47
2449	47
2449	47
2460	47
2460	47
2460	47
2472	47
2472	47
2484	47
2484	47
2484	47
2496	47
2496	47
2496	47
2507	47
2507	47
2507	47
2519	47
2519	47
2531	47
2531	47
2531	47
2542	47
2542	47
2554	47
2554	47
2554	47
2566	47
2566	47
2578	47
2578	47
2578	47
2589	47
2589	47
2589	47
2601	47
2601	47
2613	47
2613	47
2613	47
2625	47
2625	47
2636	48
2636	48
2636	48
2648	48
2648	48
2660	48
2660	48
2660	48
2671	48
2671	48
2683	48
2683	48
2695	48
2695	48
2707	48
2707	48
2718	48
2718	48
2718	48
2730	48
2730	48
2742	48
2742	48
2753	48
2753	48
2765	48
2765	48
2777	48
2777	48
2777	48
2789	48
2789	48
2800	48
2800	48
2812	48
2812	48
2812	48
2824	48
2824	48
2835	48
2835	48
2847	48
2847	48
2847	48
2859	48
2859	48
2871	48
2871	48
2871	48
2882	48
2882	49
2894	49
2894	49
2894	49
2906	49
2906	49
2917	49
2917	49
2917	49
2929	49
2929	49
2941	49
2941	49
2941	49
2953	49
2953	49
2964	49
2964	49
2964	49
2976	49
2976	49
2988	49
2988	49
3000	49
3000	49
3011	49
3011	49
3023	49
3023	49
3023	49
3035	49
3035	49
3046	49
3046	49
3058	49
3058	49
3058	49
3070	49
3070	49
3082	49
3082	49
3093	49
3093	49
3105	49
3105	49
3105	49
3117	49
3117	49
3128	49
3128	49
3140	50
3140	50
3152	50
3152	50
3152	50
3164	50
3164	50
3175	50
3175	50
3187	50
3187	50
3199	50
3199	50
3210	50
3210	50
3222	50
3222	50
3234	50
3234	50
3234	50
3246	50
3246	50
3257	50
3257	50
3269	50
3269	50
3269	50
3281	50
3281	50
3292	50
3292	50
3304	50
3304	50
3316	50
3316	50
3328	50
3328	50
3339	50
3339	50
3339	50
3351	50
3351	50
3363	50
3363	50
3375	50
3375	50
3386	50
3386	50
3398	50
3398	50
3410	51
3410	51
3421	51
3421	51
3433	51
3433	51
3445	51
3457	51
3457	51
3468	51
3468	51
3480	51
3480	51
3492	51
3492	51
3503	51
3503	51
3515	51
3527	51
3527	51
3539	51
3539	51
3550	51
3550	51
3550	51
3562	51
3562	51
3574	51
3574	51
3585	51
3585	51
3597	51
3597	51
3609	51
3609	51
3621	51
3621	51
3632	51
3632	51
3644	51
3644	51
3656	51
3656	51
3667	51
3667	51
3667	51
3679	51
3679	51
3691	51
3691	51
3703	52
3703	52
3714	52
3714	52
3726	52
3726	52
3738	52
3738	52
3750	52
3750	52
3761	52
3761	52
3773	52
3773	52
3785	52
3785	52
3796	52
3796	52
3808	52
3808	52
3808	52
3820	52
3820	52
3832	52
3832	52
3843	52
3843	52
3855	52
3855	52
3867	52
3867	52
3878	52
3878	52
3890	52
3890	52
3902	52
3902	52
3914	52
3925	52
3925	52
3937	52
3937	52
3949	52
3949	52
3960	52
3960	52
3972	52
3972	52
3984	52
3984	52
3996	53
3996	53
4007	53
4007	53
4019	53
4019	53
4031	53
4031	53
4042	53
4042	53
4054	53
4054	53
4066	53
4066	53
4078	53
4089	53
4089	53
4101	53
4101	53
4113	53
4113	53
4125	53
4125	53
4136	53
4136	53
4148	53
4148	53
4160	53
4160	53
4171	53
4183	53
4183	53
4195	53
4207	53
4207	53
4218	53
4218	53
4230	53
4242	53
4242	53
4253	53
4253	53
4265	53
4277	53
4277	53
4289	53
4289	53
4300	53
4300	53
4312	53
4324	54
4324	54
4335	54
4335	54
4347	54
4347	54
4359	54
4359	54
4371	54
4371	54
4382	54
4394	54
4394	54
4406	54
4406	54
4417	54
4417	54
4429	54
4429	54
4441	54
4441	54
4453	54
4453	54
4464	54
4464	54
4476	54
4488	54
4488	54
4500	54
4500	54
4511	54
4511	54
4523	54
4535	54
4535	54
4546	54
4546	54
4558	54
4558	54
4570	54
4570	54
4582	54
4582	54
4593	54
4605	54
4605	54
4617	54
4617	54
4628	54
4628	54
4640	55
4640	55
4652	55
4664	55
4664	55
4675	55
4675	55
4687	55
4699	55
4699	55
4710	55
4710	55
4722	55
4722	55
4734	55
4746	55
4746	55
4757	55
4757	55
4769	55
4769	55
4781	55
4792	55
4792	55
4804	55
4804	55
4816	55
4828	55
4828	55
4839	55
4839	55
4851	55
4851	55
4863	55
4875	55
4875	55
4886	55
4886	55
4898	55
4910	55
4910	55
4921	55
4933	55
4933	55
4945	55
4957	55
4957	55
4968	55
4980	55
4980	55
4992	56
5003	56
5003	56
5015	56
5027	56
5027	56
5039	56
5050	56
5050	56
5062	56
5062	56
5074	56
5074	56
5085	56
5097	56
5097	56
5109	56
5109	56
5121	56
5132	56
5132	56
5144	56
5144	56
5156	56
5156	56
5167	56
5179	56
5179	56
5191	56
5191	56
5203	56
5203	56
5214	56
5226	56
5226	56
5238	56
5238	56
5250	56
5261	56
5261	56
5273	56
5285	56
5285	56
5296	56
5296	56
5308	56
5320	56
5320	56
5332	56
5332	56
5343	57
5355	57
5355	57
5367	57
5367	57
5378	57
5390	57
5390	57
5402	57
5402	57
5414	57
5425	57
5425	57
5437	57
5449	57
5449	57
5460	57
5472	57
5472	57
5484	57
5484	57
5496	57
5496	57
5507	57
5519	57
5519	57
5531	57
5531	57
5542	57
5554	57
5554	57
5566	57
5566	57
5578	57
5589	57
5589	57
5601	57
5601	57
5613	57
5625	57
5625	57
5636	57
5648	57
5648	57
5660	57
5671	57
5671	57
5683	57
5695	57
5695	57
5707	58
5718	58
5730	58
5730	58
5742	58
5753	58
5753	58
5765	58
5777	58
5777	58
5789	58
5800	58
5800	58
5812	58
5824	58
5824	58
5835	58
5847	58
5847	58
5859	58
5871	58
5871	58
5882	58
5894	58
5894	58
5906	58
5917	58
5917	58
5929	58
5941	58
5941	58
5953	58
5964	58
5964	58
5976	58
5976	58
5988	58
6000	58
6000	58
6011	58
6023	58
6023	58
6035	58
6046	58
6046	58
6058	58
6070	58
6082	58
6082	58
6093	58
6105	59
6105	59
6117	59
6128	59
6128	59
6140	59
6152	59
6152	59
6164	59
6175	59
6175	59
6187	59
6199	59
6199	59
6210	59
6222	59
6222	59
6234	59
6246	59
6246	59
6257	59
6269	59
6269	59
6281	59
6281	59
6292	59
6304	59
6304	59
6316	59
6328	59
6328	59
6339	59
6351	59
6351	59
6363	59
6375	59
6375	59
6386	59
6398	59
6398	59
6410	59
6421	59
6421	59
6433	59
6445	59
6457	59
6457	59
6468	59
6480	59
6492	59
6492	60
6503	60
6515	60
6527	60
6527	60
6539	60
6550	60
6550	60
6562	60
6574	60
6574	60
6585	60
6597	60
6609	60
6609	60
6621	60
6632	60
6632	60
6644	60
6656	60
6656	60
6667	60
6679	60
6691	60
6691	60
6703	60
6714	60
6714	60
6726	60
6738	60
6738	60
6750	60
6761	60
6761	60
6773	60
6785	60
6785	60
6796	60
6808	60
6820	60
6820	60
6832	60
6843	60
6855	60
6855	60
6867	60
6878	60
6890	60
6890	60
6902	60
6914	61
6914	61
6925	61
6937	61
6949	61
6949	61
6960	61
6972	61
6972	61
6984	61
6996	61
6996	61
7007	61
7019	61
7019	61
7031	61
7042	61
7054	61
7054	61
7066	61
7078	61
7078	61
7089	61
7101	61
7101	61
7113	61
7125	61
7136	61
7136	61
7148	61
7160	61
7171	61
7171	61
7183	61
7195	61
7207	61
7207	61
7218	61
7230	61
7242	61
7253	61
7253	61
7265	61
7277	61
7289	61
7300	61
7300	61
7312	61
7324	61
7324	61
7335	62
7347	62
7359	62
7359	62
7371	62
7382	62
7394	62
7406	62
7417	62
7417	62
7429	62
7441	62
7453	62
7453	62
7464	62
7476	62
7476	62
7488	62
7500	62
7511	62
7511	62
7523	62
7535	62
7546	62
7546	62
7558	62
7570	62
7582	62
7593	62
7605	62
7605	62
7617	62
7628	62
7640	62
7640	62
7652	62
7664	62
7675	62
7675	62
7687	62
7699	62
7710	62
7710	62
7722	62
7734	62
7746	62
7746	62
7757	62
7757	62
7769	62
7781	63
7781	63
7792	63
7804	63
7804	63
7816	63
7828	63
7828	63
7839	63
7851	63
7863	63
7863	63
7875	63
7886	63
7898	63
7898	63
7910	63
7921	63
7933	63
7933	63
7945	63
7957	63
7957	63
7968	63
7980	63
7992	63
7992	63
8003	63
8015	63
8027	63
8027	63
8039	63
8050	63
8062	63
8074	63
8074	63
8085	63
8097	63
8097	63
8109	63
8121	63
8132	63
8144	63
8144	63
8156	63
8167	63
8179	63
8191	63
8203	63
8203	63
8214	64
8226	64
8226	64
8238	64
8250	64
8261	64
8261	64
8273	64
8285	64
8296	64
8308	64
8320	64
8332	64
8343	64
8355	64
8367	64
8367	64
8378	64
8390	64
8402	64
8414	64
8425	64
8425	64
8437	64
8449	64
8460	64
8460	64
8472	64
8484	64
8496	64
8507	64
8507	64
8519	64
8531	64
8542	64
8542	64
8554	64
8566	64
8578	64
8578	64
8589	64
8601	64
8613	64
8613	64
8625	64
8636	64
8648	64
8660	64
8660	64
8671	64
8683	65
8695	65
8695	65
8707	65
8718	65
8730	65
8730	65
8742	65
8753	65
8765	65
8777	65
8777	65
8789	65
8800	65
8812	65
8824	65
8824	65
8835	65
8847	65
8859	65
8859	65
8871	65
8882	65
8894	65
8894	65
8906	65
8917	65
8929	65
8941	65
8941	65
8953	65
8964	65
8976	65
8976	65
8988	65
9000	65
9011	65
9023	65
9023	65
9035	65
9046	65
9058	65
9070	65
9082	65
9093	65
9105	65
9117	65
9128	65
9140	65
9152	65
9164	66
9164	66
9175	66
9187	66
9199	66
9199	66
9210	66
9222	66
9234	66
9246	66
9257	66
9257	66
9269	66
9281	66
9292	66
9304	66
9316	66
9316	66
9328	66
9339	66
9351	66
9351	66
9363	66
9375	66
9386	66
9398	66
9410	66
9410	66
9421	66
9433	66
9445	66
9445	66
9457	66
9468	66
9480	66
9492	66
9503	66
9503	66
9515	66
9527	66
9539	66
9550	66
9550	66
9562	66
9574	66
9585	66
9597	66
9609	66
9609	66
9621	66
9632	67
9644	67
9656	67
9667	67
9679	67
9691	67
9691	67
9703	67
9714	67
9726	67
9738	67
9738	67
9750	67
9761	67
9773	67
9785	67
9796	67
9808	67
9820	67
9832	67
9843	67
9855	67
9867	67
9878	67
9890	67
9902	67
9914	67
9925	67
9937	67
9937	67
9949	67
9960	67
9972	67
9984	67
9996	67
9996	67
10007	67
10019	67
10031	67
10042	67
10054	67
10066	67
10066	67
10078	67
10089	67
10101	67
10113	67
10125	67
10125	67
10136	67
10148	68
10160	68
10171	68
10183	68
10183	68
10195	68
10207	68
10218	68
10218	68
10230	68
10242	68
10253	68
10265	68
10265	68
10277	68
10289	68
10300	68
10312	68
10324	68
10335	68
10347	68
10347	68
10359	68
10371	68
10382	68
10382	68
10394	68
10406	68
10417	68
10429	68
10441	68
10441	68
10453	68
10464	68
10476	68
10488	68
10500	68
10500	68
10511	68
10523	68
10535	68
10546	68
10558	68
10570	68
10593	68
10605	68
10617	68
10628	68
10640	68
10652	68
10664	69
10675	69
10687	69
10699	69
10699	69
10710	69
10722	69
10734	69
10746	69
10757	69
10769	69
10781	69
10792	69
10804	69
10816	69
10828	69
10839	69
10851	69
10863	69
10863	69
10875	69
10886	69
10898	69
10910	69
10921	69
10933	69
10945	69
10957	69
10957	69
10968	69
10980	69
10992	69
11003	69
11015	69
11027	69
11027	69
11039	69
11050	69
11062	69
11074	69
11085	69
11097	69
11109	69
11121	69
11121	69
11132	69
11144	69
11144	69
11156	69
11167	69
11179	70
11191	70
11191	70
11203	70
11214	70
11226	70
11238	70
11250	70
11261	70
11273	70
11285	70
11296	70
11308	70
11320	70
11332	70
11343	70
11355	70
11367	70
11378	70
11390	70
11402	70
11414	70
11425	70
11437	70
11437	70
11449	70
11460	70
11472	70
11484	70
11496	70
11507	70
11519	70
11531	70
11542	70
11554	70
11566	70
11578	70
11589	70
11601	70
11613	70
11625	70
11636	70
11648	70
11660	70
11660	70
11671	70
11683	70
11695	70
11707	70
11718	70
11730	71
11742	71
11753	71
11765	71
11777	71
11789	71
11800	71
11812	71
11824	71
11835	71
11847	71
11847	71
11859	71
11871	71
11882	71
11894	71
11906	71
11917	71
11929	71
11941	71
11941	71
11953	71
11964	71
11976	71
11988	71
12000	71
12011	71
12023	71
12035	71
12046	71
12058	71
12070	71
12082	71
12093	71
12105	71
12117	71
12128	71
12140	71
12152	71
12164	71
12175	71
12187	71
12199	71
12210	71
12222	71
12234	71
12246	71
12257	71
12269	71
12281	71
12292	72
12304	72
12316	72
12328	72
12339	72
12351	72
12363	72
12375	72
12386	72
12386	72
12398	72
12410	72
12421	72
12433	72
12445	72
12457	72
12468	72
12480	72
12492	72
12503	72
12515	72
12527	72
12539	72
12550	72
12562	72
12574	72
12585	72
12597	72
12609	72
12621	72
12621	72
12632	72
12644	72
12656	72
12656	72
12667	72
12679	72
12691	72
12703	72
12714	72
12726	72
12738	72
12750	72
12761	72
12773	72
12785	72
12796	72
12808	72
12820	72
12832	72
12843	73
12855	73
12867	73
12878	73
12890	73
12902	73
12914	73
12925	73
12937	73
12949	73
12960	73
12972	73
12984	73
12996	73
13007	73
13031	73
13042	73
13054	73
13066	73
13078	73
13089	73
13101	73
13113	73
13125	73
13136	73
13148	73
13160	73
13171	73
13183	73
13195	73
13218	73
13230	73
13242	73
13253	73
13265	73
13277	73
13289	73
13300	73
13312	73
13324	73
13335	73
13347	73
13359	73
13371	73
13382	73
13394	73
13406	73
13417	73
13429	73
13441	73
13453	74
13464	74
13476	74
13488	74
13500	74
13511	74
13523	74
13535	74
13546	74
13558	74
13570	74
13582	74
13593	74
13605	74
13617	74
13628	74
13640	74
13652	74
13664	74
13675	74
13687	74
13699	74
13710	74
13722	74
13734	74
13746	74
13757	74
13769	74
13781	74
13792	74
13804	74
13816	74
13828	74
13839	74
13851	74
13863	74
13875	74
13886	74
13910	74
13921	74
13933	74
13945	74
13957	74
13968	74
13980	74
13992	74
14003	74
14015	74
14027	74
14039	74
14050	75
14074	75
14085	75
14097	75
14109	75
14121	75
14132	75
14144	75
14144	75
14156	75
14167	75
14179	75
14191	75
14203	75
14214	75
14226	75
14238	75
14250	75
14261	75
14273	75
14285	75
14296	75
14308	75
14320	75
14332	75
14343	75
14355	75
14378	75
14390	75
14402	75
14414	75
14425	75
14437	75
14449	75
14460	75
14472	75
14484	75
14496	75
14507	75
14519	75
14531	75
14542	75
14554	75
14566	75
14578	75
14589	75
14601	75
14613	75
14625	75
14636	75
14648	76
14660	76
14671	76
14695	76
14707	76
14718	76
14730	76
14742	76
14753	76
14765	76
14789	76
14800	76
14812	76
14824	76
14835	76
14847	76
14859	76
14871	76
14882	76
14894	76
14906	76
14917	76
14929	76
14941	76
14953	76
14964	76
14976	76
14988	76
15000	76
15011	76
15023	76
15035	76
15046	76
15058	76
15070	76
15082	76
15093	76
15105	76
15117	76
15128	76
15140	76
15152	76
15164	76
15175	76
15187	76
15199	76
15222	76
15234	76
15246	76
15246	76
15257	77
15269	77
15292	77
15304	77
15316	77
15328	77
15339	77
15351	77
15363	77
15375	77
15386	77
15398	77
15410	77
15421	77
15433	77
15445	77
15468	77
15480	77
15492	77
15503	77
15515	77
15527	77
15550	77
15562	77
15574	77
15585	77
15597	77
15609	77
15621	77
15632	77
15644	77
15656	77
15667	77
15679	77
15691	77
15703	77
15714	77
15726	77
15738	77
15750	77
15761	77
15773	77
15785	77
15796	77
15808	77
15820	77
15832	77
15843	77
15855	77
15867	77
15878	78
15890	78
15902	78
15925	78
15937	78
15949	78
15960	78
15972	78
15984	78
15996	78
16007	78
16019	78
16031	78
16042	78
16054	78
16066	78
16078	78
16089	78
16101	78
16113	78
16125	78
16148	78
16160	78
16171	78
16183	78
16195	78
16207	78
16230	78
16242	78
16253	78
16265	78
16277	78
16300	78
16312	78
16324	78
16335	78
16347	78
16359	78
16371	78
16382	78
16394	78
16406	78
16417	78
16429	78
16441	78
16453	78
16464	78
16476	78
16488	78
16500	78
16511	79
16535	79
16546	79
16558	79
16570	79
16582	79
16593	79
16605	79
16617	79
16628	79
16640	79
16652	79
16664	79
16675	79
16687	79
16699	79
16722	79
16734	79
16746	79
16757	79
16769	79
16781	79
16792	79
16804	79
16816	79
16828	79
16839	79
16851	79
16863	79
16886	79
16898	79
16910	79
16921	79
16933	79
16957	79
16968	79
16980	79
16992	79
17015	79
17027	79
17039	79
17050	79
17062	79
17074	79
17085	79
17097	79
17109	79
17132	79
17144	79
17156	79
17167	80
17179	80
17191	80
17203	80
17214	80
17226	80
17238	80
17250	80
17261	80
17273	80
17285	80
17296	80
17308	80
17320	80
17343	80
17355	80
17367	80
17378	80
17390	80
17402	80
17414	80
17425	80
17437	80
17449	80
17472	80
17484	80
17496	80
17507	80
17519	80
17531	80
17542	80
17554	80
17566	80
17578	80
17589	80
17601	80
17613	80
17625	80
17636	80
17660	80
17671	80
17683	80
17695	80
17707	80
17730	80
17742	80
17753	80
17765	80
17789	80
17800	80
17812	81
17824	81
17835	81
17847	81
17859	81
17871	81
17894	81
17906	81
17917	81
17929	81
17941	81
17953	81
17964	81
17976	81
18000	81
18011	81
18023	81
18035	81
18046	81
18058	81
18070	81
18093	81
18105	81
18117	81
18128	81
18140	81
18152	81
18164	81
18187	81
18199	81
18210	81
18222	81
18234	81
18246	81
18257	81
18269	81
18281	81
18292	81
18304	81
18328	81
18339	81
18351	81
18363	81
18375	81
18386	81
18398	81
18410	81
18433	81
18445	81
18457	81
18468	82
18480	82
18503	82
18515	82
18527	82
18539	82
18550	82
18562	82
18574	82
18597	82
18609	82
18621	82
18632	82
18644	82
18656	82
18667	82
18691	82
18703	82
18714	82
18726	82
18738	82
18750	82
18761	82
18785	82
18796	82
18808	82
18820	82
18832	82
18855	82
18867	82
18878	82
18890	82
18902	82
18914	82
18937	82
18949	82
18960	82
18972	82
18984	82
18996	82
19007	82
19019	82
19042	82
19054	82
19066	82
19078	82
19089	82
19101	82
19113	82
19125	82
19136	83
19160	83
19171	83
19183	83
19195	83
19218	83
19230	83
19242	83
19253	83
19277	83
19289	83
19300	83
19312	83
19324	83
19335	83
19347	83
19371	83
19382	83
19394	83
19417	83
19429	83
19441	83
19453	83
19464	83
19488	83
19500	83
19511	83
19523	83
19535	83
19546	83
19570	83
19582	83
19593	83
19617	83
19628	83
19640	83
19652	83
19664	83
19675	83
19699	83
19710	83
19722	83
19734	83
19746	83
19757	83
19769	83
19781	83
19792	83
19804	83
19816	83
19828	84
19839	84
19863	84
19875	84
19886	84
19898	84
19910	84
19921	84
19933	84
19945	84
19968	84
19980	84
19992	84
20003	84
20015	84
20027	84
20050	84
20062	84
20074	84
20085	84
20097	84
20109	84
20132	84
20144	84
20156	84
20167	84
20191	84
20203	84
20214	84
20226	84
20238	84
20250	84
20273	84
20285	84
20296	84
20308	84
20332	84
20343	84
20367	84
20378	84
20390	84
20414	84
20425	84
20437	84
20449	84
20460	84
20472	84
20496	84
20507	84
20519	84
20531	85
20542	85
20554	85
20566	85
20589	85
20601	85
20613	85
20625	85
20636	85
20648	85
20671	85
20683	85
20695	85
20707	85
20718	85
20730	85
20753	85
20765	85
20777	85
20789	85
20800	85
20812	85
20835	85
20847	85
20859	85
20871	85
20882	85
20894	85
20917	85
20929	85
20941	85
20953	85
20964	85
20976	85
21000	85
21011	85
21023	85
21035	85
21058	85
21070	85
21082	85
21105	85
21117	85
21140	85
21152	85
21164	85
21175	85
21199	85
21210	85
21222	85
21234	86
21246	86
21269	86
21281	86
21292	86
21304	86
21316	86
21328	86
21351	86
21363	86
21375	86
21386	86
21398	86
21421	86
21433	86
21445	86
21457	86
21468	86
21480	86
21503	86
21515	86
21527	86
21539	86
21550	86
21574	86
21585	86
21597	86
21609	86
21621	86
21644	86
21656	86
21667	86
21691	86
21703	86
21714	86
21726	86
21738	86
21750	86
21773	86
21785	86
21796	86
21820	86
21832	86
21855	86
21867	86
21890	86
21902	86
21925	86
21937	86
21949	86
21960	87
21972	87
21984	87
22007	87
22019	87
22031	87
22042	87
22066	87
22078	87
22089	87
22101	87
22113	87
22136	87
22148	87
22160	87
22171	87
22183	87
22195	87
22207	87
22230	87
22242	87
22253	87
22265	87
22277	87
22289	87
22312	87
22324	87
22335	87
22347	87
22359	87
22371	87
22394	87
22406	87
22417	87
22429	87
22441	87
22453	87
22476	87
22488	87
22500	87
22511	87
22523	87
22546	87
22558	87
22582	87
22593	87
22617	87
22628	87
22652	87
22664	87
22675	88
22699	88
22710	88
22722	88
22734	88
22757	88
22769	88
22792	88
22804	88
22816	88
22828	88
22851	88
22863	88
22875	88
22886	88
22910	88
22921	88
22933	88
22945	88
22957	88
22980	88
22992	88
23003	88
23015	88
23027	88
23050	88
23062	88
23074	88
23097	88
23109	88
23121	88
23132	88
23144	88
23156	88
23167	88
23179	88
23191	88
23203	88
23226	88
23238	88
23250	88
23261	88
23285	88
23296	88
23308	88
23320	88
23343	88
23355	88
23378	88
23390	88
23402	89
23414	89
23437	89
23449	89
23460	89
23472	89
23496	89
23507	89
23519	89
23542	89
23554	89
23566	89
23578	89
23601	89
23613	89
23625	89
23636	89
23660	89
23671	89
23683	89
23695	89
23718	89
23730	89
23742	89
23765	89
23777	89
23789	89
23800	89
23824	89
23835	89
23847	89
23859	89
23882	89
23894	89
23906	89
23917	89
23929	89
23953	89
23964	89
23976	89
23988	89
24011	89
24023	89
24035	89
24058	89
24070	89
24082	89
24105	89
24117	89
24140	89
24152	90
24164	90
24175	90
24199	90
24210	90
24222	90
24234	90
24257	90
24269	90
24281	90
24304	90
24316	90
24328	90
24339	90
24351	90
24375	90
24386	90
24398	90
24421	90
24433	90
24445	90
24457	90
24480	90
24492	90
24503	90
24515	90
24539	90
24550	90
24562	90
24585	90
24597	90
24609	90
24621	90
24632	90
24644	90
24656	90
24667	90
24679	90
24691	90
24714	90
24726	90
24738	90
24761	90
24773	90
24785	90
24796	90
24820	90
24832	90
24855	90
24867	90
24878	91
24902	91
24914	91
24925	91
24949	91
24960	91
24972	91
24996	91
25007	91
25031	91
25042	91
25066	91
25078	91
25089	91
25101	91
25125	91
25136	91
25148	91
25171	91
25183	91
25207	91
25218	91
25242	91
25253	91
25265	91
25289	91
25300	91
25312	91
25335	91
25347	91
25359	91
25382	91
25394	91
25406	91
25417	91
25429	91
25453	91
25464	91
25476	91
25500	91
25511	91
25523	91
25535	91
25558	91
25570	91
25582	91
25605	91
25617	91
25628	91
25652	91
25664	92
25675	92
25699	92
25710	92
25722	92
25746	92
25757	92
25769	92
25792	92
25804	92
25816	92
25828	92
25851	92
25863	92
25875	92
25898	92
25910	92
25921	92
25945	92
25957	92
25968	92
25992	92
26003	92
26027	92
26039	92
26050	92
26074	92
26085	92
26097	92
26109	92
26132	92
26144	92
26156	92
26167	92
26179	92
26203	92
26214	92
26226	92
26250	92
26261	92
26273	92
26296	92
26308	92
26320	92
26332	92
26355	92
26367	92
26378	92
26402	92
26414	92
26437	93
26449	93
26460	93
26484	93
26496	93
26507	93
26519	93
26542	93
26554	93
26566	93
26589	93
26601	93
26613	93
26636	93
26648	93
26660	93
26683	93
26695	93
26718	93
26730	93
26753	93
26765	93
26789	93
26800	93
26812	93
26835	93
26847	93
26859	93
26882	93
26894	93
26906	93
26917	93
26929	93
26953	93
26964	93
26976	93
27000	93
27011	93
27023	93
27046	93
27058	93
27070	93
27093	93
27105	93
27117	93
27140	93
27152	93
27164	93
27187	93
27199	93
27210	94
27234	94
27246	94
27257	94
27269	94
27292	94
27304	94
27328	94
27339	94
27351	94
27375	94
27386	94
27398	94
27421	94
27433	94
27457	94
27468	94
27492	94
27503	94
27527	94
27539	94
27562	94
27574	94
27585	94
27609	94
27621	94
27632	94
27656	94
27667	94
27679	94
27691	94
27714	94
27726	94
27750	94
27761	94
27773	94
27796	94
27808	94
27820	94
27832	94
27855	94
27867	94
27878	94
27902	94
27914	94
27937	94
27949	94
27960	94
27984	94
27996	94
28007	95
28031	95
28042	95
28054	95
28078	95
28089	95
28101	95
28125	95
28136	95
28160	95
28171	95
28195	95
28207	95
28230	95
28242	95
28265	95
28277	95
28300	95
28312	95
28324	95
28347	95
28359	95
28382	95
28394	95
28406	95
28429	95
28441	95
28453	95
28464	95
28488	95
28500	95
28523	95
28535	95
28546	95
28570	95
28582	95
28593	95
28617	95
28628	95
28640	95
28664	95
28675	95
28699	95
28710	95
28722	95
28746	95
28757	95
28769	95
28792	95
28804	95
28828	96
28839	96
28851	96
28875	96
28886	96
28898	96
28921	96
28933	96
28957	96
28980	96
28992	96
29015	96
29027	96
29050	96
29062	96
29074	96
29097	96
29109	96
29121	96
29144	96
29156	96
29167	96
29179	96
29203	96
29214	96
29226	96
29250	96
29261	96
29285	96
29296	96
29308	96
29320	96
29343	96
29355	96
29367	96
29390	96
29402	96
29425	96
29437	96
29449	96
29472	96
29484	96
29496	96
29519	96
29531	96
29542	96
29554	96
29578	96
29589	96
29613	96
29625	97
29636	97
29660	97
29671	97
29695	97
29707	97
29730	97
29742	97
29765	97
29777	97
29800	97
29812	97
29824	97
29847	97
29859	97
29882	97
29894	97
29906	97
29929	97
29941	97
29953	97
29976	97
29988	97
30011	97
30023	97
30035	97
30058	97
30070	97
30093	97
30105	97
30117	97
30140	97
30152	97
30175	97
30187	97
30199	97
30222	97
30234	97
30246	97
30269	97
30281	97
30292	97
30316	97
30328	97
30339	97
30363	97
30375	97
30386	97
30410	97
30421	97
30445	98
30457	98
30480	98
30492	98
30503	98
30527	98
30539	98
30562	98
30574	98
30585	98
30609	98
30621	98
30644	98
30656	98
30667	98
30691	98
30703	98
30714	98
30738	98
30750	98
30773	98
30785	98
30796	98
30820	98
30832	98
30855	98
30867	98
30890	98
30902	98
30914	98
30937	98
30949	98
30972	98
30984	98
30996	98
31019	98
31031	98
31042	98
31066	98
31078	98
31089	98
31113	98
31125	98
31136	98
31160	98
31171	98
31195	98
31207	98
31230	98
31242	98
31265	99
31277	99
31300	99
31312	99
31324	99
31347	99
31359	99
31382	99
31394	99
31417	99
31441	99
31453	99
31464	99
31488	99
31500	99
31511	99
31535	99
31546	99
31570	99
31582	99
31605	99
31617	99
31640	99
31652	99
31675	99
31687	99
31699	99
31722	99
31734	99
31746	99
31769	99
31781	99
31792	99
31804	99
31816	99
31839	99
31851	99
31863	99
31886	99
31898	99
31921	99
31933	99
31945	99
31968	99
31980	99
31992	99
32015	99
32027	99
32039	99
32062	99
32074	100
32097	100
32109	100
32121	100
32144	100
32156	100
32179	100
32191	100
32214	100
32226	100
32238	100
32261	100
32273	100
32296	100
32308	100
32332	100
32355	100
32367	100
32390	100
32402	100
32425	100
32437	100
32449	100
32472	100
32484	100
32507	100
32519	100
32531	100
32554	100
32566	100
32578	100
32601	100
32613	100
32636	100
32648	100
32660	100
32683	100
32695	100
32707	100
32730	100
32742	100
32753	100
32777	100
32789	100
32812	100
32824	100
32835	100
32859	100
32871	100
32882	100
32906	101
32917	101
32941	101
32953	101
32964	101
32988	101
33000	101
33011	101
33035	101
33046	101
33070	101
33093	101
33105	101
33128	101
33152	101
33164	101
33175	101
33199	101
33210	101
33234	101
33246	101
33269	101
33281	101
33292	101
33316	101
33328	101
33339	101
33363	101
33375	101
33398	101
33410	101
33421	101
33445	101
33457	101
33480	101
33492	101
33503	101
33527	101
33539	101
33562	101
33574	101
33585	101
33609	101
33621	101
33644	101
33656	101
33679	101
33691	101
33703	101
33726	101
33738	102
33750	102
33773	102
33785	102
33808	102
33832	102
33855	102
33867	102
33890	102
33914	102
33925	102
33937	102
33960	102
33972	102
33984	102
34007	102
34019	102
34042	102
34054	102
34066	102
34089	102
34101	102
34125	102
34136	102
34148	102
34171	102
34183	102
34195	102
34218	102
34230	102
34242	102
34265	102
34277	102
34289	102
34312	102
34324	102
34347	102
34359	102
34371	102
34394	102
34406	102
34417	102
34441	102
34453	102
34464	102
34488	102
34500	102
34511	102
34535	102
34558	102
34570	103
34593	103
34617	103
34640	103
34652	103
34675	103
34687	103
34699	103
34722	103
34734	103
34757	103
34781	103
34792	103
34816	103
34828	103
34851	103
34863	103
34886	103
34898	103
34910	103
34933	103
34945	103
34968	103
34980	103
34992	103
35015	103
35027	103
35039	103
35062	103
35074	103
35097	103
35109	103
35121	103
35144	103
35156	103
35167	103
35179	103
35191	103
35214	103
35226	103
35250	103
35261	103
35285	103
35296	103
35320	103
35332	103
35355	103
35367	103
35390	103
35402	103
35425	104
35437	104
35460	104
35472	104
35496	104
35507	104
35531	104
35542	104
35566	104
35578	104
35601	104
35613	104
35636	104
35648	104
35660	104
35683	104
35695	104
35718	104
35730	104
35753	104
35765	104
35789	104
35800	104
35824	104
35835	104
35859	104
35871	104
35882	104
35906	104
35917	104
35929	104
35953	104
35964	104
35988	104
36000	104
36023	104
36035	104
36058	104
36070	104
36093	104
36105	104
36128	104
36152	104
36164	104
36175	104
36199	104
36210	104
36234	104
36246	104
36269	104
36281	105
36304	105
36316	105
36328	105
36351	105
36363	105
36386	105
36398	105
36421	105
36433	105
36445	105
36468	105
36480	105
36503	105
36515	105
36539	105
36550	105
36574	105
36585	105
36609	105
36621	105
36632	105
36644	105
36656	105
36679	105
36691	105
36703	105
36726	105
36738	105
36761	105
36773	105
36796	105
36808	105
36832	105
36843	105
36867	105
36890	105
36902	105
36925	105
36937	105
36960	105
36972	105
36996	105
37007	105
37031	105
37054	105
37066	105
37089	105
37101	105
37125	105
37136	106
37160	106
37171	106
37195	106
37218	106
37230	106
37253	106
37277	106
37289	106
37312	106
37324	106
37347	106
37359	106
37371	106
37394	106
37406	106
37429	106
37441	106
37453	106
37476	106
37488	106
37511	106
37523	106
37546	106
37558	106
37582	106
37593	106
37617	106
37628	106
37652	106
37664	106
37687	106
37699	106
37722	106
37734	106
37757	106
37769	106
37792	106
37804	106
37828	106
37839	106
37863	106
37875	106
37898	106
37910	106
37933	106
37945	106
37968	106
37980	106
38003	106
38027	107
38039	107
38062	107
38074	107
38097	107
38109	107
38121	107
38144	107
38156	107
38167	107
38191	107
38203	107
38226	107
38238	107
38261	107
38273	107
38296	107
38308	107
38332	107
38343	107
38367	107
38378	107
38402	107
38414	107
38437	107
38449	107
38472	107
38484	107
38507	107
38519	107
38531	107
38554	107
38566	107
38589	107
38601	107
38625	107
38636	107
38660	107
38683	107
38695	107
38718	107
38742	107
38753	107
38777	107
38789	107
38812	107
38824	107
38847	107
38859	107
38882	107
38894	108
38917	108
38929	108
38941	108
38964	108
38976	108
39000	108
39011	108
39035	108
39046	108
39070	108
39082	108
39105	108
39117	108
39140	108
39152	108
39175	108
39187	108
39210	108
39222	108
39246	108
39257	108
39281	108
39292	108
39316	108
39328	108
39351	108
39363	108
39386	108
39398	108
39421	108
39445	108
39457	108
39480	108
39503	108
39527	108
39539	108
39562	108
39574	108
39597	108
39609	108
39632	108
39644	108
39667	108
39679	108
39691	108
39714	108
39726	108
39750	108
39761	108
39785	109
39796	109
39820	109
39832	109
39855	109
39867	109
39890	109
39902	109
39925	109
39937	109
39960	109
39972	109
39996	109
40007	109
40031	109
40042	109
40066	109
40078	109
40101	109
40113	109
40136	109
40160	109
40171	109
40195	109
40218	109
40242	109
40253	109
40277	109
40300	109
40312	109
40335	109
40347	109
40371	109
40382	109
40406	109
40417	109
40441	109
40453	109
40476	109
40488	109
40511	109
40523	109
40546	109
40558	109
40582	109
40593	109
40617	109
40640	109
40652	109
40675	109
40687	110
40710	110
40722	110
40746	110
40757	110
40781	110
40804	110
40816	110
40839	110
40851	110
40875	110
40886	110
40910	110
40933	110
40957	110
40968	110
40992	110
41015	110
41039	110
41050	110
41074	110
41085	110
41109	110
41121	110
41144	110
41156	110
41179	110
41191	110
41214	110
41226	110
41250	110
41273	110
41285	110
41308	110
41320	110
41343	110
41355	110
41378	110
41390	110
41414	110
41425	110
41449	110
41472	110
41484	110
41507	110
41519	110
41542	110
41554	110
41578	110
41589	110
41613	111
41625	111
41648	111
41671	111
41683	111
41707	111
41730	111
41753	111
41765	111
41789	111
41812	111
41824	111
41847	111
41859	111
41882	111
41906	111
41917	111
41941	111
41953	111
41976	111
42000	111
42011	111
42035	111
42058	111
42070	111
42093	111
42117	111
42128	111
42152	111
42164	111
42187	111
42210	111
42222	111
42246	111
42257	111
42281	111
42292	111
42316	111
42328	111
42351	111
42375	111
42386	111
42410	111
42433	111
42445	111
42468	111
42492	111
42515	111
42527	111
42550	111
42574	112
42585	112
42609	112
42621	112
42644	112
42667	112
42679	112
42703	112
42726	112
42738	112
42761	112
42773	112
42796	112
42820	112
42843	112
42855	112
42878	112
42902	112
42914	112
42937	112
42960	112
42972	112
42996	112
43007	112
43031	112
43054	112
43066	112
43089	112
43101	112
43125	112
43148	112
43160	112
43183	112
43207	112
43230	112
43242	112
43265	112
43289	112
43312	112
43324	112
43347	112
43359	112
43382	112
43406	112
43429	112
43453	112
43464	112
43488	112
43511	112
43523	112
43546	113
43570	113
43593	113
43605	113
43628	113
43652	113
43664	113
43687	113
43710	113
43722	113
43746	113
43757	113
43781	113
43792	113
43804	113
43828	113
43851	113
43863	113
43886	113
43910	113
43921	113
43945	113
43957	113
43980	113
44003	113
44015	113
44039	113
44050	113
44074	113
44097	113
44109	113
44132	113
44156	113
44179	113
44191	113
44214	113
44238	113
44250	113
44273	113
44296	113
44320	113
44343	113
44367	113
44390	113
44402	113
44425	113
44449	113
44460	113
44484	113
44507	113
44519	114
44542	114
44554	114
44578	114
44601	114
44613	114
44636	114
44660	114
44671	114
44695	114
44707	114
44730	114
44753	114
44765	114
44789	114
44812	114
44824	114
44847	114
44859	114
44882	114
44906	114
44917	114
44941	114
44964	114
44976	114
45000	114
45011	114
45035	114
45058	114
45082	114
45105	114
45128	114
45152	114
45164	114
45187	114
45210	114
45222	114
45246	114
45269	114
45281	114
45304	114
45328	114
45339	114
45363	114
45386	114
45398	114
45421	114
45433	114
45457	114
45480	114
45492	115
45515	115
45527	115
45550	115
45574	115
45585	115
45609	115
45632	115
45644	115
45667	115
45691	115
45703	115
45726	115
45738	115
45761	115
45785	115
45808	115
45832	115
45855	115
45878	115
45902	115
45925	115
45937	115
45960	115
45972	115
45996	115
46019	115
46031	115
46054	115
46066	115
46089	115
46113	115
46125	115
46148	115
46171	115
46183	115
46207	115
46218	115
46242	115
46253	115
46277	115
46289	115
46312	115
46335	115
46347	115
46371	115
46382	115
46406	115
46417	115
46441	115
46464	116
46476	116
46500	116
46511	116
46535	116
46558	116
46582	116
46617	116
46640	116
46652	116
46675	116
46699	116
46710	116
46734	116
46757	116
46781	116
46804	116
46816	116
46839	116
46863	116
46875	116
46898	116
46921	116
46933	116
46957	116
46980	116
46992	116
47015	116
47027	116
47050	116
47074	116
47085	116
47109	116
47121	116
47144	116
47156	116
47167	116
47191	116
47214	116
47226	116
47250	116
47273	116
47285	116
47308	116
47332	116
47355	116
47367	116
47390	116
47414	116
47437	116
47449	117
47472	117
47496	117
47507	117
47531	117
47554	117
47578	117
47589	117
47613	117
47636	117
47648	117
47671	117
47695	117
47707	117
47730	117
47753	117
47777	117
47789	117
47812	117
47835	117
47847	117
47871	117
47894	117
47906	117
47929	117
47941	117
47964	117
47988	117
48000	117
48023	117
48046	117
48070	117
48093	117
48117	117
48128	117
48152	117
48175	117
48199	117
48210	117
48234	117
48257	117
48269	117
48292	117
48316	117
48328	117
48351	117
48375	117
48386	117
48410	117
48433	117
48457	118
48468	118
48492	118
48515	118
48527	118
48550	118
48574	118
48585	118
48609	118
48632	118
48644	118
48656	118
48679	118
48691	118
48714	118
48738	118
48750	118
48773	118
48796	118
48808	118
48832	118
48855	118
48878	118
48902	118
48925	118
48937	118
48960	118
48984	118
49007	118
49031	118
49054	118
49066	118
49089	118
49113	118
49125	118
49148	118
49171	118
49195	118
49218	118
49242	118
49265	118
49289	118
49300	118
49324	118
49347	118
49359	118
49382	118
49406	118
49417	118
49441	118
49453	119
49476	119
49500	119
49523	119
49535	119
49558	119
49582	119
49605	119
49628	119
49640	119
49664	119
49687	119
49699	119
49722	119
49746	119
49769	119
49781	119
49804	119
49828	119
49839	119
49863	119
49886	119
49910	119
49921	119
49945	119
49968	119
49992	119
50015	119
50039	119
50050	119
50074	119
50097	119
50121	119
50132	119
50156	119
50167	119
50191	119
50203	119
50226	119
50250	119
50273	119
50285	119
50308	119
50332	119
50355	119
50367	119
50390	119
50414	119
50437	119
50449	119
50472	120
50496	120
50519	120
50531	120
50554	120
50578	120
50601	120
50613	120
50636	120
50660	120
50683	120
50707	120
50730	120
50753	120
50765	120
50789	120
50812	120
50835	120
50859	120
50871	120
50894	120
50917	120
50929	120
50953	120
50964	120
50988	120
51011	120
51035	120
51046	120
51070	120
51093	120
51117	120
51128	120
51152	120
51175	120
51199	120
51210	120
51234	120
51257	120
51269	120
51292	120
51316	120
51339	120
51351	120
51375	120
51398	120
51421	120
51445	120
51468	120
51492	120
51515	121
51539	121
51550	121
51574	121
51597	121
51621	121
51632	121
51656	121
51679	121
51691	121
51714	121
51738	121
51761	121
51785	121
51796	121
51820	121
51843	121
51855	121
51878	121
51902	121
51925	121
51949	121
51960	121
51984	121
52007	121
52031	121
52042	121
52066	121
52089	121
52113	121
52136	121
52160	121
52171	121
52207	121
52230	121
52253	121
52277	121
52300	121
52312	121
52335	121
52359	121
52382	121
52394	121
52417	121
52441	121
52453	121
52476	121
52500	121
52523	121
52546	121
52558	122
52582	122
52605	122
52628	122
52640	122
52664	122
52687	122
52710	122
52734	122
52746	122
52769	122
52792	122
52816	122
52828	122
52851	122
52875	122
52898	122
52921	122
52945	122
52968	122
52992	122
53015	122
53039	122
53062	122
53074	122
53097	122
53121	122
53144	122
53167	122
53179	122
53203	122
53226	122
53250	122
53273	122
53285	122
53308	122
53332	122
53355	122
53367	122
53390	122
53414	122
53437	122
53460	122
53484	122
53496	122
53519	122
53542	122
53566	122
53578	122
53601	122
53625	123
53648	123
53671	123
53695	123
53718	123
53742	123
53765	123
53789	123
53812	123
53835	123
53859	123
53871	123
53894	123
53917	123
53941	123
53964	123
53988	123
54000	123
54023	123
54046	123
54070	123
54093	123
54117	123
54140	123
54164	123
54175	123
54199	123
54222	123
54246	123
54269	123
54281	123
54304	123
54328	123
54351	123
54375	123
54386	123
54410	123
54433	123
54457	123
54480	123
54503	123
54527	123
54550	123
54574	123
54597	123
54621	123
54632	123
54656	123
54679	123
54703	123
54726	124
54750	124
54773	124
54796	124
54820	124
54843	124
54867	124
54890	124
54914	124
54925	124
54949	124
54972	124
54996	124
55019	124
55042	124
55066	124
55078	124
55101	124
55125	124
55148	124
55171	124
55195	124
55218	124
55242	124
55265	124
55289	124
55312	124
55335	124
55359	124
55382	124
55406	124
55441	124
55453	124
55476	124
55500	124
55523	124
55546	124
55570	124
55593	124
55617	124
55640	124
55664	124
55687	124
55710	124
55734	124
55746	124
55769	124
55792	124
55804	124
55828	124
55851	125
55875	125
55898	125
55910	125
55933	125
55957	125
55980	125
56003	125
56027	125
56050	125
56074	125
56097	125
56109	125
56132	125
56167	125
56191	125
56214	125
56226	125
56250	125
56273	125
56296	125
56332	125
56355	125
56378	125
56402	125
56425	125
56449	125
56472	125
56496	125
56519	125
56542	125
56566	125
56578	125
56601	125
56625	125
56648	125
56671	125
56695	125
56718	125
56742	125
56765	125
56789	125
56812	125
56835	125
56847	125
56871	125
56894	125
56917	125
56941	125
56964	125
56988	126
57011	126
57035	126
57058	126
57082	126
57105	126
57140	126
57164	126
57187	126
57199	126
57222	126
57246	126
57269	126
57292	126
57316	126
57339	126
57363	126
57386	126
57410	126
57433	126
57445	126
57468	126
57492	126
57515	126
57539	126
57562	126
57585	126
57609	126
57632	126
57656	126
57679	126
57703	126
57726	126
57738	126
57761	126
57785	126
57820	126
57843	126
57878	126
57902	126
57925	126
57949	126
57960	126
57984	126
58007	126
58031	126
58054	126
58078	126
58101	126
58125	126
58148	127
58171	127
58183	127
58207	127
58230	127
58253	127
58277	127
58300	127
58324	127
58347	127
58359	127
58382	127
58406	127
58429	127
58453	127
58476	127
58488	127
58511	127
58546	127
58570	127
58593	127
58628	127
58652	127
58675	127
58699	127
58722	127
58746	127
58769	127
58792	127
58816	127
58839	127
58863	127
58886	127
58910	127
58933	127
58957	127
58980	127
59003	127
59027	127
59039	127
59074	127
59097	127
59109	127
59132	127
59144	127
59167	127
59191	127
59214	127
59238	127
59250	127
59273	128
59296	128
59320	128
59355	128
59378	128
59402	128
59425	128
59449	128
59472	128
59496	128
59519	128
59542	128
59566	128
59589	128
59613	128
59636	128
59660	128
59683	128
59707	128
59730	128
59753	128
59777	128
59800	128
59824	128
59847	128
59871	128
59882	128
59906	128
59929	128
59953	128
59976	128
60000	128
60023	128
60046	128
60070	128
60093	128
60128	128
60152	128
60175	128
60199	128
60222	128
60246	128
60269	128
60292	128
60304	128
60328	128
60351	128
60375	128
60398	128
60421	128
60445	129
60468	129
60492	129
60515	129
60539	129
60562	129
60585	129
60609	129
60632	129
60644	129
60667	129
60679	129
60703	129
60726	129
60750	129
60773	129
60796	129
60820	129
60843	129
60867	129
60902	129
60925	129
60949	129
60960	129
60996	129
61019	129
61042	129
61066	129
61089	129
61113	129
61136	129
61160	129
61183	129
61218	129
61242	129
61265	129
61289	129
61312	129
61335	129
61359	129
61382	129
61406	129
61429	129
61453	129
61476	129
61500	129
61523	129
61546	129
61570	129
61593	129
61617	130
61640	130
61664	130
61687	130
61710	130
61734	130
61757	130
61781	130
61804	130
61828	130
61851	130
61875	130
61898	130
61921	130
61945	130
61968	130
62003	130
62027	130
62050	130
62074	130
62097	130
62121	130
62132	130
62156	130
62179	130
62203	130
62226	130
62250	130
62273	130
62296	130
62320	130
62343	130
62367	130
62390	130
62414	130
62437	130
62460	130
62484	130
62507	130
62531	130
62554	130
62578	130
62589	130
62613	130
62636	130
62671	130
62695	130
62718	130
62742	130
62765	130
62789	131
62812	131
62835	131
62859	131
62882	131
62906	131
62929	131
62953	131
62976	131
63000	131
63023	131
63046	131
63070	131
63093	131
63117	131
63140	131
63164	131
63187	131
63210	131
63234	131
63257	131
63281	131
63304	131
63328	131
63351	131
63375	131
63398	131
63421	131
63445	131
63480	131
63503	131
63527	131
63550	131
63574	131
63597	131
63621	131
63644	131
63667	131
63691	131
63714	131
63738	131
63761	131
63785	131
63808	131
63832	131
63855	131
63878	131
63902	131
63925	131
63949	131
63972	132
63996	132
64019	132
64042	132
64066	132
64089	132
64113	132
64136	132
64160	132
64195	132
64218	132
64242	132
64277	132
64300	132
64324	132
64347	132
64371	132
64394	132
64417	132
64441	132
64464	132
64488	132
64511	132
64535	132
64558	132
64582	132
64605	132
64628	132
64652	132
64675	132
64699	132
64722	132
64746	132
64769	132
64792	132
64816	132
64839	132
64863	132
64886	132
64910	132
64945	132
64968	132
65003	132
65027	132
65050	132
65074	132
65097	132
65121	132
65144	132
65167	132
65191	133
65214	133
65238	133
65261	133
65285	133
65308	133
65332	133
65355	133
65378	133
65402	133
65425	133
65449	133
65484	133
65496	133
65519	133
65542	133
65566	133
65589	133
65613	133
65648	133
65671	133
65695	133
65718	133
65753	133
65777	133
65800	133
65824	133
65847	133
65871	133
65894	133
65929	133
65953	133
65976	133
66000	133
66023	133
66046	133
66070	133
66093	133
66117	133
66140	133
66175	133
66199	133
66222	133
66246	133
66269	133
66292	133
66316	133
66339	133
66363	133
66386	133
66410	134
66433	134
66457	134
66480	134
66515	134
66539	134
66562	134
66585	134
66609	134
66632	134
66656	134
66679	134
66703	134
66726	134
66761	134
66785	134
66808	134
66832	134
66855	134
66890	134
66914	134
66937	134
66960	134
66984	134
67007	134
67031	134
67054	134
67078	134
67101	134
67125	134
67160	134
67183	134
67207	134
67242	134
67265	134
67289	134
67312	134
67335	134
67371	134
67394	134
67417	134
67453	134
67476	134
67500	134
67523	134
67546	134
67582	134
67605	134
67628	134
67652	134
67675	135
67710	135
67734	135
67757	135
67769	135
67792	135
67816	135
67839	135
67863	135
67886	135
67910	135
67933	135
67957	135
67992	135
68015	135
68039	135
68062	135
68085	135
68109	135
68132	135
68167	135
68191	135
68214	135
68238	135
68261	135
68285	135
68320	135
68343	135
68378	135
68402	135
68425	135
68449	135
68472	135
68507	135
68531	135
68554	135
68578	135
68601	135
68625	135
68648	135
68671	135
68695	135
68718	135
68753	135
68777	135
68800	135
68824	135
68847	135
68871	135
68894	135
68917	136
68941	136
68964	136
68988	136
69023	136
69046	136
69082	136
69105	136
69140	136
69164	136
69187	136
69210	136
69234	136
69257	136
69292	136
69316	136
69339	136
69363	136
69386	136
69410	136
69433	136
69457	136
69492	136
69515	136
69539	136
69562	136
69585	136
69609	136
69632	136
69667	136
69691	136
69714	136
69738	136
69761	136
69785	136
69820	136
69855	136
69878	136
69914	136
69937	136
69960	136
69984	136
70007	136
70031	136
70054	136
70078	136
70113	136
70136	136
70160	136
70183	136
70207	137
70230	137
70253	137
70277	137
70300	137
70324	137
70347	137
70371	137
70394	137
70417	137
70441	137
70464	137
70488	137
70511	137
70546	137
70582	137
70605	137
70640	137
70664	137
70687	137
70710	137
70746	137
70769	137
70804	137
70828	137
70851	137
70875	137
70898	137
70933	137
70957	137
70980	137
71003	137
71027	137
71050	137
71074	137
71109	137
71121	137
71144	137
71167	137
71191	137
71214	137
71238	137
71261	137
71285	137
71320	137
71343	137
71367	137
71402	137
71425	137
71449	137
71472	138
71496	138
71531	138
71554	138
71578	138
71601	138
71636	138
71660	138
71683	138
71707	138
71730	138
71765	138
71789	138
71812	138
71835	138
71859	138
71882	138
71906	138
71929	138
71953	138
71988	138
72011	138
72035	138
72058	138
72093	138
72117	138
72140	138
72175	138
72199	138
72222	138
72246	138
72269	138
72292	138
72316	138
72339	138
72375	138
72398	138
72421	138
72445	138
72468	138
72492	138
72527	138
72550	138
72574	138
72597	138
72621	138
72644	138
72667	138
72691	138
72714	138
72738	139
72761	139
72785	139
72808	139
72843	139
72867	139
72890	139
72925	139
72949	139
72972	139
72996	139
73031	139
73066	139
73089	139
73113	139
73136	139
73160	139
73195	139
73218	139
73253	139
73277	139
73300	139
73324	139
73359	139
73382	139
73406	139
73429	139
73453	139
73476	139
73500	139
73523	139
73558	139
73582	139
73605	139
73628	139
73664	139
73687	139
73710	139
73734	139
73757	139
73781	139
73816	139
73839	139
73863	139
73886	139
73910	139
73945	139
73968	139
73992	139
74027	139
74050	140
74074	140
74097	140
74121	140
74144	140
74167	140
74191	140
74214	140
74238	140
74273	140
74296	140
74320	140
74343	140
74367	140
74390	140
74425	140
74449	140
74472	140
74496	140
74519	140
74554	140
74578	140
74601	140
74625	140
74648	140
74683	140
74707	140
74742	140
74765	140
74789	140
74824	140
74847	140
74871	140
74894	140
74917	140
74941	140
74964	140
74988	140
75023	140
75046	140
75070	140
75093	140
75117	140
75140	140
75175	140
75199	140
75222	140
75246	140
75269	140
75292	140
75328	141
75351	141
75375	141
75398	141
75433	141
75457	141
75492	141
75515	141
75539	141
75574	141
75597	141
75621	141
75644	141
75667	141
75691	141
75714	141
75750	141
75773	141
75796	141
75820	141
75843	141
75867	141
75890	141
75925	141
75949	141
75972	141
75996	141
76019	141
76042	141
76078	141
76101	141
76125	141
76148	141
76183	141
76207	141
76242	141
76265	141
76300	141
76324	141
76347	141
76371	141
76394	141
76429	141
76453	141
76476	141
76500	141
76523	141
76558	141
76582	141
76605	141
76628	142
76652	142
76687	142
76710	142
76734	142
76757	142
76792	142
76816	142
76839	142
76863	142
76898	142
76921	142
76957	142
76980	142
77015	142
77039	142
77062	142
77097	142
77121	142
77144	142
77167	142
77191	142
77214	142
77250	142
77273	142
77296	142
77320	142
77343	142
77378	142
77402	142
77425	142
77449	142
77484	142
77507	142
77531	142
77554	142
77578	142
77601	142
77625	142
77660	142
77683	142
77718	142
77742	142
77777	142
77800	142
77824	142
77847	142
77882	142
77906	142
77929	142
77953	143
77988	143
78011	143
78035	143
78070	143
78093	143
78117	143
78152	143
78175	143
78199	143
78222	143
78257	143
78281	143
78304	143
78328	143
78351	143
78386	143
78410	143
78433	143
78468	143
78492	143
78527	143
78550	143
78574	143
78609	143
78632	143
78656	143
78691	143
78714	143
78738	143
78761	143
78796	143
78820	143
78855	143
78878	143
78902	143
78937	143
78960	143
78984	143
79019	143
79042	143
79066	143
79089	143
79113	143
79148	143
79171	143
79207	143
79230	143
79265	143
79289	143
79312	144
79347	144
79371	144
79406	144
79429	144
79464	144
79488	144
79511	144
79535	144
79570	144
79605	144
79628	144
79652	144
79687	144
79710	144
79734	144
79757	144
79781	144
79804	144
79828	144
79851	144
79886	144
79910	144
79933	144
79968	144
79992	144
80015	144
80039	144
80074	144
80097	144
80121	144
80156	144
80191	144
80214	144
80238	144
80261	144
80296	144
80332	144
80367	144
80390	144
80425	144
80449	144
80472	144
80507	144
80531	144
80554	144
80578	144
80613	144
80636	144
80660	144
80695	145
80718	145
80742	145
80777	145
80800	145
80824	145
80859	145
80882	145
80906	145
80941	145
80964	145
80988	145
81011	145
81046	145
81082	145
81105	145
81140	145
81175	145
81199	145
81222	145
81257	145
81281	145
81304	145
81339	145
81363	145
81386	145
81421	145
81445	145
81468	145
81492	145
81527	145
81550	145
81574	145
81609	145
81632	145
81667	145
81691	145
81714	145
81738	145
81773	145
81808	145
81832	145
81867	145
81902	145
81925	145
81960	145
81984	145
82007	145
82042	145
82066	145
82089	146
82125	146
82148	146
82171	146
82195	146
82218	146
82253	146
82277	146
82300	146
82335	146
82359	146
82382	146
82406	146
82429	146
82464	146
82488	146
82511	146
82546	146
82582	146
82617	146
82652	146
82675	146
82699	146
82734	146
82757	146
82792	146
82828	146
82851	146
82875	146
82910	146
82933	146
82957	146
82992	146
83015	146
83039	146
83074	146
83097	146
83121	146
83144	146
83167	146
83191	146
83214	146
83250	146
83273	146
83296	146
83332	146
83355	146
83390	146
83414	146
83449	146
83472	147
83507	147
83531	147
83566	147
83589	147
83613	147
83648	147
83671	147
83695	147
83730	147
83753	147
83789	147
83812	147
83835	147
83871	147
83894	147
83917	147
83941	147
83976	147
84000	147
84023	147
84058	147
84082	147
84117	147
84152	147
84175	147
84199	147
84234	147
84257	147
84281	147
84316	147
84339	147
84363	147
84398	147
84421	147
84457	147
84480	147
84503	147
84539	147
84562	147
84585	147
84621	147
84644	147
84667	147
84691	147
84714	147
84738	147
84773	147
84796	147
84832	147
84855	148
84890	148
84914	148
84949	148
84972	148
85007	148
85031	148
85066	148
85089	148
85125	148
85148	148
85183	148
85218	148
85242	148
85277	148
85300	148
85335	148
85359	148
85382	148
85406	148
85441	148
85464	148
85488	148
85523	148
85546	148
85582	148
85605	148
85640	148
85664	148
85699	148
85722	148
85746	148
85781	148
85804	148
85828	148
85863	148
85886	148
85921	148
85945	148
85980	148
86003	148
86039	148
86062	148
86097	148
86121	148
86144	148
86167	148
86191	148
86226	148
86250	148
86285	149
86308	149
86332	149
86367	149
86390	149
86425	149
86449	149
86472	149
86507	149
86531	149
86566	149
86589	149
86613	149
86648	149
86671	149
86707	149
86742	149
86765	149
86800	149
86824	149
86859	149
86882	149
86906	149
86929	149
86964	149
86988	149
87023	149
87046	149
87070	149
87105	149
87128	149
87152	149
87187	149
87210	149
87246	149
87269	149
87292	149
87328	149
87351	149
87375	149
87410	149
87433	149
87468	149
87503	149
87527	149
87562	149
87585	149
87621	149
87644	149
87667	149
87691	150
87726	150
87750	150
87785	150
87808	150
87832	150
87867	150
87890	150
87914	150
87949	150
87972	150
88007	150
88031	150
88066	150
88089	150
88113	150
88148	150
88171	150
88207	150
88242	150
88277	150
88300	150
88335	150
88359	150
88394	150
88417	150
88441	150
88476	150
88500	150
88535	150
88558	150
88582	150
88617	150
88640	150
88675	150
88699	150
88734	150
88757	150
88792	150
88816	150
88851	150
88875	150
88910	150
88933	150
88968	150
89003	150
89039	150
89062	150
89097	150
89121	150
89144	151
89179	151
89203	151
89226	151
89261	151
89285	151
89308	151
89343	151
89367	151
89402	151
89425	151
89460	151
89484	151
89507	151
89531	151
89566	151
89589	151
89625	151
89648	151
89683	151
89707	151
89742	151
89777	151
89800	151
89835	151
89859	151
89894	151
89917	151
89953	151
89976	151
90011	151
90035	151
90070	151
90105	151
90128	151
90164	151
90187	151
90222	151
90246	151
90269	151
90304	151
90328	151
90363	151
90386	151
90421	151
90445	151
90480	151
90515	151
90550	151
90574	151
90609	152
90632	152
90667	152
90691	152
90726	152
90750	152
90785	152
90808	152
90843	152
90878	152
90902	152
90937	152
90960	152
90996	152
91019	152
91042	152
91078	152
91101	152
91136	152
91160	152
91195	152
91230	152
91253	152
91289	152
91324	152
91347	152
91382	152
91417	152
91441	152
91476	152
91500	152
91535	152
91558	152
91593	152
91628	152
91652	152
91687	152
91710	152
91746	152
91769	152
91792	152
91816	152
91851	152
91875	152
91910	152
91933	152
91968	152
91992	152
92027	152
92050	152
92085	153
92109	153
92144	153
92179	153
92203	153
92238	153
92261	153
92296	153
92332	153
92367	153
92402	153
92437	153
92460	153
92496	153
92519	153
92554	153
92578	153
92613	153
92636	153
92671	153
92695	153
92730	153
92753	153
92789	153
92824	153
92847	153
92882	153
92906	153
92941	153
92964	153
92988	153
93023	153
93058	153
93093	153
93128	153
93164	153
93187	153
93222	153
93246	153
93281	153
93316	153
93339	153
93375	153
93398	153
93433	153
93457	153
93492	153
93515	153
93550	153
93574	153
93609	154
93632	154
93667	154
93691	154
93726	154
93750	154
93785	154
93820	154
93855	154
93890	154
93925	154
93949	154
93984	154
94007	154
94042	154
94066	154
94101	154
94125	154
94160	154
94183	154
94207	154
94242	154
94265	154
94300	154
94324	154
94359	154
94382	154
94406	154
94441	154
94464	154
94500	154
94535	154
94570	154
94605	154
94640	154
94675	154
94699	154
94734	154
94769	154
94804	154
94828	154
94863	154
94886	154
94921	154
94957	154
94980	154
95003	154
95039	154
95074	154
95097	154
95121	155
95156	155
95179	155
95203	155
95238	155
95261	155
95296	155
95332	155
95355	155
95390	155
95425	155
95449	155
95484	155
95519	155
95542	155
95578	155
95601	155
95636	155
95660	155
95695	155
95730	155
95753	155
95789	155
95812	155
95847	155
95871	155
95906	155
95929	155
95964	155
95988	155
96023	155
96046	155
96082	155
96117	155
96152	155
96175	155
96210	155
96234	155
96269	155
96292	155
96328	155
96351	155
96386	155
96421	155
96445	155
96480	155
96503	155
96539	155
96562	155
96597	155
96621	156
96644	156
96667	156
96703	156
96726	156
96761	156
96796	156
96820	156
96855	156
96890	156
96925	156
96949	156
96984	156
97019	156
97054	156
97089	156
97113	156
97148	156
97183	156
97218	156
97253	156
97277	156
97312	156
97347	156
97371	156
97394	156
97429	156
97453	156
97488	156
97523	156
97546	156
97582	156
97617	156
97640	156
97675	156
97699	156
97734	156
97769	156
97792	156
97828	156
97851	156
97886	156
97910	156
97945	156
97980	156
98015	156
98039	156
98074	156
98097	156
98132	156
98156	157
98179	157
98214	157
98238	157
98273	157
98308	157
98332	157
98367	157
98390	157
98425	157
98460	157
98484	157
98519	157
98542	157
98578	157
98601	157
98636	157
98671	157
98695	157
98730	157
98765	157
98800	157
98835	157
98859	157
98894	157
98917	157
98941	157
98976	157
99011	157
99035	157
99070	157
99093	157
99128	157
99164	157
99187	157
99222	157
99246	157
99281	157
99316	157
99339	157
99375	157
99398	157
99433	157
99468	157
99503	157
99539	157
99574	157
99597	157
99632	157
99656	157
99691	158
99714	158
99750	158
99785	158
99808	158
99843	158
99867	158
99902	158
99925	158
99960	158
99996	158
100019	158
100054	158
100078	158
100113	158
100136	158
100171	158
100207	158
100242	158
100277	158
100312	158
100335	158
100371	158
100406	158
100429	158
100453	158
100488	158
100523	158
100546	158
100582	158
100605	158
100640	158
100675	158
100699	158
100734	158
100769	158
100792	158
100828	158
100851	158
100886	158
100921	158
100957	158
100992	158
101027	158
101062	158
101085	158
101121	158
101144	158
101179	158
101203	158
101238	159
101273	159
101296	159
101332	159
101355	159
101390	159
101425	159
101449	159
101484	159
101507	159
101542	159
101578	159
101601	159
101636	159
101671	159
101695	159
101730	159
101765	159
101800	159
101835	159
101859	159
101894	159
101929	159
101964	159
101988	159
102023	159
102058	159
102082	159
102117	159
102152	159
102175	159
102210	159
102246	159
102269	159
102304	159
102328	159
102363	159
102398	159
102421	159
102457	159
102492	159
102527	159
102562	159
102585	159
102621	159
102656	159
102679	159
102714	159
102750	159
102773	159
102808	160
102843	160
102878	160
102902	160
102937	160
102972	160
102996	160
103031	160
103054	160
103089	160
103125	160
103148	160
103183	160
103218	160
103253	160
103289	160
103324	160
103347	160
103382	160
103417	160
103453	160
103488	160
103523	160
103546	160
103582	160
103617	160
103652	160
103687	160
103722	160
103746	160
103769	160
103804	160
103828	160
103863	160
103898	160
103921	160
103957	160
103980	160
104015	160
104050	160
104085	160
104109	160
104144	160
104179	160
104214	160
104238	160
104273	160
104308	160
104355	160
104390	160
104425	161
104449	161
104484	161
104519	161
104542	161
104578	161
104601	161
104636	161
104671	161
104695	161
104730	161
104765	161
104789	161
104824	161
104859	161
104882	161
104917	161
104953	161
104976	161
105011	161
105046	161
105082	161
105117	161
105152	161
105187	161
105210	161
105246	161
105281	161
105304	161
105339	161
105375	161
105398	161
105433	161
105468	161
105492	161
105527	161
105562	161
105585	161
105621	161
105656	161
105691	161
105714	161
105750	161
105785	161
105820	161
105867	161
105902	161
105937	161
105960	161
105996	161
106031	162
106054	162
106089	162
106125	162
106148	162
106183	162
106207	162
106242	162
106265	162
106300	162
106335	162
106359	162
106394	162
106417	162
106453	162
106488	162
106511	162
106546	162
106593	162
106628	162
106664	162
106699	162
106722	162
106769	162
106804	162
106828	162
106863	162
106898	162
106921	162
106957	162
106992	162
107015	162
107050	162
107085	162
107109	162
107144	162
107167	162
107191	162
107226	162
107250	162
107285	162
107320	162
107355	162
107390	162
107425	162
107449	162
107484	162
107519	162
107554	162
107578	162
107613	163
107648	163
107683	163
107707	163
107742	163
107777	163
107812	163
107835	163
107871	163
107894	163
107929	163
107964	163
107988	163
108023	163
108058	163
108093	163
108128	163
108164	163
108187	163
108222	163
108257	163
108281	163
108316	163
108351	163
108375	163
108410	163
108445	163
108480	163
108503	163
108539	163
108574	163
108597	163
108632	163
108656	163
108679	163
108714	163
108738	163
108773	163
108808	163
108843	163
108878	163
108914	163
108937	163
108972	163
109007	163
109042	163
109078	163
109113	163
109136	163
109171	163
109207	164
109242	164
109277	164
109312	164
109347	164
109371	164
109406	164
109429	164
109464	164
109488	164
109523	164
109558	164
109593	164
109628	164
109652	164
109687	164
109722	164
109746	164
109781	164
109816	164
109839	164
109875	164
109910	164
109945	164
109968	164
110003	164
110039	164
110074	164
110097	164
110132	164
110156	164
110191	164
110214	164
110250	164
110285	164
110308	164
110343	164
110367	164
110402	164
110437	164
110472	164
110496	164
110531	164
110566	164
110589	164
110625	164
110660	164
110695	164
110730	164
110765	164
110789	165
110824	165
110859	165
110882	165
110917	165
110941	165
110976	165
111011	165
111035	165
111070	165
111105	165
111128	165
111164	165
111199	165
111222	165
111257	165
111281	165
111316	165
111351	165
111375	165
111410	165
111445	165
111480	165
111515	165
111550	165
111585	165
111621	165
111644	165
111667	165
111703	165
111738	165
111761	165
111796	165
111832	165
111855	165
111890	165
111925	165
111949	165
111984	165
112007	165
112042	165
112078	165
112113	165
112136	165
112171	165
112207	165
112242	165
112277	165
112312	165
112347	165
112371	166
112406	166
112429	166
112464	166
112500	166
112523	166
112558	166
112593	166
112617	166
112652	166
112687	166
112710	166
112746	166
112781	166
112816	166
112839	166
112875	166
112910	166
112945	166
112980	166
113015	166
113050	166
113074	166
113109	166
113144	166
113167	166
113203	166
113226	166
113261	166
113296	166
113320	166
113355	166
113378	166
113414	166
113449	166
113484	166
113507	166
113542	166
113566	166
113601	166
113636	166
113660	166
113695	166
113730	166
113765	166
113800	166
113835	166
113859	166
113894	166
113929	166
113964	167
113988	167
114023	167
114058	167
114093	167
114117	167
114152	167
114187	167
114222	167
114246	167
114281	167
114304	167
114339	167
114375	167
114398	167
114433	167
114468	167
114503	167
114539	167
114562	167
114597	167
114632	167
114667	167
114691	167
114726	167
114761	167
114785	167
114820	167
114855	167
114890	167
114925	167
114949	167
114984	167
115019	167
115042	167
115078	167
115113	167
115136	167
115171	167
115207	167
115242	167
115277	167
115312	167
115335	167
115371	167
115417	167
115441	167
115476	167
115511	167
115546	167
115582	168
115617	168
115640	168
115675	168
115710	168
115734	168
115769	168
115792	168
115816	168
115851	168
115886	168
115910	168
115945	168
115980	168
116003	168
116039	168
116074	168
116109	168
116132	168
116167	168
116203	168
116238	168
116261	168
116296	168
116343	168
116378	168
116414	168
116437	168
116472	168
116507	168
116531	168
116566	168
116601	168
116625	168
116660	168
116695	168
116718	168
116753	168
116789	168
116812	168
116847	168
116882	168
116906	168
116941	168
116976	168
117000	168
117035	168
117070	168
117117	168
117152	168
117175	169
117210	169
117246	169
117281	169
117304	169
117339	169
117375	169
117398	169
117433	169
117468	169
117492	169
117527	169
117562	169
117585	169
117621	169
117656	169
117691	169
117714	169
117750	169
117785	169
117820	169
117867	169
117902	169
117925	169
117960	169
117996	169
118031	169
118054	169
118089	169
118113	169
118148	169
118183	169
118207	169
118242	169
118265	169
118300	169
118335	169
118359	169
118382	169
118417	169
118453	169
118476	169
118511	169
118546	169
118582	169
118617	169
118664	169
118687	169
118722	169
118757	169
118792	170
118828	170
118851	170
118886	170
118921	170
118945	170
118980	170
119003	170
119039	170
119074	170
119109	170
119132	170
119156	170
119179	170
119214	170
119250	170
119273	170
119308	170
119343	170
119378	170
119414	170
119437	170
119472	170
119507	170
119542	170
119578	170
119601	170
119636	170
119671	170
119695	170
119730	170
119765	170
119800	170
119824	170
119859	170
119882	170
119917	170
119953	170
119976	170
120011	170
120046	170
120070	170
120105	170
120140	170
120175	170
120210	170
120234	170
120269	170
120304	170
120328	170
120363	171
120398	171
120421	171
120457	171
120480	171
120515	171
120550	171
120574	171
120609	171
120632	171
120656	171
120691	171
120714	171
120750	171
120785	171
120808	171
120843	171
120878	171
120914	171
120937	171
120972	171
121007	171
121042	171
121078	171
121113	171
121136	171
121171	171
121207	171
121242	171
121277	171
121312	171
121335	171
121371	171
121394	171
121429	171
121453	171
121488	171
121523	171
121546	171
121582	171
121617	171
121652	171
121675	171
121710	171
121746	171
121769	171
121804	171
121839	171
121863	171
121898	171
121933	172
121968	172
121992	172
122027	172
122062	172
122085	172
122121	172
122144	172
122179	172
122203	172
122238	172
122261	172
122296	172
122332	172
122355	172
122390	172
122425	172
122449	172
122484	172
122519	172
122542	172
122578	172
122601	172
122636	172
122671	172
122707	172
122742	172
122777	172
122800	172
122835	172
122871	172
122894	172
122917	172
122953	172
122988	172
123011	172
123046	172
123070	172
123105	172
123140	172
123164	172
123199	172
123234	172
123257	172
123292	172
123316	172
123351	172
123386	172
123410	172
123445	172
123480	173
123515	173
123550	173
123585	173
123609	173
123644	173
123667	173
123703	173
123726	173
123761	173
123796	173
123820	173
123855	173
123878	173
123914	173
123949	173
123972	173
124007	173
124031	173
124066	173
124101	173
124125	173
124160	173
124195	173
124230	173
124265	173
124300	173
124335	173
124359	173
124394	173
124417	173
124453	173
124476	173
124511	173
124546	173
124570	173
124605	173
124640	173
124664	173
124699	173
124734	173
124757	173
124792	173
124828	173
124851	173
124886	173
124921	173
124957	173
124992	173
125027	173
125050	174
125085	174
125121	174
125144	174
125167	174
125203	174
125238	174
125261	174
125296	174
125320	174
125355	174
125390	174
125414	174
125449	174
125484	174
125507	174
125542	174
125566	174
125601	174
125625	174
125660	174
125695	174
125730	174
125765	174
125800	174
125824	174
125859	174
125894	174
125917	174
125953	174
125976	174
126011	174
126046	174
126082	174
126105	174
126140	174
126175	174
126199	174
126234	174
126269	174
126292	174
126328	174
126351	174
126386	174
126410	174
126445	174
126480	174
126515	174
126550	174
126574	174
126609	175
126644	175
126667	175
126703	175
126738	175
126761	175
126796	175
126832	175
126867	175
126890	175
126925	175
126960	175
126984	175
127019	175
127042	175
127078	175
127113	175
127136	175
127171	175
127207	175
127242	175
127277	175
127300	175
127335	175
127371	175
127406	175
127441	175
127464	175
127500	175
127535	175
127570	175
127605	175
127628	175
127664	175
127699	175
127734	175
127757	175
127781	175
127804	175
127839	175
127875	175
127898	175
127933	175
127957	175
127992	175
128027	175
128050	175
128085	175
128121	175
128144	175
128179	176
128214	176
128250	176
128273	176
128308	176
128355	176
128390	176
128425	176
128449	176
128484	176
128519	176
128542	176
128578	176
128601	176
128636	176
128671	176
128695	176
128730	176
128753	176
128789	176
128824	176
128847	176
128882	176
128917	176
128941	176
128976	176
129000	176
129035	176
129070	176
129117	176
129152	176
129175	176
129210	176
129246	176
129269	176
129304	176
129339	176
129363	176
129398	176
129433	176
129457	176
129492	176
129515	176
129550	176
129585	176
129609	176
129644	176
129679	176
129714	176
129738	176
129773	177
129808	177
129843	177
129890	177
129925	177
129949	177
129984	177
130007	177
130042	177
130078	177
130101	177
130136	177
130160	177
130195	177
130218	177
130253	177
130277	177
130312	177
130347	177
130371	177
130394	177
130429	177
130464	177
130488	177
130523	177
130558	177
130593	177
130640	177
130664	177
130699	177
130734	177
130769	177
130804	177
130828	177
130863	177
130898	177
130921	177
130957	177
130992	177
131015	177
131050	177
131074	177
131109	177
131132	177
131156	177
131191	177
131214	177
131250	177
131285	177
131308	177
131343	178
131378	178
131414	178
131449	178
131472	178
131507	178
131542	178
131578	178
131601	178
131636	178
131671	178
131695	178
131730	178
131765	178
131789	178
131824	178
131859	178
131882	178
131917	178
131941	178
131976	178
132000	178
132035	178
132070	178
132105	178
132140	178
132175	178
132199	178
132234	178
132257	178
132292	178
132328	178
132351	178
132386	178
132410	178
132445	178
132480	178
132503	178
132539	178
132574	178
132597	178
132632	178
132656	178
132679	178
132703	178
132738	178
132773	178
132796	178
132832	178
132867	178
132902	179
132925	179
132960	179
132996	179
133031	179
133066	179
133101	179
133125	179
133160	179
133195	179
133230	179
133265	179
133300	179
133324	179
133359	179
133382	179
133417	179
133441	179
133476	179
133511	179
133535	179
133570	179
133605	179
133628	179
133664	179
133699	179
133734	179
133757	179
133792	179
133828	179
133851	179
133886	179
133921	179
133945	179
133980	179
134015	179
134050	179
134074	179
134109	179
134132	179
134167	179
134191	179
134214	179
134250	179
134285	179
134308	179
134343	179
134378	179
134402	179
134437	179
134472	180
134496	180
134531	180
134554	180
134589	180
134613	180
134648	180
134683	180
134718	180
134753	180
134789	180
134812	180
134847	180
134871	180
134906	180
134929	180
134964	180
134988	180
135023	180
135058	180
135082	180
135117	180
135140	180
135175	180
135210	180
135234	180
135269	180
135292	180
135328	180
135363	180
135386	180
135421	180
135457	180
135492	180
135527	180
135562	180
135585	180
135621	180
135656	180
135679	180
135703	180
135738	180
135773	180
135796	180
135832	180
135855	180
135890	180
135925	180
135949	180
135984	180
136019	181
136042	181
136078	181
136101	181
136136	181
136171	181
136207	181
136242	181
136277	181
136312	181
136335	181
136371	181
136394	181
136429	181
136453	181
136488	181
136523	181
136546	181
136582	181
136617	181
136640	181
136675	181
136710	181
136734	181
136769	181
136792	181
136828	181
136863	181
136886	181
136921	181
136957	181
136992	181
137027	181
137062	181
137085	181
137121	181
137156	181
137179	181
137214	181
137238	181
137273	181
137296	181
137332	181
137367	181
137390	181
137425	181
137460	181
137484	181
137519	181
137542	181
137578	182
137601	182
137636	182
137671	182
137707	182
137742	182
137777	182
137800	182
137835	182
137871	182
137906	182
137929	182
137964	182
138000	182
138023	182
138058	182
138093	182
138128	182
138152	182
138187	182
138222	182
138246	182
138281	182
138304	182
138339	182
138375	182
138398	182
138433	182
138468	182
138503	182
138539	182
138562	182
138597	182
138632	182
138667	182
138691	182
138726	182
138761	182
138785	182
138820	182
138855	182
138890	182
138914	182
138949	182
138984	182
139007	182
139042	182
139066	182
139101	182
139136	182
139160	183
139195	183
139230	183
139265	183
139300	183
139335	183
139359	183
139394	183
139429	183
139464	183
139500	183
139523	183
139558	183
139593	183
139628	183
139664	183
139699	183
139722	183
139757	183
139781	183
139804	183
139839	183
139863	183
139898	183
139933	183
139957	183
139992	183
140027	183
140050	183
140085	183
140121	183
140156	183
140191	183
140214	183
140250	183
140285	183
140320	183
140355	183
140390	183
140425	183
140460	183
140484	183
140519	183
140554	183
140578	183
140613	183
140648	183
140671	183
140707	183
140742	183
140765	184
140800	184
140835	184
140871	184
140894	184
140929	184
140964	184
140988	184
141023	184
141058	184
141093	184
141128	184
141164	184
141199	184
141222	184
141257	184
141292	184
141316	184
141351	184
141386	184
141410	184
141445	184
141480	184
141503	184
141539	184
141574	184
141597	184
141632	184
141667	184
141703	184
141726	184
141761	184
141796	184
141832	184
141878	184
141914	184
141937	184
141972	184
142007	184
142031	184
142066	184
142089	184
142125	184
142160	184
142183	184
142218	184
142242	184
142277	184
142300	184
142335	184
142371	185
142394	185
142429	185
142453	185
142488	185
142523	185
142558	185
142593	185
142628	185
142664	185
142699	185
142734	185
142769	185
142804	185
142828	185
142863	185
142898	185
142921	185
142957	185
142992	185
143015	185
143050	185
143085	185
143109	185
143144	185
143167	185
143191	185
143226	185
143261	185
143285	185
143320	185
143355	185
143390	185
143425	185
143449	185
143484	185
143519	185
143554	185
143589	185
143613	185
143648	185
143683	185
143707	185
143742	185
143777	185
143812	185
143835	185
143871	185
143894	185
143929	185
143964	186
143988	186
144023	186
144058	186
144093	186
144128	186
144152	186
144187	186
144222	186
144246	186
144281	186
144316	186
144339	186
144375	186
144410	186
144433	186
144468	186
144503	186
144527	186
144562	186
144597	186
144621	186
144644	186
144667	186
144703	186
144738	186
144761	186
144796	186
144832	186
144867	186
144902	186
144925	186
144960	186
144996	186
145031	186
145066	186
145101	186
145136	186
145160	186
145195	186
145230	186
145265	186
145300	186
145335	186
145371	186
145394	186
145417	186
145453	186
145488	186
145511	186
145546	187
145582	187
145617	187
145652	187
145675	187
145710	187
145746	187
145769	187
145804	187
145839	187
145863	187
145898	187
145933	187
145968	187
146003	187
146027	187
146062	187
146097	187
146121	187
146156	187
146179	187
146214	187
146238	187
146273	187
146308	187
146332	187
146367	187
146390	187
146425	187
146460	187
146496	187
146519	187
146554	187
146578	187
146613	187
146648	187
146683	187
146718	187
146753	187
146777	187
146812	187
146847	187
146871	187
146906	187
146929	187
146964	187
146988	187
147023	187
147058	187
147082	187
147117	188
147152	188
147175	188
147210	188
147246	188
147269	188
147304	188
147339	188
147363	188
147398	188
147433	188
147468	188
147503	188
147539	188
147574	188
147597	188
147632	188
147656	188
147691	188
147726	188
147750	188
147785	188
147820	188
147843	188
147878	188
147902	188
147937	188
147972	188
148007	188
148031	188
148066	188
148101	188
148125	188
148160	188
148195	188
148230	188
148265	188
148300	188
148335	188
148371	188
148394	188
148429	188
148453	188
148488	188
148523	188
148546	188
148582	188
148605	188
148640	188
148675	188
148710	189
148734	189
148769	189
148804	189
148828	189
148863	189
148898	189
148933	189
148968	189
149003	189
149039	189
149062	189
149097	189
149132	189
149156	189
149191	189
149214	189
149250	189
149285	189
149308	189
149343	189
149378	189
149402	189
149437	189
149472	189
149496	189
149531	189
149554	189
149589	189
149625	189
149648	189
149683	189
149718	189
149753	189
149789	189
149824	189
149859	189
149882	189
149917	189
149953	189
149988	189
150011	189
150046	189
150082	189
150117	189
150152	189
150175	189
150210	189
150246	189
150269	189
150304	190
150339	190
150363	190
150398	190
150433	190
150468	190
150503	190
150539	190
150562	190
150597	190
150632	190
150667	190
150691	190
150726	190
150761	190
150785	190
150820	190
150855	190
150890	190
150925	190
150949	190
150984	190
151019	190
151042	190
151078	190
151113	190
151136	190
151171	190
151207	190
151242	190
151277	190
151312	190
151335	190
151371	190
151417	190
151441	190
151476	190
151511	190
151546	190
151570	190
151605	190
151640	190
151675	190
151710	190
151734	190
151769	190
151792	190
151816	190
151851	190
151886	190
151910	191
151945	191
151968	191
152003	191
152039	191
152074	191
152097	191
152132	191
152167	191
152203	191
152226	191
152261	191
152296	191
152332	191
152378	191
152414	191
152437	191
152472	191
152507	191
152531	191
152566	191
152589	191
152625	191
152660	191
152695	191
152718	191
152753	191
152789	191
152812	191
152847	191
152882	191
152906	191
152941	191
152976	191
153000	191
153035	191
153070	191
153117	191
153152	191
153175	191
153210	191
153246	191
153281	191
153304	191
153339	191
153375	191
153398	191
153433	191
153468	191
153492	191
153527	192
153562	192
153585	192
153621	192
153656	192
153691	192
153714	192
153750	192
153785	192
153820	192
153855	192
153902	192
153925	192
153960	192
153996	192
154019	192
154054	192
154078	192
154113	192
154148	192
154171	192
154207	192
154230	192
154265	192
154289	192
154324	192
154359	192
154382	192
154417	192
154441	192
154476	192
154500	192
154535	192
154582	192
154617	192
154652	192
154687	192
154710	192
154746	192
154781	192
154816	192
154851	192
154886	192
timepoint: 182.23999999999998