0	0
0	0
0	0
0	0
0	0
0	0
0	0
0	0
0	0
0	0
0	0
0	0
0	0
0	0
0	0
0	0
0	0
0	0
0	0
0	0
0	0
0	0
0	0
0	0
0	0
0	0
0	0
0	0
0	0
0	0
0	0
0	0
0	0
0	0
0	0
0	0
0	0
0	0
0	0
0	0
0	0
0	0
0	0
0	0
0	0
0	0
0	0
0	0
0	0
0	0
0	1
0	1
0	1
0	1
0	1
0	1
0	1
0	1
0	1
0	1
0	1
0	1
0	1
0	1
0	1
0	1
0	1
0	1
0	1
0	1
0	1
0	1
0	1
0	1
0	1
0	1
0	1
0	1
0	1
0	1
0	1
0	1
0	1
0	1
0	1
0	1
0	1
0	1
0	1
0	1
0	1
0	1
0	1
0	1
0	1
0	1
0	1
0	1
0	1
0	1
0	2
0	2
0	2
0	2
0	2
0	2
0	2
0	2
0	2
0	2
0	2
0	2
0	2
0	2
0	2
0	2
0	2
0	2
0	2
0	2
0	2
0	2
0	2
0	2
0	2
0	2
0	2
0	2
0	2
0	2
0	2
0	2
0	2
0	2
0	2
0	2
0	2
0	2
0	2
0	2
0	2
0	2
0	2
0	2
0	2
0	2
0	2
0	2
0	2
0	2
0	3
0	3
0	3
0	3
0	3
0	3
0	3
0	3
0	3
0	3
0	3
0	3
0	3
0	3
0	3
0	3
0	3
0	3
0	3
0	3
0	3
0	3
0	3
0	3
0	3
0	3
0	3
0	3
0	3
0	3
0	3
0	3
0	3
0	3
0	3
0	3
0	3
0	3
0	3
0	3
0	3
0	3
0	3
0	3
0	3
0	3
0	3
0	3
0	3
0	3
0	4
0	4
0	4
0	4
0	4
0	4
0	4
0	4
0	4
0	4
0	4
0	4
0	4
0	4
0	4
0	4
0	4
0	4
0	4
0	4
0	4
0	4
0	4
0	4
0	4
0	4
0	4
0	4
0	4
0	4
0	4
0	4
11	4
11	4
11	4
11	4
11	4
11	4
11	4
11	4
11	4
11	4
11	4
11	4
23	4
23	4
23	4
23	4
23	4
23	4
23	5
23	5
23	5
23	5
23	5
35	5
35	5
35	5
35	5
35	5
35	5
35	5
35	5
35	5
35	5
35	5
35	5
35	5
35	5
35	5
35	5
35	5
35	5
35	5
35	5
35	5
35	5
35	5
35	5
35	5
35	5
35	5
35	5
23	5
23	5
23	5
23	5
23	5
23	5
23	5
23	5
23	5
23	5
23	5
23	5
23	5
23	5
23	5
23	5
23	5
23	6
23	6
23	6
23	6
23	6
23	6
23	6
23	6
23	6
23	6
23	6
23	6
23	6
23	6
35	6
35	6
35	6
35	6
35	6
35	6
35	6
35	6
35	6
35	6
35	6
35	6
35	6
35	6
46	6
46	6
46	6
46	6
46	6
46	6
46	6
46	6
46	6
46	6
46	6
46	6
46	6
46	6
46	6
46	6
46	6
46	6
46	6
46	6
46	6
46	6
46	7
35	7
35	7
35	7
35	7
35	7
35	7
35	7
35	7
35	7
35	7
35	7
35	7
35	7
35	7
35	7
35	7
35	7
35	7
35	7
35	7
35	7
35	7
35	7
35	7
35	7
35	7
35	7
35	7
35	7
35	7
35	7
35	7
35	7
35	7
35	7
35	7
35	7
35	7
35	7
35	7
35	7
35	7
35	7
35	7
35	7
46	7
46	7
46	7
46	7
46	8
46	8
46	8
46	8
46	8
46	8
46	8
46	8
46	8
46	8
46	8
46	8
46	8
46	8
46	8
46	8
46	8
46	8
46	8
46	8
46	8
46	8
46	8
46	8
46	8
46	8
46	8
46	8
46	8
46	8
46	8
46	8
46	8
46	8
35	8
35	8
35	8
35	8
35	8
35	8
35	8
35	8
35	8
35	8
35	8
35	8
35	8
35	8
35	8
35	8
35	9
35	9
35	9
35	9
35	9
35	9
35	9
35	9
35	9
35	9
35	9
35	9
35	9
35	9
35	9
35	9
35	9
46	9
46	9
46	9
46	9
46	9
46	9
46	9
46	9
46	9
46	9
46	9
46	9
46	9
46	9
46	9
46	9
46	9
46	9
46	9
46	9
46	9
46	9
46	9
46	9
46	9
46	9
46	9
46	9
46	9
46	9
46	9
46	9
46	9
46	10
46	10
46	10
46	10
46	10
46	10
46	10
46	10
46	10
46	10
46	10
46	10
46	10
46	10
46	10
35	10
35	10
35	10
35	10
35	10
35	10
35	10
35	10
35	10
35	10
35	10
35	10
35	10
35	10
35	10
35	10
35	10
35	10
35	10
35	10
46	10
46	10
46	10
46	10
46	10
46	10
46	10
46	10
46	10
46	10
46	10
46	10
46	10
46	10
46	10
46	11
46	11
46	11
46	11
46	11
46	11
46	11
46	11
46	11
46	11
46	11
46	11
46	11
46	11
46	11
46	11
46	11
46	11
46	11
46	11
46	11
46	11
46	11
46	11
46	11
46	11
46	11
46	11
46	11
46	11
46	11
46	11
46	11
46	11
46	11
46	11
46	11
46	11
46	11
46	11
46	11
46	11
46	11
46	11
46	11
46	11
46	11
46	11
46	11
46	11
46	12
46	12
46	12
46	12
46	12
46	12
46	12
46	12
46	12
46	12
46	12
46	12
46	12
46	12
46	12
46	12
46	12
46	12
46	12
46	12
46	12
46	12
46	12
46	12
46	12
46	12
46	12
46	12
46	12
46	12
46	12
46	12
46	12
46	12
46	12
46	12
46	12
46	12
46	12
46	12
46	12
46	12
46	12
46	12
46	12
46	12
46	12
46	12
46	12
46	12
46	13
46	13
46	13
46	13
46	13
46	13
46	13
46	13
46	13
46	13
46	13
46	13
46	13
46	13
46	13
46	13
46	13
46	13
46	13
46	13
46	13
46	13
46	13
46	13
46	13
46	13
46	13
46	13
46	13
46	13
46	13
46	13
46	13
46	13
46	13
46	13
46	13
46	13
46	13
46	13
46	13
46	13
46	13
46	13
46	13
46	13
46	13
46	13
46	13
46	13
46	14
46	14
46	14
46	14
46	14
46	14
46	14
46	14
46	14
46	14
46	14
46	14
46	14
46	14
46	14
46	14
46	14
46	14
46	14
46	14
46	14
46	14
46	14
46	14
46	14
46	14
46	14
46	14
46	14
46	14
46	14
46	14
46	14
46	14
46	14
46	14
46	14
46	14
46	14
46	14
46	14
46	14
46	14
46	14
46	14
46	14
46	14
46	14
46	14
46	14
46	15
46	15
46	15
46	15
46	15
46	15
46	15
46	15
46	15
46	15
46	15
46	15
46	15
46	15
46	15
46	15
46	15
46	15
46	15
46	15
46	15
46	15
46	15
46	15
46	15
46	15
46	15
46	15
46	15
46	15
46	15
46	15
46	15
46	15
46	15
46	15
46	15
46	15
46	15
46	15
46	15
46	15
46	15
46	15
46	15
46	15
46	15
46	15
46	15
46	15
46	16
46	16
46	16
46	16
46	16
46	16
46	16
46	16
46	16
46	16
46	16
46	16
46	16
46	16
46	16
46	16
46	16
46	16
46	16
46	16
46	16
46	16
46	16
46	16
46	16
46	16
46	16
46	16
46	16
46	16
46	16
46	16
46	16
46	16
46	16
46	16
46	16
46	16
46	16
46	16
46	16
46	16
46	16
46	16
46	16
46	16
46	16
46	16
46	16
46	16
46	17
46	17
46	17
46	17
46	17
46	17
46	17
46	17
46	17
46	17
46	17
46	17
46	17
46	17
46	17
46	17
46	17
46	17
46	17
46	17
46	17
46	17
46	17
46	17
46	17
46	17
46	17
46	17
46	17
46	17
46	17
46	17
46	17
46	17
46	17
46	17
46	17
46	17
46	17
46	17
46	17
46	17
46	17
46	17
46	17
46	17
46	17
46	17
46	17
46	17
46	18
46	18
46	18
46	18
46	18
46	18
46	18
46	18
46	18
46	18
46	18
46	18
46	18
46	18
46	18
46	18
46	18
46	18
46	18
46	18
46	18
46	18
46	18
46	18
46	18
46	18
46	18
46	18
46	18
46	18
46	18
46	18
46	18
46	18
46	18
46	18
46	18
46	18
46	18
46	18
46	18
46	18
46	18
46	18
46	18
46	18
46	18
46	18
46	18
46	18
46	19
46	19
46	19
46	19
46	19
46	19
46	19
46	19
46	19
46	19
46	19
46	19
46	19
46	19
46	19
46	19
46	19
46	19
46	19
46	19
46	19
46	19
46	19
46	19
46	19
46	19
46	19
46	19
46	19
46	19
46	19
46	19
46	19
46	19
46	19
46	19
46	19
46	19
46	19
46	19
46	19
46	19
46	19
46	19
46	19
46	19
46	19
46	19
46	19
46	19
46	20
46	20
46	20
46	20
46	20
46	20
46	20
46	20
46	20
46	20
46	20
46	20
46	20
46	20
46	20
46	20
46	20
46	20
46	20
46	20
46	20
46	20
46	20
46	20
46	20
46	20
46	20
46	20
46	20
46	20
46	20
46	20
46	20
46	20
46	20
46	20
46	20
46	20
46	20
46	20
46	20
46	20
46	20
46	20
46	20
46	20
46	20
46	20
46	20
46	20
46	21
46	21
46	21
46	21
46	21
46	21
46	21
46	21
46	21
46	21
46	21
46	21
46	21
46	21
46	21
46	21
46	21
46	21
46	21
46	21
46	21
46	21
46	21
46	21
46	21
46	21
46	21
46	21
46	21
46	21
46	21
46	21
46	21
46	21
46	21
46	21
46	21
46	21
46	21
46	21
46	21
46	21
46	21
46	21
46	21
46	21
46	21
46	21
46	21
46	21
46	22
46	22
46	22
46	22
46	22
46	22
46	22
46	22
46	22
46	22
46	22
46	22
46	22
46	22
46	22
46	22
46	22
46	22
46	22
46	22
46	22
46	22
46	22
46	22
46	22
46	22
46	22
46	22
46	22
46	22
46	22
46	22
46	22
46	22
46	22
46	22
46	22
46	22
46	22
46	22
46	22
46	22
46	22
46	22
46	22
46	22
46	22
46	22
46	22
46	22
46	23
46	23
46	23
46	23
46	23
46	23
46	23
46	23
46	23
46	23
46	23
46	23
46	23
46	23
46	23
46	23
46	23
46	23
46	23
46	23
46	23
46	23
46	23
46	23
46	23
46	23
46	23
46	23
46	23
46	23
46	23
46	23
46	23
46	23
46	23
46	23
46	23
46	23
46	23
46	23
46	23
46	23
46	23
46	23
46	23
46	23
46	23
46	23
46	23
46	23
46	24
46	24
46	24
46	24
46	24
46	24
46	24
46	24
46	24
46	24
46	24
46	24
46	24
46	24
46	24
46	24
46	24
46	24
46	24
46	24
46	24
46	24
46	24
46	24
46	24
46	24
46	24
46	24
46	24
46	24
46	24
46	24
46	24
46	24
46	24
46	24
46	24
46	24
46	24
46	24
46	24
46	24
46	24
46	24
46	24
46	24
46	24
46	24
46	24
46	24
46	25
46	25
46	25
46	25
46	25
46	25
46	25
46	25
46	25
46	25
46	25
46	25
46	25
46	25
46	25
46	25
46	25
46	25
46	25
46	25
46	25
46	25
46	25
46	25
46	25
46	25
46	25
46	25
46	25
46	25
46	25
46	25
46	25
46	25
46	25
46	25
46	25
46	25
46	25
46	25
46	25
46	25
46	25
46	25
46	25
46	25
46	25
46	25
46	25
46	25
46	26
46	26
46	26
46	26
46	26
46	26
46	26
46	26
46	26
46	26
46	26
46	26
46	26
46	26
46	26
46	26
46	26
46	26
46	26
46	26
46	26
46	26
46	26
46	26
46	26
46	26
46	26
46	26
46	26
46	26
46	26
46	26
46	26
46	26
46	26
46	26
46	26
46	26
46	26
46	26
46	26
46	26
46	26
46	26
46	26
46	26
46	26
46	26
46	26
46	26
46	27
46	27
46	27
46	27
46	27
46	27
46	27
46	27
46	27
46	27
46	27
46	27
46	27
46	27
46	27
46	27
46	27
46	27
46	27
46	27
46	27
46	27
46	27
46	27
46	27
46	27
46	27
46	27
46	27
46	27
46	27
46	27
46	27
46	27
46	27
46	27
46	27
46	27
46	27
46	27
46	27
46	27
46	27
46	27
46	27
46	27
46	27
46	27
46	27
46	27
46	28
46	28
46	28
46	28
46	28
46	28
46	28
46	28
46	28
46	28
46	28
46	28
46	28
46	28
46	28
46	28
46	28
46	28
46	28
46	28
46	28
46	28
46	28
46	28
46	28
46	28
46	28
46	28
46	28
46	28
46	28
46	28
46	28
46	28
46	28
46	28
46	28
46	28
46	28
46	28
46	28
58	28
58	28
58	28
58	28
58	28
58	28
58	28
58	28
58	28
58	29
58	29
58	29
58	29
58	29
58	29
58	29
58	29
58	29
70	29
70	29
70	29
70	29
70	29
70	29
70	29
70	29
70	29
70	29
70	29
70	29
70	29
70	29
70	29
70	29
70	29
70	29
70	29
82	29
82	29
82	29
82	29
82	29
82	29
82	29
82	29
82	29
82	29
82	29
93	29
93	29
93	29
93	29
93	29
93	29
93	29
93	29
93	29
93	29
93	29
93	30
93	30
93	30
105	30
105	30
105	30
105	30
105	30
105	30
105	30
105	30
105	30
105	30
105	30
105	30
105	30
105	30
117	30
117	30
117	30
117	30
117	30
117	30
117	30
117	30
117	30
117	30
117	30
128	30
128	30
128	30
128	30
128	30
128	30
128	30
128	30
140	30
140	30
140	30
140	30
140	30
140	30
140	30
140	30
140	30
152	30
152	30
152	30
152	30
152	30
152	31
152	31
152	31
152	31
164	31
164	31
164	31
164	31
164	31
164	31
164	31
164	31
175	31
175	31
175	31
175	31
175	31
175	31
175	31
175	31
175	31
187	31
187	31
187	31
187	31
187	31
187	31
187	31
187	31
199	31
199	31
199	31
199	31
199	31
199	31
199	31
199	31
210	31
210	31
210	31
210	31
210	31
210	31
210	31
210	31
222	31
222	31
222	31
222	31
222	31
222	32
222	32
222	32
234	32
234	32
234	32
234	32
234	32
234	32
234	32
246	32
246	32
246	32
246	32
246	32
246	32
246	32
246	32
257	32
257	32
257	32
257	32
257	32
257	32
257	32
269	32
269	32
269	32
269	32
269	32
269	32
269	32
269	32
281	32
281	32
281	32
281	32
281	32
281	32
281	32
292	32
292	32
292	32
292	32
292	32
292	32
292	32
304	32
304	32
304	32
304	33
304	33
304	33
304	33
316	33
316	33
316	33
316	33
316	33
316	33
316	33
328	33
328	33
328	33
328	33
328	33
328	33
328	33
339	33
339	33
339	33
339	33
339	33
339	33
351	33
351	33
351	33
351	33
351	33
351	33
351	33
363	33
363	33
363	33
363	33
363	33
363	33
375	33
375	33
375	33
375	33
375	33
375	33
386	33
386	33
386	33
386	33
386	33
386	33
386	33
398	34
398	34
398	34
398	34
398	34
398	34
410	34
410	34
410	34
410	34
410	34
410	34
421	34
421	34
421	34
421	34
421	34
433	34
433	34
433	34
433	34
433	34
433	34
445	34
445	34
445	34
445	34
445	34
445	34
457	34
457	34
457	34
457	34
457	34
468	34
468	34
468	34
468	34
468	34
468	34
480	34
480	34
480	34
480	34
480	34
480	34
492	34
492	34
492	34
492	34
492	35
503	35
503	35
503	35
503	35
503	35
503	35
515	35
515	35
515	35
515	35
515	35
527	35
527	35
527	35
527	35
527	35
539	35
539	35
539	35
539	35
539	35
539	35
550	35
550	35
550	35
550	35
550	35
562	35
562	35
562	35
562	35
562	35
562	35
574	35
574	35
574	35
574	35
574	35
585	35
585	35
585	35
585	35
585	35
597	35
597	35
597	35
597	35
597	35
609	35
609	36
609	36
609	36
609	36
621	36
621	36
621	36
621	36
621	36
632	36
632	36
632	36
632	36
644	36
644	36
644	36
644	36
644	36
656	36
656	36
656	36
656	36
656	36
667	36
667	36
667	36
667	36
667	36
667	36
679	36
679	36
679	36
679	36
679	36
691	36
691	36
691	36
691	36
691	36
691	36
703	36
703	36
703	36
703	36
703	36
703	36
714	36
714	36
714	36
714	36
714	37
714	37
726	37
726	37
726	37
726	37
726	37
738	37
738	37
738	37
738	37
738	37
750	37
750	37
750	37
750	37
750	37
761	37
761	37
761	37
761	37
761	37
773	37
773	37
773	37
773	37
773	37
785	37
785	37
785	37
785	37
796	37
796	37
796	37
796	37
808	37
808	37
808	37
808	37
808	37
820	37
820	37
820	37
820	37
832	37
832	37
832	37
832	37
832	37
843	37
843	38
843	38
843	38
855	38
855	38
855	38
855	38
855	38
867	38
867	38
867	38
867	38
878	38
878	38
878	38
878	38
890	38
890	38
890	38
890	38
902	38
902	38
902	38
902	38
914	38
914	38
914	38
925	38
925	38
925	38
925	38
937	38
937	38
937	38
937	38
949	38
949	38
949	38
949	38
960	38
960	38
960	38
960	38
972	38
972	38
972	38
972	38
984	38
984	38
984	38
984	39
996	39
996	39
996	39
996	39
1007	39
1007	39
1007	39
1007	39
1007	39
1019	39
1019	39
1019	39
1019	39
1031	39
1031	39
1031	39
1031	39
1042	39
1042	39
1042	39
1042	39
1054	39
1054	39
1054	39
1066	39
1066	39
1066	39
1066	39
1078	39
1078	39
1078	39
1089	39
1089	39
1089	39
1101	39
1101	39
1101	39
1113	39
1113	39
1113	39
1113	39
1125	39
1125	39
1125	39
1125	39
1136	39
1136	39
1136	39
1136	39
1148	40
1148	40
1148	40
1148	40
1160	40
1160	40
1160	40
1160	40
1171	40
1171	40
1171	40
1171	40
1183	40
1183	40
1183	40
1183	40
1195	40
1195	40
1195	40
1207	40
1207	40
1207	40
1207	40
1218	40
1218	40
1218	40
1218	40
1230	40
1230	40
1230	40
1242	40
1242	40
1242	40
1242	40
1253	40
1253	40
1253	40
1265	40
1265	40
1265	40
1277	40
1277	40
1277	40
1289	40
1289	40
1289	40
1289	40
1300	40
1300	40
1300	40
1312	41
1312	41
1312	41
1312	41
1324	41
1324	41
1324	41
1335	41
1335	41
1335	41
1335	41
1347	41
1347	41
1347	41
1359	41
1359	41
1359	41
1359	41
1371	41
1371	41
1371	41
1371	41
1382	41
1382	41
1382	41
1394	41
1394	41
1394	41
1394	41
1406	41
1406	41
1406	41
1406	41
1417	41
1417	41
1417	41
1429	41
1429	41
1429	41
1429	41
1441	41
1441	41
1441	41
1441	41
1453	41
1453	41
1453	41
1453	41
1464	41
1464	41
1464	42
1464	42
1476	42
1476	42
1476	42
1488	42
1488	42
1488	42
1488	42
1500	42
1500	42
1500	42
1500	42
1511	42
1511	42
1511	42
1511	42
1523	42
1523	42
1523	42
1535	42
1535	42
1535	42
1535	42
1546	42
1546	42
1546	42
1558	42
1558	42
1558	42
1558	42
1570	42
1570	42
1570	42
1582	42
1582	42
1582	42
1593	42
1593	42
1593	42
1593	42
1605	42
1605	42
1605	42
1617	42
1617	42
1617	42
1617	42
1628	42
1628	42
1628	43
1640	43
1640	43
1640	43
1652	43
1652	43
1652	43
1652	43
1664	43
1664	43
1664	43
1675	43
1675	43
1675	43
1687	43
1687	43
1687	43
1699	43
1699	43
1699	43
1699	43
1710	43
1710	43
1710	43
1722	43
1722	43
1722	43
1734	43
1734	43
1734	43
1734	43
1746	43
1746	43
1746	43
1757	43
1757	43
1757	43
1769	43
1769	43
1769	43
1769	43
1781	43
1781	43
1781	43
1792	43
1792	43
1792	43
1804	43
1804	43
1804	43
1804	44
1816	44
1816	44
1816	44
1828	44
1828	44
1828	44
1839	44
1839	44
1839	44
1851	44
1851	44
1851	44
1851	44
1863	44
1863	44
1863	44
1875	44
1875	44
1875	44
1886	44
1886	44
1886	44
1886	44
1898	44
1898	44
1898	44
1910	44
1910	44
1910	44
1921	44
1921	44
1921	44
1933	44
1933	44
1933	44
1933	44
1945	44
1945	44
1945	44
1957	44
1957	44
1957	44
1968	44
1968	44
1968	44
1980	44
1980	44
1980	44
1992	44
1992	45
1992	45
2003	45
2003	45
2015	45
2015	45
2015	45
2027	45
2027	45
2027	45
2039	45
2039	45
2039	45
2050	45
2050	45
2050	45
2062	45
2062	45
2062	45
2074	45
2074	45
2074	45
2085	45
2085	45
2085	45
2097	45
2097	45
2109	45
2109	45
2109	45
2121	45
2121	45
2121	45
2132	45
2132	45
2132	45
2144	45
2144	45
2144	45
2156	45
2156	45
2156	45
2167	45
2167	45
2167	45
2179	45
2179	45
2179	45
2191	45
2191	45
2191	46
2203	46
2203	46
2203	46
2214	46
2214	46
2214	46
2214	46
2226	46
2226	46
2226	46
2238	46
2238	46
2238	46
2250	46
2250	46
2250	46
2261	46
2261	46
2261	46
2273	46
2273	46
2273	46
2285	46
2285	46
2285	46
2296	46
2296	46
2308	46
2308	46
2308	46
2320	46
2320	46
2320	46
2332	46
2332	46
2332	46
2343	46
2343	46
2343	46
2355	46
2355	46
2355	46
2367	46
2367	46
2367	46
2378	46
2378	46
2390	46
2390	46
2390	47
2402	47
2402	47
2402	47
2414	47
2414	47
2414	47
2425	47
2425	47
2437	47
2437	47
2437	47
2449	47
2449	47
2449	47
2460	47
2460	47
2472	47
2472	47
2472	47
2484	47
2484	47
2484	47
2496	47
2496	47
2507	47
2507	47
2507	47
2519	47
2519	47
2531	47
2531	47
2531	47
2542	47
2542	47
2542	47
2554	47
2554	47
2554	47
2566	47
2566	47
2578	47
2578	47
2578	47
2589	47
2589	47
2601	47
2601	47
2601	47
2613	47
2613	48
2625	48
2625	48
2625	48
2636	48
2636	48
2636	48
2648	48
2648	48
2660	48
2660	48
2660	48
2671	48
2671	48
2683	48
2683	48
2683	48
2695	48
2695	48
2707	48
2707	48
2707	48
2718	48
2718	48
2730	48
2730	48
2742	48
2742	48
2753	48
2753	48
2753	48
2765	48
2765	48
2777	48
2777	48
2789	48
2789	48
2800	48
2800	48
2812	48
2812	48
2824	48
2824	48
2824	48
2835	48
2835	48
2847	48
2847	48
2859	48
2859	48
2859	49
2871	49
2871	49
2882	49
2882	49
2882	49
2894	49
2894	49
2906	49
2906	49
2917	49
2917	49
2917	49
2929	49
2929	49
2941	49
2941	49
2941	49
2953	49
2953	49
2964	49
2964	49
2964	49
2976	49
2976	49
2988	49
2988	49
2988	49
3000	49
3000	49
3011	49
3011	49
3011	49
3023	49
3023	49
3035	49
3035	49
3046	49
3046	49
3058	49
3058	49
3070	49
3070	49
3070	49
3082	49
3082	49
3093	49
3093	49
3105	49
3105	49
3105	50
3117	50
3117	50
3128	50
3128	50
3140	50
3140	50
3152	50
3152	50
3152	50
3164	50
3164	50
3175	50
3175	50
3187	50
3187	50
3199	50
3199	50
3199	50
3210	50
3210	50
3222	50
3222	50
3234	50
3234	50
3246	50
3246	50
3257	50
3257	50
3269	50
3269	50
3269	50
3281	50
3281	50
3292	50
3292	50
3304	50
3304	50
3304	50
3316	50
3316	50
3328	50
3328	50
3339	50
3339	50
3351	50
3351	50
3351	50
3363	50
3363	50
3375	51
3375	51
3386	51
3386	51
3398	51
3398	51
3410	51
3410	51
3421	51
3421	51
3421	51
3433	51
3433	51
3445	51
3445	51
3457	51
3457	51
3468	51
3468	51
3480	51
3480	51
3492	51
3503	51
3503	51
3515	51
3515	51
3527	51
3527	51
3539	51
3539	51
3550	51
3562	51
3562	51
3574	51
3574	51
3585	51
3585	51
3597	51
3597	51
3609	51
3609	51
3621	51
3621	51
3632	51
3632	51
3632	51
3644	51
3644	51
3656	51
3656	51
3667	52
3667	52
3679	52
3679	52
3691	52
3691	52
3703	52
3703	52
3714	52
3714	52
3714	52
3726	52
3726	52
3738	52
3738	52
3750	52
3750	52
3761	52
3761	52
3773	52
3773	52
3785	52
3785	52
3796	52
3796	52
3808	52
3808	52
3820	52
3820	52
3832	52
3832	52
3843	52
3843	52
3855	52
3855	52
3867	52
3867	52
3878	52
3878	52
3890	52
3890	52
3890	52
3902	52
3902	52
3914	52
3914	52
3925	52
3925	52
3937	52
3937	52
3949	53
3960	53
3960	53
3972	53
3972	53
3984	53
3984	53
3996	53
3996	53
4007	53
4007	53
4019	53
4019	53
4031	53
4031	53
4042	53
4042	53
4054	53
4054	53
4066	53
4066	53
4078	53
4078	53
4089	53
4089	53
4101	53
4101	53
4113	53
4125	53
4125	53
4136	53
4136	53
4148	53
4148	53
4160	53
4160	53
4171	53
4171	53
4183	53
4183	53
4195	53
4195	53
4207	53
4207	53
4218	53
4230	53
4230	53
4242	53
4242	53
4253	53
4265	54
4265	54
4277	54
4289	54
4289	54
4300	54
4312	54
4312	54
4324	54
4324	54
4335	54
4347	54
4347	54
4359	54
4359	54
4371	54
4371	54
4382	54
4382	54
4394	54
4394	54
4406	54
4417	54
4417	54
4429	54
4429	54
4441	54
4441	54
4453	54
4453	54
4464	54
4464	54
4476	54
4476	54
4488	54
4500	54
4500	54
4511	54
4511	54
4523	54
4523	54
4535	54
4535	54
4546	54
4546	54
4558	54
4570	54
4570	54
4582	54
4582	54
4593	55
4593	55
4605	55
4605	55
4617	55
4628	55
4628	55
4640	55
4640	55
4652	55
4652	55
4664	55
4664	55
4675	55
4687	55
4687	55
4699	55
4699	55
4710	55
4710	55
4722	55
4734	55
4734	55
4746	55
4746	55
4757	55
4757	55
4769	55
4781	55
4781	55
4792	55
4792	55
4804	55
4804	55
4816	55
4828	55
4828	55
4839	55
4839	55
4851	55
4863	55
4863	55
4875	55
4875	55
4886	55
4898	55
4898	55
4910	55
4910	55
4921	55
4921	56
4933	56
4945	56
4945	56
4957	56
4957	56
4968	56
4980	56
4980	56
4992	56
5003	56
5003	56
5015	56
5027	56
5027	56
5039	56
5050	56
5062	56
5062	56
5074	56
5074	56
5085	56
5097	56
5097	56
5109	56
5121	56
5121	56
5132	56
5132	56
5144	56
5156	56
5156	56
5167	56
5167	56
5179	56
5179	56
5191	56
5203	56
5203	56
5214	56
5214	56
5226	56
5226	56
5238	56
5250	56
5250	56
5261	56
5261	56
5273	56
5285	56
5285	57
5296	57
5296	57
5308	57
5320	57
5320	57
5332	57
5343	57
5343	57
5355	57
5355	57
5367	57
5378	57
5378	57
5390	57
5390	57
5402	57
5414	57
5414	57
5425	57
5425	57
5437	57
5449	57
5449	57
5460	57
5460	57
5472	57
5484	57
5484	57
5496	57
5507	57
5507	57
5519	57
5531	57
5531	57
5542	57
5542	57
5554	57
5554	57
5566	57
5578	57
5578	57
5589	57
5589	57
5601	57
5613	57
5613	57
5625	57
5625	57
5636	57
5648	58
5648	58
5660	58
5671	58
5671	58
5683	58
5683	58
5695	58
5707	58
5707	58
5718	58
5730	58
5730	58
5742	58
5753	58
5765	58
5765	58
5777	58
5789	58
5800	58
5800	58
5812	58
5824	58
5824	58
5835	58
5847	58
5847	58
5859	58
5871	58
5871	58
5882	58
5894	58
5894	58
5906	58
5906	58
5917	58
5929	58
5929	58
5941	58
5953	58
5964	58
5964	58
5976	58
5988	58
5988	58
6000	58
6000	58
6011	58
6023	58
6023	58
6035	59
6046	59
6046	59
6058	59
6070	59
6070	59
6082	59
6093	59
6093	59
6105	59
6117	59
6117	59
6128	59
6140	59
6140	59
6152	59
6164	59
6175	59
6175	59
6187	59
6199	59
6199	59
6210	59
6222	59
6222	59
6234	59
6246	59
6246	59
6257	59
6269	59
6269	59
6281	59
6292	59
6292	59
6304	59
6316	59
6316	59
6328	59
6328	59
6339	59
6351	59
6351	59
6363	59
6375	59
6375	59
6386	59
6398	59
6398	59
6410	59
6421	59
6421	60
6433	60
6445	60
6445	60
6457	60
6468	60
6468	60
6480	60
6492	60
6503	60
6503	60
6515	60
6527	60
6539	60
6539	60
6550	60
6562	60
6562	60
6574	60
6585	60
6597	60
6597	60
6609	60
6621	60
6621	60
6632	60
6644	60
6644	60
6656	60
6667	60
6679	60
6679	60
6691	60
6703	60
6703	60
6714	60
6726	60
6738	60
6738	60
6750	60
6761	60
6761	60
6773	60
6785	60
6785	60
6796	60
6808	60
6808	60
6820	60
6832	60
6843	61
6843	61
6855	61
6867	61
6867	61
6878	61
6890	61
6902	61
6902	61
6914	61
6925	61
6937	61
6937	61
6949	61
6960	61
6972	61
6972	61
6984	61
6996	61
6996	61
7007	61
7019	61
7031	61
7031	61
7042	61
7054	61
7054	61
7066	61
7078	61
7078	61
7089	61
7101	61
7101	61
7113	61
7125	61
7125	61
7136	61
7148	61
7148	61
7160	61
7171	61
7183	61
7183	61
7195	61
7207	61
7218	61
7218	61
7230	61
7242	61
7253	61
7253	62
7265	62
7277	62
7289	62
7300	62
7300	62
7312	62
7324	62
7335	62
7347	62
7347	62
7359	62
7371	62
7371	62
7382	62
7394	62
7406	62
7406	62
7417	62
7429	62
7441	62
7453	62
7453	62
7464	62
7476	62
7488	62
7500	62
7500	62
7511	62
7523	62
7535	62
7535	62
7546	62
7558	62
7558	62
7570	62
7582	62
7593	62
7593	62
7605	62
7617	62
7628	62
7640	62
7652	62
7652	62
7664	62
7675	62
7687	62
7687	62
7699	62
7710	63
7722	63
7734	63
7734	63
7746	63
7757	63
7757	63
7769	63
7781	63
7792	63
7792	63
7804	63
7816	63
7816	63
7828	63
7839	63
7839	63
7851	63
7851	63
7863	63
7875	63
7875	63
7886	63
7898	63
7910	63
7910	63
7921	63
7933	63
7945	63
7957	63
7957	63
7968	63
7980	63
7980	63
7992	63
8003	63
8015	63
8015	63
8027	63
8039	63
8050	63
8050	63
8062	63
8074	63
8085	63
8085	63
8097	63
8109	63
8121	63
8121	63
8132	64
8144	64
8156	64
8156	64
8167	64
8179	64
8191	64
8203	64
8203	64
8214	64
8226	64
8238	64
8250	64
8261	64
8261	64
8273	64
8285	64
8285	64
8296	64
8308	64
8320	64
8320	64
8332	64
8343	64
8355	64
8367	64
8378	64
8390	64
8402	64
8414	64
8425	64
8437	64
8437	64
8449	64
8460	64
8472	64
8484	64
8484	64
8496	64
8507	64
8519	64
8519	64
8531	64
8542	64
8554	64
8566	64
8566	64
8578	64
8589	64
8601	64
8601	65
8613	65
8625	65
8636	65
8636	65
8648	65
8660	65
8671	65
8683	65
8683	65
8695	65
8707	65
8718	65
8718	65
8730	65
8742	65
8753	65
8765	65
8765	65
8777	65
8789	65
8800	65
8800	65
8812	65
8824	65
8835	65
8835	65
8847	65
8859	65
8871	65
8882	65
8894	65
8894	65
8906	65
8917	65
8929	65
8929	65
8941	65
8953	65
8964	65
8964	65
8976	65
8988	65
9000	65
9011	65
9011	65
9023	65
9035	65
9046	65
9046	65
9058	66
9070	66
9082	66
9093	66
9105	66
9117	66
9117	66
9128	66
9140	66
9152	66
9164	66
9175	66
9187	66
9199	66
9210	66
9222	66
9234	66
9246	66
9246	66
9257	66
9269	66
9281	66
9281	66
9292	66
9304	66
9316	66
9328	66
9339	66
9351	66
9351	66
9363	66
9375	66
9386	66
9398	66
9398	66
9410	66
9421	66
9433	66
9445	66
9457	66
9457	66
9468	66
9480	66
9492	66
9503	66
9515	66
9515	66
9527	66
9539	66
9550	66
9562	67
9562	67
9574	67
9585	67
9597	67
9609	67
9621	67
9621	67
9632	67
9644	67
9656	67
9667	67
9679	67
9679	67
9691	67
9703	67
9714	67
9726	67
9738	67
9750	67
9761	67
9761	67
9773	67
9785	67
9796	67
9796	67
9808	67
9820	67
9832	67
9843	67
9855	67
9867	67
9878	67
9890	67
9902	67
9914	67
9925	67
9937	67
9949	67
9960	67
9972	67
9984	67
9996	67
10007	67
10007	67
10019	67
10031	67
10042	67
10054	67
10066	67
10078	68
10078	68
10089	68
10101	68
10113	68
10125	68
10125	68
10136	68
10148	68
10160	68
10171	68
10183	68
10195	68
10207	68
10207	68
10218	68
10230	68
10242	68
10253	68
10253	68
10265	68
10277	68
10289	68
10300	68
10300	68
10312	68
10324	68
10335	68
10347	68
10359	68
10359	68
10371	68
10382	68
10394	68
10406	68
10417	68
10429	68
10429	68
10441	68
10453	68
10464	68
10464	68
10476	68
10488	68
10500	68
10511	68
10523	68
10535	68
10535	68
10546	68
10558	69
10570	69
10582	69
10593	69
10605	69
10617	69
10628	69
10640	69
10652	69
10664	69
10675	69
10699	69
10710	69
10722	69
10722	69
10734	69
10746	69
10757	69
10769	69
10781	69
10792	69
10804	69
10816	69
10828	69
10839	69
10851	69
10863	69
10875	69
10886	69
10898	69
10898	69
10910	69
10921	69
10933	69
10945	69
10957	69
10968	69
10980	69
10992	69
11003	69
11003	69
11015	69
11027	69
11039	69
11050	69
11062	69
11074	69
11085	69
11085	69
11097	69
11109	70
11121	70
11132	70
11144	70
11156	70
11167	70
11179	70
11179	70
11191	70
11203	70
11203	70
11214	70
11226	70
11238	70
11250	70
11250	70
11261	70
11273	70
11285	70
11296	70
11308	70
11320	70
11332	70
11343	70
11355	70
11367	70
11378	70
11390	70
11402	70
11414	70
11425	70
11437	70
11449	70
11460	70
11472	70
11484	70
11484	70
11496	70
11507	70
11519	70
11531	70
11542	70
11554	70
11566	70
11578	70
11589	70
11601	70
11613	70
11625	70
11636	70
11648	71
11660	71
11671	71
11671	71
11683	71
11695	71
11707	71
11718	71
11730	71
11742	71
11753	71
11765	71
11777	71
11789	71
11800	71
11812	71
11824	71
11835	71
11847	71
11859	71
11871	71
11882	71
11894	71
11906	71
11906	71
11917	71
11929	71
11941	71
11953	71
11964	71
11976	71
11988	71
12000	71
12000	71
12011	71
12023	71
12035	71
12046	71
12058	71
12070	71
12082	71
12093	71
12105	71
12117	71
12128	71
12140	71
12152	71
12164	71
12175	71
12187	71
12199	72
12210	72
12222	72
12234	72
12246	72
12257	72
12269	72
12281	72
12292	72
12304	72
12316	72
12328	72
12339	72
12351	72
12363	72
12375	72
12386	72
12398	72
12398	72
12410	72
12421	72
12433	72
12445	72
12457	72
12468	72
12480	72
12492	72
12503	72
12515	72
12527	72
12539	72
12550	72
12562	72
12574	72
12585	72
12597	72
12609	72
12621	72
12632	72
12644	72
12656	72
12667	72
12667	72
12679	72
12691	72
12703	72
12714	72
12714	72
12726	72
12738	72
12750	73
12761	73
12773	73
12785	73
12796	73
12808	73
12820	73
12832	73
12843	73
12855	73
12867	73
12878	73
12890	73
12902	73
12914	73
12925	73
12937	73
12949	73
12960	73
12972	73
12984	73
12996	73
13007	73
13019	73
13031	73
13042	73
13054	73
13066	73
13078	73
13101	73
13113	73
13125	73
13136	73
13148	73
13160	73
13171	73
13183	73
13195	73
13207	73
13218	73
13230	73
13242	73
13253	73
13265	73
13277	73
13300	73
13312	73
13324	73
13335	73
13347	73
13359	74
13371	74
13382	74
13394	74
13406	74
13417	74
13429	74
13441	74
13453	74
13464	74
13464	74
13476	74
13488	74
13500	74
13511	74
13523	74
13535	74
13546	74
13558	74
13570	74
13582	74
13593	74
13605	74
13617	74
13628	74
13640	74
13652	74
13664	74
13687	74
13699	74
13710	74
13722	74
13734	74
13746	74
13757	74
13769	74
13781	74
13792	74
13804	74
13816	74
13828	74
13839	74
13851	74
13863	74
13875	74
13886	74
13898	74
13910	74
13921	74
13933	74
13945	75
13957	75
13968	75
13980	75
13992	75
14003	75
14015	75
14027	75
14039	75
14050	75
14062	75
14074	75
14097	75
14109	75
14121	75
14132	75
14144	75
14156	75
14167	75
14179	75
14191	75
14203	75
14203	75
14214	75
14226	75
14238	75
14250	75
14261	75
14273	75
14285	75
14296	75
14308	75
14320	75
14332	75
14343	75
14355	75
14367	75
14378	75
14390	75
14402	75
14414	75
14425	75
14437	75
14449	75
14460	75
14472	75
14484	75
14496	75
14507	75
14519	75
14531	76
14542	76
14554	76
14566	76
14578	76
14589	76
14601	76
14613	76
14625	76
14636	76
14648	76
14660	76
14671	76
14683	76
14695	76
14707	76
14730	76
14742	76
14753	76
14765	76
14777	76
14789	76
14800	76
14812	76
14835	76
14847	76
14859	76
14871	76
14882	76
14894	76
14906	76
14917	76
14929	76
14941	76
14953	76
14964	76
14976	76
14988	76
15000	76
15011	76
15023	76
15035	76
15046	76
15058	76
15070	76
15082	76
15093	76
15105	76
15117	76
15128	76
15140	77
15152	77
15164	77
15175	77
15187	77
15199	77
15210	77
15222	77
15234	77
15246	77
15257	77
15269	77
15281	77
15292	77
15304	77
15316	77
15328	77
15339	77
15351	77
15363	77
15375	77
15386	77
15398	77
15410	77
15421	77
15433	77
15445	77
15457	77
15468	77
15480	77
15492	77
15515	77
15527	77
15539	77
15550	77
15562	77
15574	77
15585	77
15609	77
15621	77
15632	77
15644	77
15656	77
15667	77
15679	77
15691	77
15703	77
15714	77
15726	77
15738	77
15750	78
15750	78
15761	78
15785	78
15796	78
15808	78
15820	78
15832	78
15843	78
15855	78
15867	78
15878	78
15890	78
15902	78
15914	78
15925	78
15937	78
15949	78
15960	78
15972	78
15984	78
15996	78
16007	78
16019	78
16031	78
16042	78
16054	78
16066	78
16078	78
16089	78
16101	78
16113	78
16136	78
16148	78
16160	78
16171	78
16183	78
16195	78
16207	78
16218	78
16230	78
16242	78
16253	78
16277	78
16289	78
16300	78
16312	78
16324	78
16335	78
16359	78
16371	79
16382	79
16394	79
16406	79
16417	79
16429	79
16441	79
16453	79
16464	79
16476	79
16488	79
16500	79
16511	79
16523	79
16535	79
16546	79
16558	79
16570	79
16582	79
16593	79
16605	79
16617	79
16628	79
16640	79
16652	79
16675	79
16687	79
16699	79
16710	79
16722	79
16734	79
16746	79
16757	79
16769	79
16781	79
16792	79
16804	79
16816	79
16839	79
16851	79
16863	79
16875	79
16886	79
16898	79
16910	79
16921	79
16933	79
16945	79
16957	79
16980	79
16992	80
17003	80
17015	80
17039	80
17050	80
17062	80
17074	80
17085	80
17097	80
17109	80
17132	80
17144	80
17156	80
17167	80
17179	80
17191	80
17203	80
17214	80
17226	80
17238	80
17250	80
17261	80
17273	80
17285	80
17296	80
17308	80
17320	80
17332	80
17343	80
17367	80
17378	80
17390	80
17402	80
17414	80
17425	80
17437	80
17449	80
17460	80
17472	80
17484	80
17496	80
17507	80
17519	80
17542	80
17554	80
17566	80
17578	80
17589	80
17601	80
17613	80
17625	81
17636	81
17648	81
17660	81
17671	81
17683	81
17695	81
17707	81
17730	81
17742	81
17753	81
17765	81
17777	81
17800	81
17812	81
17824	81
17835	81
17847	81
17871	81
17882	81
17894	81
17906	81
17917	81
17929	81
17941	81
17953	81
17964	81
17988	81
18000	81
18011	81
18023	81
18035	81
18046	81
18058	81
18070	81
18082	81
18093	81
18117	81
18128	81
18140	81
18152	81
18164	81
18175	81
18187	81
18210	81
18222	81
18234	81
18246	81
18257	81
18269	81
18281	82
18292	82
18304	82
18316	82
18328	82
18339	82
18363	82
18375	82
18386	82
18398	82
18410	82
18421	82
18433	82
18445	82
18457	82
18468	82
18492	82
18503	82
18515	82
18527	82
18539	82
18562	82
18574	82
18585	82
18597	82
18609	82
18621	82
18632	82
18656	82
18667	82
18679	82
18691	82
18703	82
18714	82
18726	82
18750	82
18761	82
18773	82
18785	82
18796	82
18808	82
18820	82
18832	82
18855	82
18867	82
18878	82
18890	82
18902	82
18914	82
18937	82
18949	83
18960	83
18972	83
18984	83
18996	83
19019	83
19031	83
19042	83
19054	83
19066	83
19078	83
19089	83
19101	83
19113	83
19125	83
19136	83
19148	83
19171	83
19183	83
19195	83
19207	83
19218	83
19230	83
19242	83
19265	83
19277	83
19289	83
19312	83
19324	83
19335	83
19347	83
19359	83
19371	83
19382	83
19406	83
19417	83
19429	83
19441	83
19464	83
19476	83
19488	83
19500	83
19523	83
19535	83
19546	83
19558	83
19570	83
19582	83
19593	83
19617	83
19628	84
19640	84
19652	84
19675	84
19687	84
19699	84
19710	84
19722	84
19734	84
19757	84
19769	84
19781	84
19792	84
19804	84
19816	84
19828	84
19839	84
19851	84
19863	84
19875	84
19886	84
19898	84
19910	84
19933	84
19945	84
19957	84
19968	84
19980	84
19992	84
20003	84
20015	84
20027	84
20050	84
20062	84
20074	84
20085	84
20097	84
20109	84
20132	84
20144	84
20156	84
20167	84
20179	84
20191	84
20214	84
20226	84
20238	84
20250	84
20261	84
20273	84
20285	85
20308	85
20320	85
20332	85
20343	85
20367	85
20378	85
20390	85
20414	85
20425	85
20437	85
20460	85
20472	85
20484	85
20496	85
20507	85
20519	85
20542	85
20554	85
20566	85
20578	85
20589	85
20601	85
20625	85
20636	85
20648	85
20660	85
20671	85
20683	85
20695	85
20718	85
20730	85
20742	85
20753	85
20765	85
20777	85
20789	85
20812	85
20824	85
20835	85
20847	85
20859	85
20871	85
20894	85
20906	85
20917	85
20929	85
20941	85
20953	85
20976	85
20988	86
21000	86
21011	86
21023	86
21035	86
21046	86
21070	86
21082	86
21093	86
21105	86
21128	86
21140	86
21164	86
21175	86
21187	86
21210	86
21222	86
21234	86
21246	86
21257	86
21281	86
21292	86
21304	86
21316	86
21328	86
21351	86
21363	86
21375	86
21386	86
21398	86
21410	86
21433	86
21445	86
21457	86
21468	86
21480	86
21492	86
21515	86
21527	86
21539	86
21550	86
21562	86
21585	86
21597	86
21609	86
21621	86
21632	86
21656	86
21667	86
21679	86
21691	87
21703	87
21726	87
21738	87
21750	87
21761	87
21773	87
21796	87
21808	87
21820	87
21832	87
21855	87
21867	87
21890	87
21902	87
21925	87
21937	87
21949	87
21972	87
21984	87
21996	87
22007	87
22019	87
22042	87
22054	87
22066	87
22078	87
22101	87
22113	87
22125	87
22136	87
22148	87
22160	87
22183	87
22195	87
22207	87
22218	87
22230	87
22242	87
22253	87
22277	87
22289	87
22300	87
22312	87
22324	87
22335	87
22347	87
22371	87
22382	87
22394	87
22406	88
22417	88
22429	88
22453	88
22464	88
22476	88
22488	88
22500	88
22511	88
22523	88
22546	88
22558	88
22570	88
22582	88
22605	88
22617	88
22640	88
22652	88
22675	88
22687	88
22710	88
22722	88
22734	88
22746	88
22757	88
22781	88
22792	88
22804	88
22828	88
22839	88
22863	88
22875	88
22886	88
22898	88
22910	88
22933	88
22945	88
22957	88
22968	88
22992	88
23003	88
23015	88
23027	88
23039	88
23062	88
23074	88
23085	88
23097	88
23109	88
23132	88
23144	89
23156	89
23167	89
23179	89
23191	89
23203	89
23214	89
23226	89
23238	89
23261	89
23273	89
23285	89
23296	89
23308	89
23332	89
23343	89
23355	89
23367	89
23390	89
23402	89
23414	89
23437	89
23449	89
23460	89
23484	89
23496	89
23507	89
23519	89
23542	89
23554	89
23566	89
23578	89
23601	89
23613	89
23625	89
23648	89
23660	89
23671	89
23683	89
23695	89
23718	89
23730	89
23742	89
23753	89
23777	89
23789	89
23800	89
23824	89
23835	89
23847	89
23859	90
23882	90
23894	90
23906	90
23917	90
23941	90
23953	90
23964	90
23976	90
23988	90
24000	90
24023	90
24035	90
24046	90
24058	90
24082	90
24093	90
24105	90
24128	90
24140	90
24152	90
24175	90
24187	90
24199	90
24222	90
24234	90
24246	90
24257	90
24281	90
24292	90
24304	90
24328	90
24339	90
24351	90
24363	90
24375	90
24398	90
24410	90
24421	90
24433	90
24457	90
24468	90
24480	90
24492	90
24515	90
24527	90
24539	90
24550	90
24574	90
24585	90
24597	91
24609	91
24632	91
24644	91
24656	91
24667	91
24679	91
24691	91
24703	91
24714	91
24726	91
24750	91
24761	91
24773	91
24785	91
24808	91
24820	91
24832	91
24843	91
24867	91
24878	91
24890	91
24914	91
24925	91
24949	91
24960	91
24972	91
24996	91
25007	91
25019	91
25031	91
25054	91
25066	91
25089	91
25101	91
25125	91
25136	91
25148	91
25160	91
25183	91
25195	91
25207	91
25230	91
25242	91
25265	91
25277	91
25300	91
25312	91
25324	91
25347	91
25359	92
25371	92
25382	92
25406	92
25417	92
25429	92
25441	92
25464	92
25476	92
25488	92
25500	92
25511	92
25535	92
25546	92
25558	92
25582	92
25593	92
25605	92
25617	92
25640	92
25652	92
25664	92
25687	92
25699	92
25710	92
25734	92
25746	92
25757	92
25781	92
25792	92
25804	92
25816	92
25839	92
25851	92
25863	92
25886	92
25898	92
25910	92
25921	92
25945	92
25957	92
25968	92
25992	92
26003	92
26027	92
26039	92
26050	92
26074	92
26085	92
26097	92
26121	93
26132	93
26144	93
26167	93
26179	93
26191	93
26203	93
26214	93
26226	93
26250	93
26261	93
26273	93
26296	93
26308	93
26320	93
26343	93
26355	93
26367	93
26378	93
26402	93
26414	93
26425	93
26449	93
26460	93
26472	93
26496	93
26507	93
26519	93
26531	93
26554	93
26566	93
26578	93
26601	93
26613	93
26625	93
26636	93
26660	93
26671	93
26683	93
26707	93
26718	93
26730	93
26753	93
26765	93
26789	93
26800	93
26824	93
26835	93
26847	93
26871	93
26882	94
26894	94
26917	94
26929	94
26941	94
26953	94
26976	94
26988	94
27000	94
27011	94
27035	94
27046	94
27058	94
27082	94
27093	94
27105	94
27128	94
27140	94
27152	94
27175	94
27187	94
27199	94
27210	94
27234	94
27246	94
27269	94
27281	94
27292	94
27304	94
27328	94
27339	94
27351	94
27375	94
27386	94
27398	94
27421	94
27433	94
27445	94
27468	94
27480	94
27503	94
27515	94
27539	94
27550	94
27574	94
27585	94
27597	94
27621	94
27632	94
27644	94
27667	95
27679	95
27691	95
27714	95
27726	95
27738	95
27750	95
27773	95
27785	95
27796	95
27820	95
27832	95
27843	95
27867	95
27878	95
27890	95
27914	95
27925	95
27937	95
27949	95
27972	95
27984	95
28007	95
28019	95
28031	95
28054	95
28066	95
28078	95
28089	95
28113	95
28125	95
28148	95
28160	95
28171	95
28195	95
28207	95
28218	95
28242	95
28265	95
28277	95
28300	95
28312	95
28335	95
28347	95
28359	95
28382	95
28394	95
28406	95
28429	95
28441	95
28453	96
28476	96
28488	96
28500	96
28523	96
28535	96
28546	96
28570	96
28582	96
28593	96
28617	96
28628	96
28640	96
28664	96
28675	96
28687	96
28710	96
28722	96
28734	96
28757	96
28769	96
28781	96
28804	96
28816	96
28828	96
28851	96
28863	96
28875	96
28898	96
28910	96
28921	96
28945	96
28957	96
28980	96
28992	96
29015	96
29027	96
29050	96
29062	96
29085	96
29097	96
29109	96
29132	96
29144	96
29167	96
29179	96
29191	96
29203	96
29226	96
29238	96
29250	97
29273	97
29285	97
29296	97
29320	97
29332	97
29343	97
29367	97
29378	97
29390	97
29414	97
29425	97
29437	97
29460	97
29472	97
29484	97
29507	97
29519	97
29531	97
29554	97
29566	97
29578	97
29589	97
29613	97
29625	97
29636	97
29660	97
29671	97
29683	97
29707	97
29718	97
29742	97
29753	97
29777	97
29789	97
29812	97
29824	97
29847	97
29859	97
29871	97
29894	97
29906	97
29917	97
29941	97
29953	97
29964	97
29988	97
30000	97
30011	97
30035	97
30046	98
30058	98
30082	98
30093	98
30117	98
30128	98
30140	98
30164	98
30175	98
30199	98
30210	98
30222	98
30246	98
30257	98
30269	98
30292	98
30304	98
30316	98
30339	98
30351	98
30363	98
30375	98
30398	98
30410	98
30421	98
30445	98
30457	98
30480	98
30492	98
30515	98
30527	98
30539	98
30562	98
30574	98
30597	98
30609	98
30621	98
30644	98
30656	98
30679	98
30691	98
30703	98
30726	98
30738	98
30750	98
30773	98
30785	98
30796	98
30820	98
30832	98
30855	99
30867	99
30878	99
30902	99
30914	99
30937	99
30949	99
30960	99
30984	99
30996	99
31019	99
31031	99
31042	99
31066	99
31078	99
31089	99
31101	99
31125	99
31136	99
31148	99
31171	99
31183	99
31207	99
31218	99
31230	99
31253	99
31265	99
31289	99
31300	99
31324	99
31335	99
31359	99
31371	99
31382	99
31406	99
31417	99
31441	99
31453	99
31476	99
31488	99
31511	99
31523	99
31535	99
31558	99
31570	99
31593	99
31605	99
31628	99
31640	99
31664	99
31675	100
31687	100
31710	100
31722	100
31746	100
31757	100
31769	100
31792	100
31804	100
31816	100
31828	100
31839	100
31863	100
31875	100
31886	100
31898	100
31921	100
31933	100
31957	100
31968	100
31980	100
32003	100
32015	100
32027	100
32050	100
32062	100
32074	100
32097	100
32109	100
32121	100
32144	100
32156	100
32167	100
32191	100
32203	100
32226	100
32238	100
32261	100
32273	100
32285	100
32308	100
32320	100
32332	100
32355	100
32378	100
32390	100
32414	100
32425	100
32449	100
32460	100
32484	101
32496	101
32507	101
32531	101
32542	101
32566	101
32578	101
32589	101
32613	101
32625	101
32636	101
32660	101
32671	101
32683	101
32707	101
32718	101
32730	101
32753	101
32765	101
32777	101
32800	101
32812	101
32835	101
32847	101
32859	101
32882	101
32894	101
32906	101
32929	101
32941	101
32953	101
32976	101
32988	101
33011	101
33023	101
33035	101
33058	101
33070	101
33082	101
33105	101
33117	101
33140	101
33164	101
33175	101
33199	101
33210	101
33234	101
33246	101
33257	101
33281	101
33292	102
33316	102
33328	102
33351	102
33363	102
33375	102
33398	102
33410	102
33421	102
33445	102
33457	102
33468	102
33492	102
33503	102
33515	102
33539	102
33550	102
33562	102
33585	102
33597	102
33621	102
33632	102
33644	102
33667	102
33679	102
33691	102
33714	102
33726	102
33750	102
33761	102
33785	102
33796	102
33808	102
33832	102
33843	102
33867	102
33878	102
33902	102
33925	102
33949	102
33960	102
33984	102
33996	102
34007	102
34019	102
34042	102
34054	102
34078	102
34089	102
34113	102
34125	103
34136	103
34160	103
34171	103
34183	103
34207	103
34218	103
34230	103
34253	103
34265	103
34277	103
34289	103
34312	103
34324	103
34335	103
34359	103
34371	103
34394	103
34406	103
34417	103
34441	103
34453	103
34464	103
34476	103
34500	103
34511	103
34535	103
34546	103
34558	103
34582	103
34593	103
34617	103
34640	103
34652	103
34675	103
34699	103
34710	103
34734	103
34746	103
34757	103
34781	103
34792	103
34816	103
34828	103
34851	103
34875	103
34886	103
34898	103
34921	103
34933	103
34957	104
34968	104
34980	104
35003	104
35015	104
35039	104
35050	104
35062	104
35085	104
35097	104
35109	104
35132	104
35144	104
35167	104
35179	104
35191	104
35203	104
35214	104
35238	104
35250	104
35261	104
35285	104
35296	104
35308	104
35332	104
35343	104
35367	104
35378	104
35402	104
35414	104
35437	104
35460	104
35472	104
35484	104
35507	104
35519	104
35542	104
35554	104
35578	104
35589	104
35613	104
35625	104
35648	104
35660	104
35671	104
35695	104
35707	104
35730	104
35742	104
35765	104
35777	105
35789	105
35812	105
35824	105
35847	105
35859	105
35882	105
35894	105
35906	105
35929	105
35941	105
35953	105
35976	105
35988	105
36011	105
36023	105
36035	105
36058	105
36070	105
36093	105
36105	105
36128	105
36140	105
36164	105
36175	105
36199	105
36210	105
36234	105
36246	105
36269	105
36281	105
36292	105
36316	105
36328	105
36351	105
36363	105
36375	105
36398	105
36410	105
36433	105
36445	105
36468	105
36480	105
36492	105
36515	105
36527	105
36550	105
36562	105
36574	105
36597	105
36609	106
36632	106
36644	106
36667	106
36679	106
36691	106
36703	106
36714	106
36738	106
36750	106
36761	106
36785	106
36796	106
36820	106
36832	106
36855	106
36867	106
36890	106
36902	106
36925	106
36937	106
36960	106
36972	106
36996	106
37007	106
37031	106
37042	106
37066	106
37078	106
37101	106
37125	106
37136	106
37160	106
37171	106
37195	106
37207	106
37230	106
37242	106
37265	106
37277	106
37300	106
37324	106
37335	106
37359	106
37371	106
37382	106
37406	106
37417	106
37441	106
37453	106
37464	107
37488	107
37500	107
37523	107
37535	107
37546	107
37570	107
37582	107
37605	107
37617	107
37640	107
37652	107
37675	107
37687	107
37710	107
37722	107
37746	107
37757	107
37781	107
37792	107
37816	107
37828	107
37851	107
37863	107
37886	107
37898	107
37910	107
37933	107
37945	107
37968	107
37980	107
38003	107
38015	107
38039	107
38050	107
38074	107
38085	107
38109	107
38121	107
38144	107
38156	107
38179	107
38191	107
38203	107
38226	107
38238	107
38250	107
38273	107
38285	107
38308	107
38320	108
38343	108
38355	108
38367	108
38390	108
38402	108
38425	108
38437	108
38460	108
38472	108
38496	108
38507	108
38531	108
38542	108
38554	108
38578	108
38589	108
38613	108
38625	108
38648	108
38660	108
38683	108
38695	108
38718	108
38730	108
38753	108
38765	108
38789	108
38812	108
38824	108
38847	108
38859	108
38882	108
38894	108
38917	108
38929	108
38953	108
38964	108
38976	108
39000	108
39011	108
39035	108
39046	108
39070	108
39082	108
39105	108
39117	108
39128	108
39152	108
39164	108
39187	109
39199	109
39222	109
39234	109
39257	109
39269	109
39292	109
39304	109
39316	109
39339	109
39351	109
39375	109
39386	109
39410	109
39421	109
39445	109
39457	109
39480	109
39492	109
39515	109
39539	109
39562	109
39574	109
39597	109
39609	109
39632	109
39644	109
39667	109
39679	109
39703	109
39714	109
39726	109
39750	109
39761	109
39785	109
39796	109
39820	109
39832	109
39855	109
39867	109
39878	109
39902	109
39914	109
39937	109
39949	109
39972	109
39984	109
40007	109
40019	109
40042	109
40054	110
40078	110
40089	110
40113	110
40125	110
40148	110
40160	110
40183	110
40195	110
40218	110
40230	110
40253	110
40277	110
40300	110
40312	110
40335	110
40359	110
40371	110
40394	110
40406	110
40429	110
40441	110
40464	110
40476	110
40488	110
40511	110
40523	110
40546	110
40570	110
40582	110
40605	110
40617	110
40628	110
40652	110
40664	110
40687	110
40710	110
40722	110
40746	110
40757	110
40781	110
40792	110
40816	110
40828	110
40851	110
40863	110
40886	110
40898	110
40921	110
40933	110
40957	111
40980	111
40992	111
41015	111
41039	111
41062	111
41074	111
41097	111
41109	111
41132	111
41144	111
41167	111
41191	111
41203	111
41214	111
41238	111
41250	111
41273	111
41285	111
41308	111
41320	111
41343	111
41355	111
41378	111
41390	111
41414	111
41425	111
41449	111
41460	111
41484	111
41507	111
41519	111
41542	111
41554	111
41578	111
41589	111
41613	111
41625	111
41648	111
41660	111
41683	111
41695	111
41718	111
41742	111
41753	111
41777	111
41800	111
41824	111
41835	111
41859	111
41871	112
41894	112
41906	112
41929	112
41953	112
41964	112
41988	112
42000	112
42023	112
42035	112
42058	112
42082	112
42093	112
42117	112
42128	112
42152	112
42175	112
42187	112
42210	112
42234	112
42246	112
42269	112
42281	112
42304	112
42316	112
42339	112
42351	112
42375	112
42386	112
42410	112
42421	112
42445	112
42468	112
42480	112
42503	112
42527	112
42539	112
42562	112
42585	112
42597	112
42621	112
42644	112
42656	112
42679	112
42691	112
42714	112
42738	112
42750	112
42773	112
42785	112
42808	113
42820	113
42843	113
42867	113
42878	113
42902	113
42925	113
42937	113
42960	113
42984	113
42996	113
43019	113
43031	113
43054	113
43078	113
43089	113
43113	113
43125	113
43148	113
43160	113
43183	113
43195	113
43218	113
43242	113
43265	113
43277	113
43300	113
43324	113
43347	113
43359	113
43382	113
43394	113
43417	113
43441	113
43464	113
43488	113
43500	113
43523	113
43535	113
43558	113
43582	113
43593	113
43617	113
43640	113
43652	113
43675	113
43699	113
43710	113
43734	113
43757	113
43769	114
43792	114
43804	114
43828	114
43839	114
43851	114
43875	114
43886	114
43910	114
43933	114
43945	114
43968	114
43980	114
44003	114
44015	114
44039	114
44062	114
44074	114
44097	114
44109	114
44132	114
44156	114
44167	114
44191	114
44214	114
44238	114
44250	114
44273	114
44285	114
44308	114
44320	114
44343	114
44367	114
44390	114
44414	114
44437	114
44460	114
44472	114
44496	114
44507	114
44531	114
44554	114
44566	114
44589	114
44613	114
44625	114
44648	114
44660	114
44683	114
44707	114
44718	115
44742	115
44753	115
44777	115
44789	115
44812	115
44835	115
44847	115
44871	115
44882	115
44906	115
44929	115
44941	115
44964	115
44976	115
45000	115
45023	115
45035	115
45058	115
45070	115
45093	115
45117	115
45140	115
45164	115
45175	115
45199	115
45222	115
45246	115
45257	115
45281	115
45292	115
45316	115
45339	115
45351	115
45375	115
45386	115
45410	115
45433	115
45445	115
45468	115
45480	115
45503	115
45515	115
45539	115
45562	115
45574	115
45597	115
45621	115
45632	115
45656	115
45667	116
45691	116
45714	116
45726	116
45750	116
45773	116
45785	116
45808	116
45820	116
45843	116
45867	116
45890	116
45914	116
45937	116
45960	116
45984	116
45996	116
46019	116
46031	116
46054	116
46078	116
46089	116
46113	116
46125	116
46148	116
46160	116
46183	116
46207	116
46218	116
46242	116
46253	116
46277	116
46289	116
46312	116
46324	116
46347	116
46359	116
46382	116
46406	116
46417	116
46441	116
46453	116
46476	116
46488	116
46511	116
46523	116
46546	116
46558	116
46582	116
46605	116
46628	117
46652	117
46675	117
46699	117
46722	117
46734	117
46757	117
46769	117
46792	117
46816	117
46839	117
46863	117
46875	117
46898	117
46921	117
46933	117
46957	117
46980	117
46992	117
47015	117
47027	117
47050	117
47062	117
47085	117
47109	117
47121	117
47144	117
47167	117
47179	117
47191	117
47214	117
47226	117
47250	117
47261	117
47285	117
47296	117
47320	117
47343	117
47355	117
47378	117
47402	117
47425	117
47449	117
47460	117
47484	117
47507	117
47519	117
47542	117
47566	117
47578	117
47601	118
47625	118
47648	118
47660	118
47683	118
47707	118
47718	118
47742	118
47765	118
47777	118
47800	118
47824	118
47835	118
47859	118
47882	118
47894	118
47917	118
47941	118
47953	118
47976	118
47988	118
48011	118
48035	118
48046	118
48070	118
48093	118
48105	118
48128	118
48152	118
48175	118
48199	118
48210	118
48234	118
48257	118
48269	118
48292	118
48316	118
48328	118
48351	118
48375	118
48386	118
48410	118
48421	118
48445	118
48468	118
48480	118
48503	118
48527	118
48539	118
48562	118
48585	119
48597	119
48621	119
48644	119
48656	119
48679	119
48691	119
48714	119
48726	119
48738	119
48761	119
48785	119
48796	119
48820	119
48843	119
48855	119
48878	119
48902	119
48925	119
48949	119
48972	119
48984	119
49007	119
49031	119
49042	119
49066	119
49089	119
49113	119
49136	119
49160	119
49171	119
49195	119
49218	119
49242	119
49265	119
49277	119
49300	119
49324	119
49347	119
49371	119
49382	119
49406	119
49429	119
49441	119
49464	119
49476	119
49500	119
49523	119
49535	119
49558	119
49582	120
49605	120
49617	120
49640	120
49664	120
49687	120
49699	120
49722	120
49746	120
49769	120
49781	120
49804	120
49828	120
49839	120
49863	120
49886	120
49898	120
49921	120
49945	120
49957	120
49980	120
50003	120
50027	120
50050	120
50062	120
50085	120
50109	120
50132	120
50144	120
50167	120
50179	120
50203	120
50214	120
50238	120
50261	120
50273	120
50296	120
50320	120
50332	120
50355	120
50378	120
50390	120
50414	120
50437	120
50460	120
50472	120
50496	120
50519	120
50542	120
50554	120
50578	121
50601	121
50613	121
50636	121
50660	121
50671	121
50695	121
50718	121
50742	121
50765	121
50789	121
50812	121
50824	121
50847	121
50871	121
50894	121
50906	121
50929	121
50953	121
50964	121
50988	121
51011	121
51023	121
51046	121
51070	121
51093	121
51105	121
51128	121
51152	121
51164	121
51187	121
51210	121
51222	121
51246	121
51269	121
51292	121
51304	121
51328	121
51351	121
51363	121
51386	121
51410	121
51433	121
51445	121
51468	121
51492	121
51515	121
51539	121
51562	121
51585	121
51609	122
51621	122
51644	122
51667	122
51691	122
51703	122
51726	122
51738	122
51761	122
51785	122
51808	122
51820	122
51843	122
51867	122
51878	122
51902	122
51925	122
51937	122
51960	122
51984	122
52007	122
52019	122
52042	122
52066	122
52078	122
52101	122
52125	122
52148	122
52160	122
52183	122
52207	122
52230	122
52253	122
52277	122
52300	122
52324	122
52347	122
52371	122
52382	122
52406	122
52429	122
52453	122
52464	122
52488	122
52511	122
52523	122
52546	122
52570	122
52593	122
52617	122
52628	123
52652	123
52675	123
52699	123
52710	123
52734	123
52757	123
52781	123
52804	123
52816	123
52839	123
52863	123
52886	123
52910	123
52921	123
52945	123
52968	123
52992	123
53015	123
53039	123
53062	123
53085	123
53109	123
53132	123
53144	123
53167	123
53191	123
53214	123
53226	123
53250	123
53273	123
53285	123
53308	123
53332	123
53355	123
53367	123
53390	123
53414	123
53437	123
53449	123
53472	123
53496	123
53519	123
53531	123
53554	123
53578	123
53589	123
53613	123
53636	123
53660	123
53671	124
53695	124
53718	124
53742	124
53765	124
53789	124
53812	124
53835	124
53859	124
53882	124
53894	124
53917	124
53941	124
53964	124
53988	124
54011	124
54023	124
54046	124
54070	124
54093	124
54117	124
54140	124
54164	124
54187	124
54199	124
54222	124
54246	124
54269	124
54292	124
54304	124
54328	124
54351	124
54375	124
54386	124
54410	124
54433	124
54457	124
54480	124
54503	124
54527	124
54550	124
54574	124
54597	124
54609	124
54632	124
54656	124
54679	124
54703	124
54726	124
54738	124
54761	125
54785	125
54808	125
54832	125
54843	125
54867	125
54890	125
54914	125
54937	125
54960	125
54984	125
55007	125
55019	125
55042	125
55066	125
55089	125
55101	125
55125	125
55148	125
55171	125
55195	125
55218	125
55230	125
55253	125
55289	125
55312	125
55335	125
55347	125
55371	125
55394	125
55417	125
55441	125
55464	125
55488	125
55511	125
55535	125
55558	125
55582	125
55605	125
55628	125
55652	125
55675	125
55699	125
55710	125
55734	125
55757	125
55781	125
55804	125
55816	125
55839	125
55851	126
55875	126
55898	126
55921	126
55945	126
55957	126
55980	126
56003	126
56027	126
56050	126
56062	126
56085	126
56109	126
56132	126
56156	126
56179	126
56203	126
56226	126
56250	126
56261	126
56285	126
56308	126
56332	126
56355	126
56378	126
56402	126
56425	126
56449	126
56472	126
56496	126
56519	126
56542	126
56566	126
56578	126
56601	126
56625	126
56648	126
56671	126
56683	126
56707	126
56730	126
56753	126
56777	126
56789	126
56812	126
56835	126
56859	126
56882	126
56906	126
56917	126
56941	127
56964	127
56988	127
57011	127
57023	127
57046	127
57070	127
57093	127
57117	127
57140	127
57175	127
57199	127
57222	127
57246	127
57257	127
57281	127
57304	127
57328	127
57351	127
57375	127
57398	127
57410	127
57433	127
57457	127
57480	127
57503	127
57527	127
57550	127
57562	127
57585	127
57609	127
57632	127
57656	127
57679	127
57691	127
57714	127
57738	127
57761	127
57785	127
57808	127
57832	127
57855	127
57878	127
57902	127
57937	127
57960	127
57984	127
57996	127
58019	127
58042	127
58066	128
58089	128
58101	128
58125	128
58148	128
58171	128
58195	128
58218	128
58230	128
58253	128
58277	128
58289	128
58312	128
58335	128
58359	128
58371	128
58394	128
58417	128
58441	128
58453	128
58476	128
58500	128
58523	128
58535	128
58558	128
58582	128
58605	128
58640	128
58664	128
58687	128
58710	128
58734	128
58757	128
58781	128
58804	128
58828	128
58851	128
58875	128
58898	128
58921	128
58945	128
58968	128
58992	128
59015	128
59027	128
59050	128
59074	128
59097	128
59121	128
59144	128
59167	129
59179	129
59203	129
59214	129
59238	129
59261	129
59273	129
59296	129
59320	129
59343	129
59367	129
59390	129
59414	129
59437	129
59460	129
59484	129
59507	129
59531	129
59554	129
59578	129
59601	129
59625	129
59636	129
59660	129
59683	129
59707	129
59730	129
59753	129
59777	129
59800	129
59812	129
59835	129
59859	129
59882	129
59906	129
59929	129
59953	129
59964	129
59988	129
60011	129
60035	129
60058	129
60070	129
60093	129
60117	129
60140	129
60175	129
60199	129
60222	129
60234	129
60257	130
60281	130
60304	130
60328	130
60351	130
60375	130
60398	130
60410	130
60433	130
60457	130
60480	130
60503	130
60527	130
60550	130
60574	130
60597	130
60621	130
60644	130
60667	130
60679	130
60703	130
60714	130
60738	130
60761	130
60785	130
60796	130
60820	130
60843	130
60867	130
60890	130
60914	130
60937	130
60960	130
60984	130
61007	130
61031	130
61054	130
61078	130
61113	130
61136	130
61148	130
61171	130
61195	130
61218	130
61242	130
61265	130
61300	130
61324	130
61347	130
61371	130
61382	131
61406	131
61429	131
61453	131
61476	131
61488	131
61511	131
61535	131
61558	131
61582	131
61605	131
61628	131
61652	131
61675	131
61699	131
61722	131
61746	131
61769	131
61792	131
61804	131
61828	131
61851	131
61875	131
61898	131
61921	131
61945	131
61968	131
61992	131
62015	131
62039	131
62062	131
62085	131
62109	131
62132	131
62156	131
62179	131
62203	131
62214	131
62238	131
62238	131
62261	131
62285	131
62308	131
62332	131
62355	131
62378	131
62390	131
62414	131
62437	131
62460	131
62484	132
62507	132
62531	132
62554	132
62578	132
62601	132
62625	132
62648	132
62671	132
62695	132
62718	132
62742	132
62765	132
62789	132
62812	132
62835	132
62859	132
62882	132
62906	132
62929	132
62941	132
62964	132
62988	132
63011	132
63035	132
63058	132
63082	132
63093	132
63117	132
63140	132
63164	132
63187	132
63210	132
63234	132
63257	132
63281	132
63304	132
63316	132
63339	132
63363	132
63386	132
63410	132
63433	132
63457	132
63492	132
63515	132
63539	132
63562	132
63585	132
63609	132
63632	133
63656	133
63679	133
63703	133
63726	133
63750	133
63773	133
63796	133
63820	133
63832	133
63855	133
63878	133
63902	133
63925	133
63949	133
63972	133
63996	133
64019	133
64042	133
64066	133
64089	133
64113	133
64136	133
64160	133
64183	133
64207	133
64230	133
64253	133
64289	133
64312	133
64335	133
64359	133
64382	133
64406	133
64429	133
64441	133
64464	133
64488	133
64511	133
64535	133
64558	133
64582	133
64605	133
64628	133
64652	133
64675	133
64699	133
64722	133
64746	133
64769	133
64792	134
64816	134
64839	134
64863	134
64886	134
64898	134
64933	134
64957	134
64980	134
65003	134
65039	134
65062	134
65085	134
65109	134
65132	134
65156	134
65179	134
65203	134
65214	134
65238	134
65261	134
65285	134
65308	134
65332	134
65355	134
65378	134
65402	134
65425	134
65449	134
65472	134
65496	134
65519	134
65542	134
65566	134
65589	134
65613	134
65636	134
65660	134
65683	134
65707	134
65730	134
65765	134
65789	134
65812	134
65835	134
65859	134
65882	134
65906	134
65929	134
65953	134
65976	135
66000	135
66023	135
66046	135
66070	135
66093	135
66117	135
66152	135
66175	135
66199	135
66222	135
66246	135
66269	135
66292	135
66316	135
66328	135
66351	135
66375	135
66398	135
66421	135
66445	135
66480	135
66503	135
66527	135
66550	135
66574	135
66597	135
66621	135
66644	135
66667	135
66691	135
66714	135
66738	135
66761	135
66785	135
66820	135
66843	135
66867	135
66890	135
66914	135
66937	135
66960	135
66984	135
67007	135
67031	135
67054	135
67078	135
67101	135
67125	135
67148	135
67171	136
67195	136
67230	136
67253	136
67277	136
67312	136
67335	136
67359	136
67382	136
67406	136
67429	136
67464	136
67488	136
67511	136
67535	136
67558	136
67582	136
67605	136
67640	136
67664	136
67687	136
67710	136
67734	136
67757	136
67781	136
67804	136
67828	136
67839	136
67863	136
67886	136
67921	136
67945	136
67968	136
67992	136
68015	136
68039	136
68062	136
68085	136
68109	136
68132	136
68156	136
68179	136
68203	136
68238	136
68261	136
68285	136
68308	136
68332	136
68367	136
68390	136
68414	137
68449	137
68472	137
68496	137
68519	137
68542	137
68566	137
68589	137
68613	137
68636	137
68660	137
68683	137
68707	137
68730	137
68753	137
68777	137
68800	137
68824	137
68859	137
68882	137
68906	137
68929	137
68953	137
68976	137
69000	137
69023	137
69046	137
69070	137
69105	137
69128	137
69164	137
69187	137
69210	137
69234	137
69257	137
69281	137
69316	137
69339	137
69363	137
69386	137
69410	137
69433	137
69457	137
69480	137
69503	137
69527	137
69550	137
69574	137
69609	137
69632	137
69656	138
69679	138
69703	138
69726	138
69750	138
69773	138
69796	138
69832	138
69855	138
69890	138
69914	138
69949	138
69972	138
69996	138
70019	138
70042	138
70066	138
70089	138
70113	138
70136	138
70160	138
70195	138
70207	138
70230	138
70253	138
70277	138
70300	138
70324	138
70359	138
70382	138
70406	138
70417	138
70441	138
70464	138
70500	138
70523	138
70546	138
70570	138
70593	138
70628	138
70664	138
70687	138
70710	138
70734	138
70757	138
70792	138
70816	138
70851	138
70875	138
70898	138
70921	139
70945	139
70968	139
70992	139
71015	139
71039	139
71062	139
71085	139
71121	139
71144	139
71167	139
71179	139
71203	139
71226	139
71250	139
71273	139
71296	139
71320	139
71355	139
71378	139
71402	139
71425	139
71460	139
71484	139
71507	139
71531	139
71554	139
71589	139
71613	139
71636	139
71660	139
71683	139
71707	139
71730	139
71765	139
71789	139
71812	139
71835	139
71859	139
71882	139
71906	139
71929	139
71953	139
71976	139
72000	139
72023	139
72046	139
72082	139
72105	139
72128	139
72164	140
72187	140
72210	140
72234	140
72257	140
72281	140
72304	140
72339	140
72363	140
72386	140
72410	140
72433	140
72457	140
72480	140
72503	140
72527	140
72550	140
72585	140
72609	140
72632	140
72656	140
72679	140
72691	140
72714	140
72738	140
72761	140
72796	140
72820	140
72843	140
72867	140
72890	140
72925	140
72949	140
72972	140
72996	140
73019	140
73054	140
73078	140
73113	140
73136	140
73160	140
73183	140
73207	140
73242	140
73265	140
73300	140
73324	140
73347	140
73371	140
73394	140
73417	141
73441	141
73464	141
73488	141
73511	141
73546	141
73570	141
73593	141
73617	141
73640	141
73664	141
73699	141
73722	141
73746	141
73769	141
73792	141
73816	141
73839	141
73875	141
73898	141
73921	141
73945	141
73968	141
73992	141
74027	141
74050	141
74074	141
74097	141
74132	141
74156	141
74179	141
74191	141
74214	141
74238	141
74261	141
74296	141
74320	141
74343	141
74367	141
74390	141
74414	141
74437	141
74472	141
74496	141
74519	141
74542	141
74566	141
74589	141
74625	141
74648	141
74671	142
74695	142
74718	142
74753	142
74777	142
74812	142
74835	142
74859	142
74882	142
74906	142
74929	142
74953	142
74976	142
75000	142
75023	142
75058	142
75082	142
75105	142
75128	142
75152	142
75175	142
75199	142
75234	142
75257	142
75281	142
75304	142
75328	142
75351	142
75375	142
75398	142
75421	142
75457	142
75480	142
75515	142
75539	142
75562	142
75585	142
75621	142
75644	142
75667	142
75691	142
75714	142
75738	142
75761	142
75785	142
75808	142
75832	142
75867	142
75890	142
75914	142
75937	143
75960	143
75984	143
76007	143
76031	143
76066	143
76089	143
76113	143
76136	143
76160	143
76195	143
76218	143
76242	143
76277	143
76300	143
76335	143
76359	143
76382	143
76406	143
76429	143
76453	143
76476	143
76511	143
76535	143
76558	143
76582	143
76605	143
76640	143
76664	143
76687	143
76710	143
76734	143
76769	143
76792	143
76816	143
76839	143
76863	143
76886	143
76921	143
76945	143
76968	143
77003	143
77027	143
77062	143
77085	143
77109	143
77132	143
77167	143
77191	143
77214	143
77238	144
77261	144
77285	144
77308	144
77332	144
77367	144
77390	144
77414	144
77437	144
77460	144
77496	144
77519	144
77542	144
77566	144
77589	144
77613	144
77636	144
77660	144
77695	144
77718	144
77753	144
77777	144
77800	144
77835	144
77859	144
77882	144
77906	144
77941	144
77964	144
77988	144
78011	144
78046	144
78070	144
78093	144
78117	144
78152	144
78175	144
78199	144
78234	144
78257	144
78281	144
78304	144
78328	144
78351	144
78375	144
78410	144
78433	144
78457	144
78492	144
78515	144
78539	145
78574	145
78597	145
78621	145
78656	145
78679	145
78703	145
78726	145
78750	145
78785	145
78808	145
78832	145
78867	145
78890	145
78914	145
78949	145
78972	145
78996	145
79019	145
79054	145
79078	145
79101	145
79125	145
79148	145
79183	145
79207	145
79230	145
79265	145
79289	145
79324	145
79347	145
79371	145
79394	145
79429	145
79464	145
79488	145
79511	145
79535	145
79570	145
79593	145
79628	145
79652	145
79675	145
79710	145
79734	145
79757	145
79781	145
79804	145
79828	145
79851	145
79875	146
79910	146
79933	146
79957	146
79980	146
80003	146
80039	146
80062	146
80085	146
80121	146
80144	146
80167	146
80203	146
80226	146
80250	146
80273	146
80308	146
80332	146
80367	146
80402	146
80425	146
80460	146
80484	146
80507	146
80531	146
80566	146
80589	146
80613	146
80636	146
80671	146
80695	146
80718	146
80742	146
80777	146
80800	146
80824	146
80859	146
80882	146
80906	146
80929	146
80953	146
80988	146
81011	146
81035	146
81058	146
81093	146
81128	146
81152	146
81187	146
81210	146
81234	147
81269	147
81292	147
81316	147
81351	147
81375	147
81398	147
81421	147
81457	147
81480	147
81503	147
81527	147
81562	147
81585	147
81609	147
81632	147
81667	147
81691	147
81726	147
81750	147
81773	147
81796	147
81832	147
81855	147
81890	147
81925	147
81949	147
81984	147
82007	147
82031	147
82066	147
82089	147
82113	147
82136	147
82160	147
82195	147
82218	147
82242	147
82265	147
82289	147
82312	147
82347	147
82371	147
82394	147
82417	147
82441	147
82464	147
82500	147
82523	147
82546	147
82582	148
82605	148
82640	148
82675	148
82699	148
82734	148
82757	148
82781	148
82816	148
82851	148
82875	148
82898	148
82921	148
82957	148
82980	148
83003	148
83027	148
83050	148
83085	148
83109	148
83132	148
83156	148
83179	148
83203	148
83226	148
83250	148
83273	148
83308	148
83332	148
83355	148
83390	148
83414	148
83449	148
83472	148
83496	148
83531	148
83554	148
83589	148
83613	148
83636	148
83660	148
83695	148
83718	148
83742	148
83777	148
83800	148
83824	148
83859	148
83882	148
83906	148
83929	149
83953	149
83976	149
84011	149
84035	149
84058	149
84093	149
84117	149
84152	149
84175	149
84210	149
84234	149
84257	149
84281	149
84316	149
84339	149
84363	149
84386	149
84421	149
84445	149
84468	149
84492	149
84527	149
84550	149
84574	149
84609	149
84632	149
84656	149
84679	149
84703	149
84726	149
84750	149
84773	149
84808	149
84832	149
84855	149
84890	149
84914	149
84949	149
84972	149
84996	149
85031	149
85054	149
85089	149
85113	149
85136	149
85171	149
85195	149
85230	149
85253	149
85289	150
85312	150
85347	150
85371	150
85394	150
85417	150
85453	150
85476	150
85500	150
85523	150
85558	150
85582	150
85605	150
85640	150
85664	150
85687	150
85722	150
85746	150
85769	150
85804	150
85828	150
85851	150
85886	150
85910	150
85933	150
85968	150
85992	150
86015	150
86050	150
86074	150
86109	150
86132	150
86156	150
86179	150
86203	150
86226	150
86261	150
86285	150
86308	150
86343	150
86367	150
86390	150
86414	150
86449	150
86472	150
86507	150
86531	150
86554	150
86578	150
86613	150
86636	151
86660	151
86695	151
86718	151
86753	151
86777	151
86812	151
86835	151
86859	151
86894	151
86917	151
86941	151
86964	151
86988	151
87023	151
87046	151
87070	151
87105	151
87128	151
87152	151
87175	151
87210	151
87234	151
87257	151
87292	151
87316	151
87339	151
87363	151
87398	151
87421	151
87457	151
87480	151
87515	151
87539	151
87574	151
87597	151
87632	151
87656	151
87679	151
87703	151
87726	151
87761	151
87785	151
87820	151
87843	151
87867	151
87890	151
87914	151
87949	151
87972	151
88007	152
88031	152
88054	152
88089	152
88113	152
88136	152
88171	152
88195	152
88230	152
88253	152
88289	152
88324	152
88347	152
88371	152
88406	152
88429	152
88453	152
88476	152
88511	152
88535	152
88570	152
88593	152
88617	152
88640	152
88675	152
88699	152
88734	152
88757	152
88781	152
88816	152
88839	152
88863	152
88898	152
88921	152
88945	152
88980	152
89015	152
89050	152
89074	152
89097	152
89132	152
89156	152
89179	152
89203	152
89238	152
89261	152
89285	152
89320	152
89343	152
89367	152
89402	153
89425	153
89449	153
89484	153
89507	153
89531	153
89554	153
89589	153
89613	153
89636	153
89671	153
89695	153
89730	153
89753	153
89789	153
89824	153
89847	153
89871	153
89906	153
89929	153
89964	153
89988	153
90011	153
90046	153
90070	153
90105	153
90128	153
90164	153
90187	153
90222	153
90246	153
90269	153
90304	153
90328	153
90351	153
90375	153
90410	153
90433	153
90468	153
90492	153
90527	153
90550	153
90585	153
90609	153
90644	153
90667	153
90703	153
90726	153
90750	153
90785	153
90808	154
90843	154
90867	154
90902	154
90925	154
90960	154
90984	154
91007	154
91042	154
91066	154
91089	154
91125	154
91148	154
91171	154
91207	154
91230	154
91265	154
91300	154
91324	154
91359	154
91382	154
91417	154
91453	154
91476	154
91511	154
91535	154
91558	154
91593	154
91628	154
91652	154
91687	154
91710	154
91746	154
91769	154
91792	154
91816	154
91839	154
91875	154
91898	154
91933	154
91957	154
91980	154
92015	154
92039	154
92074	154
92097	154
92132	154
92156	154
92191	154
92214	154
92250	155
92273	155
92296	155
92332	155
92367	155
92402	155
92437	155
92460	155
92496	155
92519	155
92554	155
92578	155
92601	155
92636	155
92660	155
92695	155
92718	155
92742	155
92777	155
92800	155
92824	155
92859	155
92882	155
92917	155
92941	155
92964	155
93000	155
93023	155
93058	155
93082	155
93117	155
93152	155
93187	155
93210	155
93234	155
93269	155
93292	155
93328	155
93351	155
93386	155
93410	155
93445	155
93468	155
93492	155
93527	155
93550	155
93585	155
93609	155
93644	155
93667	155
93703	156
93726	156
93750	156
93785	156
93808	156
93843	156
93878	156
93914	156
93949	156
93984	156
94007	156
94031	156
94066	156
94089	156
94125	156
94148	156
94183	156
94207	156
94230	156
94265	156
94289	156
94312	156
94347	156
94371	156
94406	156
94429	156
94453	156
94488	156
94511	156
94535	156
94570	156
94605	156
94640	156
94675	156
94710	156
94734	156
94769	156
94792	156
94828	156
94863	156
94886	156
94921	156
94945	156
94980	156
95003	156
95027	156
95062	156
95085	156
95121	156
95144	156
95167	157
95191	157
95214	157
95238	157
95273	157
95296	157
95332	157
95355	157
95390	157
95425	157
95449	157
95484	157
95507	157
95542	157
95578	157
95601	157
95625	157
95660	157
95683	157
95718	157
95753	157
95777	157
95812	157
95835	157
95871	157
95894	157
95917	157
95953	157
95976	157
96011	157
96035	157
96070	157
96093	157
96128	157
96164	157
96187	157
96222	157
96246	157
96281	157
96304	157
96339	157
96363	157
96398	157
96421	157
96457	157
96480	157
96515	157
96539	157
96574	157
96597	157
96632	158
96656	158
96679	158
96703	158
96726	158
96761	158
96785	158
96820	158
96843	158
96878	158
96914	158
96949	158
96972	158
97007	158
97031	158
97066	158
97101	158
97125	158
97160	158
97183	158
97218	158
97253	158
97289	158
97312	158
97347	158
97371	158
97406	158
97429	158
97453	158
97488	158
97511	158
97546	158
97570	158
97605	158
97628	158
97664	158
97687	158
97722	158
97746	158
97781	158
97804	158
97839	158
97863	158
97898	158
97921	158
97957	158
97992	158
98015	158
98050	158
98074	158
98109	159
98132	159
98167	159
98191	159
98214	159
98250	159
98273	159
98308	159
98332	159
98367	159
98390	159
98425	159
98460	159
98484	159
98519	159
98542	159
98578	159
98601	159
98636	159
98660	159
98695	159
98730	159
98753	159
98789	159
98824	159
98847	159
98882	159
98917	159
98941	159
98964	159
99000	159
99023	159
99058	159
99082	159
99117	159
99140	159
99175	159
99199	159
99234	159
99257	159
99292	159
99316	159
99351	159
99375	159
99398	159
99433	159
99468	159
99503	159
99539	159
99562	159
99597	160
99621	160
99656	160
99679	160
99703	160
99738	160
99761	160
99796	160
99820	160
99855	160
99878	160
99914	160
99937	160
99972	160
99996	160
100031	160
100054	160
100089	160
100113	160
100148	160
100171	160
100207	160
100242	160
100277	160
100312	160
100335	160
100371	160
100394	160
100429	160
100453	160
100488	160
100511	160
100546	160
100570	160
100605	160
100628	160
100664	160
100699	160
100722	160
100757	160
100781	160
100816	160
100851	160
100875	160
100910	160
100933	160
100968	160
101003	160
101039	160
101074	160
101097	161
101132	161
101167	161
101191	161
101214	161
101250	161
101273	161
101308	161
101332	161
101367	161
101390	161
101425	161
101449	161
101484	161
101519	161
101542	161
101566	161
101601	161
101625	161
101660	161
101683	161
101718	161
101753	161
101789	161
101812	161
101847	161
101882	161
101906	161
101941	161
101964	161
102000	161
102023	161
102058	161
102093	161
102117	161
102152	161
102187	161
102210	161
102246	161
102269	161
102304	161
102328	161
102363	161
102386	161
102421	161
102445	161
102480	161
102515	161
102550	161
102585	161
102609	162
102644	162
102667	162
102703	162
102738	162
102761	162
102796	162
102832	162
102855	162
102890	162
102925	162
102960	162
102984	162
103019	162
103042	162
103078	162
103113	162
103136	162
103171	162
103195	162
103230	162
103265	162
103300	162
103335	162
103359	162
103394	162
103429	162
103464	162
103500	162
103523	162
103558	162
103593	162
103628	162
103652	162
103687	162
103722	162
103746	162
103781	162
103804	162
103828	162
103863	162
103886	162
103921	162
103945	162
103980	162
104003	162
104039	162
104074	162
104097	162
104132	162
104167	163
104191	163
104226	163
104261	163
104285	163
104320	163
104355	163
104390	163
104425	163
104460	163
104484	163
104519	163
104554	163
104578	163
104613	163
104636	163
104671	163
104707	163
104730	163
104765	163
104789	163
104824	163
104859	163
104882	163
104917	163
104953	163
104976	163
105011	163
105035	163
105070	163
105105	163
105140	163
105187	163
105210	163
105246	163
105281	163
105304	163
105339	163
105375	163
105398	163
105433	163
105468	163
105492	163
105527	163
105550	163
105585	163
105621	163
105644	163
105679	163
105714	163
105750	164
105773	164
105808	164
105843	164
105878	164
105925	164
105949	164
105984	164
106019	164
106042	164
106078	164
106113	164
106136	164
106171	164
106195	164
106230	164
106253	164
106289	164
106312	164
106347	164
106382	164
106406	164
106429	164
106464	164
106500	164
106523	164
106558	164
106593	164
106628	164
106664	164
106699	164
106734	164
106757	164
106792	164
106839	164
106863	164
106898	164
106933	164
106957	164
106992	164
107015	164
107050	164
107085	164
107109	164
107144	164
107167	164
107191	164
107226	164
107250	164
107285	164
107320	165
107355	165
107390	165
107425	165
107449	165
107484	165
107519	165
107554	165
107589	165
107613	165
107648	165
107683	165
107707	165
107742	165
107777	165
107812	165
107835	165
107871	165
107906	165
107929	165
107964	165
107988	165
108023	165
108058	165
108082	165
108117	165
108152	165
108187	165
108222	165
108246	165
108281	165
108316	165
108339	165
108375	165
108398	165
108433	165
108468	165
108492	165
108527	165
108550	165
108585	165
108621	165
108644	165
108679	165
108703	165
108726	165
108761	165
108785	165
108820	165
108855	165
108878	166
108914	166
108949	166
108984	166
109019	166
109054	166
109089	166
109113	166
109148	166
109183	166
109218	166
109253	166
109289	166
109324	166
109347	166
109382	166
109417	166
109441	166
109476	166
109500	166
109535	166
109570	166
109593	166
109628	166
109664	166
109699	166
109734	166
109757	166
109792	166
109828	166
109851	166
109886	166
109921	166
109945	166
109980	166
110015	166
110050	166
110085	166
110109	166
110144	166
110179	166
110203	166
110226	166
110261	166
110296	166
110320	166
110355	166
110390	166
110414	166
110449	166
110484	167
110507	167
110542	167
110578	167
110601	167
110636	167
110671	167
110695	167
110730	167
110765	167
110800	167
110835	167
110871	167
110894	167
110929	167
110953	167
110988	167
111011	167
111046	167
111082	167
111105	167
111140	167
111164	167
111199	167
111234	167
111269	167
111292	167
111328	167
111351	167
111386	167
111421	167
111457	167
111492	167
111527	167
111562	167
111585	167
111621	167
111656	167
111679	167
111714	167
111738	167
111773	167
111808	167
111832	167
111867	167
111902	167
111925	167
111960	167
111996	167
112031	167
112054	168
112089	168
112125	168
112148	168
112183	168
112218	168
112253	168
112289	168
112324	168
112359	168
112394	168
112417	168
112453	168
112476	168
112511	168
112546	168
112582	168
112605	168
112640	168
112675	168
112699	168
112734	168
112769	168
112792	168
112828	168
112863	168
112898	168
112921	168
112957	168
112992	168
113027	168
113062	168
113097	168
113132	168
113156	168
113191	168
113214	168
113250	168
113285	168
113308	168
113343	168
113367	168
113402	168
113437	168
113460	168
113496	168
113531	168
113554	168
113589	168
113613	168
113648	169
113683	169
113718	169
113753	169
113789	169
113824	169
113847	169
113882	169
113917	169
113953	169
113976	169
114011	169
114046	169
114082	169
114105	169
114140	169
114175	169
114210	169
114246	169
114269	169
114304	169
114339	169
114363	169
114398	169
114433	169
114468	169
114492	169
114539	169
114562	169
114597	169
114632	169
114667	169
114691	169
114726	169
114761	169
114796	169
114820	169
114855	169
114890	169
114925	169
114960	169
114984	169
115019	169
115054	169
115078	169
115113	169
115148	169
115171	169
115207	169
115242	169
115277	170
115312	170
115347	170
115382	170
115406	170
115453	170
115488	170
115511	170
115546	170
115582	170
115617	170
115652	170
115687	170
115710	170
115746	170
115781	170
115804	170
115828	170
115863	170
115886	170
115921	170
115957	170
115980	170
116015	170
116050	170
116085	170
116109	170
116144	170
116179	170
116214	170
116250	170
116273	170
116308	170
116343	170
116390	170
116425	170
116460	170
116484	170
116519	170
116554	170
116589	170
116613	170
116648	170
116683	170
116707	170
116742	170
116777	170
116800	170
116835	170
116871	170
116906	171
116929	171
116964	171
117000	171
117035	171
117058	171
117093	171
117140	171
117175	171
117210	171
117246	171
117269	171
117304	171
117339	171
117363	171
117398	171
117433	171
117468	171
117492	171
117527	171
117562	171
117597	171
117621	171
117656	171
117691	171
117726	171
117750	171
117785	171
117820	171
117855	171
117902	171
117937	171
117972	171
117996	171
118031	171
118066	171
118089	171
118125	171
118160	171
118183	171
118218	171
118242	171
118277	171
118300	171
118335	171
118371	171
118406	171
118429	171
118464	171
118488	171
118523	172
118558	172
118593	172
118628	172
118675	172
118710	172
118734	172
118769	172
118804	172
118839	172
118875	172
118910	172
118945	172
118968	172
119003	172
119039	172
119062	172
119097	172
119132	172
119156	172
119179	172
119214	172
119238	172
119273	172
119308	172
119343	172
119378	172
119414	172
119437	172
119472	172
119507	172
119542	172
119578	172
119613	172
119636	172
119671	172
119707	172
119730	172
119765	172
119800	172
119835	172
119871	172
119894	172
119929	172
119953	172
119988	172
120023	172
120046	172
120082	172
120117	172
120152	173
120187	173
120222	173
120246	173
120281	173
120316	173
120351	173
120375	173
120410	173
120445	173
120468	173
120503	173
120539	173
120562	173
120597	173
120632	173
120656	173
120679	173
120714	173
120738	173
120773	173
120808	173
120832	173
120867	173
120902	173
120937	173
120972	173
121007	173
121042	173
121078	173
121113	173
121136	173
121171	173
121207	173
121242	173
121277	173
121312	173
121347	173
121382	173
121406	173
121441	173
121464	173
121500	173
121535	173
121558	173
121593	173
121628	173
121664	173
121699	173
121722	173
121757	174
121792	174
121816	174
121851	174
121886	174
121921	174
121945	174
121980	174
122015	174
122050	174
122085	174
122109	174
122144	174
122179	174
122203	174
122226	174
122261	174
122296	174
122320	174
122355	174
122390	174
122414	174
122449	174
122484	174
122519	174
122542	174
122578	174
122613	174
122636	174
122671	174
122707	174
122742	174
122777	174
122812	174
122835	174
122871	174
122906	174
122929	174
122964	174
122988	174
123023	174
123058	174
123082	174
123117	174
123152	174
123175	174
123210	174
123246	174
123269	174
123304	174
123339	175
123363	175
123398	175
123433	175
123468	175
123503	175
123539	175
123574	175
123597	175
123632	175
123667	175
123691	175
123726	175
123750	175
123785	175
123820	175
123843	175
123878	175
123914	175
123937	175
123972	175
124007	175
124031	175
124066	175
124101	175
124125	175
124160	175
124195	175
124230	175
124265	175
124300	175
124335	175
124359	175
124394	175
124429	175
124453	175
124488	175
124511	175
124546	175
124582	175
124605	175
124640	175
124675	175
124699	175
124734	175
124769	175
124792	175
124828	175
124863	175
124886	175
124921	176
124957	176
124992	176
125027	176
125062	176
125097	176
125121	176
125156	176
125191	176
125214	176
125238	176
125273	176
125308	176
125332	176
125367	176
125402	176
125425	176
125460	176
125496	176
125519	176
125554	176
125578	176
125613	176
125648	176
125671	176
125707	176
125742	176
125777	176
125812	176
125847	176
125871	176
125906	176
125941	176
125976	176
126000	176
126035	176
126070	176
126093	176
126128	176
126164	176
126199	176
126222	176
126257	176
126292	176
126316	176
126351	176
126375	176
126410	176
126445	176
126468	176
126503	177
126539	177
126574	177
126609	177
126632	177
126667	177
126703	177
126726	177
126761	177
126796	177
126820	177
126855	177
126890	177
126925	177
126960	177
126984	177
127019	177
127042	177
127078	177
127101	177
127136	177
127171	177
127195	177
127230	177
127265	177
127300	177
127335	177
127371	177
127394	177
127441	177
127476	177
127500	177
127535	177
127570	177
127593	177
127628	177
127664	177
127699	177
127734	177
127757	177
127792	177
127816	177
127839	177
127875	177
127910	177
127933	177
127968	177
127992	177
128027	177
128062	177
128097	178
128121	178
128156	178
128191	178
128226	178
128261	178
128285	178
128320	178
128355	178
128390	178
128425	178
128460	178
128496	178
128531	178
128554	178
128589	178
128613	178
128648	178
128683	178
128707	178
128742	178
128777	178
128800	178
128835	178
128871	178
128894	178
128929	178
128964	178
128988	178
129023	178
129058	178
129093	178
129128	178
129164	178
129199	178
129222	178
129257	178
129292	178
129328	178
129351	178
129386	178
129410	178
129445	178
129480	178
129503	178
129539	178
129574	178
129597	178
129632	178
129667	178
129703	179
129726	179
129761	179
129785	179
129820	179
129867	179
129902	179
129937	179
129972	179
129996	179
130031	179
130066	179
130089	179
130125	179
130160	179
130183	179
130218	179
130242	179
130277	179
130300	179
130335	179
130371	179
130394	179
130429	179
130453	179
130488	179
130511	179
130546	179
130582	179
130617	179
130664	179
130699	179
130722	179
130757	179
130792	179
130828	179
130863	179
130886	179
130921	179
130957	179
130980	179
131015	179
131050	179
131074	179
131109	179
131144	179
131167	179
131191	179
131214	179
131250	179
131285	180
131308	180
131343	180
131378	180
131414	180
131449	180
131472	180
131507	180
131542	180
131578	180
131601	180
131636	180
131671	180
131695	180
131730	180
131765	180
131789	180
131824	180
131859	180
131882	180
131917	180
131941	180
131976	180
132011	180
132035	180
132070	180
132105	180
132140	180
132175	180
132199	180
132234	180
132269	180
132292	180
132328	180
132351	180
132386	180
132421	180
132445	180
132480	180
132515	180
132539	180
132574	180
132609	180
132632	180
132667	180
132691	180
132714	180
132738	180
132773	180
132808	180
132832	181
132867	181
132902	181
132937	181
132972	181
132996	181
133031	181
133066	181
133101	181
133136	181
133171	181
133195	181
133230	181
133265	181
133300	181
133335	181
133371	181
133394	181
133429	181
133453	181
133488	181
133511	181
133546	181
133570	181
133605	181
133640	181
133675	181
133699	181
133734	181
133769	181
133792	181
133828	181
133863	181
133886	181
133921	181
133945	181
133980	181
134015	181
134050	181
134074	181
134109	181
134144	181
134167	181
134191	181
134226	181
134250	181
134285	181
134320	181
134343	181
134378	181
134402	182
134437	182
134472	182
134496	182
134531	182
134566	182
134589	182
134625	182
134648	182
134683	182
134718	182
134753	182
134789	182
134824	182
134847	182
134882	182
134917	182
134941	182
134964	182
135000	182
135035	182
135058	182
135093	182
135117	182
135152	182
135175	182
135210	182
135246	182
135269	182
135304	182
135339	182
135363	182
135398	182
135421	182
135457	182
135492	182
135527	182
135562	182
135597	182
135621	182
135656	182
135679	182
135714	182
135738	182
135773	182
135808	182
135832	182
135867	182
135890	182
135925	182
135949	183
135984	183
136019	183
136042	183
136078	183
136101	183
136136	183
136160	183
136195	183
136230	183
136265	183
136300	183
136335	183
136359	183
136394	183
136429	183
136453	183
136476	183
136511	183
136546	183
136570	183
136605	183
136628	183
136664	183
136699	183
136722	183
136757	183
136792	183
136816	183
136851	183
136886	183
136910	183
136945	183
136980	183
137015	183
137050	183
137085	183
137109	183
137144	183
137167	183
137203	183
137226	183
137261	183
137296	183
137320	183
137355	183
137378	183
137414	183
137437	183
137472	183
137507	184
137531	184
137566	184
137589	184
137625	184
137648	184
137683	184
137718	184
137753	184
137789	184
137812	184
137847	184
137882	184
137906	184
137941	184
137976	184
138000	184
138035	184
138070	184
138093	184
138128	184
138164	184
138187	184
138222	184
138257	184
138281	184
138316	184
138339	184
138375	184
138398	184
138433	184
138468	184
138492	184
138527	184
138562	184
138597	184
138621	184
138656	184
138691	184
138714	184
138750	184
138785	184
138808	184
138843	184
138878	184
138914	184
138937	184
138972	184
139007	184
139031	184
139066	185
139089	185
139125	185
139160	185
139183	185
139218	185
139253	185
139289	185
139324	185
139347	185
139382	185
139417	185
139453	185
139488	185
139511	185
139546	185
139582	185
139617	185
139652	185
139675	185
139710	185
139746	185
139769	185
139804	185
139828	185
139851	185
139886	185
139921	185
139945	185
139980	185
140003	185
140039	185
140074	185
140097	185
140132	185
140167	185
140203	185
140226	185
140261	185
140285	185
140320	185
140355	185
140402	185
140437	185
140460	185
140496	185
140531	185
140554	185
140589	185
140613	185
140648	186
140683	186
140707	186
140742	186
140765	186
140800	186
140835	186
140859	186
140894	186
140917	186
140953	186
140988	186
141011	186
141046	186
141082	186
141117	186
141152	186
141187	186
141222	186
141246	186
141281	186
141316	186
141339	186
141375	186
141410	186
141433	186
141468	186
141492	186
141527	186
141562	186
141585	186
141621	186
141656	186
141679	186
141714	186
141750	186
141773	186
141808	186
141843	186
141890	186
141925	186
141960	186
141984	186
142019	186
142054	186
142078	186
142113	186
142136	186
142171	186
142195	186
142230	187
142253	187
142289	187
142312	187
142347	187
142382	187
142406	187
142429	187
142464	187
142500	187
142523	187
142558	187
142593	187
142628	187
142664	187
142699	187
142734	187
142757	187
142792	187
142828	187
142863	187
142898	187
142921	187
142957	187
142980	187
143015	187
143050	187
143074	187
143109	187
143144	187
143167	187
143191	187
143214	187
143250	187
143273	187
143308	187
143343	187
143378	187
143402	187
143437	187
143472	187
143507	187
143531	187
143566	187
143601	187
143625	187
143660	187
143695	187
143718	187
143753	187
143789	188
143824	188
143847	188
143882	188
143906	188
143941	188
143964	188
144000	188
144035	188
144058	188
144093	188
144128	188
144164	188
144199	188
144222	188
144257	188
144292	188
144316	188
144351	188
144375	188
144410	188
144445	188
144468	188
144503	188
144527	188
144562	188
144597	188
144621	188
144656	188
144679	188
144703	188
144726	188
144761	188
144796	188
144820	188
144855	188
144890	188
144925	188
144949	188
144984	188
145019	188
145054	188
145089	188
145125	188
145148	188
145183	188
145218	188
145253	188
145289	188
145312	188
145347	189
145382	189
145406	189
145441	189
145464	189
145500	189
145523	189
145558	189
145593	189
145617	189
145652	189
145687	189
145710	189
145746	189
145781	189
145804	189
145839	189
145875	189
145898	189
145933	189
145968	189
146003	189
146027	189
146062	189
146097	189
146121	189
146156	189
146179	189
146203	189
146238	189
146273	189
146296	189
146332	189
146355	189
146390	189
146425	189
146449	189
146484	189
146519	189
146542	189
146578	189
146601	189
146636	189
146660	189
146695	189
146730	189
146765	189
146800	189
146824	189
146859	189
146894	190
146917	190
146953	190
146976	190
147011	190
147035	190
147070	190
147093	190
147128	190
147152	190
147187	190
147222	190
147246	190
147281	190
147304	190
147339	190
147375	190
147398	190
147433	190
147468	190
147503	190
147539	190
147574	190
147597	190
147632	190
147667	190
147691	190
147714	190
147750	190
147785	190
147808	190
147843	190
147867	190
147902	190
147925	190
147960	190
147996	190
148031	190
148054	190
148089	190
148113	190
148148	190
148183	190
148207	190
148242	190
148289	190
148312	190
148347	190
148382	190
148406	190
148441	191
148464	191
148500	191
148523	191
148558	191
148593	191
148617	191
148652	191
148675	191
148710	191
148746	191
148769	191
148804	191
148839	191
148863	191
148898	191
148921	191
148957	191
148992	191
149027	191
149062	191
149097	191
149121	191
149156	191
149179	191
149214	191
149238	191
149273	191
149308	191
149332	191
149367	191
149390	191
149425	191
149449	191
149484	191
149519	191
149542	191
149578	191
149601	191
149636	191
149671	191
149695	191
149730	191
149765	191
149800	191
149835	191
149859	191
149894	191
149929	191
149964	191
149988	192
150023	192
150058	192
150082	192
150117	192
150152	192
150187	192
150210	192
150246	192
150281	192
150304	192
150328	192
150363	192
150398	192
150421	192
150457	192
150492	192
150527	192
150562	192
150585	192
150621	192
150656	192
150679	192
150714	192
150750	192
150773	192
150808	192
150843	192
150867	192
150902	192
150937	192
150972	192
150996	192
151031	192
151054	192
151089	192
151113	192
151148	192
151183	192
151207	192
151242	192
151277	192
151312	192
151347	192
151371	192
151406	192
151441	192
151476	192
151511	192
151535	192
151570	193
151605	193
151640	193
151675	193
151710	193
151734	193
151769	193
151792	193
151828	193
151851	193
151875	193
151910	193
151945	193
151968	193
152003	193
152039	193
152062	193
152097	193
152132	193
152156	193
152191	193
152226	193
152261	193
152296	193
152320	193
152367	193
152402	193
152437	193
152472	193
152496	193
152531	193
152554	193
152589	193
152625	193
152648	193
152683	193
152718	193
152742	193
152777	193
152800	193
152835	193
152871	193
152894	193
152929	193
152964	193
152988	193
153023	193
153046	193
153082	193
153117	193
153164	194
153199	194
153222	194
153257	194
153281	194
153316	194
153351	194
153375	194
153410	194
153445	194
153468	194
153503	194
153527	194
153562	194
153585	194
153621	194
153656	194
153679	194
153714	194
153750	194
153773	194
153808	194
153843	194
153878	194
153925	194
153949	194
153984	194
154019	194
154042	194
154078	194
154101	194
154136	194
154171	194
154195	194
154230	194
154253	194
154277	194
154312	194
154347	194
154371	194
154406	194
154429	194
154464	194
154488	194
154523	194
154546	194
154582	194
timepoint: 185.12