0	0
0	0
0	0
0	0
0	0
0	0
0	0
0	0
0	0
0	0
0	0
0	0
0	0
0	0
0	0
0	0
0	0
0	0
0	0
0	0
0	0
0	0
0	0
0	0
0	0
0	0
0	0
0	0
0	0
0	0
0	0
0	0
0	0
0	0
0	0
0	0
0	0
0	0
0	0
0	0
0	0
0	0
0	0
0	0
0	0
0	0
0	0
0	0
0	0
0	0
0	1
0	1
0	1
0	1
0	1
0	1
0	1
0	1
0	1
0	1
0	1
0	1
0	1
0	1
0	1
0	1
0	1
0	1
0	1
0	1
0	1
0	1
0	1
0	1
0	1
0	1
0	1
0	1
0	1
0	1
0	1
0	1
0	1
0	1
0	1
0	1
0	1
0	1
0	1
0	1
0	1
0	1
0	1
0	1
0	1
0	1
0	1
0	1
0	1
0	1
0	2
0	2
0	2
0	2
0	2
0	2
0	2
0	2
0	2
0	2
0	2
0	2
0	2
0	2
0	2
0	2
0	2
0	2
0	2
0	2
0	2
0	2
0	2
0	2
0	2
0	2
0	2
0	2
0	2
0	2
0	2
0	2
0	2
0	2
0	2
0	2
0	2
0	2
0	2
0	2
0	2
0	2
0	2
0	2
0	2
0	2
0	2
0	2
0	2
0	2
0	3
0	3
0	3
0	3
0	3
0	3
0	3
0	3
0	3
0	3
0	3
0	3
0	3
0	3
0	3
0	3
0	3
0	3
0	3
0	3
0	3
0	3
0	3
0	3
0	3
0	3
0	3
0	3
0	3
0	3
0	3
0	3
0	3
0	3
0	3
0	3
0	3
0	3
0	3
0	3
0	3
0	3
0	3
0	3
0	3
0	3
0	3
0	3
0	3
0	3
0	4
0	4
0	4
0	4
0	4
0	4
0	4
0	4
0	4
0	4
0	4
0	4
0	4
0	4
0	4
0	4
0	4
0	4
0	4
0	4
0	4
0	4
0	4
0	4
0	4
0	4
0	4
0	4
0	4
0	4
0	4
0	4
0	4
0	4
0	4
0	4
0	4
0	4
11	4
11	4
11	4
11	4
11	4
11	4
11	4
11	4
11	4
11	4
11	4
23	4
23	5
23	5
23	5
23	5
23	5
23	5
23	5
35	5
35	5
35	5
35	5
35	5
35	5
35	5
35	5
35	5
35	5
35	5
35	5
35	5
35	5
35	5
35	5
35	5
35	5
35	5
35	5
35	5
35	5
35	5
35	5
35	5
35	5
35	5
35	5
35	5
35	5
35	5
35	5
23	5
23	5
23	5
23	5
23	5
23	5
23	5
23	5
23	5
23	5
23	5
23	6
23	6
23	6
23	6
23	6
23	6
23	6
23	6
23	6
23	6
23	6
23	6
23	6
23	6
23	6
23	6
23	6
35	6
35	6
35	6
35	6
35	6
35	6
35	6
35	6
35	6
35	6
35	6
35	6
46	6
46	6
46	6
46	6
46	6
46	6
46	6
46	6
46	6
46	6
46	6
46	6
46	6
46	6
46	6
46	6
46	6
46	6
46	6
46	6
46	6
46	7
46	7
46	7
46	7
46	7
46	7
46	7
46	7
46	7
35	7
35	7
35	7
35	7
35	7
35	7
35	7
35	7
35	7
35	7
35	7
35	7
35	7
35	7
35	7
35	7
35	7
35	7
35	7
35	7
35	7
35	7
35	7
35	7
35	7
35	7
35	7
35	7
35	7
35	7
35	7
35	7
35	7
35	7
35	7
35	7
35	7
46	7
46	7
46	7
46	7
46	8
46	8
46	8
46	8
46	8
46	8
46	8
46	8
46	8
46	8
46	8
46	8
46	8
46	8
46	8
46	8
46	8
46	8
46	8
46	8
46	8
46	8
46	8
46	8
46	8
46	8
46	8
46	8
46	8
46	8
46	8
46	8
46	8
46	8
46	8
46	8
46	8
46	8
46	8
46	8
46	8
35	8
35	8
35	8
35	8
35	8
35	8
35	8
35	8
35	8
35	9
35	9
35	9
35	9
35	9
35	9
35	9
35	9
35	9
35	9
35	9
35	9
35	9
35	9
35	9
35	9
46	9
46	9
46	9
46	9
46	9
46	9
46	9
46	9
46	9
46	9
46	9
46	9
46	9
46	9
46	9
46	9
46	9
46	9
46	9
46	9
46	9
46	9
46	9
46	9
46	9
46	9
46	9
46	9
46	9
46	9
46	9
46	9
46	9
46	9
46	10
46	10
46	10
46	10
46	10
46	10
46	10
46	10
46	10
46	10
46	10
46	10
46	10
46	10
46	10
46	10
46	10
46	10
46	10
46	10
46	10
46	10
46	10
46	10
46	10
46	10
35	10
35	10
35	10
35	10
35	10
35	10
35	10
35	10
35	10
35	10
46	10
46	10
46	10
46	10
46	10
46	10
46	10
46	10
46	10
46	10
46	10
46	10
46	10
46	10
46	11
46	11
46	11
46	11
46	11
46	11
46	11
46	11
46	11
46	11
46	11
46	11
46	11
46	11
46	11
46	11
46	11
46	11
46	11
46	11
46	11
46	11
46	11
46	11
46	11
46	11
46	11
46	11
46	11
46	11
46	11
46	11
46	11
46	11
46	11
46	11
46	11
46	11
46	11
46	11
46	11
46	11
46	11
46	11
46	11
46	11
46	11
46	11
46	11
46	11
46	12
46	12
46	12
46	12
46	12
46	12
46	12
46	12
46	12
46	12
46	12
46	12
46	12
46	12
46	12
46	12
46	12
46	12
46	12
46	12
46	12
46	12
46	12
46	12
46	12
46	12
46	12
46	12
46	12
46	12
46	12
46	12
46	12
46	12
46	12
46	12
46	12
46	12
46	12
46	12
46	12
46	12
46	12
46	12
46	12
46	12
46	12
46	12
46	12
46	12
46	13
46	13
46	13
46	13
46	13
46	13
46	13
46	13
46	13
46	13
46	13
46	13
46	13
46	13
46	13
46	13
46	13
46	13
46	13
46	13
46	13
46	13
46	13
46	13
46	13
46	13
46	13
46	13
46	13
46	13
46	13
46	13
46	13
46	13
46	13
46	13
46	13
46	13
46	13
46	13
46	13
46	13
46	13
46	13
46	13
46	13
46	13
46	13
46	13
46	13
46	14
46	14
46	14
46	14
46	14
46	14
46	14
46	14
46	14
46	14
46	14
46	14
46	14
46	14
46	14
46	14
46	14
46	14
46	14
46	14
46	14
46	14
46	14
46	14
46	14
46	14
46	14
46	14
46	14
46	14
46	14
46	14
46	14
46	14
46	14
46	14
46	14
46	14
46	14
46	14
46	14
46	14
46	14
46	14
46	14
46	14
46	14
46	14
46	14
46	14
46	15
46	15
46	15
46	15
46	15
46	15
46	15
46	15
46	15
46	15
46	15
46	15
46	15
46	15
46	15
46	15
46	15
46	15
46	15
46	15
46	15
46	15
46	15
46	15
46	15
46	15
46	15
46	15
46	15
46	15
46	15
46	15
46	15
46	15
46	15
46	15
46	15
46	15
46	15
46	15
46	15
46	15
46	15
46	15
46	15
46	15
46	15
46	15
46	15
46	15
46	16
46	16
46	16
46	16
46	16
46	16
46	16
46	16
46	16
46	16
46	16
46	16
46	16
46	16
46	16
46	16
46	16
46	16
46	16
46	16
46	16
46	16
46	16
46	16
46	16
46	16
46	16
46	16
46	16
46	16
46	16
46	16
46	16
46	16
46	16
46	16
46	16
46	16
46	16
46	16
46	16
46	16
46	16
46	16
46	16
46	16
46	16
46	16
46	16
46	16
46	17
46	17
46	17
46	17
46	17
46	17
46	17
46	17
46	17
46	17
46	17
46	17
46	17
46	17
46	17
46	17
46	17
46	17
46	17
46	17
46	17
46	17
46	17
46	17
46	17
46	17
46	17
46	17
46	17
46	17
46	17
46	17
46	17
46	17
46	17
46	17
46	17
46	17
46	17
46	17
46	17
46	17
46	17
46	17
46	17
46	17
46	17
46	17
46	17
46	17
46	18
46	18
46	18
46	18
46	18
46	18
46	18
46	18
46	18
46	18
46	18
46	18
46	18
46	18
46	18
46	18
46	18
46	18
46	18
46	18
46	18
46	18
46	18
46	18
46	18
46	18
46	18
46	18
46	18
46	18
46	18
46	18
46	18
46	18
46	18
46	18
46	18
46	18
46	18
46	18
46	18
46	18
46	18
46	18
46	18
46	18
46	18
46	18
46	18
46	18
46	19
46	19
46	19
46	19
46	19
46	19
46	19
46	19
46	19
46	19
46	19
46	19
46	19
46	19
46	19
46	19
46	19
46	19
46	19
46	19
46	19
46	19
46	19
46	19
46	19
46	19
46	19
46	19
46	19
46	19
46	19
46	19
46	19
46	19
46	19
46	19
46	19
46	19
46	19
46	19
46	19
46	19
46	19
46	19
46	19
46	19
46	19
46	19
46	19
46	19
46	20
46	20
46	20
46	20
46	20
46	20
46	20
46	20
46	20
46	20
46	20
46	20
46	20
46	20
46	20
46	20
46	20
46	20
46	20
46	20
46	20
46	20
46	20
46	20
46	20
46	20
46	20
46	20
46	20
46	20
46	20
46	20
46	20
46	20
46	20
46	20
46	20
46	20
46	20
46	20
46	20
46	20
46	20
46	20
46	20
46	20
46	20
46	20
46	20
46	20
46	21
46	21
46	21
46	21
46	21
46	21
46	21
46	21
46	21
46	21
46	21
46	21
46	21
46	21
46	21
46	21
46	21
46	21
46	21
46	21
46	21
46	21
46	21
46	21
46	21
46	21
46	21
46	21
46	21
46	21
46	21
46	21
46	21
46	21
46	21
46	21
46	21
46	21
46	21
46	21
46	21
46	21
46	21
46	21
46	21
46	21
46	21
46	21
46	21
46	21
46	22
46	22
46	22
46	22
46	22
46	22
46	22
46	22
46	22
46	22
46	22
46	22
46	22
46	22
46	22
46	22
46	22
46	22
46	22
46	22
46	22
46	22
46	22
46	22
46	22
46	22
46	22
46	22
46	22
46	22
46	22
46	22
46	22
46	22
46	22
46	22
46	22
46	22
46	22
46	22
46	22
46	22
46	22
46	22
46	22
46	22
46	22
46	22
46	22
46	22
46	23
46	23
46	23
46	23
46	23
46	23
46	23
46	23
46	23
46	23
46	23
46	23
46	23
46	23
46	23
46	23
46	23
46	23
46	23
46	23
46	23
46	23
46	23
46	23
46	23
46	23
46	23
46	23
46	23
46	23
46	23
46	23
46	23
46	23
46	23
46	23
46	23
46	23
46	23
46	23
46	23
46	23
46	23
46	23
46	23
46	23
46	23
46	23
46	23
46	23
46	24
46	24
46	24
46	24
46	24
46	24
46	24
46	24
46	24
46	24
46	24
46	24
46	24
46	24
46	24
46	24
46	24
46	24
46	24
46	24
46	24
46	24
46	24
46	24
46	24
46	24
46	24
46	24
46	24
46	24
46	24
46	24
46	24
46	24
46	24
46	24
46	24
46	24
46	24
46	24
46	24
46	24
46	24
46	24
46	24
46	24
46	24
46	24
46	24
46	24
46	25
46	25
46	25
46	25
46	25
46	25
46	25
46	25
46	25
46	25
46	25
46	25
46	25
46	25
46	25
46	25
46	25
46	25
46	25
46	25
46	25
46	25
46	25
46	25
46	25
46	25
46	25
46	25
46	25
46	25
46	25
46	25
46	25
46	25
46	25
46	25
46	25
46	25
46	25
46	25
46	25
46	25
46	25
46	25
46	25
46	25
46	25
46	25
46	25
46	25
46	26
46	26
46	26
46	26
46	26
46	26
46	26
46	26
46	26
46	26
46	26
46	26
46	26
46	26
46	26
46	26
46	26
46	26
46	26
46	26
46	26
46	26
46	26
46	26
46	26
46	26
46	26
46	26
46	26
46	26
46	26
46	26
46	26
46	26
46	26
46	26
46	26
46	26
46	26
46	26
46	26
46	26
46	26
46	26
46	26
46	26
46	26
46	26
46	26
46	26
46	27
46	27
46	27
46	27
46	27
46	27
46	27
46	27
46	27
46	27
46	27
46	27
46	27
46	27
46	27
46	27
46	27
46	27
46	27
46	27
46	27
46	27
46	27
46	27
46	27
46	27
46	27
46	27
46	27
46	27
46	27
46	27
46	27
46	27
46	27
46	27
46	27
46	27
46	27
46	27
46	27
46	27
46	27
46	27
46	27
46	27
46	27
46	27
46	27
46	27
46	28
46	28
46	28
46	28
46	28
46	28
46	28
46	28
46	28
46	28
46	28
46	28
46	28
46	28
46	28
46	28
46	28
46	28
46	28
46	28
46	28
58	28
58	28
58	28
58	28
58	28
58	28
58	28
58	28
58	28
58	28
58	28
58	28
58	28
58	28
58	28
58	28
58	28
58	28
58	28
58	28
58	28
58	28
58	28
70	28
70	28
58	28
58	28
58	28
58	28
58	29
70	29
70	29
70	29
70	29
70	29
70	29
70	29
70	29
70	29
70	29
70	29
70	29
70	29
70	29
82	29
82	29
82	29
82	29
82	29
82	29
82	29
82	29
82	29
82	29
82	29
82	29
82	29
82	29
82	29
93	29
93	29
93	29
93	29
93	29
93	29
93	29
93	29
93	29
93	29
93	29
93	29
93	29
93	29
93	29
105	29
105	29
105	29
105	29
105	29
105	30
105	30
105	30
105	30
105	30
105	30
105	30
105	30
105	30
105	30
117	30
117	30
117	30
117	30
117	30
117	30
117	30
117	30
117	30
117	30
128	30
128	30
128	30
128	30
128	30
128	30
128	30
128	30
128	30
128	30
140	30
140	30
140	30
140	30
140	30
140	30
140	30
140	30
140	30
152	30
152	30
152	30
152	30
152	30
152	30
152	30
152	30
152	30
152	30
164	30
164	31
164	31
164	31
164	31
164	31
164	31
164	31
175	31
175	31
175	31
175	31
175	31
175	31
175	31
175	31
175	31
187	31
187	31
187	31
187	31
187	31
187	31
187	31
187	31
199	31
199	31
199	31
199	31
199	31
199	31
199	31
199	31
210	31
210	31
210	31
210	31
210	31
210	31
210	31
210	31
222	31
222	31
222	31
222	31
222	31
222	31
222	31
234	31
234	31
234	31
234	32
234	32
234	32
234	32
246	32
246	32
246	32
246	32
246	32
246	32
246	32
246	32
257	32
257	32
257	32
257	32
257	32
257	32
269	32
269	32
269	32
269	32
269	32
269	32
269	32
281	32
281	32
281	32
281	32
281	32
281	32
281	32
292	32
292	32
292	32
292	32
292	32
292	32
292	32
304	32
304	32
304	32
304	32
304	32
304	32
316	32
316	32
316	32
316	32
316	32
316	33
316	33
328	33
328	33
328	33
328	33
328	33
328	33
339	33
339	33
339	33
339	33
339	33
339	33
351	33
351	33
351	33
351	33
351	33
351	33
363	33
363	33
363	33
363	33
363	33
363	33
375	33
375	33
375	33
375	33
375	33
375	33
375	33
386	33
386	33
386	33
386	33
386	33
386	33
398	33
398	33
398	33
398	33
398	33
398	33
410	33
410	33
410	33
410	33
410	33
410	34
421	34
421	34
421	34
421	34
421	34
421	34
433	34
433	34
433	34
433	34
433	34
433	34
445	34
445	34
445	34
445	34
445	34
457	34
457	34
457	34
457	34
457	34
457	34
468	34
468	34
468	34
468	34
468	34
468	34
480	34
480	34
480	34
480	34
480	34
492	34
492	34
492	34
492	34
492	34
492	34
503	34
503	34
503	34
503	34
503	34
515	34
515	34
515	34
515	34
515	35
527	35
527	35
527	35
527	35
527	35
539	35
539	35
539	35
539	35
539	35
550	35
550	35
550	35
550	35
550	35
562	35
562	35
562	35
562	35
574	35
574	35
574	35
574	35
574	35
585	35
585	35
585	35
585	35
597	35
597	35
597	35
597	35
609	35
609	35
609	35
609	35
609	35
621	35
621	35
621	35
621	35
632	35
632	35
632	35
632	35
644	35
644	35
644	35
644	35
644	36
656	36
656	36
656	36
656	36
656	36
667	36
667	36
667	36
667	36
679	36
679	36
679	36
679	36
679	36
691	36
691	36
691	36
691	36
691	36
703	36
703	36
703	36
703	36
714	36
714	36
714	36
714	36
714	36
726	36
726	36
726	36
726	36
738	36
738	36
738	36
738	36
738	36
750	36
750	36
750	36
750	36
761	36
761	36
761	36
761	36
761	36
773	36
773	36
773	36
773	37
785	37
785	37
785	37
785	37
796	37
796	37
796	37
796	37
808	37
808	37
808	37
808	37
808	37
820	37
820	37
820	37
820	37
832	37
832	37
832	37
832	37
832	37
843	37
843	37
843	37
843	37
855	37
855	37
855	37
855	37
855	37
867	37
867	37
867	37
867	37
878	37
878	37
878	37
878	37
878	37
890	37
890	37
890	37
890	37
902	37
902	37
902	37
902	37
914	37
914	38
914	38
914	38
925	38
925	38
925	38
925	38
937	38
937	38
937	38
937	38
949	38
949	38
949	38
949	38
949	38
960	38
960	38
960	38
960	38
972	38
972	38
972	38
972	38
984	38
984	38
984	38
984	38
996	38
996	38
996	38
996	38
1007	38
1007	38
1007	38
1007	38
1019	38
1019	38
1019	38
1019	38
1031	38
1031	38
1031	38
1031	38
1042	38
1042	38
1042	38
1042	38
1054	38
1054	38
1054	39
1054	39
1066	39
1066	39
1066	39
1066	39
1078	39
1078	39
1078	39
1078	39
1089	39
1089	39
1089	39
1101	39
1101	39
1101	39
1101	39
1113	39
1113	39
1113	39
1113	39
1125	39
1125	39
1125	39
1125	39
1125	39
1136	39
1136	39
1136	39
1136	39
1148	39
1148	39
1148	39
1148	39
1148	39
1160	39
1160	39
1160	39
1160	39
1160	39
1171	39
1171	39
1171	39
1171	39
1183	39
1183	39
1183	39
1183	39
1183	39
1195	39
1195	40
1195	40
1195	40
1207	40
1207	40
1207	40
1207	40
1218	40
1218	40
1218	40
1218	40
1230	40
1230	40
1230	40
1242	40
1242	40
1242	40
1242	40
1253	40
1253	40
1253	40
1265	40
1265	40
1265	40
1265	40
1277	40
1277	40
1277	40
1277	40
1289	40
1289	40
1289	40
1289	40
1300	40
1300	40
1300	40
1312	40
1312	40
1312	40
1312	40
1324	40
1324	40
1324	40
1335	40
1335	40
1335	40
1335	40
1347	40
1347	40
1347	40
1359	41
1359	41
1359	41
1371	41
1371	41
1371	41
1382	41
1382	41
1382	41
1394	41
1394	41
1394	41
1394	41
1406	41
1406	41
1406	41
1417	41
1417	41
1417	41
1429	41
1429	41
1429	41
1429	41
1441	41
1441	41
1441	41
1453	41
1453	41
1453	41
1453	41
1464	41
1464	41
1464	41
1476	41
1476	41
1476	41
1476	41
1488	41
1488	41
1488	41
1500	41
1500	41
1500	41
1511	41
1511	41
1511	41
1523	41
1523	41
1523	41
1535	41
1535	42
1535	42
1546	42
1546	42
1546	42
1558	42
1558	42
1558	42
1570	42
1570	42
1570	42
1582	42
1582	42
1582	42
1593	42
1593	42
1593	42
1605	42
1605	42
1605	42
1605	42
1617	42
1617	42
1617	42
1617	42
1628	42
1628	42
1628	42
1640	42
1640	42
1640	42
1652	42
1652	42
1652	42
1664	42
1664	42
1664	42
1675	42
1675	42
1675	42
1675	42
1687	42
1687	42
1687	42
1699	42
1699	42
1710	42
1710	42
1710	42
1722	42
1722	43
1722	43
1734	43
1734	43
1734	43
1746	43
1746	43
1746	43
1757	43
1757	43
1757	43
1769	43
1769	43
1769	43
1781	43
1781	43
1781	43
1792	43
1792	43
1792	43
1804	43
1804	43
1804	43
1816	43
1816	43
1816	43
1828	43
1828	43
1828	43
1828	43
1839	43
1839	43
1839	43
1851	43
1851	43
1851	43
1863	43
1863	43
1863	43
1875	43
1875	43
1875	43
1886	43
1886	43
1886	43
1886	43
1898	43
1898	43
1898	43
1910	43
1910	44
1910	44
1921	44
1921	44
1921	44
1933	44
1933	44
1933	44
1933	44
1945	44
1945	44
1945	44
1957	44
1957	44
1957	44
1968	44
1968	44
1968	44
1968	44
1980	44
1980	44
1980	44
1992	44
1992	44
1992	44
2003	44
2003	44
2003	44
2015	44
2015	44
2015	44
2027	44
2027	44
2027	44
2039	44
2039	44
2039	44
2050	44
2050	44
2050	44
2062	44
2062	44
2074	44
2074	44
2074	44
2085	44
2085	44
2085	44
2097	44
2097	44
2097	45
2109	45
2109	45
2121	45
2121	45
2121	45
2132	45
2132	45
2132	45
2144	45
2144	45
2144	45
2156	45
2156	45
2167	45
2167	45
2167	45
2179	45
2179	45
2179	45
2191	45
2191	45
2191	45
2203	45
2203	45
2214	45
2214	45
2214	45
2226	45
2226	45
2226	45
2238	45
2238	45
2238	45
2250	45
2250	45
2261	45
2261	45
2261	45
2273	45
2273	45
2273	45
2285	45
2285	45
2285	45
2296	45
2296	45
2308	45
2308	45
2308	45
2320	46
2320	46
2320	46
2332	46
2332	46
2332	46
2343	46
2343	46
2343	46
2355	46
2355	46
2367	46
2367	46
2367	46
2378	46
2378	46
2378	46
2390	46
2390	46
2390	46
2402	46
2402	46
2414	46
2414	46
2414	46
2425	46
2425	46
2437	46
2437	46
2437	46
2449	46
2449	46
2460	46
2460	46
2460	46
2472	46
2472	46
2484	46
2484	46
2484	46
2496	46
2496	46
2507	46
2507	46
2507	46
2519	46
2519	46
2531	46
2531	46
2531	46
2542	47
2542	47
2554	47
2554	47
2554	47
2566	47
2566	47
2578	47
2578	47
2578	47
2589	47
2589	47
2601	47
2601	47
2601	47
2613	47
2613	47
2625	47
2625	47
2625	47
2636	47
2636	47
2636	47
2648	47
2648	47
2648	47
2660	47
2660	47
2671	47
2671	47
2671	47
2683	47
2683	47
2683	47
2695	47
2695	47
2695	47
2707	47
2707	47
2718	47
2718	47
2718	47
2730	47
2730	47
2742	47
2742	47
2742	47
2753	47
2753	47
2765	47
2765	48
2777	48
2777	48
2777	48
2789	48
2789	48
2800	48
2800	48
2800	48
2812	48
2812	48
2824	48
2824	48
2824	48
2835	48
2835	48
2847	48
2847	48
2859	48
2859	48
2859	48
2871	48
2871	48
2882	48
2882	48
2894	48
2894	48
2894	48
2906	48
2906	48
2917	48
2917	48
2929	48
2929	48
2929	48
2941	48
2941	48
2953	48
2953	48
2964	48
2964	48
2976	48
2976	48
2976	48
2988	48
2988	48
3000	48
3000	48
3011	48
3011	48
3011	49
3023	49
3023	49
3035	49
3035	49
3046	49
3046	49
3058	49
3058	49
3058	49
3070	49
3070	49
3082	49
3082	49
3093	49
3093	49
3105	49
3105	49
3105	49
3117	49
3117	49
3128	49
3128	49
3140	49
3140	49
3152	49
3152	49
3164	49
3164	49
3175	49
3175	49
3175	49
3187	49
3187	49
3199	49
3199	49
3210	49
3222	49
3222	49
3234	49
3234	49
3246	49
3246	49
3257	49
3257	49
3269	49
3269	49
3281	49
3281	49
3292	49
3292	50
3304	50
3304	50
3316	50
3316	50
3328	50
3328	50
3339	50
3339	50
3339	50
3351	50
3351	50
3363	50
3363	50
3375	50
3375	50
3386	50
3386	50
3398	50
3398	50
3410	50
3410	50
3410	50
3421	50
3421	50
3433	50
3433	50
3445	50
3445	50
3457	50
3457	50
3468	50
3468	50
3468	50
3480	50
3480	50
3492	50
3492	50
3503	50
3503	50
3515	50
3515	50
3527	50
3527	50
3539	50
3539	50
3550	50
3550	50
3562	50
3562	50
3574	51
3574	51
3585	51
3585	51
3597	51
3597	51
3609	51
3609	51
3621	51
3621	51
3632	51
3632	51
3644	51
3644	51
3656	51
3656	51
3667	51
3667	51
3679	51
3679	51
3691	51
3691	51
3703	51
3703	51
3714	51
3714	51
3726	51
3726	51
3738	51
3738	51
3750	51
3750	51
3761	51
3761	51
3773	51
3773	51
3785	51
3785	51
3796	51
3796	51
3808	51
3808	51
3820	51
3820	51
3832	51
3832	51
3843	51
3843	51
3855	51
3855	51
3867	52
3867	52
3878	52
3878	52
3890	52
3890	52
3902	52
3902	52
3914	52
3914	52
3925	52
3925	52
3937	52
3949	52
3949	52
3960	52
3960	52
3972	52
3984	52
3984	52
3996	52
3996	52
4007	52
4019	52
4019	52
4031	52
4031	52
4042	52
4042	52
4054	52
4066	52
4066	52
4078	52
4078	52
4089	52
4089	52
4101	52
4101	52
4113	52
4113	52
4125	52
4125	52
4136	52
4136	52
4148	52
4160	52
4160	52
4171	52
4171	52
4183	52
4183	53
4195	53
4195	53
4207	53
4207	53
4218	53
4218	53
4230	53
4230	53
4242	53
4242	53
4253	53
4253	53
4265	53
4277	53
4277	53
4289	53
4289	53
4300	53
4300	53
4312	53
4312	53
4324	53
4324	53
4335	53
4335	53
4347	53
4347	53
4359	53
4371	53
4371	53
4382	53
4382	53
4394	53
4394	53
4406	53
4406	53
4417	53
4429	53
4429	53
4441	53
4441	53
4453	53
4453	53
4464	53
4476	53
4476	53
4488	53
4488	53
4500	53
4500	54
4511	54
4511	54
4523	54
4535	54
4535	54
4546	54
4546	54
4558	54
4558	54
4570	54
4582	54
4582	54
4593	54
4593	54
4605	54
4605	54
4617	54
4628	54
4628	54
4640	54
4640	54
4652	54
4652	54
4664	54
4675	54
4675	54
4687	54
4699	54
4699	54
4710	54
4722	54
4722	54
4734	54
4746	54
4746	54
4757	54
4769	54
4769	54
4781	54
4792	54
4792	54
4804	54
4804	54
4816	54
4828	54
4828	54
4839	54
4839	54
4851	54
4863	55
4863	55
4875	55
4875	55
4886	55
4886	55
4898	55
4910	55
4910	55
4921	55
4921	55
4933	55
4933	55
4945	55
4957	55
4957	55
4968	55
4968	55
4980	55
4992	55
4992	55
5003	55
5003	55
5015	55
5027	55
5027	55
5039	55
5039	55
5050	55
5062	55
5062	55
5074	55
5074	55
5085	55
5097	55
5097	55
5109	55
5109	55
5121	55
5132	55
5132	55
5144	55
5144	55
5156	55
5167	55
5167	55
5179	55
5191	55
5191	55
5203	55
5203	56
5214	56
5226	56
5226	56
5238	56
5250	56
5250	56
5261	56
5261	56
5273	56
5285	56
5285	56
5296	56
5296	56
5308	56
5320	56
5320	56
5332	56
5343	56
5343	56
5355	56
5355	56
5367	56
5378	56
5378	56
5390	56
5402	56
5402	56
5414	56
5425	56
5425	56
5437	56
5449	56
5449	56
5460	56
5472	56
5484	56
5484	56
5496	56
5507	56
5519	56
5519	56
5531	56
5542	56
5542	56
5554	56
5566	56
5566	56
5578	56
5589	56
5589	57
5601	57
5613	57
5613	57
5625	57
5625	57
5636	57
5648	57
5648	57
5660	57
5671	57
5671	57
5683	57
5683	57
5695	57
5707	57
5707	57
5718	57
5718	57
5730	57
5742	57
5742	57
5753	57
5765	57
5765	57
5777	57
5789	57
5789	57
5800	57
5812	57
5812	57
5824	57
5835	57
5835	57
5847	57
5847	57
5859	57
5871	57
5871	57
5882	57
5894	57
5894	57
5906	57
5917	57
5917	57
5929	57
5941	57
5941	57
5953	57
5964	57
5964	58
5976	58
5988	58
5988	58
6000	58
6011	58
6011	58
6023	58
6023	58
6035	58
6046	58
6046	58
6058	58
6070	58
6070	58
6082	58
6093	58
6093	58
6105	58
6117	58
6117	58
6128	58
6140	58
6140	58
6152	58
6164	58
6164	58
6175	58
6187	58
6199	58
6199	58
6210	58
6222	58
6234	58
6234	58
6246	58
6257	58
6269	58
6269	58
6281	58
6292	58
6304	58
6304	58
6316	58
6328	58
6328	58
6339	58
6351	58
6351	58
6363	58
6375	59
6375	59
6386	59
6398	59
6410	59
6410	59
6421	59
6433	59
6433	59
6445	59
6457	59
6457	59
6468	59
6480	59
6480	59
6492	59
6503	59
6515	59
6515	59
6527	59
6539	59
6539	59
6550	59
6562	59
6574	59
6574	59
6585	59
6597	59
6597	59
6609	59
6621	59
6632	59
6632	59
6644	59
6656	59
6667	59
6667	59
6679	59
6691	59
6691	59
6703	59
6714	59
6726	59
6726	59
6738	59
6750	59
6750	59
6761	59
6773	59
6773	59
6785	60
6796	60
6796	60
6808	60
6820	60
6820	60
6832	60
6843	60
6855	60
6855	60
6867	60
6878	60
6878	60
6890	60
6902	60
6914	60
6914	60
6925	60
6937	60
6937	60
6949	60
6960	60
6972	60
6984	60
6984	60
6996	60
7007	60
7019	60
7019	60
7031	60
7042	60
7054	60
7054	60
7066	60
7078	60
7089	60
7089	60
7101	60
7113	60
7125	60
7125	60
7136	60
7148	60
7148	60
7160	60
7171	60
7183	60
7183	60
7195	60
7207	60
7218	61
7218	61
7230	61
7242	61
7242	61
7253	61
7265	61
7277	61
7277	61
7289	61
7300	61
7312	61
7324	61
7324	61
7335	61
7347	61
7359	61
7359	61
7371	61
7382	61
7394	61
7406	61
7406	61
7417	61
7429	61
7441	61
7441	61
7453	61
7464	61
7476	61
7476	61
7488	61
7500	61
7511	61
7511	61
7523	61
7535	61
7535	61
7546	61
7558	61
7570	61
7570	61
7582	61
7593	61
7593	61
7605	61
7617	61
7628	61
7628	61
7640	61
7652	62
7664	62
7664	62
7675	62
7687	62
7699	62
7710	62
7710	62
7722	62
7734	62
7746	62
7757	62
7769	62
7781	62
7781	62
7792	62
7804	62
7816	62
7828	62
7828	62
7839	62
7851	62
7863	62
7863	62
7875	62
7886	62
7898	62
7910	62
7921	62
7933	62
7933	62
7945	62
7957	62
7968	62
7980	62
7980	62
7992	62
8003	62
8015	62
8015	62
8027	62
8039	62
8050	62
8050	62
8062	62
8074	62
8085	62
8097	62
8109	62
8121	62
8121	63
8132	63
8144	63
8156	63
8167	63
8167	63
8179	63
8191	63
8203	63
8214	63
8214	63
8226	63
8238	63
8250	63
8250	63
8261	63
8273	63
8273	63
8285	63
8296	63
8296	63
8308	63
8320	63
8320	63
8332	63
8343	63
8355	63
8355	63
8367	63
8378	63
8390	63
8402	63
8402	63
8414	63
8425	63
8437	63
8437	63
8449	63
8460	63
8472	63
8472	63
8484	63
8496	63
8507	63
8519	63
8519	63
8531	63
8542	63
8554	63
8566	63
8566	64
8578	64
8589	64
8601	64
8613	64
8613	64
8625	64
8636	64
8648	64
8660	64
8671	64
8671	64
8683	64
8695	64
8707	64
8718	64
8730	64
8730	64
8742	64
8753	64
8765	64
8765	64
8777	64
8789	64
8800	64
8812	64
8824	64
8835	64
8847	64
8859	64
8871	64
8882	64
8894	64
8906	64
8906	64
8917	64
8929	64
8941	64
8953	64
8964	64
8964	64
8976	64
8988	64
9000	64
9011	64
9011	64
9023	64
9035	64
9046	64
9058	64
9058	65
9070	65
9082	65
9093	65
9105	65
9105	65
9117	65
9128	65
9140	65
9152	65
9164	65
9164	65
9175	65
9187	65
9199	65
9210	65
9210	65
9222	65
9234	65
9246	65
9257	65
9257	65
9269	65
9281	65
9292	65
9304	65
9304	65
9316	65
9328	65
9339	65
9351	65
9363	65
9363	65
9375	65
9386	65
9398	65
9410	65
9410	65
9421	65
9433	65
9445	65
9457	65
9468	65
9468	65
9480	65
9492	65
9503	65
9515	65
9515	65
9527	65
9539	66
9550	66
9562	66
9574	66
9585	66
9597	66
9609	66
9621	66
9632	66
9644	66
9656	66
9667	66
9679	66
9691	66
9703	66
9703	66
9714	66
9726	66
9738	66
9750	66
9761	66
9773	66
9785	66
9785	66
9796	66
9808	66
9820	66
9832	66
9843	66
9843	66
9855	66
9867	66
9878	66
9890	66
9902	66
9914	66
9914	66
9925	66
9937	66
9949	66
9960	66
9972	66
9972	66
9984	66
9996	66
10007	66
10019	66
10031	66
10042	66
10042	66
10054	67
10066	67
10078	67
10089	67
10101	67
10113	67
10125	67
10125	67
10136	67
10148	67
10160	67
10171	67
10183	67
10195	67
10207	67
10218	67
10230	67
10230	67
10242	67
10253	67
10265	67
10277	67
10289	67
10300	67
10312	67
10324	67
10335	67
10347	67
10359	67
10371	67
10382	67
10394	67
10406	67
10417	67
10429	67
10441	67
10453	67
10464	67
10464	67
10476	67
10488	67
10500	67
10511	67
10523	67
10535	67
10546	67
10558	67
10570	67
10570	67
10582	67
10593	68
10605	68
10617	68
10628	68
10640	68
10652	68
10652	68
10664	68
10675	68
10687	68
10699	68
10710	68
10710	68
10722	68
10734	68
10746	68
10757	68
10769	68
10769	68
10781	68
10792	68
10804	68
10816	68
10828	68
10839	68
10851	68
10863	68
10875	68
10875	68
10886	68
10898	68
10910	68
10921	68
10921	68
10933	68
10945	68
10957	68
10968	68
10980	68
10992	68
11003	68
11015	68
11015	68
11027	68
11039	68
11050	68
11074	68
11085	68
11097	68
11109	68
11121	69
11132	69
11144	69
11167	69
11179	69
11191	69
11191	69
11203	69
11214	69
11226	69
11238	69
11250	69
11261	69
11273	69
11285	69
11296	69
11308	69
11320	69
11332	69
11343	69
11355	69
11367	69
11378	69
11390	69
11402	69
11414	69
11425	69
11437	69
11449	69
11449	69
11460	69
11472	69
11484	69
11496	69
11507	69
11519	69
11531	69
11542	69
11554	69
11566	69
11578	69
11589	69
11601	69
11613	69
11613	69
11625	69
11636	69
11648	69
11660	69
11660	69
11671	70
11683	70
11695	70
11707	70
11707	70
11718	70
11730	70
11742	70
11753	70
11765	70
11777	70
11789	70
11800	70
11812	70
11824	70
11835	70
11847	70
11859	70
11871	70
11882	70
11894	70
11906	70
11917	70
11929	70
11941	70
11953	70
11964	70
11976	70
11988	70
12000	70
12011	70
12023	70
12035	70
12046	70
12058	70
12070	70
12082	70
12093	70
12105	70
12117	70
12128	70
12140	70
12152	70
12164	70
12175	70
12187	70
12199	70
12210	70
12222	70
12234	70
12246	71
12257	71
12269	71
12281	71
12292	71
12304	71
12316	71
12328	71
12339	71
12351	71
12363	71
12375	71
12386	71
12398	71
12398	71
12410	71
12421	71
12433	71
12445	71
12457	71
12468	71
12480	71
12492	71
12503	71
12515	71
12527	71
12539	71
12550	71
12562	71
12574	71
12585	71
12597	71
12609	71
12632	71
12644	71
12656	71
12667	71
12679	71
12691	71
12703	71
12714	71
12726	71
12738	71
12750	71
12761	71
12773	71
12785	71
12796	71
12808	71
12820	71
12832	72
12843	72
12855	72
12867	72
12878	72
12890	72
12902	72
12914	72
12925	72
12937	72
12949	72
12960	72
12972	72
12984	72
12996	72
13007	72
13019	72
13019	72
13031	72
13042	72
13066	72
13078	72
13089	72
13101	72
13113	72
13125	72
13136	72
13136	72
13148	72
13160	72
13171	72
13183	72
13183	72
13195	72
13207	72
13218	72
13230	72
13242	72
13253	72
13265	72
13277	72
13289	72
13300	72
13312	72
13324	72
13347	72
13359	72
13371	72
13382	72
13394	72
13406	73
13417	73
13429	73
13441	73
13453	73
13464	73
13476	73
13488	73
13500	73
13523	73
13535	73
13546	73
13558	73
13582	73
13593	73
13605	73
13617	73
13628	73
13640	73
13652	73
13664	73
13675	73
13687	73
13699	73
13710	73
13722	73
13746	73
13757	73
13769	73
13781	73
13792	73
13804	73
13816	73
13828	73
13839	73
13851	73
13863	73
13875	73
13886	73
13898	73
13910	73
13921	73
13933	73
13945	73
13957	73
13968	73
13980	73
13992	73
14003	73
14015	73
14027	74
14039	74
14050	74
14074	74
14085	74
14097	74
14109	74
14121	74
14132	74
14144	74
14156	74
14167	74
14179	74
14191	74
14203	74
14214	74
14238	74
14250	74
14261	74
14273	74
14285	74
14296	74
14308	74
14320	74
14332	74
14343	74
14355	74
14367	74
14378	74
14390	74
14402	74
14414	74
14425	74
14437	74
14460	74
14472	74
14484	74
14496	74
14507	74
14519	74
14531	74
14542	74
14554	74
14578	74
14589	74
14601	74
14613	74
14625	74
14636	74
14648	74
14660	75
14671	75
14683	75
14695	75
14707	75
14707	75
14730	75
14742	75
14753	75
14765	75
14777	75
14789	75
14800	75
14812	75
14824	75
14835	75
14847	75
14859	75
14871	75
14882	75
14894	75
14906	75
14929	75
14941	75
14953	75
14964	75
14976	75
14988	75
15000	75
15011	75
15023	75
15035	75
15046	75
15058	75
15070	75
15082	75
15093	75
15105	75
15117	75
15128	75
15152	75
15164	75
15175	75
15187	75
15199	75
15210	75
15222	75
15246	75
15257	75
15269	75
15281	76
15292	76
15304	76
15316	76
15328	76
15339	76
15363	76
15375	76
15386	76
15398	76
15410	76
15421	76
15433	76
15445	76
15457	76
15468	76
15480	76
15492	76
15503	76
15515	76
15527	76
15539	76
15550	76
15562	76
15574	76
15585	76
15597	76
15609	76
15621	76
15632	76
15644	76
15667	76
15679	76
15691	76
15703	76
15714	76
15726	76
15738	76
15750	76
15761	76
15773	76
15785	76
15796	76
15808	76
15820	76
15832	76
15855	76
15867	76
15878	76
15890	76
15902	77
15914	77
15925	77
15937	77
15949	77
15972	77
15984	77
15996	77
16007	77
16019	77
16042	77
16054	77
16066	77
16078	77
16089	77
16101	77
16113	77
16125	77
16136	77
16148	77
16160	77
16171	77
16183	77
16195	77
16207	77
16218	77
16230	77
16242	77
16265	77
16277	77
16289	77
16300	77
16312	77
16324	77
16335	77
16347	77
16359	77
16371	77
16382	77
16394	77
16406	77
16417	77
16429	77
16453	77
16464	77
16476	77
16488	77
16500	77
16511	77
16523	77
16535	78
16546	78
16558	78
16570	78
16582	78
16593	78
16605	78
16628	78
16640	78
16652	78
16664	78
16675	78
16687	78
16699	78
16722	78
16734	78
16746	78
16769	78
16781	78
16792	78
16804	78
16816	78
16828	78
16839	78
16851	78
16863	78
16886	78
16898	78
16910	78
16921	78
16933	78
16945	78
16957	78
16968	78
16980	78
16992	78
17003	78
17015	78
17027	78
17050	78
17062	78
17074	78
17085	78
17097	78
17109	78
17121	78
17132	78
17144	78
17156	78
17167	78
17179	79
17203	79
17214	79
17226	79
17238	79
17250	79
17261	79
17273	79
17285	79
17308	79
17320	79
17332	79
17343	79
17355	79
17367	79
17378	79
17390	79
17402	79
17425	79
17437	79
17449	79
17460	79
17484	79
17496	79
17507	79
17531	79
17542	79
17554	79
17566	79
17578	79
17589	79
17601	79
17625	79
17636	79
17648	79
17660	79
17671	79
17683	79
17695	79
17707	79
17718	79
17730	79
17742	79
17753	79
17777	79
17789	79
17800	79
17812	79
17824	79
17835	79
17847	80
17859	80
17871	80
17882	80
17894	80
17906	80
17929	80
17941	80
17953	80
17964	80
17976	80
17988	80
18000	80
18011	80
18023	80
18035	80
18058	80
18070	80
18082	80
18093	80
18105	80
18117	80
18128	80
18140	80
18152	80
18175	80
18187	80
18199	80
18210	80
18234	80
18246	80
18257	80
18269	80
18292	80
18304	80
18316	80
18328	80
18339	80
18351	80
18363	80
18386	80
18398	80
18410	80
18421	80
18433	80
18445	80
18468	80
18480	80
18492	80
18503	80
18515	81
18527	81
18539	81
18562	81
18574	81
18585	81
18597	81
18609	81
18632	81
18644	81
18656	81
18667	81
18679	81
18691	81
18703	81
18726	81
18738	81
18750	81
18761	81
18773	81
18785	81
18796	81
18808	81
18820	81
18843	81
18855	81
18867	81
18878	81
18890	81
18902	81
18914	81
18937	81
18949	81
18960	81
18972	81
18984	81
19007	81
19019	81
19031	81
19042	81
19066	81
19078	81
19089	81
19101	81
19113	81
19125	81
19136	81
19160	81
19171	81
19183	81
19195	82
19207	82
19218	82
19230	82
19253	82
19265	82
19277	82
19289	82
19300	82
19324	82
19335	82
19347	82
19359	82
19371	82
19394	82
19406	82
19417	82
19429	82
19441	82
19464	82
19476	82
19488	82
19500	82
19511	82
19523	82
19535	82
19558	82
19570	82
19582	82
19593	82
19605	82
19617	82
19628	82
19652	82
19664	82
19675	82
19687	82
19699	82
19722	82
19734	82
19746	82
19769	82
19781	82
19792	82
19804	82
19828	82
19839	82
19851	82
19863	82
19875	82
19886	83
19910	83
19921	83
19945	83
19957	83
19968	83
19980	83
19992	83
20003	83
20027	83
20039	83
20050	83
20062	83
20074	83
20097	83
20109	83
20121	83
20144	83
20156	83
20167	83
20179	83
20191	83
20214	83
20226	83
20238	83
20250	83
20261	83
20273	83
20285	83
20296	83
20308	83
20320	83
20332	83
20343	83
20367	83
20378	83
20390	83
20402	83
20414	83
20437	83
20449	83
20460	83
20472	83
20484	83
20496	83
20519	83
20531	83
20542	83
20554	83
20566	83
20589	84
20601	84
20613	84
20625	84
20636	84
20660	84
20671	84
20683	84
20707	84
20718	84
20730	84
20742	84
20753	84
20765	84
20789	84
20800	84
20812	84
20835	84
20847	84
20871	84
20882	84
20894	84
20917	84
20929	84
20941	84
20953	84
20964	84
20988	84
21000	84
21011	84
21023	84
21035	84
21058	84
21070	84
21082	84
21093	84
21105	84
21117	84
21140	84
21152	84
21164	84
21175	84
21187	84
21199	84
21222	84
21234	84
21246	84
21257	84
21269	84
21292	84
21304	85
21316	85
21328	85
21351	85
21363	85
21375	85
21386	85
21398	85
21410	85
21433	85
21445	85
21457	85
21468	85
21480	85
21503	85
21515	85
21527	85
21539	85
21562	85
21574	85
21585	85
21609	85
21621	85
21644	85
21656	85
21667	85
21691	85
21703	85
21714	85
21726	85
21750	85
21761	85
21773	85
21785	85
21808	85
21820	85
21832	85
21843	85
21855	85
21878	85
21890	85
21902	85
21914	85
21937	85
21949	85
21960	85
21972	85
21984	85
22007	85
22019	85
22031	86
22042	86
22066	86
22078	86
22089	86
22101	86
22113	86
22136	86
22148	86
22160	86
22171	86
22195	86
22207	86
22218	86
22230	86
22253	86
22265	86
22277	86
22289	86
22312	86
22324	86
22347	86
22371	86
22382	86
22406	86
22417	86
22429	86
22441	86
22464	86
22476	86
22488	86
22500	86
22523	86
22535	86
22546	86
22558	86
22582	86
22593	86
22605	86
22617	86
22640	86
22652	86
22664	86
22675	86
22687	86
22710	86
22722	86
22734	86
22746	86
22757	86
22769	87
22781	87
22804	87
22816	87
22828	87
22851	87
22863	87
22875	87
22886	87
22898	87
22910	87
22933	87
22945	87
22957	87
22968	87
22980	87
23003	87
23015	87
23027	87
23039	87
23062	87
23074	87
23097	87
23109	87
23132	87
23156	87
23167	87
23179	87
23191	87
23214	87
23226	87
23238	87
23250	87
23273	87
23285	87
23308	87
23320	87
23343	87
23355	87
23367	87
23378	87
23402	87
23414	87
23425	87
23437	87
23460	87
23472	87
23484	87
23496	87
23519	87
23531	88
23542	88
23554	88
23578	88
23589	88
23601	88
23613	88
23636	88
23648	88
23660	88
23671	88
23683	88
23695	88
23707	88
23718	88
23742	88
23753	88
23765	88
23777	88
23800	88
23812	88
23824	88
23847	88
23859	88
23882	88
23894	88
23906	88
23929	88
23941	88
23953	88
23964	88
23988	88
24000	88
24011	88
24035	88
24046	88
24058	88
24082	88
24093	88
24105	88
24117	88
24140	88
24152	88
24164	88
24187	88
24199	88
24210	88
24234	88
24246	88
24257	88
24281	89
24292	89
24304	89
24316	89
24339	89
24351	89
24363	89
24386	89
24398	89
24410	89
24421	89
24433	89
24457	89
24468	89
24480	89
24492	89
24515	89
24527	89
24539	89
24562	89
24574	89
24585	89
24609	89
24621	89
24644	89
24656	89
24667	89
24691	89
24703	89
24714	89
24738	89
24750	89
24761	89
24785	89
24796	89
24808	89
24820	89
24843	89
24855	89
24867	89
24890	89
24902	89
24914	89
24925	89
24949	89
24960	89
24972	89
24996	89
25007	89
25019	89
25031	90
25054	90
25066	90
25078	90
25101	90
25113	90
25125	90
25136	90
25148	90
25160	90
25171	90
25195	90
25207	90
25218	90
25230	90
25253	90
25265	90
25277	90
25300	90
25312	90
25324	90
25347	90
25359	90
25371	90
25394	90
25406	90
25429	90
25441	90
25453	90
25476	90
25488	90
25500	90
25523	90
25535	90
25558	90
25570	90
25593	90
25605	90
25617	90
25640	90
25652	90
25664	90
25687	90
25699	90
25722	90
25734	90
25757	90
25769	90
25792	90
25804	90
25816	91
25839	91
25851	91
25863	91
25886	91
25898	91
25910	91
25921	91
25945	91
25957	91
25968	91
25980	91
26003	91
26015	91
26027	91
26050	91
26062	91
26085	91
26097	91
26109	91
26132	91
26144	91
26156	91
26179	91
26191	91
26203	91
26226	91
26238	91
26250	91
26273	91
26285	91
26296	91
26320	91
26332	91
26343	91
26367	91
26378	91
26390	91
26414	91
26425	91
26437	91
26460	91
26472	91
26496	91
26507	91
26519	91
26542	91
26554	91
26578	91
26589	91
26601	92
26625	92
26636	92
26648	92
26660	92
26671	92
26695	92
26707	92
26718	92
26730	92
26753	92
26765	92
26789	92
26800	92
26812	92
26835	92
26847	92
26859	92
26882	92
26894	92
26906	92
26929	92
26941	92
26953	92
26976	92
26988	92
27011	92
27023	92
27035	92
27058	92
27070	92
27082	92
27105	92
27117	92
27128	92
27152	92
27164	92
27187	92
27199	92
27222	92
27234	92
27257	92
27269	92
27292	92
27304	92
27316	92
27339	92
27351	92
27363	92
27386	92
27398	93
27410	93
27433	93
27445	93
27457	93
27468	93
27492	93
27503	93
27527	93
27539	93
27550	93
27574	93
27585	93
27597	93
27621	93
27632	93
27644	93
27667	93
27679	93
27691	93
27714	93
27726	93
27738	93
27761	93
27773	93
27785	93
27808	93
27820	93
27832	93
27855	93
27867	93
27878	93
27902	93
27914	93
27937	93
27949	93
27972	93
27996	93
28007	93
28031	93
28042	93
28066	93
28078	93
28089	93
28113	93
28125	93
28148	93
28160	93
28171	93
28183	93
28207	94
28218	94
28230	94
28253	94
28265	94
28289	94
28300	94
28312	94
28335	94
28347	94
28359	94
28382	94
28394	94
28406	94
28429	94
28441	94
28464	94
28476	94
28500	94
28511	94
28523	94
28535	94
28558	94
28570	94
28593	94
28605	94
28617	94
28640	94
28652	94
28675	94
28687	94
28710	94
28734	94
28746	94
28769	94
28781	94
28804	94
28816	94
28839	94
28851	94
28863	94
28886	94
28898	94
28921	94
28933	94
28945	94
28968	94
28980	94
28992	94
29015	94
29027	95
29050	95
29062	95
29074	95
29097	95
29109	95
29132	95
29144	95
29156	95
29179	95
29191	95
29214	95
29226	95
29250	95
29261	95
29273	95
29296	95
29308	95
29332	95
29343	95
29355	95
29378	95
29390	95
29414	95
29425	95
29449	95
29460	95
29484	95
29507	95
29519	95
29542	95
29554	95
29578	95
29589	95
29601	95
29625	95
29636	95
29660	95
29671	95
29683	95
29707	95
29718	95
29730	95
29753	95
29765	95
29777	95
29800	95
29812	95
29835	95
29847	95
29859	96
29882	96
29894	96
29906	96
29929	96
29941	96
29964	96
29976	96
29988	96
30011	96
30023	96
30035	96
30058	96
30070	96
30082	96
30105	96
30117	96
30140	96
30152	96
30175	96
30187	96
30210	96
30222	96
30246	96
30257	96
30281	96
30292	96
30316	96
30328	96
30351	96
30363	96
30375	96
30398	96
30410	96
30433	96
30445	96
30468	96
30480	96
30492	96
30515	96
30527	96
30550	96
30562	96
30585	96
30597	96
30621	96
30632	96
30644	96
30667	96
30679	96
30703	97
30714	97
30738	97
30750	97
30761	97
30785	97
30796	97
30808	97
30832	97
30843	97
30855	97
30878	97
30890	97
30914	97
30925	97
30949	97
30960	97
30984	97
30996	97
31019	97
31031	97
31054	97
31066	97
31078	97
31101	97
31113	97
31136	97
31148	97
31171	97
31183	97
31195	97
31218	97
31230	97
31253	97
31265	97
31277	97
31300	97
31312	97
31335	97
31347	97
31371	97
31382	97
31406	97
31417	97
31441	97
31453	97
31464	97
31488	97
31500	97
31523	97
31535	98
31546	98
31570	98
31582	98
31593	98
31617	98
31628	98
31652	98
31664	98
31687	98
31699	98
31722	98
31734	98
31757	98
31781	98
31792	98
31816	98
31828	98
31839	98
31863	98
31875	98
31898	98
31910	98
31933	98
31957	98
31968	98
31980	98
32003	98
32015	98
32039	98
32050	98
32074	98
32085	98
32109	98
32121	98
32144	98
32156	98
32179	98
32191	98
32214	98
32226	98
32250	98
32261	98
32273	98
32285	98
32296	98
32320	98
32332	98
32343	98
32367	98
32378	99
32402	99
32414	99
32425	99
32449	99
32460	99
32484	99
32496	99
32507	99
32531	99
32542	99
32566	99
32578	99
32601	99
32613	99
32625	99
32648	99
32660	99
32683	99
32707	99
32718	99
32730	99
32753	99
32765	99
32789	99
32800	99
32824	99
32847	99
32859	99
32882	99
32906	99
32917	99
32941	99
32953	99
32964	99
32988	99
33000	99
33023	99
33035	99
33058	99
33070	99
33082	99
33105	99
33117	99
33140	99
33152	99
33175	99
33187	99
33199	99
33222	99
33234	100
33257	100
33269	100
33281	100
33304	100
33316	100
33339	100
33351	100
33363	100
33386	100
33398	100
33421	100
33433	100
33445	100
33468	100
33480	100
33503	100
33515	100
33527	100
33550	100
33574	100
33585	100
33609	100
33632	100
33644	100
33667	100
33679	100
33703	100
33714	100
33738	100
33750	100
33773	100
33785	100
33808	100
33820	100
33832	100
33855	100
33867	100
33890	100
33902	100
33914	100
33937	100
33949	100
33972	100
33984	100
34007	100
34019	100
34031	100
34054	100
34066	100
34089	101
34101	101
34125	101
34136	101
34160	101
34171	101
34195	101
34207	101
34230	101
34242	101
34253	101
34277	101
34289	101
34312	101
34335	101
34359	101
34371	101
34394	101
34417	101
34429	101
34453	101
34464	101
34488	101
34500	101
34523	101
34535	101
34558	101
34570	101
34582	101
34605	101
34617	101
34640	101
34652	101
34664	101
34687	101
34699	101
34710	101
34734	101
34746	101
34757	101
34781	101
34792	101
34816	101
34828	101
34851	101
34863	101
34875	101
34898	101
34910	101
34921	101
34945	102
34957	102
34980	102
34992	102
35003	102
35027	102
35039	102
35062	102
35085	102
35109	102
35121	102
35144	102
35167	102
35179	102
35203	102
35214	102
35238	102
35250	102
35273	102
35296	102
35308	102
35332	102
35343	102
35367	102
35378	102
35402	102
35414	102
35437	102
35449	102
35460	102
35484	102
35496	102
35519	102
35531	102
35542	102
35566	102
35589	102
35601	102
35613	102
35636	102
35648	102
35660	102
35671	102
35695	102
35707	102
35718	102
35742	102
35753	102
35777	102
35789	102
35812	103
35824	103
35847	103
35871	103
35882	103
35906	103
35917	103
35941	103
35953	103
35976	103
35988	103
36011	103
36023	103
36046	103
36070	103
36082	103
36105	103
36117	103
36128	103
36152	103
36164	103
36187	103
36199	103
36222	103
36246	103
36257	103
36281	103
36292	103
36316	103
36328	103
36351	103
36363	103
36386	103
36398	103
36410	103
36433	103
36445	103
36468	103
36480	103
36503	103
36515	103
36539	103
36550	103
36574	103
36585	103
36609	103
36632	103
36644	103
36667	103
36679	103
36703	104
36714	104
36738	104
36750	104
36773	104
36785	104
36808	104
36820	104
36843	104
36855	104
36878	104
36890	104
36914	104
36925	104
36949	104
36960	104
36984	104
36996	104
37019	104
37031	104
37054	104
37066	104
37089	104
37101	104
37125	104
37136	104
37148	104
37160	104
37183	104
37195	104
37207	104
37230	104
37242	104
37265	104
37277	104
37300	104
37312	104
37335	104
37347	104
37371	104
37394	104
37406	104
37429	104
37441	104
37464	104
37476	104
37500	104
37523	104
37535	104
37558	104
37582	105
37593	105
37617	105
37628	105
37652	105
37664	105
37687	105
37710	105
37734	105
37746	105
37769	105
37792	105
37804	105
37828	105
37839	105
37863	105
37875	105
37898	105
37910	105
37921	105
37945	105
37957	105
37980	105
37992	105
38015	105
38027	105
38050	105
38074	105
38085	105
38109	105
38121	105
38144	105
38167	105
38179	105
38203	105
38214	105
38238	105
38250	105
38273	105
38285	105
38308	105
38320	105
38343	105
38355	105
38378	105
38390	105
38414	105
38437	105
38449	105
38472	105
38484	106
38507	106
38531	106
38542	106
38566	106
38578	106
38601	106
38613	106
38636	106
38648	106
38671	106
38683	106
38695	106
38718	106
38730	106
38753	106
38765	106
38789	106
38800	106
38824	106
38835	106
38859	106
38871	106
38894	106
38906	106
38929	106
38953	106
38964	106
38988	106
39000	106
39023	106
39035	106
39058	106
39070	106
39093	106
39105	106
39128	106
39140	106
39164	106
39187	106
39199	106
39222	106
39246	106
39269	106
39281	106
39304	106
39316	106
39339	106
39363	106
39375	106
39398	107
39410	107
39421	107
39445	107
39457	107
39480	107
39492	107
39515	107
39539	107
39550	107
39574	107
39585	107
39609	107
39621	107
39644	107
39656	107
39679	107
39691	107
39714	107
39738	107
39750	107
39773	107
39785	107
39808	107
39820	107
39843	107
39855	107
39878	107
39890	107
39914	107
39925	107
39949	107
39972	107
39996	107
40019	107
40031	107
40054	107
40078	107
40089	107
40113	107
40125	107
40148	107
40160	107
40183	107
40195	107
40218	107
40230	107
40253	107
40265	107
40289	107
40312	108
40324	108
40347	108
40359	108
40382	108
40394	108
40417	108
40429	108
40453	108
40476	108
40488	108
40511	108
40523	108
40546	108
40558	108
40582	108
40605	108
40617	108
40640	108
40652	108
40675	108
40699	108
40722	108
40734	108
40757	108
40781	108
40804	108
40816	108
40839	108
40851	108
40875	108
40898	108
40910	108
40933	108
40945	108
40968	108
40980	108
41003	108
41015	108
41039	108
41062	108
41074	108
41097	108
41109	108
41132	108
41144	108
41167	108
41191	108
41203	108
41226	108
41238	109
41261	109
41285	109
41296	109
41320	109
41343	109
41355	109
41378	109
41390	109
41414	109
41437	109
41449	109
41472	109
41496	109
41519	109
41542	109
41554	109
41578	109
41601	109
41613	109
41636	109
41648	109
41671	109
41683	109
41707	109
41730	109
41742	109
41765	109
41789	109
41800	109
41824	109
41835	109
41859	109
41871	109
41894	109
41917	109
41929	109
41953	109
41976	109
41988	109
42011	109
42023	109
42046	109
42058	109
42082	109
42105	109
42117	109
42140	109
42152	109
42175	109
42199	110
42222	110
42246	110
42257	110
42281	110
42304	110
42328	110
42339	110
42363	110
42375	110
42398	110
42421	110
42433	110
42457	110
42480	110
42492	110
42515	110
42539	110
42550	110
42574	110
42597	110
42609	110
42632	110
42656	110
42667	110
42691	110
42714	110
42738	110
42750	110
42773	110
42785	110
42808	110
42820	110
42843	110
42867	110
42878	110
42902	110
42925	110
42937	110
42960	110
42984	110
43007	110
43031	110
43042	110
43066	110
43089	110
43101	110
43125	110
43148	110
43160	110
43183	111
43207	111
43218	111
43242	111
43265	111
43289	111
43300	111
43324	111
43347	111
43371	111
43382	111
43406	111
43429	111
43453	111
43464	111
43488	111
43511	111
43523	111
43546	111
43558	111
43582	111
43605	111
43617	111
43640	111
43664	111
43687	111
43699	111
43722	111
43746	111
43769	111
43792	111
43816	111
43828	111
43851	111
43875	111
43898	111
43910	111
43933	111
43957	111
43980	111
44003	111
44015	111
44039	111
44062	111
44085	111
44109	111
44121	111
44144	111
44167	111
44191	111
44203	112
44226	112
44250	112
44261	112
44285	112
44296	112
44320	112
44332	112
44355	112
44378	112
44390	112
44414	112
44437	112
44449	112
44472	112
44496	112
44507	112
44531	112
44554	112
44578	112
44589	112
44613	112
44636	112
44648	112
44671	112
44695	112
44718	112
44742	112
44753	112
44777	112
44800	112
44824	112
44847	112
44871	112
44894	112
44917	112
44941	112
44953	112
44976	112
45000	112
45011	112
45035	112
45058	112
45070	112
45093	112
45117	112
45128	112
45152	112
45175	112
45199	112
45210	113
45234	113
45257	113
45269	113
45292	113
45316	113
45328	113
45351	113
45375	113
45386	113
45410	113
45433	113
45457	113
45468	113
45492	113
45515	113
45527	113
45550	113
45574	113
45597	113
45621	113
45644	113
45667	113
45691	113
45714	113
45726	113
45750	113
45773	113
45796	113
45808	113
45832	113
45855	113
45867	113
45890	113
45914	113
45937	113
45949	113
45972	113
45996	113
46007	113
46031	113
46054	113
46078	113
46089	113
46113	113
46136	113
46160	113
46171	113
46195	113
46218	113
46242	114
46253	114
46277	114
46300	114
46324	114
46347	114
46371	114
46394	114
46417	114
46441	114
46464	114
46476	114
46500	114
46523	114
46546	114
46558	114
46582	114
46605	114
46617	114
46640	114
46664	114
46687	114
46699	114
46722	114
46734	114
46757	114
46769	114
46792	114
46816	114
46839	114
46863	114
46875	114
46898	114
46910	114
46933	114
46957	114
46968	114
46992	114
47015	114
47027	114
47050	114
47074	114
47097	114
47132	114
47156	114
47179	114
47191	114
47214	114
47238	114
47261	114
47285	115
47308	115
47332	115
47343	115
47367	115
47390	115
47402	115
47425	115
47449	115
47472	115
47484	115
47507	115
47531	115
47542	115
47566	115
47589	115
47613	115
47625	115
47648	115
47660	115
47683	115
47695	115
47718	115
47742	115
47753	115
47777	115
47800	115
47824	115
47847	115
47859	115
47882	115
47906	115
47929	115
47953	115
47976	115
47988	115
48011	115
48035	115
48058	115
48082	115
48093	115
48117	115
48140	115
48164	115
48175	115
48199	115
48222	115
48246	115
48269	115
48281	115
48304	116
48328	116
48351	116
48363	116
48386	116
48410	116
48421	116
48445	116
48468	116
48492	116
48503	116
48527	116
48550	116
48574	116
48597	116
48621	116
48644	116
48656	116
48679	116
48703	116
48726	116
48738	116
48761	116
48785	116
48808	116
48820	116
48843	116
48867	116
48890	116
48902	116
48925	116
48949	116
48972	116
48996	116
49007	116
49031	116
49054	116
49078	116
49089	116
49113	116
49136	116
49148	116
49171	116
49183	116
49207	116
49218	116
49242	116
49265	116
49289	116
49312	116
49324	117
49347	117
49371	117
49394	117
49417	117
49441	117
49464	117
49476	117
49500	117
49523	117
49546	117
49570	117
49593	117
49617	117
49640	117
49652	117
49675	117
49699	117
49722	117
49746	117
49769	117
49792	117
49816	117
49839	117
49863	117
49875	117
49898	117
49921	117
49933	117
49957	117
49980	117
50003	117
50015	117
50039	117
50062	117
50085	117
50109	117
50132	117
50144	117
50167	117
50191	117
50214	117
50238	117
50250	117
50273	117
50296	117
50320	117
50343	117
50355	117
50378	117
50402	118
50425	118
50449	118
50472	118
50496	118
50519	118
50531	118
50554	118
50578	118
50601	118
50625	118
50636	118
50660	118
50683	118
50695	118
50718	118
50742	118
50765	118
50789	118
50800	118
50824	118
50847	118
50871	118
50894	118
50906	118
50929	118
50953	118
50976	118
51000	118
51011	118
51035	118
51058	118
51082	118
51105	118
51117	118
51140	118
51164	118
51187	118
51210	118
51234	118
51257	118
51281	118
51304	118
51328	118
51339	118
51363	118
51386	118
51410	118
51421	118
51445	118
51468	119
51480	119
51503	119
51527	119
51550	119
51574	119
51585	119
51609	119
51632	119
51656	119
51679	119
51703	119
51714	119
51738	119
51761	119
51785	119
51796	119
51820	119
51843	119
51867	119
51890	119
51914	119
51937	119
51960	119
51984	119
52007	119
52031	119
52054	119
52078	119
52101	119
52113	119
52136	119
52160	119
52183	119
52195	119
52218	119
52242	119
52265	119
52289	119
52312	119
52324	119
52347	119
52371	119
52394	119
52417	119
52441	119
52453	119
52476	119
52500	119
52523	119
52546	120
52570	120
52593	120
52605	120
52628	120
52652	120
52675	120
52699	120
52722	120
52746	120
52769	120
52792	120
52816	120
52839	120
52863	120
52886	120
52910	120
52933	120
52945	120
52968	120
52992	120
53015	120
53039	120
53050	120
53074	120
53097	120
53121	120
53144	120
53167	120
53179	120
53203	120
53226	120
53250	120
53273	120
53296	120
53320	120
53343	120
53355	120
53378	120
53402	120
53425	120
53449	120
53472	120
53507	120
53531	120
53554	120
53578	120
53589	120
53613	120
53636	120
53660	121
53683	121
53707	121
53718	121
53742	121
53765	121
53789	121
53812	121
53835	121
53859	121
53871	121
53894	121
53917	121
53941	121
53964	121
53988	121
54011	121
54035	121
54046	121
54070	121
54093	121
54117	121
54140	121
54164	121
54187	121
54210	121
54234	121
54257	121
54281	121
54304	121
54328	121
54351	121
54375	121
54398	121
54421	121
54445	121
54468	121
54480	121
54503	121
54527	121
54550	121
54574	121
54597	121
54621	121
54644	121
54667	121
54691	121
54714	121
54738	121
54761	121
54773	122
54796	122
54820	122
54843	122
54867	122
54890	122
54902	122
54925	122
54949	122
54984	122
55007	122
55031	122
55054	122
55078	122
55089	122
55113	122
55136	122
55160	122
55183	122
55207	122
55230	122
55253	122
55277	122
55300	122
55324	122
55347	122
55371	122
55394	122
55417	122
55441	122
55464	122
55488	122
55511	122
55535	122
55558	122
55582	122
55605	122
55617	122
55640	122
55664	122
55687	122
55722	122
55746	122
55769	122
55792	122
55816	122
55839	122
55863	122
55886	122
55910	122
55945	123
55968	123
55992	123
56003	123
56027	123
56062	123
56085	123
56109	123
56132	123
56156	123
56179	123
56203	123
56226	123
56250	123
56273	123
56285	123
56308	123
56332	123
56343	123
56367	123
56390	123
56414	123
56437	123
56460	123
56484	123
56507	123
56531	123
56554	123
56578	123
56601	123
56625	123
56648	123
56671	123
56695	123
56718	123
56742	123
56765	123
56789	123
56812	123
56835	123
56871	123
56894	123
56917	123
56941	123
56964	123
56988	123
57011	123
57035	123
57058	123
57082	123
57105	124
57128	124
57152	124
57175	124
57199	124
57222	124
57246	124
57269	124
57292	124
57316	124
57339	124
57363	124
57386	124
57398	124
57421	124
57457	124
57468	124
57492	124
57515	124
57539	124
57574	124
57597	124
57621	124
57656	124
57679	124
57703	124
57726	124
57750	124
57773	124
57796	124
57820	124
57843	124
57867	124
57890	124
57914	124
57937	124
57960	124
57984	124
58007	124
58031	124
58054	124
58078	124
58101	124
58125	124
58136	124
58160	124
58195	124
58218	124
58242	124
58253	124
58277	125
58312	125
58335	125
58371	125
58394	125
58417	125
58441	125
58464	125
58488	125
58511	125
58535	125
58558	125
58582	125
58605	125
58628	125
58652	125
58675	125
58699	125
58722	125
58734	125
58757	125
58781	125
58804	125
58828	125
58851	125
58875	125
58898	125
58921	125
58945	125
58968	125
58980	125
59003	125
59027	125
59062	125
59085	125
59121	125
59144	125
59167	125
59191	125
59214	125
59238	125
59273	125
59296	125
59320	125
59343	125
59367	125
59390	125
59414	125
59437	125
59460	125
59484	126
59507	126
59531	126
59554	126
59578	126
59601	126
59625	126
59648	126
59660	126
59683	126
59707	126
59730	126
59753	126
59777	126
59800	126
59824	126
59847	126
59871	126
59894	126
59929	126
59953	126
59964	126
60000	126
60023	126
60046	126
60070	126
60093	126
60117	126
60140	126
60164	126
60187	126
60210	126
60234	126
60257	126
60281	126
60304	126
60328	126
60351	126
60375	126
60398	126
60421	126
60445	126
60468	126
60492	126
60515	126
60539	126
60562	126
60597	126
60621	126
60644	126
60667	127
60691	127
60714	127
60738	127
60761	127
60785	127
60808	127
60832	127
60855	127
60878	127
60902	127
60925	127
60949	127
60972	127
60996	127
61019	127
61042	127
61066	127
61101	127
61125	127
61136	127
61160	127
61183	127
61195	127
61218	127
61242	127
61265	127
61289	127
61312	127
61347	127
61371	127
61394	127
61417	127
61441	127
61464	127
61488	127
61511	127
61546	127
61570	127
61593	127
61617	127
61640	127
61664	127
61699	127
61722	127
61746	127
61769	127
61804	127
61828	127
61851	127
61875	128
61898	128
61921	128
61933	128
61957	128
61980	128
62003	128
62027	128
62062	128
62085	128
62109	128
62132	128
62156	128
62179	128
62203	128
62226	128
62250	128
62273	128
62296	128
62332	128
62355	128
62378	128
62402	128
62425	128
62449	128
62472	128
62496	128
62519	128
62554	128
62578	128
62601	128
62625	128
62648	128
62671	128
62683	128
62707	128
62730	128
62753	128
62777	128
62800	128
62824	128
62847	128
62882	128
62906	128
62929	128
62953	128
62976	128
63000	128
63023	128
63046	128
63070	129
63093	129
63117	129
63140	129
63164	129
63187	129
63222	129
63246	129
63269	129
63292	129
63328	129
63351	129
63375	129
63398	129
63421	129
63433	129
63457	129
63480	129
63503	129
63539	129
63562	129
63585	129
63609	129
63632	129
63656	129
63679	129
63703	129
63726	129
63750	129
63773	129
63796	129
63820	129
63843	129
63867	129
63890	129
63914	129
63937	129
63972	129
63996	129
64031	129
64054	129
64078	129
64101	129
64125	129
64148	129
64171	129
64195	129
64218	129
64242	129
64265	129
64289	130
64312	130
64335	130
64359	130
64382	130
64406	130
64429	130
64464	130
64488	130
64511	130
64535	130
64558	130
64582	130
64605	130
64628	130
64652	130
64675	130
64710	130
64734	130
64769	130
64792	130
64816	130
64839	130
64863	130
64886	130
64910	130
64933	130
64957	130
64980	130
65003	130
65039	130
65062	130
65085	130
65109	130
65132	130
65156	130
65179	130
65203	130
65226	130
65250	130
65273	130
65296	130
65332	130
65355	130
65378	130
65402	130
65425	130
65449	130
65484	130
65507	130
65542	131
65566	131
65589	131
65613	131
65636	131
65660	131
65683	131
65707	131
65730	131
65753	131
65777	131
65800	131
65824	131
65847	131
65882	131
65906	131
65929	131
65953	131
65976	131
66000	131
66023	131
66046	131
66070	131
66093	131
66117	131
66140	131
66175	131
66199	131
66222	131
66257	131
66281	131
66304	131
66328	131
66351	131
66386	131
66410	131
66433	131
66457	131
66480	131
66503	131
66527	131
66562	131
66585	131
66609	131
66632	131
66656	131
66691	131
66714	131
66738	131
66761	131
66785	132
66808	132
66832	132
66855	132
66878	132
66902	132
66937	132
66960	132
66984	132
67007	132
67042	132
67066	132
67089	132
67113	132
67136	132
67160	132
67195	132
67218	132
67242	132
67265	132
67289	132
67312	132
67347	132
67371	132
67394	132
67417	132
67453	132
67476	132
67500	132
67523	132
67546	132
67570	132
67593	132
67617	132
67640	132
67675	132
67699	132
67722	132
67757	132
67781	132
67804	132
67839	132
67863	132
67886	132
67910	132
67945	132
67968	132
67992	132
68015	132
68050	132
68074	133
68097	133
68132	133
68156	133
68179	133
68203	133
68238	133
68261	133
68285	133
68296	133
68320	133
68343	133
68367	133
68402	133
68425	133
68449	133
68472	133
68496	133
68519	133
68554	133
68578	133
68601	133
68625	133
68648	133
68683	133
68707	133
68730	133
68753	133
68777	133
68812	133
68835	133
68871	133
68906	133
68929	133
68953	133
68976	133
69000	133
69035	133
69058	133
69082	133
69105	133
69128	133
69152	133
69175	133
69210	133
69234	133
69257	133
69281	133
69304	133
69328	133
69363	134
69386	134
69410	134
69433	134
69457	134
69480	134
69503	134
69539	134
69562	134
69597	134
69621	134
69656	134
69679	134
69703	134
69726	134
69761	134
69785	134
69808	134
69832	134
69855	134
69890	134
69914	134
69937	134
69960	134
69984	134
70007	134
70042	134
70066	134
70089	134
70113	134
70136	134
70171	134
70195	134
70218	134
70242	134
70265	134
70300	134
70324	134
70359	134
70394	134
70417	134
70441	134
70464	134
70500	134
70523	134
70546	134
70570	134
70593	134
70617	134
70652	134
70675	135
70699	135
70722	135
70746	135
70769	135
70792	135
70816	135
70839	135
70875	135
70886	135
70910	135
70945	135
70968	135
70992	135
71015	135
71039	135
71074	135
71097	135
71132	135
71167	135
71191	135
71214	135
71238	135
71273	135
71308	135
71332	135
71355	135
71378	135
71402	135
71437	135
71460	135
71484	135
71507	135
71531	135
71554	135
71589	135
71613	135
71636	135
71660	135
71683	135
71707	135
71730	135
71753	135
71777	135
71800	135
71835	135
71859	135
71894	135
71917	135
71941	135
71964	136
72000	136
72023	136
72046	136
72082	136
72105	136
72128	136
72152	136
72187	136
72210	136
72234	136
72257	136
72292	136
72316	136
72339	136
72363	136
72386	136
72410	136
72445	136
72468	136
72492	136
72515	136
72539	136
72574	136
72597	136
72632	136
72656	136
72679	136
72703	136
72738	136
72761	136
72785	136
72808	136
72832	136
72867	136
72890	136
72914	136
72937	136
72960	136
72996	136
73019	136
73042	136
73066	136
73101	136
73125	136
73148	136
73160	136
73183	136
73207	136
73230	136
73265	137
73289	137
73312	137
73347	137
73371	137
73394	137
73429	137
73453	137
73476	137
73511	137
73535	137
73570	137
73593	137
73617	137
73640	137
73675	137
73699	137
73734	137
73757	137
73792	137
73816	137
73839	137
73875	137
73898	137
73921	137
73945	137
73968	137
73992	137
74015	137
74050	137
74074	137
74097	137
74132	137
74156	137
74179	137
74203	137
74238	137
74261	137
74285	137
74308	137
74343	137
74367	137
74390	137
74414	137
74449	137
74472	137
74496	137
74531	137
74554	137
74578	137
74613	138
74636	138
74660	138
74683	138
74707	138
74730	138
74753	138
74777	138
74812	138
74835	138
74859	138
74882	138
74917	138
74941	138
74964	138
75000	138
75023	138
75046	138
75070	138
75093	138
75128	138
75152	138
75175	138
75210	138
75234	138
75269	138
75292	138
75316	138
75351	138
75375	138
75398	138
75421	138
75445	138
75468	138
75503	138
75527	138
75550	138
75574	138
75609	138
75632	138
75656	138
75679	138
75714	138
75738	138
75761	138
75785	138
75808	138
75843	138
75867	138
75890	138
75925	139
75949	139
75984	139
76007	139
76042	139
76066	139
76089	139
76125	139
76148	139
76171	139
76195	139
76218	139
76242	139
76277	139
76300	139
76324	139
76347	139
76371	139
76406	139
76429	139
76453	139
76488	139
76511	139
76535	139
76558	139
76593	139
76617	139
76640	139
76664	139
76699	139
76734	139
76757	139
76792	139
76816	139
76839	139
76875	139
76898	139
76921	139
76945	139
76968	139
77003	139
77027	139
77050	139
77085	139
77109	139
77132	139
77156	139
77191	139
77214	139
77238	139
77273	140
77296	140
77320	140
77355	140
77378	140
77402	140
77437	140
77460	140
77496	140
77531	140
77554	140
77578	140
77613	140
77636	140
77660	140
77683	140
77707	140
77742	140
77765	140
77789	140
77812	140
77847	140
77871	140
77894	140
77917	140
77953	140
77976	140
78000	140
78023	140
78058	140
78082	140
78105	140
78128	140
78164	140
78187	140
78222	140
78246	140
78281	140
78304	140
78339	140
78363	140
78386	140
78421	140
78445	140
78468	140
78492	140
78527	140
78550	140
78585	140
78609	140
78632	141
78667	141
78691	141
78726	141
78750	141
78773	141
78796	141
78832	141
78855	141
78878	141
78914	141
78937	141
78960	141
78996	141
79019	141
79054	141
79078	141
79113	141
79136	141
79160	141
79195	141
79218	141
79242	141
79277	141
79300	141
79335	141
79359	141
79394	141
79417	141
79441	141
79476	141
79500	141
79523	141
79558	141
79582	141
79605	141
79640	141
79664	141
79687	141
79722	141
79757	141
79781	141
79816	141
79839	141
79863	141
79898	141
79933	141
79957	141
79992	141
80015	141
80039	142
80074	142
80097	142
80132	142
80156	142
80191	142
80214	142
80250	142
80273	142
80296	142
80320	142
80343	142
80367	142
80402	142
80425	142
80449	142
80484	142
80507	142
80531	142
80566	142
80589	142
80625	142
80648	142
80683	142
80707	142
80742	142
80765	142
80789	142
80824	142
80859	142
80894	142
80929	142
80953	142
80976	142
81011	142
81035	142
81070	142
81093	142
81117	142
81152	142
81175	142
81199	142
81234	142
81257	142
81292	142
81316	142
81339	142
81375	142
81398	142
81421	142
81457	143
81480	143
81503	143
81539	143
81562	143
81597	143
81632	143
81667	143
81691	143
81726	143
81750	143
81773	143
81808	143
81832	143
81867	143
81890	143
81914	143
81949	143
81972	143
81996	143
82031	143
82054	143
82089	143
82113	143
82136	143
82171	143
82195	143
82230	143
82253	143
82277	143
82312	143
82347	143
82382	143
82417	143
82441	143
82476	143
82500	143
82535	143
82558	143
82582	143
82617	143
82640	143
82675	143
82699	143
82722	143
82746	143
82781	143
82804	143
82839	143
82863	143
82886	144
82910	144
82945	144
82968	144
82992	144
83027	144
83062	144
83097	144
83132	144
83167	144
83191	144
83214	144
83250	144
83285	144
83320	144
83343	144
83367	144
83402	144
83425	144
83460	144
83484	144
83519	144
83542	144
83566	144
83601	144
83625	144
83648	144
83671	144
83695	144
83718	144
83753	144
83777	144
83812	144
83835	144
83871	144
83906	144
83929	144
83953	144
83988	144
84011	144
84046	144
84082	144
84105	144
84128	144
84164	144
84187	144
84222	144
84246	144
84281	144
84304	144
84339	145
84363	145
84386	145
84410	145
84445	145
84468	145
84503	145
84527	145
84562	145
84585	145
84621	145
84656	145
84679	145
84714	145
84738	145
84761	145
84796	145
84820	145
84855	145
84878	145
84914	145
84937	145
84972	145
84996	145
85019	145
85054	145
85078	145
85113	145
85136	145
85160	145
85183	145
85207	145
85242	145
85265	145
85300	145
85324	145
85359	145
85394	145
85417	145
85453	145
85476	145
85511	145
85546	145
85582	145
85605	145
85628	145
85664	145
85699	145
85722	145
85757	145
85792	146
85816	146
85851	146
85875	146
85898	146
85933	146
85957	146
85980	146
86015	146
86039	146
86074	146
86097	146
86132	146
86156	146
86191	146
86214	146
86250	146
86273	146
86308	146
86332	146
86355	146
86390	146
86414	146
86449	146
86484	146
86507	146
86542	146
86566	146
86601	146
86625	146
86648	146
86683	146
86707	146
86730	146
86765	146
86789	146
86824	146
86847	146
86871	146
86906	146
86929	146
86964	146
87000	146
87023	146
87046	146
87082	146
87105	146
87140	146
87164	146
87199	146
87234	147
87269	147
87292	147
87328	147
87351	147
87386	147
87410	147
87433	147
87468	147
87492	147
87527	147
87550	147
87585	147
87609	147
87644	147
87667	147
87703	147
87726	147
87750	147
87785	147
87808	147
87843	147
87867	147
87902	147
87925	147
87960	147
87996	147
88031	147
88054	147
88089	147
88113	147
88148	147
88171	147
88195	147
88230	147
88253	147
88289	147
88312	147
88335	147
88371	147
88394	147
88429	147
88453	147
88488	147
88511	147
88535	147
88570	147
88593	147
88628	147
88652	147
88687	148
88722	148
88757	148
88792	148
88816	148
88851	148
88875	148
88910	148
88933	148
88957	148
88992	148
89027	148
89050	148
89074	148
89109	148
89132	148
89167	148
89203	148
89226	148
89261	148
89285	148
89320	148
89343	148
89378	148
89402	148
89437	148
89472	148
89507	148
89542	148
89566	148
89601	148
89625	148
89660	148
89683	148
89718	148
89742	148
89777	148
89800	148
89835	148
89859	148
89894	148
89917	148
89953	148
89976	148
90011	148
90035	148
90058	148
90093	148
90117	148
90152	148
90175	149
90210	149
90246	149
90281	149
90316	149
90339	149
90375	149
90398	149
90433	149
90457	149
90492	149
90515	149
90550	149
90574	149
90609	149
90644	149
90667	149
90703	149
90726	149
90761	149
90785	149
90820	149
90843	149
90878	149
90902	149
90937	149
90960	149
90996	149
91031	149
91066	149
91089	149
91125	149
91148	149
91183	149
91207	149
91242	149
91277	149
91300	149
91335	149
91371	149
91394	149
91429	149
91464	149
91488	149
91523	149
91546	149
91582	149
91605	149
91640	149
91664	149
91699	150
91734	150
91769	150
91804	150
91828	150
91863	150
91898	150
91933	150
91957	150
91992	150
92015	150
92050	150
92085	150
92121	150
92156	150
92179	150
92214	150
92238	150
92273	150
92296	150
92320	150
92355	150
92378	150
92414	150
92437	150
92472	150
92496	150
92531	150
92554	150
92589	150
92625	150
92648	150
92683	150
92718	150
92742	150
92777	150
92800	150
92847	150
92882	150
92917	150
92941	150
92976	150
93000	150
93035	150
93058	150
93093	150
93117	150
93152	150
93187	150
93210	150
93246	151
93269	151
93304	151
93339	151
93363	151
93398	151
93421	151
93457	151
93480	151
93515	151
93550	151
93574	151
93621	151
93656	151
93691	151
93714	151
93750	151
93773	151
93808	151
93843	151
93867	151
93902	151
93925	151
93960	151
93996	151
94019	151
94054	151
94089	151
94113	151
94148	151
94171	151
94207	151
94242	151
94265	151
94300	151
94335	151
94382	151
94417	151
94441	151
94476	151
94500	151
94535	151
94570	151
94593	151
94628	151
94652	151
94687	151
94710	151
94746	151
94769	151
94804	152
94828	152
94863	152
94886	152
94921	152
94945	152
94980	152
95003	152
95039	152
95074	152
95109	152
95144	152
95179	152
95214	152
95238	152
95273	152
95308	152
95343	152
95367	152
95402	152
95437	152
95460	152
95496	152
95519	152
95554	152
95589	152
95613	152
95648	152
95671	152
95695	152
95718	152
95753	152
95789	152
95812	152
95847	152
95882	152
95917	152
95953	152
95976	152
96011	152
96046	152
96082	152
96105	152
96140	152
96164	152
96199	152
96234	152
96269	152
96292	152
96328	152
96363	153
96386	153
96421	153
96445	153
96480	153
96503	153
96539	153
96574	153
96597	153
96632	153
96667	153
96703	153
96726	153
96761	153
96785	153
96820	153
96855	153
96878	153
96914	153
96937	153
96972	153
96996	153
97031	153
97066	153
97089	153
97125	153
97148	153
97171	153
97195	153
97230	153
97265	153
97289	153
97324	153
97359	153
97382	153
97417	153
97453	153
97476	153
97511	153
97546	153
97582	153
97617	153
97640	153
97675	153
97710	153
97746	153
97781	153
97816	153
97839	153
97875	153
97910	154
97933	154
97968	154
97992	154
98027	154
98062	154
98085	154
98121	154
98156	154
98191	154
98214	154
98250	154
98285	154
98308	154
98343	154
98367	154
98402	154
98437	154
98472	154
98507	154
98531	154
98566	154
98601	154
98625	154
98660	154
98683	154
98707	154
98742	154
98777	154
98800	154
98835	154
98859	154
98894	154
98929	154
98953	154
98988	154
99023	154
99046	154
99082	154
99105	154
99140	154
99175	154
99199	154
99234	154
99269	154
99304	154
99339	154
99363	154
99398	154
99421	154
99457	155
99480	155
99515	155
99550	155
99574	155
99609	155
99632	155
99667	155
99703	155
99726	155
99761	155
99785	155
99820	155
99855	155
99878	155
99914	155
99949	155
99984	155
100019	155
100054	155
100089	155
100113	155
100148	155
100171	155
100207	155
100230	155
100265	155
100300	155
100324	155
100359	155
100382	155
100417	155
100453	155
100488	155
100511	155
100546	155
100582	155
100605	155
100640	155
100675	155
100710	155
100746	155
100781	155
100816	155
100839	155
100875	155
100910	155
100933	155
100968	155
100992	155
101027	156
101062	156
101085	156
101121	156
101144	156
101179	156
101214	156
101238	156
101273	156
101308	156
101332	156
101367	156
101402	156
101425	156
101460	156
101507	156
101542	156
101566	156
101601	156
101636	156
101660	156
101695	156
101718	156
101753	156
101777	156
101812	156
101847	156
101871	156
101906	156
101929	156
101964	156
102000	156
102023	156
102058	156
102082	156
102117	156
102152	156
102175	156
102210	156
102246	156
102281	156
102316	156
102351	156
102386	156
102410	156
102445	156
102480	156
102503	156
102539	156
102574	156
102609	157
102644	157
102667	157
102703	157
102738	157
102773	157
102796	157
102832	157
102855	157
102890	157
102925	157
102960	157
102996	157
103031	157
103054	157
103089	157
103125	157
103160	157
103183	157
103218	157
103253	157
103277	157
103312	157
103347	157
103382	157
103417	157
103453	157
103476	157
103511	157
103535	157
103570	157
103605	157
103628	157
103664	157
103699	157
103734	157
103769	157
103804	157
103828	157
103863	157
103898	157
103933	157
103968	157
103992	157
104027	157
104062	157
104097	157
104132	157
104167	157
104191	157
104226	158
104261	158
104285	158
104308	158
104343	158
104367	158
104402	158
104437	158
104460	158
104496	158
104531	158
104566	158
104589	158
104625	158
104660	158
104695	158
104730	158
104753	158
104789	158
104824	158
104871	158
104906	158
104941	158
104964	158
105000	158
105035	158
105070	158
105093	158
105128	158
105164	158
105187	158
105222	158
105257	158
105281	158
105316	158
105351	158
105386	158
105410	158
105445	158
105480	158
105503	158
105539	158
105574	158
105609	158
105656	158
105679	158
105714	158
105750	158
105785	158
105808	158
105843	159
105878	159
105902	159
105937	159
105972	159
105996	159
106031	159
106066	159
106101	159
106125	159
106160	159
106195	159
106230	159
106253	159
106289	159
106324	159
106359	159
106406	159
106441	159
106464	159
106500	159
106535	159
106558	159
106593	159
106628	159
106652	159
106687	159
106710	159
106746	159
106769	159
106804	159
106839	159
106875	159
106898	159
106933	159
106957	159
106992	159
107027	159
107050	159
107097	159
107132	159
107167	159
107203	159
107238	159
107273	159
107308	159
107343	159
107367	159
107402	159
107437	159
107472	160
107496	160
107531	160
107566	160
107601	160
107625	160
107648	160
107683	160
107707	160
107742	160
107777	160
107800	160
107835	160
107871	160
107906	160
107941	160
107976	160
108000	160
108035	160
108070	160
108105	160
108128	160
108164	160
108199	160
108234	160
108269	160
108292	160
108328	160
108363	160
108386	160
108421	160
108445	160
108480	160
108515	160
108539	160
108574	160
108609	160
108644	160
108679	160
108714	160
108738	160
108773	160
108808	160
108832	160
108867	160
108902	160
108925	160
108960	160
108996	160
109019	160
109054	161
109089	161
109113	161
109148	161
109171	161
109195	161
109230	161
109265	161
109289	161
109324	161
109359	161
109394	161
109429	161
109453	161
109488	161
109523	161
109570	161
109593	161
109628	161
109664	161
109699	161
109734	161
109769	161
109804	161
109839	161
109863	161
109898	161
109921	161
109957	161
109992	161
110015	161
110050	161
110085	161
110121	161
110156	161
110179	161
110214	161
110250	161
110273	161
110308	161
110343	161
110378	161
110402	161
110437	161
110472	161
110507	161
110542	161
110566	161
110601	161
110636	161
110660	162
110683	162
110718	162
110753	162
110777	162
110812	162
110847	162
110871	162
110906	162
110941	162
110964	162
111000	162
111035	162
111058	162
111093	162
111128	162
111164	162
111187	162
111222	162
111257	162
111292	162
111328	162
111363	162
111386	162
111421	162
111445	162
111480	162
111515	162
111539	162
111574	162
111597	162
111632	162
111667	162
111703	162
111726	162
111761	162
111785	162
111820	162
111855	162
111878	162
111914	162
111949	162
111984	162
112019	162
112054	162
112089	162
112125	162
112148	162
112183	162
112207	162
112242	163
112277	163
112300	163
112335	163
112359	163
112394	163
112429	163
112464	163
112488	163
112523	163
112558	163
112582	163
112617	163
112652	163
112675	163
112710	163
112757	163
112792	163
112816	163
112851	163
112886	163
112910	163
112945	163
112968	163
113003	163
113039	163
113062	163
113097	163
113132	163
113156	163
113191	163
113226	163
113250	163
113285	163
113320	163
113343	163
113378	163
113414	163
113449	163
113484	163
113519	163
113554	163
113578	163
113613	163
113648	163
113671	163
113707	163
113730	163
113765	163
113800	163
113824	164
113859	164
113882	164
113917	164
113953	164
113976	164
114011	164
114035	164
114070	164
114105	164
114128	164
114164	164
114199	164
114234	164
114269	164
114304	164
114328	164
114363	164
114398	164
114421	164
114457	164
114492	164
114527	164
114550	164
114585	164
114621	164
114656	164
114679	164
114714	164
114750	164
114773	164
114808	164
114832	164
114867	164
114902	164
114925	164
114960	164
114996	164
115031	164
115066	164
115089	164
115125	164
115160	164
115195	164
115218	164
115253	164
115289	164
115312	164
115347	164
115382	164
115417	165
115441	165
115476	165
115511	165
115535	165
115570	165
115593	165
115628	165
115664	165
115699	165
115722	165
115769	165
115792	165
115828	165
115863	165
115898	165
115933	165
115968	165
115992	165
116027	165
116062	165
116097	165
116132	165
116156	165
116191	165
116226	165
116250	165
116285	165
116308	165
116332	165
116367	165
116402	165
116425	165
116460	165
116484	165
116519	165
116554	165
116589	165
116613	165
116648	165
116683	165
116718	165
116742	165
116777	165
116812	165
116847	165
116894	165
116917	165
116953	165
116988	165
117011	166
117046	166
117082	166
117105	166
117140	166
117175	166
117199	166
117234	166
117269	166
117292	166
117328	166
117363	166
117386	166
117421	166
117457	166
117480	166
117515	166
117550	166
117585	166
117621	166
117656	166
117691	166
117714	166
117750	166
117785	166
117820	166
117843	166
117878	166
117914	166
117937	166
117972	166
117996	166
118031	166
118066	166
118101	166
118125	166
118160	166
118195	166
118230	166
118253	166
118289	166
118324	166
118359	166
118394	166
118429	166
118464	166
118500	166
118523	166
118558	166
118593	166
118617	167
118652	167
118675	167
118710	167
118734	167
118769	167
118792	167
118828	167
118863	167
118886	167
118921	167
118957	167
118980	167
119015	167
119050	167
119085	167
119121	167
119156	167
119191	167
119226	167
119250	167
119296	167
119332	167
119355	167
119390	167
119425	167
119449	167
119484	167
119519	167
119542	167
119578	167
119613	167
119636	167
119660	167
119683	167
119718	167
119753	167
119777	167
119812	167
119847	167
119882	167
119917	167
119941	167
119976	167
120011	167
120046	167
120082	167
120105	167
120140	167
120164	167
120199	168
120234	168
120269	168
120292	168
120328	168
120363	168
120386	168
120421	168
120445	168
120480	168
120515	168
120539	168
120574	168
120609	168
120644	168
120679	168
120703	168
120738	168
120773	168
120796	168
120832	168
120855	168
120890	168
120925	168
120949	168
120984	168
121019	168
121042	168
121078	168
121113	168
121136	168
121160	168
121183	168
121218	168
121242	168
121277	168
121312	168
121347	168
121371	168
121406	168
121441	168
121476	168
121511	168
121546	168
121582	168
121605	168
121640	168
121675	168
121710	168
121746	168
121781	169
121804	169
121839	169
121875	169
121898	169
121933	169
121957	169
121992	169
122027	169
122050	169
122085	169
122121	169
122144	169
122179	169
122214	169
122250	169
122273	169
122308	169
122343	169
122367	169
122402	169
122425	169
122460	169
122496	169
122531	169
122566	169
122589	169
122625	169
122648	169
122683	169
122707	169
122730	169
122765	169
122800	169
122824	169
122859	169
122894	169
122917	169
122953	169
122988	169
123011	169
123046	169
123082	169
123105	169
123140	169
123164	169
123199	169
123234	169
123269	169
123304	169
123339	170
123363	170
123398	170
123421	170
123457	170
123480	170
123515	170
123550	170
123574	170
123609	170
123632	170
123667	170
123703	170
123726	170
123761	170
123785	170
123820	170
123855	170
123878	170
123914	170
123949	170
123984	170
124019	170
124054	170
124078	170
124113	170
124148	170
124171	170
124207	170
124230	170
124265	170
124289	170
124324	170
124347	170
124382	170
124417	170
124441	170
124476	170
124511	170
124535	170
124570	170
124593	170
124628	170
124664	170
124699	170
124734	170
124769	170
124792	170
124828	170
124863	170
124886	171
124921	171
124945	171
124980	171
125003	171
125039	171
125074	171
125097	171
125132	171
125156	171
125191	171
125226	171
125250	171
125285	171
125320	171
125343	171
125378	171
125414	171
125437	171
125472	171
125519	171
125542	171
125578	171
125613	171
125636	171
125671	171
125695	171
125730	171
125753	171
125789	171
125824	171
125847	171
125882	171
125906	171
125941	171
125976	171
126000	171
126035	171
126058	171
126093	171
126117	171
126152	171
126187	171
126222	171
126257	171
126292	171
126316	171
126351	171
126386	171
126410	171
126445	172
126480	172
126503	172
126539	172
126574	172
126609	172
126632	172
126667	172
126703	172
126726	172
126761	172
126785	172
126820	172
126843	172
126878	172
126914	172
126949	172
126972	172
127007	172
127042	172
127078	172
127101	172
127136	172
127171	172
127195	172
127230	172
127265	172
127289	172
127324	172
127359	172
127394	172
127417	172
127453	172
127488	172
127511	172
127546	172
127570	172
127605	172
127628	172
127664	172
127699	172
127734	172
127769	172
127804	172
127828	172
127863	172
127898	172
127933	172
127968	172
127992	172
128027	173
128062	173
128097	173
128132	173
128156	173
128191	173
128226	173
128250	173
128285	173
128308	173
128332	173
128367	173
128402	173
128425	173
128460	173
128484	173
128519	173
128554	173
128589	173
128613	173
128648	173
128683	173
128718	173
128742	173
128777	173
128812	173
128847	173
128882	173
128917	173
128953	173
128988	173
129011	173
129046	173
129082	173
129105	173
129140	173
129175	173
129199	173
129234	173
129257	173
129292	173
129328	173
129351	173
129386	173
129410	173
129445	173
129480	173
129503	173
129539	173
129574	173
129609	174
129644	174
129679	174
129714	174
129738	174
129773	174
129808	174
129832	174
129867	174
129902	174
129925	174
129960	174
129996	174
130019	174
130054	174
130089	174
130113	174
130148	174
130183	174
130218	174
130242	174
130277	174
130312	174
130347	174
130382	174
130417	174
130453	174
130476	174
130511	174
130546	174
130570	174
130605	174
130640	174
130664	174
130699	174
130722	174
130757	174
130781	174
130816	174
130851	174
130875	174
130910	174
130933	174
130968	174
130992	174
131027	174
131062	174
131097	174
131144	174
131179	174
131203	175
131238	175
131273	175
131308	175
131343	175
131367	175
131402	175
131437	175
131460	175
131496	175
131531	175
131554	175
131589	175
131625	175
131648	175
131671	175
131695	175
131730	175
131765	175
131789	175
131824	175
131859	175
131894	175
131929	175
131953	175
131988	175
132023	175
132058	175
132082	175
132117	175
132152	175
132175	175
132210	175
132246	175
132269	175
132304	175
132339	175
132363	175
132398	175
132421	175
132457	175
132492	175
132515	175
132550	175
132585	175
132621	175
132656	175
132679	175
132714	175
132750	175
132773	176
132808	176
132843	176
132867	176
132902	176
132925	176
132960	176
132996	176
133019	176
133054	176
133089	176
133113	176
133148	176
133171	176
133195	176
133230	176
133253	176
133289	176
133324	176
133347	176
133382	176
133417	176
133453	176
133488	176
133511	176
133558	176
133593	176
133617	176
133652	176
133687	176
133722	176
133757	176
133781	176
133816	176
133851	176
133875	176
133910	176
133933	176
133968	176
133992	176
134027	176
134062	176
134097	176
134121	176
134156	176
134191	176
134214	176
134250	176
134285	176
134308	176
134343	177
134378	177
134402	177
134437	177
134472	177
134507	177
134531	177
134566	177
134601	177
134625	177
134660	177
134683	177
134707	177
134742	177
134777	177
134800	177
134835	177
134859	177
134894	177
134929	177
134953	177
134988	177
135023	177
135046	177
135082	177
135117	177
135140	177
135175	177
135210	177
135246	177
135281	177
135316	177
135339	177
135375	177
135398	177
135433	177
135457	177
135492	177
135527	177
135550	177
135585	177
135609	177
135644	177
135679	177
135703	177
135738	177
135773	177
135796	177
135832	177
135855	177
135890	178
135925	178
135960	178
135996	178
136031	178
136066	178
136089	178
136125	178
136148	178
136183	178
136207	178
136242	178
136265	178
136300	178
136335	178
136359	178
136394	178
136417	178
136453	178
136488	178
136511	178
136546	178
136570	178
136605	178
136640	178
136664	178
136699	178
136734	178
136769	178
136804	178
136839	178
136863	178
136898	178
136933	178
136957	178
136992	178
137015	178
137050	178
137074	178
137109	178
137144	178
137167	178
137203	178
137238	178
137261	178
137296	178
137332	178
137355	178
137390	178
137425	178
137460	179
137496	179
137531	179
137566	179
137589	179
137625	179
137660	179
137683	179
137718	179
137742	179
137777	179
137812	179
137835	179
137871	179
137894	179
137929	179
137964	179
138000	179
138023	179
138058	179
138082	179
138117	179
138140	179
138175	179
138210	179
138246	179
138281	179
138316	179
138339	179
138375	179
138410	179
138445	179
138468	179
138503	179
138539	179
138562	179
138597	179
138632	179
138667	179
138691	179
138726	179
138761	179
138785	179
138820	179
138843	179
138878	179
138902	179
138937	179
138972	179
139007	179
139042	180
139066	180
139101	180
139136	180
139171	180
139195	180
139230	180
139253	180
139289	180
139324	180
139359	180
139394	180
139417	180
139453	180
139488	180
139511	180
139546	180
139582	180
139605	180
139640	180
139675	180
139699	180
139734	180
139769	180
139804	180
139839	180
139875	180
139910	180
139945	180
139980	180
140003	180
140039	180
140074	180
140109	180
140144	180
140179	180
140203	180
140238	180
140261	180
140296	180
140320	180
140343	180
140378	180
140414	180
140437	180
140472	180
140507	180
140531	180
140566	180
140601	180
140636	181
140660	181
140695	181
140730	181
140765	181
140789	181
140824	181
140871	181
140906	181
140941	181
140964	181
141000	181
141035	181
141058	181
141093	181
141117	181
141152	181
141187	181
141210	181
141246	181
141269	181
141304	181
141339	181
141375	181
141398	181
141433	181
141468	181
141492	181
141527	181
141562	181
141597	181
141632	181
141667	181
141703	181
141726	181
141761	181
141796	181
141820	181
141855	181
141890	181
141914	181
141949	181
141984	181
142007	181
142042	181
142078	181
142101	181
142136	181
142171	181
142207	181
142230	182
142265	182
142300	182
142335	182
142371	182
142406	182
142441	182
142476	182
142511	182
142535	182
142570	182
142593	182
142628	182
142664	182
142687	182
142722	182
142746	182
142781	182
142804	182
142839	182
142875	182
142898	182
142933	182
142957	182
142992	182
143015	182
143050	182
143097	182
143132	182
143167	182
143203	182
143226	182
143261	182
143296	182
143332	182
143367	182
143390	182
143425	182
143460	182
143484	182
143519	182
143542	182
143578	182
143613	182
143636	182
143660	182
143695	182
143718	182
143753	182
143789	182
143812	183
143847	183
143882	183
143917	183
143953	183
143976	183
144011	183
144046	183
144082	183
144105	183
144140	183
144175	183
144210	183
144234	183
144269	183
144304	183
144339	183
144363	183
144398	183
144421	183
144457	183
144480	183
144515	183
144550	183
144585	183
144621	183
144656	183
144679	183
144714	183
144750	183
144785	183
144808	183
144843	183
144867	183
144902	183
144937	183
144960	183
144996	183
145031	183
145054	183
145089	183
145125	183
145148	183
145171	183
145207	183
145230	183
145265	183
145289	183
145324	183
145359	183
145394	184
145429	184
145453	184
145488	184
145523	184
145558	184
145593	184
145628	184
145652	184
145687	184
145722	184
145757	184
145792	184
145828	184
145851	184
145886	184
145921	184
145945	184
145980	184
146003	184
146039	184
146074	184
146097	184
146132	184
146167	184
146203	184
146226	184
146261	184
146296	184
146320	184
146355	184
146390	184
146414	184
146449	184
146484	184
146519	184
146554	184
146578	184
146613	184
146648	184
146671	184
146695	184
146730	184
146765	184
146789	184
146824	184
146859	184
146882	184
146917	184
146953	184
146988	185
147011	185
147046	185
147082	185
147105	185
147140	185
147175	185
147199	185
147246	185
147269	185
147304	185
147339	185
147375	185
147398	185
147433	185
147457	185
147492	185
147527	185
147550	185
147585	185
147609	185
147644	185
147679	185
147703	185
147738	185
147773	185
147796	185
147832	185
147867	185
147890	185
147925	185
147960	185
147996	185
148031	185
148066	185
148089	185
148125	185
148160	185
148183	185
148218	185
148242	185
148277	185
148312	185
148335	185
148371	185
148394	185
148429	185
148464	185
148488	185
148523	185
148558	186
148582	186
148617	186
148652	186
148675	186
148710	186
148757	186
148792	186
148816	186
148851	186
148886	186
148910	186
148945	186
148968	186
149003	186
149039	186
149062	186
149097	186
149132	186
149156	186
149191	186
149226	186
149250	186
149285	186
149320	186
149355	186
149378	186
149414	186
149449	186
149484	186
149519	186
149554	186
149589	186
149613	186
149648	186
149671	186
149707	186
149730	186
149765	186
149800	186
149824	186
149859	186
149894	186
149917	186
149953	186
149988	186
150011	186
150046	186
150070	186
150105	186
150140	187
150164	187
150199	187
150234	187
150269	187
150304	187
150339	187
150363	187
150398	187
150433	187
150468	187
150492	187
150527	187
150562	187
150585	187
150621	187
150656	187
150691	187
150714	187
150750	187
150785	187
150808	187
150843	187
150867	187
150902	187
150937	187
150972	187
151007	187
151042	187
151066	187
151101	187
151136	187
151160	187
151195	187
151230	187
151265	187
151289	187
151324	187
151359	187
151394	187
151429	187
151453	187
151488	187
151523	187
151546	187
151582	187
151605	187
151640	187
151675	187
151710	187
151746	188
151781	188
151816	188
151839	188
151875	188
151910	188
151945	188
151980	188
152015	188
152050	188
152074	188
152109	188
152144	188
152179	188
152214	188
152238	188
152273	188
152296	188
152320	188
152355	188
152390	188
152414	188
152449	188
152484	188
152507	188
152542	188
152578	188
152601	188
152636	188
152671	188
152707	188
152742	188
152765	188
152800	188
152835	188
152882	188
152917	188
152941	188
152976	188
153011	188
153035	188
153070	188
153093	188
153128	188
153164	188
153187	188
153222	188
153257	188
153281	188
153316	188
153351	189
153375	189
153410	189
153445	189
153468	189
153503	189
153539	189
153562	189
153609	189
153644	189
153679	189
153703	189
153738	189
153773	189
153808	189
153832	189
153867	189
153902	189
153925	189
153960	189
153984	189
154019	189
154054	189
154089	189
154113	189
154148	189
154183	189
154218	189
154242	189
154277	189
154312	189
154347	189
154394	189
154429	189
154453	189
154488	189
154523	189
154546	189
154582	189
154605	189
154640	189
154675	189
154699	189
154734	189
154757	189
154792	189
154816	189
154851	189
154886	189
154910	189
154945	190
154968	190
155003	190
timepoint: 179.94000000000003