0	0
0	0
0	0
0	0
0	0
0	0
0	0
0	0
0	0
0	0
0	0
0	0
0	0
0	0
0	0
0	0
0	0
0	0
0	0
0	0
0	0
0	0
0	0
0	0
0	0
0	0
0	0
0	0
0	0
0	0
0	0
0	0
0	0
0	0
0	0
0	0
0	0
0	0
0	0
0	0
0	0
0	0
0	0
0	0
0	0
0	0
0	0
0	0
0	0
0	0
0	1
0	1
0	1
0	1
0	1
0	1
0	1
0	1
0	1
0	1
0	1
0	1
0	1
0	1
0	1
0	1
0	1
0	1
0	1
0	1
0	1
0	1
0	1
0	1
0	1
0	1
0	1
0	1
0	1
0	1
0	1
0	1
0	1
0	1
0	1
0	1
0	1
0	1
0	1
0	1
0	1
0	1
0	1
0	1
0	1
0	1
0	1
0	1
0	1
0	1
0	2
0	2
0	2
0	2
0	2
0	2
0	2
0	2
0	2
0	2
0	2
0	2
0	2
0	2
0	2
0	2
0	2
0	2
0	2
0	2
0	2
0	2
0	2
0	2
0	2
0	2
0	2
0	2
0	2
0	2
0	2
0	2
0	2
0	2
0	2
0	2
0	2
0	2
0	2
0	2
0	2
0	2
0	2
0	2
0	2
0	2
0	2
0	2
0	2
0	2
0	3
0	3
0	3
0	3
0	3
0	3
0	3
0	3
0	3
0	3
0	3
0	3
0	3
0	3
0	3
0	3
0	3
0	3
0	3
0	3
0	3
0	3
0	3
0	3
0	3
0	3
0	3
0	3
0	3
0	3
0	3
0	3
0	3
0	3
0	3
0	3
0	3
0	3
0	3
0	3
0	3
0	3
0	3
0	3
0	3
0	3
0	3
0	3
0	3
0	3
0	4
0	4
0	4
0	4
0	4
0	4
0	4
0	4
0	4
0	4
0	4
0	4
0	4
0	4
0	4
0	4
0	4
0	4
0	4
11	4
11	4
11	4
11	4
11	4
11	4
11	4
11	4
11	4
23	4
23	4
23	4
23	4
23	4
23	4
23	4
23	4
23	4
23	4
23	4
23	4
23	4
23	4
35	4
35	4
35	4
35	4
35	4
35	4
35	4
35	4
35	5
23	5
23	5
23	5
23	5
23	5
23	5
23	5
23	5
23	5
23	5
23	5
23	5
23	5
23	5
23	5
23	5
23	5
23	5
23	5
11	5
11	5
11	5
11	5
11	5
11	5
11	5
11	5
11	5
11	5
11	5
11	5
11	5
11	5
11	5
11	5
11	5
11	5
23	5
23	5
23	5
23	5
23	5
23	5
23	5
23	5
23	5
23	5
23	5
23	5
23	6
23	6
23	6
35	6
35	6
35	6
35	6
35	6
35	6
35	6
35	6
35	6
35	6
35	6
35	6
35	6
35	6
35	6
35	6
35	6
35	6
35	6
35	6
35	6
35	6
35	6
35	6
35	6
35	6
35	6
35	6
35	6
35	6
35	6
35	6
35	6
35	6
23	6
23	6
23	6
23	6
23	6
23	6
23	6
23	6
23	6
23	6
23	6
23	6
23	6
23	7
23	7
23	7
23	7
23	7
23	7
23	7
23	7
23	7
23	7
23	7
23	7
23	7
23	7
23	7
23	7
23	7
23	7
23	7
23	7
23	7
35	7
35	7
35	7
35	7
35	7
35	7
35	7
35	7
35	7
35	7
35	7
35	7
35	7
35	7
35	7
35	7
35	7
35	7
35	7
35	7
35	7
35	7
35	7
35	7
35	7
35	7
35	7
35	7
35	7
35	8
35	8
35	8
35	8
35	8
35	8
35	8
35	8
35	8
35	8
35	8
35	8
35	8
35	8
35	8
35	8
35	8
35	8
35	8
35	8
23	8
23	8
23	8
23	8
23	8
23	8
23	8
23	8
23	8
23	8
23	8
23	8
23	8
23	8
23	8
23	8
23	8
23	8
23	8
23	8
35	8
35	8
35	8
35	8
35	8
35	8
35	8
35	8
35	8
35	8
35	9
35	9
35	9
35	9
35	9
35	9
35	9
35	9
35	9
35	9
35	9
35	9
35	9
35	9
35	9
35	9
35	9
35	9
35	9
35	9
35	9
35	9
35	9
35	9
35	9
35	9
35	9
35	9
35	9
35	9
35	9
35	9
35	9
35	9
35	9
35	9
35	9
35	9
35	9
35	9
35	9
35	9
35	9
35	9
35	9
35	9
35	9
35	9
35	9
35	9
35	10
35	10
35	10
35	10
35	10
35	10
35	10
35	10
35	10
35	10
35	10
35	10
35	10
35	10
35	10
35	10
35	10
35	10
35	10
35	10
35	10
35	10
35	10
35	10
35	10
35	10
35	10
35	10
35	10
35	10
35	10
35	10
35	10
35	10
35	10
35	10
35	10
35	10
35	10
35	10
35	10
35	10
35	10
35	10
35	10
35	10
35	10
35	10
35	10
35	10
35	11
35	11
35	11
35	11
35	11
35	11
35	11
35	11
35	11
35	11
35	11
35	11
35	11
35	11
35	11
35	11
35	11
35	11
35	11
35	11
35	11
35	11
35	11
35	11
35	11
35	11
35	11
35	11
35	11
35	11
35	11
35	11
35	11
35	11
35	11
35	11
35	11
35	11
35	11
35	11
35	11
35	11
35	11
35	11
35	11
35	11
35	11
35	11
35	11
35	11
35	12
35	12
35	12
35	12
35	12
35	12
35	12
35	12
35	12
35	12
35	12
35	12
35	12
35	12
35	12
35	12
35	12
35	12
35	12
35	12
35	12
35	12
35	12
35	12
35	12
35	12
35	12
35	12
35	12
35	12
35	12
35	12
35	12
35	12
35	12
35	12
35	12
35	12
35	12
35	12
35	12
35	12
35	12
35	12
35	12
35	12
35	12
35	12
35	12
35	12
35	13
35	13
35	13
35	13
35	13
35	13
35	13
35	13
35	13
35	13
35	13
35	13
35	13
35	13
35	13
35	13
35	13
35	13
35	13
35	13
35	13
35	13
35	13
35	13
35	13
35	13
35	13
35	13
35	13
35	13
35	13
35	13
35	13
35	13
35	13
35	13
35	13
35	13
35	13
35	13
35	13
35	13
35	13
35	13
35	13
35	13
35	13
35	13
35	13
35	13
35	14
35	14
35	14
35	14
35	14
35	14
35	14
35	14
35	14
35	14
35	14
35	14
35	14
35	14
35	14
35	14
35	14
35	14
35	14
35	14
35	14
35	14
35	14
35	14
35	14
35	14
35	14
35	14
35	14
35	14
35	14
35	14
35	14
35	14
35	14
35	14
35	14
35	14
35	14
35	14
35	14
35	14
35	14
35	14
35	14
35	14
35	14
35	14
35	14
35	14
35	15
35	15
35	15
35	15
35	15
35	15
35	15
35	15
35	15
35	15
35	15
35	15
35	15
35	15
35	15
35	15
35	15
35	15
35	15
35	15
35	15
35	15
35	15
35	15
35	15
35	15
35	15
35	15
35	15
35	15
35	15
35	15
35	15
35	15
35	15
35	15
35	15
35	15
35	15
35	15
35	15
35	15
35	15
35	15
35	15
35	15
35	15
35	15
35	15
35	15
35	16
35	16
35	16
35	16
35	16
35	16
35	16
35	16
35	16
35	16
35	16
35	16
35	16
35	16
35	16
35	16
35	16
35	16
35	16
35	16
35	16
35	16
35	16
35	16
35	16
35	16
35	16
35	16
35	16
35	16
35	16
35	16
35	16
35	16
35	16
35	16
35	16
35	16
35	16
35	16
35	16
35	16
35	16
35	16
35	16
35	16
35	16
35	16
35	16
35	16
35	17
35	17
35	17
35	17
35	17
35	17
35	17
35	17
35	17
35	17
35	17
35	17
35	17
35	17
35	17
35	17
35	17
35	17
35	17
35	17
35	17
35	17
35	17
35	17
35	17
35	17
35	17
35	17
35	17
35	17
35	17
35	17
35	17
35	17
35	17
35	17
35	17
35	17
35	17
35	17
35	17
35	17
35	17
35	17
35	17
35	17
35	17
35	17
35	17
35	17
35	18
35	18
35	18
35	18
35	18
35	18
35	18
35	18
35	18
35	18
35	18
35	18
35	18
35	18
35	18
35	18
35	18
35	18
35	18
35	18
35	18
35	18
35	18
35	18
35	18
35	18
35	18
35	18
35	18
35	18
35	18
35	18
35	18
35	18
35	18
35	18
35	18
35	18
35	18
35	18
35	18
35	18
35	18
35	18
35	18
35	18
35	18
35	18
35	18
35	18
35	19
35	19
35	19
35	19
35	19
35	19
35	19
35	19
35	19
35	19
35	19
35	19
35	19
35	19
35	19
35	19
35	19
35	19
35	19
35	19
35	19
35	19
35	19
35	19
35	19
35	19
35	19
35	19
35	19
35	19
35	19
35	19
35	19
35	19
35	19
35	19
35	19
35	19
35	19
35	19
35	19
35	19
35	19
35	19
35	19
35	19
35	19
35	19
35	19
35	19
35	20
35	20
35	20
35	20
35	20
35	20
35	20
35	20
35	20
35	20
35	20
35	20
35	20
35	20
35	20
35	20
35	20
35	20
35	20
35	20
35	20
35	20
35	20
35	20
35	20
35	20
35	20
35	20
35	20
35	20
35	20
35	20
35	20
35	20
35	20
35	20
35	20
35	20
35	20
35	20
35	20
35	20
35	20
35	20
35	20
35	20
35	20
35	20
35	20
35	20
35	21
35	21
35	21
35	21
35	21
35	21
35	21
35	21
35	21
35	21
35	21
35	21
35	21
35	21
35	21
35	21
35	21
35	21
35	21
35	21
35	21
35	21
35	21
35	21
35	21
35	21
35	21
35	21
35	21
35	21
35	21
35	21
35	21
35	21
35	21
35	21
35	21
35	21
35	21
35	21
35	21
35	21
35	21
35	21
35	21
35	21
35	21
35	21
35	21
35	21
35	22
35	22
35	22
35	22
35	22
35	22
35	22
35	22
35	22
35	22
35	22
35	22
35	22
35	22
35	22
35	22
35	22
35	22
35	22
35	22
35	22
35	22
35	22
35	22
35	22
35	22
35	22
35	22
35	22
35	22
35	22
35	22
35	22
35	22
35	22
35	22
35	22
35	22
35	22
35	22
35	22
35	22
35	22
35	22
35	22
35	22
35	22
35	22
35	22
35	22
35	23
35	23
35	23
35	23
35	23
35	23
35	23
35	23
35	23
35	23
35	23
35	23
35	23
35	23
35	23
35	23
35	23
35	23
35	23
35	23
35	23
35	23
35	23
35	23
35	23
35	23
35	23
35	23
35	23
35	23
35	23
35	23
35	23
35	23
35	23
35	23
35	23
35	23
35	23
35	23
35	23
35	23
35	23
35	23
35	23
35	23
35	23
35	23
35	23
35	23
35	24
35	24
35	24
35	24
35	24
35	24
35	24
35	24
35	24
35	24
35	24
35	24
35	24
35	24
35	24
35	24
35	24
35	24
35	24
35	24
35	24
35	24
35	24
35	24
35	24
35	24
35	24
35	24
35	24
35	24
35	24
35	24
35	24
35	24
35	24
35	24
35	24
35	24
35	24
35	24
35	24
35	24
35	24
35	24
35	24
35	24
35	24
35	24
35	24
35	24
35	25
35	25
35	25
35	25
35	25
35	25
35	25
35	25
35	25
35	25
35	25
35	25
35	25
35	25
35	25
35	25
35	25
35	25
35	25
35	25
35	25
35	25
35	25
35	25
35	25
35	25
35	25
35	25
35	25
35	25
35	25
35	25
35	25
35	25
35	25
35	25
35	25
35	25
35	25
35	25
35	25
35	25
35	25
35	25
35	25
35	25
35	25
35	25
35	25
35	25
35	26
35	26
35	26
35	26
35	26
35	26
35	26
35	26
35	26
35	26
35	26
35	26
35	26
35	26
35	26
35	26
35	26
35	26
35	26
35	26
35	26
35	26
35	26
35	26
35	26
35	26
35	26
35	26
35	26
35	26
35	26
35	26
35	26
35	26
35	26
35	26
35	26
35	26
35	26
35	26
35	26
35	26
35	26
35	26
35	26
35	26
35	26
35	26
35	26
35	26
35	27
35	27
35	27
35	27
35	27
35	27
35	27
35	27
35	27
35	27
35	27
35	27
35	27
35	27
35	27
35	27
35	27
35	27
35	27
35	27
35	27
35	27
35	27
35	27
35	27
35	27
35	27
35	27
35	27
35	27
35	27
35	27
35	27
35	27
35	27
35	27
35	27
35	27
35	27
35	27
35	27
35	27
35	27
35	27
35	27
35	27
35	27
35	27
35	27
35	27
35	28
35	28
35	28
35	28
35	28
35	28
35	28
35	28
35	28
35	28
35	28
35	28
35	28
35	28
35	28
35	28
35	28
35	28
35	28
35	28
35	28
35	28
35	28
35	28
35	28
35	28
35	28
35	28
35	28
35	28
35	28
35	28
35	28
35	28
35	28
35	28
35	28
35	28
35	28
35	28
35	28
35	28
35	28
35	28
35	28
35	28
35	28
35	28
35	28
35	28
35	29
35	29
35	29
35	29
35	29
35	29
35	29
35	29
35	29
35	29
35	29
35	29
35	29
35	29
35	29
35	29
35	29
35	29
35	29
35	29
35	29
35	29
35	29
35	29
35	29
35	29
35	29
35	29
35	29
35	29
35	29
35	29
35	29
35	29
35	29
35	29
35	29
35	29
35	29
35	29
35	29
35	29
35	29
35	29
35	29
35	29
35	29
35	29
35	29
35	29
35	30
35	30
35	30
35	30
35	30
35	30
35	30
35	30
35	30
35	30
35	30
35	30
35	30
35	30
35	30
35	30
35	30
35	30
35	30
35	30
35	30
35	30
35	30
35	30
35	30
35	30
35	30
35	30
35	30
35	30
35	30
35	30
35	30
35	30
35	30
35	30
35	30
35	30
35	30
35	30
35	30
35	30
35	30
35	30
35	30
35	30
35	30
35	30
35	30
35	30
35	31
35	31
35	31
35	31
35	31
35	31
35	31
35	31
35	31
35	31
35	31
35	31
35	31
35	31
35	31
35	31
35	31
35	31
35	31
35	31
35	31
35	31
35	31
35	31
35	31
35	31
35	31
35	31
35	31
35	31
35	31
35	31
35	31
35	31
35	31
35	31
35	31
35	31
35	31
35	31
35	31
35	31
35	31
35	31
35	31
35	31
35	31
35	31
35	31
35	31
35	32
35	32
35	32
35	32
35	32
35	32
46	32
46	32
46	32
46	32
46	32
46	32
46	32
46	32
46	32
46	32
46	32
46	32
46	32
46	32
46	32
46	32
46	32
46	32
46	32
46	32
46	32
46	32
46	32
46	32
46	32
58	32
58	32
58	32
58	32
58	32
58	32
58	32
58	32
58	32
58	32
58	32
58	32
58	32
58	32
58	32
58	32
58	32
58	32
58	32
70	33
70	33
70	33
70	33
70	33
70	33
70	33
70	33
70	33
70	33
70	33
70	33
70	33
82	33
82	33
82	33
82	33
82	33
82	33
82	33
82	33
82	33
82	33
82	33
82	33
82	33
82	33
93	33
93	33
93	33
93	33
93	33
93	33
93	33
93	33
93	33
93	33
93	33
93	33
93	33
93	33
93	33
105	33
105	33
105	33
105	33
105	33
105	33
105	33
105	33
105	34
105	34
105	34
117	34
117	34
117	34
117	34
117	34
117	34
117	34
117	34
117	34
117	34
117	34
128	34
128	34
128	34
128	34
128	34
128	34
128	34
128	34
128	34
128	34
140	34
140	34
140	34
140	34
140	34
140	34
140	34
140	34
140	34
140	34
152	34
152	34
152	34
152	34
152	34
152	34
152	34
152	34
152	34
152	34
164	34
164	34
164	34
164	34
164	34
164	34
164	35
164	35
175	35
175	35
175	35
175	35
175	35
175	35
175	35
175	35
175	35
187	35
187	35
187	35
187	35
187	35
187	35
187	35
187	35
199	35
199	35
199	35
199	35
199	35
199	35
199	35
210	35
210	35
210	35
210	35
210	35
210	35
210	35
210	35
210	35
222	35
222	35
222	35
222	35
222	35
222	35
222	35
234	35
234	35
234	35
234	35
234	35
234	35
234	35
246	35
246	36
246	36
246	36
246	36
246	36
246	36
246	36
257	36
257	36
257	36
257	36
257	36
257	36
257	36
257	36
269	36
269	36
269	36
269	36
269	36
269	36
269	36
281	36
281	36
281	36
281	36
281	36
281	36
281	36
292	36
292	36
292	36
292	36
292	36
292	36
292	36
304	36
304	36
304	36
304	36
304	36
304	36
304	36
316	36
316	36
316	36
316	36
316	36
316	36
328	36
328	37
328	37
328	37
328	37
328	37
339	37
339	37
339	37
339	37
339	37
339	37
351	37
351	37
351	37
351	37
351	37
351	37
363	37
363	37
363	37
363	37
363	37
363	37
375	37
375	37
375	37
375	37
375	37
375	37
386	37
386	37
386	37
386	37
386	37
398	37
398	37
398	37
398	37
398	37
398	37
398	37
410	37
410	37
410	37
410	37
410	37
410	37
421	37
421	37
421	37
421	38
421	38
421	38
421	38
433	38
433	38
433	38
433	38
433	38
433	38
445	38
445	38
445	38
445	38
445	38
445	38
445	38
457	38
457	38
457	38
457	38
457	38
457	38
457	38
468	38
468	38
468	38
468	38
468	38
468	38
480	38
480	38
480	38
480	38
480	38
480	38
492	38
492	38
492	38
492	38
492	38
492	38
503	38
503	38
503	38
503	38
503	38
515	38
515	38
515	38
515	39
515	39
527	39
527	39
527	39
527	39
527	39
539	39
539	39
539	39
539	39
539	39
550	39
550	39
550	39
550	39
550	39
562	39
562	39
562	39
562	39
562	39
562	39
574	39
574	39
574	39
574	39
574	39
585	39
585	39
585	39
585	39
585	39
597	39
597	39
597	39
597	39
609	39
609	39
609	39
609	39
609	39
621	39
621	39
621	39
621	39
632	39
632	39
632	39
632	39
632	40
644	40
644	40
644	40
644	40
656	40
656	40
656	40
656	40
667	40
667	40
667	40
667	40
679	40
679	40
679	40
679	40
679	40
691	40
691	40
691	40
691	40
703	40
703	40
703	40
703	40
714	40
714	40
714	40
714	40
714	40
726	40
726	40
726	40
726	40
738	40
738	40
738	40
738	40
738	40
750	40
750	40
750	40
750	40
750	40
761	40
761	40
761	40
761	40
773	40
773	41
773	41
773	41
785	41
785	41
785	41
785	41
796	41
796	41
796	41
796	41
808	41
808	41
808	41
808	41
820	41
820	41
820	41
820	41
832	41
832	41
832	41
843	41
843	41
843	41
843	41
855	41
855	41
855	41
855	41
867	41
867	41
867	41
867	41
878	41
878	41
878	41
878	41
890	41
890	41
890	41
890	41
890	41
902	41
902	41
902	41
902	41
914	41
914	41
914	41
914	42
925	42
925	42
925	42
925	42
937	42
937	42
937	42
937	42
949	42
949	42
949	42
949	42
960	42
960	42
960	42
960	42
972	42
972	42
972	42
972	42
984	42
984	42
984	42
996	42
996	42
996	42
996	42
1007	42
1007	42
1007	42
1007	42
1019	42
1019	42
1019	42
1031	42
1031	42
1031	42
1031	42
1042	42
1042	42
1042	42
1054	42
1054	42
1054	42
1054	42
1066	42
1066	42
1066	42
1066	42
1078	43
1078	43
1078	43
1078	43
1089	43
1089	43
1089	43
1101	43
1101	43
1101	43
1101	43
1113	43
1113	43
1113	43
1113	43
1125	43
1125	43
1125	43
1125	43
1136	43
1136	43
1136	43
1136	43
1148	43
1148	43
1148	43
1148	43
1160	43
1160	43
1160	43
1160	43
1171	43
1171	43
1171	43
1171	43
1183	43
1183	43
1183	43
1183	43
1195	43
1195	43
1195	43
1195	43
1207	43
1207	43
1207	43
1207	43
1218	43
1218	43
1218	43
1218	44
1230	44
1230	44
1230	44
1230	44
1242	44
1242	44
1242	44
1242	44
1253	44
1253	44
1253	44
1253	44
1265	44
1265	44
1265	44
1265	44
1277	44
1277	44
1277	44
1289	44
1289	44
1289	44
1289	44
1300	44
1300	44
1300	44
1312	44
1312	44
1312	44
1312	44
1324	44
1324	44
1324	44
1324	44
1335	44
1335	44
1335	44
1347	44
1347	44
1347	44
1347	44
1359	44
1359	44
1359	44
1359	44
1371	44
1371	44
1371	44
1382	44
1382	45
1382	45
1394	45
1394	45
1394	45
1394	45
1406	45
1406	45
1406	45
1417	45
1417	45
1417	45
1417	45
1429	45
1429	45
1429	45
1441	45
1441	45
1441	45
1453	45
1453	45
1453	45
1453	45
1464	45
1464	45
1464	45
1476	45
1476	45
1476	45
1476	45
1488	45
1488	45
1488	45
1500	45
1500	45
1500	45
1500	45
1511	45
1511	45
1511	45
1523	45
1523	45
1523	45
1523	45
1535	45
1535	45
1535	45
1535	45
1546	45
1546	45
1546	46
1558	46
1558	46
1558	46
1558	46
1570	46
1570	46
1570	46
1582	46
1582	46
1582	46
1593	46
1593	46
1593	46
1593	46
1605	46
1605	46
1605	46
1617	46
1617	46
1617	46
1617	46
1628	46
1628	46
1628	46
1640	46
1640	46
1640	46
1640	46
1652	46
1652	46
1652	46
1664	46
1664	46
1664	46
1675	46
1675	46
1675	46
1675	46
1687	46
1687	46
1687	46
1699	46
1699	46
1699	46
1710	46
1710	46
1710	46
1722	46
1722	46
1722	47
1722	47
1734	47
1734	47
1734	47
1746	47
1746	47
1746	47
1757	47
1757	47
1757	47
1769	47
1769	47
1769	47
1781	47
1781	47
1781	47
1792	47
1792	47
1792	47
1804	47
1804	47
1804	47
1804	47
1816	47
1816	47
1816	47
1828	47
1828	47
1828	47
1839	47
1839	47
1839	47
1851	47
1851	47
1851	47
1863	47
1863	47
1863	47
1875	47
1875	47
1875	47
1886	47
1886	47
1886	47
1898	47
1898	47
1898	47
1898	47
1910	47
1910	48
1910	48
1921	48
1921	48
1921	48
1933	48
1933	48
1933	48
1933	48
1945	48
1945	48
1945	48
1957	48
1957	48
1957	48
1957	48
1968	48
1968	48
1968	48
1980	48
1980	48
1980	48
1980	48
1992	48
1992	48
1992	48
2003	48
2003	48
2003	48
2015	48
2015	48
2015	48
2027	48
2027	48
2027	48
2039	48
2039	48
2039	48
2050	48
2050	48
2062	48
2062	48
2062	48
2074	48
2074	48
2074	48
2085	48
2085	48
2085	48
2097	48
2097	49
2097	49
2109	49
2109	49
2109	49
2121	49
2121	49
2121	49
2132	49
2132	49
2132	49
2144	49
2144	49
2156	49
2156	49
2156	49
2167	49
2167	49
2167	49
2179	49
2179	49
2179	49
2191	49
2191	49
2191	49
2203	49
2203	49
2214	49
2214	49
2214	49
2226	49
2226	49
2226	49
2238	49
2238	49
2238	49
2250	49
2250	49
2261	49
2261	49
2261	49
2273	49
2273	49
2273	49
2285	49
2285	49
2285	49
2296	49
2296	49
2296	49
2308	50
2308	50
2308	50
2320	50
2320	50
2332	50
2332	50
2332	50
2343	50
2343	50
2343	50
2355	50
2355	50
2367	50
2367	50
2367	50
2378	50
2378	50
2378	50
2390	50
2390	50
2390	50
2402	50
2402	50
2414	50
2414	50
2414	50
2425	50
2425	50
2425	50
2437	50
2437	50
2449	50
2449	50
2449	50
2460	50
2460	50
2472	50
2472	50
2472	50
2484	50
2484	50
2496	50
2496	50
2496	50
2507	50
2507	50
2519	50
2519	50
2531	50
2531	51
2542	51
2542	51
2542	51
2554	51
2554	51
2566	51
2566	51
2566	51
2578	51
2578	51
2589	51
2589	51
2601	51
2601	51
2601	51
2613	51
2613	51
2613	51
2625	51
2625	51
2636	51
2636	51
2636	51
2648	51
2648	51
2660	51
2660	51
2660	51
2671	51
2671	51
2683	51
2683	51
2683	51
2695	51
2695	51
2707	51
2707	51
2707	51
2718	51
2718	51
2718	51
2730	51
2730	51
2742	51
2742	51
2742	51
2753	51
2753	51
2765	51
2765	52
2765	52
2777	52
2777	52
2789	52
2789	52
2800	52
2800	52
2800	52
2812	52
2812	52
2824	52
2824	52
2835	52
2835	52
2835	52
2847	52
2847	52
2859	52
2859	52
2859	52
2871	52
2871	52
2882	52
2882	52
2894	52
2894	52
2894	52
2906	52
2906	52
2917	52
2917	52
2929	52
2929	52
2929	52
2941	52
2941	52
2953	52
2953	52
2964	52
2964	52
2964	52
2976	52
2976	52
2988	52
2988	52
3000	52
3000	52
3011	52
3011	52
3023	53
3023	53
3023	53
3035	53
3035	53
3046	53
3046	53
3046	53
3058	53
3058	53
3070	53
3070	53
3082	53
3082	53
3093	53
3093	53
3093	53
3105	53
3105	53
3117	53
3117	53
3128	53
3128	53
3140	53
3140	53
3152	53
3152	53
3152	53
3164	53
3164	53
3175	53
3175	53
3187	53
3187	53
3199	53
3199	53
3210	53
3210	53
3222	53
3222	53
3234	53
3234	53
3246	53
3246	53
3257	53
3257	53
3269	53
3281	53
3281	53
3292	53
3292	54
3304	54
3304	54
3316	54
3316	54
3328	54
3328	54
3339	54
3339	54
3351	54
3351	54
3363	54
3363	54
3375	54
3375	54
3375	54
3386	54
3386	54
3398	54
3398	54
3410	54
3410	54
3421	54
3421	54
3433	54
3433	54
3445	54
3445	54
3457	54
3457	54
3468	54
3468	54
3468	54
3480	54
3480	54
3492	54
3492	54
3503	54
3503	54
3515	54
3515	54
3515	54
3527	54
3539	54
3539	54
3550	54
3550	54
3562	54
3562	54
3574	54
3574	55
3585	55
3585	55
3585	55
3597	55
3597	55
3609	55
3609	55
3621	55
3621	55
3632	55
3632	55
3644	55
3644	55
3656	55
3656	55
3667	55
3667	55
3679	55
3679	55
3679	55
3691	55
3691	55
3703	55
3703	55
3714	55
3726	55
3726	55
3738	55
3738	55
3750	55
3750	55
3761	55
3761	55
3773	55
3773	55
3785	55
3785	55
3796	55
3796	55
3796	55
3808	55
3808	55
3820	55
3820	55
3832	55
3832	55
3843	55
3855	55
3855	55
3867	56
3867	56
3878	56
3878	56
3890	56
3890	56
3902	56
3902	56
3914	56
3914	56
3925	56
3925	56
3937	56
3937	56
3949	56
3949	56
3960	56
3960	56
3972	56
3984	56
3984	56
3996	56
4007	56
4007	56
4019	56
4019	56
4031	56
4042	56
4042	56
4054	56
4054	56
4066	56
4078	56
4078	56
4089	56
4089	56
4101	56
4101	56
4113	56
4113	56
4125	56
4125	56
4136	56
4136	56
4148	56
4160	56
4160	56
4171	56
4171	56
4183	56
4183	57
4195	57
4195	57
4207	57
4207	57
4218	57
4218	57
4230	57
4230	57
4242	57
4242	57
4253	57
4253	57
4265	57
4265	57
4277	57
4289	57
4289	57
4300	57
4300	57
4312	57
4312	57
4324	57
4335	57
4335	57
4347	57
4347	57
4359	57
4359	57
4371	57
4371	57
4382	57
4382	57
4394	57
4394	57
4406	57
4417	57
4417	57
4429	57
4429	57
4441	57
4441	57
4453	57
4453	57
4464	57
4476	57
4476	57
4488	57
4488	57
4500	57
4511	58
4511	58
4523	58
4523	58
4535	58
4535	58
4546	58
4546	58
4558	58
4570	58
4570	58
4582	58
4582	58
4593	58
4593	58
4605	58
4617	58
4617	58
4628	58
4628	58
4640	58
4640	58
4652	58
4652	58
4664	58
4675	58
4675	58
4687	58
4687	58
4699	58
4710	58
4710	58
4722	58
4722	58
4734	58
4746	58
4746	58
4757	58
4769	58
4781	58
4781	58
4792	58
4804	58
4804	58
4816	58
4816	58
4828	58
4839	58
4839	58
4851	58
4851	59
4863	59
4875	59
4875	59
4886	59
4886	59
4898	59
4910	59
4910	59
4921	59
4921	59
4933	59
4933	59
4945	59
4957	59
4957	59
4968	59
4968	59
4980	59
4980	59
4992	59
4992	59
5003	59
5015	59
5015	59
5027	59
5027	59
5039	59
5050	59
5050	59
5062	59
5062	59
5074	59
5085	59
5085	59
5097	59
5097	59
5109	59
5109	59
5121	59
5132	59
5132	59
5144	59
5144	59
5156	59
5167	59
5167	59
5179	59
5179	59
5191	59
5203	60
5203	60
5214	60
5214	60
5226	60
5238	60
5238	60
5250	60
5261	60
5261	60
5273	60
5273	60
5285	60
5296	60
5296	60
5308	60
5308	60
5320	60
5320	60
5332	60
5343	60
5343	60
5355	60
5355	60
5367	60
5378	60
5378	60
5390	60
5390	60
5402	60
5414	60
5414	60
5425	60
5425	60
5437	60
5449	60
5449	60
5460	60
5472	60
5472	60
5484	60
5496	60
5496	60
5507	60
5519	60
5531	60
5531	60
5542	60
5554	60
5554	60
5566	61
5578	61
5578	61
5589	61
5601	61
5601	61
5613	61
5625	61
5625	61
5636	61
5636	61
5648	61
5660	61
5660	61
5671	61
5683	61
5683	61
5695	61
5707	61
5707	61
5718	61
5730	61
5730	61
5742	61
5753	61
5753	61
5765	61
5765	61
5777	61
5789	61
5789	61
5800	61
5812	61
5812	61
5824	61
5835	61
5835	61
5847	61
5859	61
5859	61
5871	61
5882	61
5882	61
5894	61
5906	61
5906	61
5917	61
5929	61
5929	61
5941	61
5953	62
5953	62
5964	62
5976	62
5976	62
5988	62
6000	62
6000	62
6011	62
6023	62
6023	62
6035	62
6046	62
6046	62
6058	62
6070	62
6070	62
6082	62
6082	62
6093	62
6105	62
6105	62
6117	62
6128	62
6128	62
6140	62
6140	62
6152	62
6164	62
6164	62
6175	62
6187	62
6187	62
6199	62
6210	62
6210	62
6222	62
6234	62
6246	62
6246	62
6257	62
6269	62
6281	62
6281	62
6292	62
6304	62
6304	62
6316	62
6328	62
6339	62
6339	63
6351	63
6363	63
6363	63
6375	63
6386	63
6386	63
6398	63
6410	63
6410	63
6421	63
6433	63
6433	63
6445	63
6457	63
6457	63
6468	63
6480	63
6492	63
6492	63
6503	63
6515	63
6515	63
6527	63
6539	63
6539	63
6550	63
6562	63
6562	63
6574	63
6585	63
6585	63
6597	63
6609	63
6621	63
6621	63
6632	63
6644	63
6656	63
6656	63
6667	63
6679	63
6679	63
6691	63
6703	63
6714	63
6714	63
6726	63
6738	63
6738	63
6750	64
6761	64
6761	64
6773	64
6785	64
6785	64
6796	64
6808	64
6808	64
6820	64
6832	64
6832	64
6843	64
6855	64
6867	64
6867	64
6878	64
6890	64
6890	64
6902	64
6914	64
6914	64
6925	64
6937	64
6937	64
6949	64
6960	64
6972	64
6972	64
6984	64
6996	64
7007	64
7007	64
7019	64
7031	64
7042	64
7054	64
7054	64
7066	64
7078	64
7089	64
7089	64
7101	64
7113	64
7125	64
7125	64
7136	64
7148	64
7148	64
7160	64
7171	65
7183	65
7195	65
7195	65
7207	65
7218	65
7230	65
7242	65
7242	65
7253	65
7265	65
7265	65
7277	65
7289	65
7300	65
7300	65
7312	65
7324	65
7335	65
7335	65
7347	65
7359	65
7371	65
7371	65
7382	65
7394	65
7406	65
7417	65
7417	65
7429	65
7441	65
7453	65
7453	65
7464	65
7476	65
7488	65
7488	65
7500	65
7511	65
7511	65
7523	65
7535	65
7546	65
7546	65
7558	65
7570	65
7570	65
7582	65
7582	65
7593	65
7605	66
7605	66
7617	66
7628	66
7628	66
7640	66
7652	66
7652	66
7664	66
7675	66
7687	66
7687	66
7699	66
7710	66
7722	66
7722	66
7734	66
7746	66
7746	66
7757	66
7769	66
7781	66
7781	66
7792	66
7804	66
7816	66
7816	66
7828	66
7839	66
7851	66
7851	66
7863	66
7875	66
7886	66
7886	66
7898	66
7910	66
7921	66
7921	66
7933	66
7945	66
7957	66
7968	66
7980	66
7980	66
7992	66
8003	66
8015	66
8015	66
8027	66
8039	67
8039	67
8050	67
8062	67
8074	67
8085	67
8085	67
8097	67
8109	67
8121	67
8132	67
8144	67
8156	67
8167	67
8179	67
8179	67
8191	67
8203	67
8214	67
8226	67
8226	67
8238	67
8250	67
8261	67
8261	67
8273	67
8285	67
8296	67
8296	67
8308	67
8320	67
8332	67
8343	67
8343	67
8355	67
8367	67
8378	67
8378	67
8390	67
8402	67
8414	67
8414	67
8425	67
8437	67
8449	67
8449	67
8460	67
8472	67
8484	67
8484	67
8496	68
8507	68
8519	68
8519	68
8531	68
8542	68
8554	68
8554	68
8566	68
8578	68
8589	68
8601	68
8601	68
8613	68
8625	68
8636	68
8648	68
8648	68
8660	68
8671	68
8683	68
8683	68
8695	68
8707	68
8718	68
8718	68
8730	68
8742	68
8753	68
8765	68
8765	68
8777	68
8789	68
8800	68
8800	68
8812	68
8824	68
8835	68
8847	68
8859	68
8871	68
8882	68
8894	68
8894	68
8906	68
8917	68
8929	68
8941	68
8953	68
8964	68
8976	69
8988	69
8988	69
9000	69
9011	69
9023	69
9023	69
9035	69
9046	69
9058	69
9070	69
9082	69
9093	69
9093	69
9105	69
9117	69
9128	69
9128	69
9140	69
9152	69
9164	69
9175	69
9187	69
9187	69
9199	69
9210	69
9222	69
9234	69
9234	69
9246	69
9257	69
9269	69
9281	69
9281	69
9292	69
9304	69
9316	69
9328	69
9328	69
9339	69
9351	69
9363	69
9375	69
9386	69
9386	69
9398	69
9410	69
9421	69
9433	69
9433	69
9445	70
9457	70
9468	70
9480	70
9492	70
9503	70
9503	70
9515	70
9527	70
9539	70
9550	70
9550	70
9562	70
9574	70
9585	70
9597	70
9609	70
9621	70
9632	70
9644	70
9656	70
9667	70
9679	70
9691	70
9703	70
9714	70
9726	70
9738	70
9750	70
9750	70
9761	70
9773	70
9785	70
9796	70
9808	70
9808	70
9820	70
9832	70
9843	70
9855	70
9867	70
9867	70
9878	70
9890	70
9902	70
9914	70
9914	70
9925	70
9937	70
9949	70
9960	71
9972	71
9972	71
9984	71
9996	71
10007	71
10019	71
10019	71
10031	71
10042	71
10054	71
10054	71
10066	71
10078	71
10089	71
10101	71
10113	71
10125	71
10136	71
10136	71
10148	71
10160	71
10171	71
10183	71
10183	71
10195	71
10207	71
10218	71
10230	71
10230	71
10242	71
10253	71
10265	71
10277	71
10289	71
10289	71
10300	71
10312	71
10324	71
10335	71
10347	71
10359	71
10371	71
10382	71
10406	71
10417	71
10429	71
10441	71
10453	71
10464	71
10476	72
10488	72
10488	72
10500	72
10511	72
10523	72
10535	72
10546	72
10558	72
10570	72
10582	72
10593	72
10605	72
10617	72
10628	72
10640	72
10640	72
10652	72
10664	72
10675	72
10687	72
10699	72
10710	72
10722	72
10734	72
10734	72
10746	72
10757	72
10769	72
10781	72
10792	72
10804	72
10804	72
10816	72
10828	72
10839	72
10851	72
10863	72
10875	72
10886	72
10898	72
10910	72
10910	72
10921	72
10933	72
10945	72
10945	72
10957	72
10968	72
10968	72
10980	73
10992	73
11003	73
11015	73
11027	73
11039	73
11050	73
11062	73
11062	73
11074	73
11085	73
11097	73
11109	73
11121	73
11132	73
11144	73
11156	73
11167	73
11179	73
11191	73
11203	73
11214	73
11226	73
11238	73
11250	73
11261	73
11273	73
11285	73
11285	73
11296	73
11308	73
11320	73
11332	73
11343	73
11355	73
11367	73
11378	73
11390	73
11402	73
11414	73
11425	73
11437	73
11449	73
11460	73
11472	73
11472	73
11484	73
11496	73
11507	73
11519	73
11531	74
11542	74
11554	74
11566	74
11578	74
11589	74
11601	74
11613	74
11625	74
11636	74
11648	74
11660	74
11660	74
11671	74
11683	74
11695	74
11707	74
11718	74
11730	74
11742	74
11753	74
11765	74
11765	74
11777	74
11789	74
11800	74
11812	74
11824	74
11835	74
11847	74
11859	74
11871	74
11882	74
11894	74
11906	74
11929	74
11941	74
11953	74
11964	74
11976	74
11976	74
11988	74
12000	74
12011	74
12023	74
12035	74
12046	74
12058	74
12070	74
12082	74
12093	75
12105	75
12117	75
12128	75
12140	75
12152	75
12164	75
12175	75
12187	75
12199	75
12210	75
12210	75
12222	75
12234	75
12246	75
12257	75
12269	75
12281	75
12292	75
12304	75
12316	75
12328	75
12339	75
12351	75
12363	75
12375	75
12386	75
12398	75
12410	75
12421	75
12421	75
12433	75
12445	75
12457	75
12457	75
12468	75
12480	75
12492	75
12503	75
12515	75
12527	75
12539	75
12550	75
12562	75
12574	75
12585	75
12597	75
12609	75
12621	75
12632	75
12644	76
12656	76
12667	76
12679	76
12691	76
12703	76
12714	76
12726	76
12738	76
12750	76
12761	76
12773	76
12785	76
12796	76
12820	76
12832	76
12843	76
12855	76
12867	76
12878	76
12890	76
12902	76
12914	76
12925	76
12937	76
12949	76
12960	76
12972	76
12984	76
13007	76
13019	76
13031	76
13042	76
13054	76
13066	76
13078	76
13089	76
13101	76
13113	76
13125	76
13136	76
13148	76
13160	76
13171	76
13183	76
13195	76
13207	76
13218	76
13230	76
13242	76
13253	77
13265	77
13277	77
13289	77
13300	77
13312	77
13324	77
13335	77
13347	77
13359	77
13371	77
13382	77
13394	77
13406	77
13417	77
13429	77
13441	77
13453	77
13464	77
13476	77
13488	77
13500	77
13511	77
13523	77
13535	77
13546	77
13558	77
13570	77
13582	77
13593	77
13605	77
13617	77
13628	77
13640	77
13652	77
13664	77
13675	77
13687	77
13699	77
13710	77
13734	77
13746	77
13757	77
13769	77
13781	77
13792	77
13804	77
13816	77
13828	77
13839	77
13851	78
13863	78
13875	78
13886	78
13898	78
13910	78
13921	78
13933	78
13945	78
13957	78
13968	78
13980	78
13992	78
14003	78
14015	78
14027	78
14039	78
14050	78
14062	78
14074	78
14085	78
14097	78
14109	78
14121	78
14132	78
14144	78
14156	78
14167	78
14179	78
14191	78
14203	78
14214	78
14226	78
14238	78
14250	78
14261	78
14273	78
14285	78
14296	78
14308	78
14320	78
14332	78
14343	78
14367	78
14378	78
14390	78
14402	78
14414	78
14425	78
14437	78
14449	79
14460	79
14472	79
14484	79
14496	79
14507	79
14519	79
14542	79
14554	79
14566	79
14578	79
14589	79
14601	79
14613	79
14625	79
14636	79
14648	79
14660	79
14671	79
14683	79
14695	79
14707	79
14718	79
14730	79
14742	79
14753	79
14765	79
14777	79
14789	79
14800	79
14812	79
14824	79
14835	79
14847	79
14859	79
14871	79
14882	79
14894	79
14906	79
14917	79
14929	79
14941	79
14953	79
14964	79
14976	79
14988	79
15011	79
15023	79
15035	79
15046	79
15046	80
15058	80
15070	80
15093	80
15105	80
15117	80
15128	80
15140	80
15152	80
15164	80
15175	80
15187	80
15199	80
15210	80
15222	80
15234	80
15246	80
15269	80
15281	80
15292	80
15304	80
15316	80
15328	80
15339	80
15351	80
15375	80
15386	80
15398	80
15410	80
15421	80
15433	80
15445	80
15457	80
15468	80
15480	80
15492	80
15503	80
15515	80
15527	80
15539	80
15550	80
15562	80
15574	80
15585	80
15597	80
15609	80
15621	80
15632	80
15644	80
15656	80
15667	81
15679	81
15691	81
15703	81
15714	81
15726	81
15738	81
15750	81
15761	81
15773	81
15785	81
15796	81
15808	81
15820	81
15832	81
15843	81
15867	81
15878	81
15890	81
15902	81
15914	81
15925	81
15937	81
15949	81
15960	81
15972	81
15984	81
15996	81
16019	81
16031	81
16042	81
16054	81
16066	81
16089	81
16101	81
16113	81
16125	81
16136	81
16148	81
16160	81
16171	81
16183	81
16195	81
16207	81
16218	81
16230	81
16242	81
16253	81
16265	81
16277	81
16289	82
16300	82
16312	82
16324	82
16335	82
16347	82
16359	82
16371	82
16394	82
16406	82
16417	82
16429	82
16441	82
16453	82
16464	82
16476	82
16488	82
16500	82
16511	82
16523	82
16535	82
16546	82
16558	82
16570	82
16593	82
16605	82
16617	82
16628	82
16640	82
16652	82
16664	82
16675	82
16687	82
16699	82
16710	82
16722	82
16746	82
16757	82
16769	82
16781	82
16804	82
16816	82
16828	82
16839	82
16851	82
16863	82
16875	82
16886	82
16898	82
16910	82
16921	83
16933	83
16945	83
16957	83
16968	83
16980	83
16992	83
17003	83
17015	83
17039	83
17050	83
17062	83
17074	83
17085	83
17097	83
17109	83
17121	83
17132	83
17144	83
17156	83
17167	83
17179	83
17191	83
17203	83
17214	83
17238	83
17250	83
17261	83
17273	83
17285	83
17296	83
17308	83
17320	83
17332	83
17343	83
17355	83
17367	83
17378	83
17390	83
17402	83
17414	83
17425	83
17449	83
17460	83
17472	83
17484	83
17496	83
17507	83
17531	83
17542	83
17554	84
17566	84
17578	84
17601	84
17613	84
17625	84
17636	84
17648	84
17660	84
17671	84
17683	84
17695	84
17718	84
17730	84
17742	84
17753	84
17765	84
17777	84
17789	84
17800	84
17812	84
17824	84
17847	84
17859	84
17871	84
17882	84
17894	84
17906	84
17917	84
17929	84
17953	84
17964	84
17976	84
17988	84
18000	84
18011	84
18023	84
18035	84
18046	84
18058	84
18070	84
18082	84
18105	84
18117	84
18128	84
18140	84
18152	84
18164	84
18175	84
18187	84
18199	85
18210	85
18234	85
18246	85
18257	85
18269	85
18281	85
18304	85
18316	85
18328	85
18339	85
18351	85
18363	85
18375	85
18386	85
18410	85
18421	85
18433	85
18445	85
18457	85
18468	85
18480	85
18492	85
18503	85
18527	85
18539	85
18550	85
18562	85
18574	85
18585	85
18597	85
18609	85
18632	85
18644	85
18656	85
18667	85
18679	85
18703	85
18714	85
18726	85
18738	85
18750	85
18761	85
18773	85
18785	85
18796	85
18808	85
18832	85
18843	85
18855	85
18867	86
18878	86
18890	86
18902	86
18914	86
18925	86
18937	86
18960	86
18972	86
18984	86
18996	86
19007	86
19031	86
19042	86
19054	86
19066	86
19078	86
19101	86
19113	86
19125	86
19136	86
19148	86
19160	86
19183	86
19195	86
19207	86
19218	86
19242	86
19253	86
19265	86
19277	86
19289	86
19300	86
19312	86
19335	86
19347	86
19359	86
19371	86
19394	86
19406	86
19417	86
19429	86
19441	86
19464	86
19476	86
19488	86
19500	86
19511	86
19523	86
19535	86
19546	87
19558	87
19570	87
19582	87
19593	87
19605	87
19617	87
19628	87
19652	87
19664	87
19675	87
19687	87
19699	87
19710	87
19722	87
19746	87
19757	87
19769	87
19781	87
19792	87
19804	87
19816	87
19839	87
19851	87
19863	87
19875	87
19886	87
19898	87
19910	87
19933	87
19945	87
19957	87
19968	87
19992	87
20003	87
20015	87
20027	87
20039	87
20050	87
20062	87
20085	87
20097	87
20109	87
20132	87
20144	87
20167	87
20179	87
20191	87
20203	87
20226	87
20238	88
20250	88
20261	88
20273	88
20285	88
20296	88
20320	88
20332	88
20343	88
20355	88
20367	88
20378	88
20390	88
20414	88
20425	88
20437	88
20449	88
20460	88
20472	88
20484	88
20507	88
20519	88
20531	88
20542	88
20554	88
20566	88
20589	88
20601	88
20613	88
20625	88
20636	88
20660	88
20671	88
20683	88
20695	88
20707	88
20718	88
20730	88
20753	88
20765	88
20777	88
20789	88
20800	88
20812	88
20835	88
20847	88
20859	88
20882	88
20894	88
20917	88
20929	89
20941	89
20964	89
20976	89
20988	89
21000	89
21011	89
21023	89
21046	89
21058	89
21070	89
21082	89
21105	89
21117	89
21128	89
21140	89
21152	89
21164	89
21187	89
21199	89
21210	89
21222	89
21234	89
21246	89
21269	89
21281	89
21292	89
21304	89
21316	89
21328	89
21351	89
21363	89
21375	89
21386	89
21410	89
21421	89
21433	89
21445	89
21457	89
21480	89
21492	89
21503	89
21515	89
21527	89
21550	89
21562	89
21574	89
21585	89
21609	89
21621	89
21644	90
21656	90
21679	90
21691	90
21714	90
21726	90
21738	90
21750	90
21761	90
21785	90
21796	90
21808	90
21820	90
21843	90
21855	90
21867	90
21878	90
21890	90
21902	90
21925	90
21937	90
21949	90
21960	90
21972	90
21984	90
22007	90
22019	90
22031	90
22042	90
22054	90
22066	90
22078	90
22101	90
22113	90
22125	90
22136	90
22148	90
22171	90
22183	90
22195	90
22207	90
22218	90
22230	90
22242	90
22265	90
22277	90
22289	90
22300	90
22312	90
22335	90
22347	91
22359	91
22382	91
22394	91
22417	91
22429	91
22453	91
22464	91
22476	91
22500	91
22511	91
22523	91
22535	91
22558	91
22570	91
22593	91
22605	91
22617	91
22628	91
22652	91
22664	91
22675	91
22687	91
22710	91
22722	91
22734	91
22746	91
22757	91
22781	91
22792	91
22804	91
22816	91
22828	91
22851	91
22863	91
22875	91
22886	91
22910	91
22921	91
22933	91
22945	91
22957	91
22968	91
22980	91
22992	91
23003	91
23015	91
23039	91
23050	91
23062	91
23074	92
23085	92
23109	92
23121	92
23132	92
23156	92
23167	92
23191	92
23203	92
23214	92
23226	92
23250	92
23261	92
23273	92
23285	92
23308	92
23320	92
23332	92
23355	92
23367	92
23378	92
23390	92
23402	92
23425	92
23437	92
23449	92
23460	92
23484	92
23496	92
23507	92
23531	92
23542	92
23554	92
23566	92
23589	92
23601	92
23613	92
23636	92
23648	92
23660	92
23671	92
23683	92
23707	92
23718	92
23730	92
23742	92
23753	92
23777	92
23789	92
23800	92
23812	93
23835	93
23847	93
23859	93
23882	93
23894	93
23917	93
23929	93
23941	93
23964	93
23976	93
23988	93
24000	93
24023	93
24035	93
24046	93
24058	93
24082	93
24093	93
24105	93
24117	93
24140	93
24152	93
24164	93
24175	93
24199	93
24210	93
24222	93
24234	93
24257	93
24269	93
24281	93
24292	93
24316	93
24328	93
24339	93
24351	93
24375	93
24386	93
24398	93
24410	93
24433	93
24445	93
24457	93
24468	93
24480	93
24492	93
24503	93
24515	93
24539	93
24550	94
24562	94
24574	94
24597	94
24609	94
24621	94
24644	94
24656	94
24679	94
24691	94
24703	94
24726	94
24738	94
24750	94
24761	94
24785	94
24796	94
24820	94
24832	94
24855	94
24867	94
24890	94
24902	94
24914	94
24925	94
24949	94
24960	94
24972	94
24996	94
25007	94
25031	94
25042	94
25066	94
25078	94
25089	94
25113	94
25125	94
25136	94
25148	94
25171	94
25183	94
25195	94
25207	94
25218	94
25242	94
25253	94
25265	94
25277	94
25300	94
25312	94
25324	95
25347	95
25359	95
25371	95
25394	95
25406	95
25417	95
25441	95
25453	95
25464	95
25488	95
25500	95
25511	95
25535	95
25546	95
25558	95
25570	95
25593	95
25605	95
25617	95
25640	95
25652	95
25664	95
25675	95
25699	95
25710	95
25722	95
25746	95
25757	95
25781	95
25792	95
25804	95
25828	95
25839	95
25851	95
25875	95
25886	95
25898	95
25921	95
25933	95
25945	95
25957	95
25968	95
25992	95
26003	95
26015	95
26027	95
26050	95
26062	95
26074	95
26097	96
26109	96
26121	96
26144	96
26156	96
26167	96
26179	96
26203	96
26214	96
26226	96
26250	96
26261	96
26273	96
26296	96
26308	96
26320	96
26343	96
26355	96
26367	96
26390	96
26402	96
26414	96
26425	96
26449	96
26460	96
26484	96
26496	96
26507	96
26531	96
26542	96
26566	96
26578	96
26601	96
26613	96
26625	96
26648	96
26660	96
26671	96
26683	96
26707	96
26718	96
26730	96
26742	96
26765	96
26777	96
26789	96
26812	96
26824	96
26835	96
26859	96
26871	97
26882	97
26894	97
26917	97
26929	97
26941	97
26964	97
26976	97
27000	97
27011	97
27023	97
27035	97
27058	97
27070	97
27082	97
27105	97
27117	97
27128	97
27152	97
27164	97
27175	97
27199	97
27210	97
27234	97
27246	97
27269	97
27281	97
27304	97
27316	97
27339	97
27351	97
27363	97
27386	97
27398	97
27410	97
27433	97
27445	97
27457	97
27468	97
27492	97
27503	97
27515	97
27539	97
27550	97
27562	97
27585	97
27597	97
27609	97
27632	97
27644	97
27656	98
27667	98
27691	98
27703	98
27714	98
27738	98
27750	98
27773	98
27785	98
27796	98
27808	98
27832	98
27843	98
27855	98
27878	98
27890	98
27902	98
27925	98
27937	98
27960	98
27972	98
27996	98
28007	98
28031	98
28042	98
28066	98
28078	98
28101	98
28113	98
28125	98
28148	98
28160	98
28171	98
28195	98
28207	98
28218	98
28242	98
28253	98
28265	98
28277	98
28300	98
28312	98
28335	98
28347	98
28359	98
28382	98
28394	98
28406	98
28429	98
28441	98
28453	99
28476	99
28488	99
28500	99
28523	99
28535	99
28546	99
28570	99
28582	99
28593	99
28617	99
28628	99
28640	99
28664	99
28675	99
28687	99
28710	99
28722	99
28746	99
28757	99
28781	99
28804	99
28816	99
28828	99
28851	99
28863	99
28875	99
28898	99
28910	99
28921	99
28945	99
28957	99
28968	99
28992	99
29003	99
29015	99
29027	99
29050	99
29062	99
29085	99
29097	99
29109	99
29121	99
29144	99
29156	99
29167	99
29191	99
29203	99
29214	99
29238	99
29250	100
29273	100
29285	100
29296	100
29308	100
29332	100
29343	100
29355	100
29367	100
29390	100
29402	100
29414	100
29437	100
29449	100
29472	100
29484	100
29507	100
29519	100
29542	100
29554	100
29578	100
29589	100
29601	100
29625	100
29636	100
29648	100
29671	100
29683	100
29707	100
29718	100
29730	100
29753	100
29765	100
29777	100
29800	100
29812	100
29824	100
29847	100
29859	100
29871	100
29894	100
29906	100
29929	100
29941	100
29953	100
29976	100
29988	100
30011	100
30023	100
30035	100
30046	101
30070	101
30082	101
30093	101
30117	101
30128	101
30140	101
30152	101
30175	101
30187	101
30210	101
30222	101
30234	101
30257	101
30269	101
30292	101
30304	101
30328	101
30339	101
30351	101
30375	101
30386	101
30398	101
30421	101
30433	101
30457	101
30468	101
30480	101
30503	101
30515	101
30527	101
30550	101
30562	101
30574	101
30597	101
30609	101
30632	101
30644	101
30667	101
30679	101
30691	101
30714	101
30726	101
30738	101
30761	101
30773	101
30796	101
30808	101
30820	101
30832	101
30855	102
30867	102
30878	102
30902	102
30914	102
30925	102
30949	102
30960	102
30984	102
30996	102
31019	102
31031	102
31054	102
31066	102
31089	102
31101	102
31113	102
31136	102
31148	102
31160	102
31183	102
31207	102
31218	102
31242	102
31253	102
31265	102
31289	102
31300	102
31312	102
31335	102
31347	102
31371	102
31382	102
31406	102
31417	102
31441	102
31453	102
31464	102
31488	102
31500	102
31523	102
31535	102
31546	102
31558	102
31570	102
31593	102
31605	102
31617	102
31628	102
31652	102
31664	103
31675	103
31699	103
31710	103
31722	103
31746	103
31757	103
31769	103
31792	103
31804	103
31816	103
31839	103
31851	103
31875	103
31886	103
31898	103
31921	103
31933	103
31945	103
31968	103
31980	103
32003	103
32015	103
32027	103
32050	103
32062	103
32085	103
32097	103
32121	103
32132	103
32156	103
32179	103
32191	103
32214	103
32226	103
32238	103
32261	103
32273	103
32285	103
32308	103
32320	103
32343	103
32355	103
32367	103
32378	103
32402	103
32414	103
32437	103
32449	103
32460	103
32484	104
32496	104
32507	104
32531	104
32542	104
32554	104
32578	104
32589	104
32601	104
32625	104
32636	104
32660	104
32671	104
32683	104
32695	104
32718	104
32730	104
32753	104
32765	104
32777	104
32800	104
32812	104
32824	104
32847	104
32859	104
32882	104
32906	104
32917	104
32941	104
32953	104
32976	104
32988	104
33011	104
33023	104
33035	104
33058	104
33070	104
33093	104
33105	104
33117	104
33140	104
33152	104
33164	104
33187	104
33199	104
33210	104
33234	104
33246	104
33269	104
33281	104
33292	105
33316	105
33328	105
33339	105
33363	105
33375	105
33398	105
33410	105
33421	105
33445	105
33457	105
33480	105
33492	105
33503	105
33527	105
33539	105
33550	105
33574	105
33585	105
33609	105
33632	105
33644	105
33667	105
33691	105
33703	105
33726	105
33738	105
33750	105
33773	105
33785	105
33808	105
33820	105
33832	105
33855	105
33867	105
33878	105
33902	105
33914	105
33937	105
33949	105
33960	105
33984	105
33996	105
34007	105
34031	105
34042	105
34054	105
34066	105
34089	105
34101	105
34125	106
34136	106
34160	106
34171	106
34183	106
34195	106
34218	106
34230	106
34242	106
34265	106
34277	106
34289	106
34312	106
34324	106
34347	106
34359	106
34382	106
34406	106
34429	106
34441	106
34464	106
34476	106
34500	106
34511	106
34523	106
34546	106
34570	106
34582	106
34605	106
34617	106
34640	106
34652	106
34664	106
34687	106
34699	106
34722	106
34734	106
34746	106
34769	106
34781	106
34804	106
34816	106
34828	106
34851	106
34863	106
34886	106
34898	106
34910	106
34933	106
34945	106
34957	107
34968	107
34980	107
35003	107
35015	107
35027	107
35050	107
35062	107
35085	107
35097	107
35121	107
35132	107
35156	107
35167	107
35191	107
35203	107
35226	107
35238	107
35261	107
35273	107
35296	107
35308	107
35332	107
35343	107
35367	107
35378	107
35390	107
35414	107
35425	107
35449	107
35460	107
35484	107
35496	107
35519	107
35531	107
35554	107
35566	107
35578	107
35601	107
35613	107
35636	107
35648	107
35671	107
35683	107
35695	107
35718	107
35730	107
35742	107
35765	107
35777	107
35789	108
35812	108
35824	108
35847	108
35859	108
35882	108
35906	108
35917	108
35941	108
35953	108
35976	108
35988	108
36000	108
36023	108
36035	108
36058	108
36070	108
36093	108
36105	108
36117	108
36140	108
36152	108
36175	108
36187	108
36210	108
36222	108
36234	108
36257	108
36269	108
36292	108
36304	108
36328	108
36339	108
36351	108
36375	108
36398	108
36410	108
36421	108
36433	108
36445	108
36468	108
36480	108
36492	108
36515	108
36527	108
36550	108
36562	108
36574	108
36597	108
36609	108
36632	109
36656	109
36667	109
36691	109
36703	109
36726	109
36738	109
36761	109
36773	109
36796	109
36808	109
36832	109
36855	109
36867	109
36890	109
36902	109
36914	109
36937	109
36949	109
36972	109
36996	109
37007	109
37031	109
37054	109
37066	109
37089	109
37101	109
37113	109
37136	109
37148	109
37171	109
37183	109
37207	109
37218	109
37230	109
37253	109
37265	109
37289	109
37300	109
37312	109
37335	109
37347	109
37371	109
37382	109
37406	109
37429	109
37441	109
37464	109
37476	109
37500	109
37511	110
37523	110
37546	110
37558	110
37582	110
37593	110
37617	110
37628	110
37652	110
37664	110
37687	110
37699	110
37722	110
37734	110
37757	110
37769	110
37792	110
37804	110
37828	110
37839	110
37863	110
37875	110
37898	110
37910	110
37933	110
37945	110
37957	110
37980	110
37992	110
38003	110
38027	110
38039	110
38062	110
38074	110
38097	110
38109	110
38121	110
38144	110
38156	110
38179	110
38191	110
38214	110
38226	110
38250	110
38261	110
38285	110
38296	110
38320	110
38332	110
38355	110
38367	111
38390	111
38402	111
38414	111
38437	111
38449	111
38472	111
38496	111
38507	111
38531	111
38554	111
38566	111
38589	111
38601	111
38625	111
38636	111
38660	111
38671	111
38695	111
38707	111
38718	111
38742	111
38753	111
38777	111
38789	111
38812	111
38824	111
38847	111
38859	111
38882	111
38894	111
38906	111
38929	111
38941	111
38964	111
38976	111
39000	111
39023	111
39035	111
39046	111
39070	111
39082	111
39105	111
39117	111
39140	111
39152	111
39175	111
39187	111
39210	111
39222	111
39246	112
39269	112
39292	112
39304	112
39328	112
39339	112
39363	112
39375	112
39398	112
39410	112
39433	112
39445	112
39468	112
39480	112
39492	112
39515	112
39527	112
39550	112
39562	112
39585	112
39597	112
39621	112
39632	112
39656	112
39667	112
39679	112
39703	112
39714	112
39738	112
39761	112
39773	112
39796	112
39808	112
39820	112
39843	112
39867	112
39878	112
39890	112
39914	112
39925	112
39949	112
39972	112
39984	112
40007	112
40031	112
40054	112
40066	112
40089	112
40113	112
40125	112
40148	113
40160	113
40183	113
40195	113
40218	113
40230	113
40242	113
40265	113
40289	113
40300	113
40324	113
40335	113
40359	113
40371	113
40394	113
40406	113
40429	113
40441	113
40464	113
40476	113
40500	113
40523	113
40535	113
40558	113
40570	113
40593	113
40605	113
40628	113
40640	113
40664	113
40675	113
40699	113
40722	113
40734	113
40757	113
40781	113
40804	113
40816	113
40839	113
40851	113
40875	113
40898	113
40910	113
40933	113
40945	113
40957	113
40980	113
40992	113
41015	113
41027	113
41050	114
41074	114
41085	114
41109	114
41121	114
41144	114
41156	114
41179	114
41191	114
41214	114
41226	114
41250	114
41273	114
41285	114
41296	114
41320	114
41332	114
41355	114
41367	114
41390	114
41402	114
41425	114
41449	114
41460	114
41484	114
41507	114
41531	114
41542	114
41566	114
41589	114
41601	114
41625	114
41636	114
41660	114
41683	114
41695	114
41718	114
41742	114
41753	114
41777	114
41789	114
41812	114
41824	114
41847	114
41871	114
41882	114
41906	114
41929	114
41941	114
41964	114
41976	115
42000	115
42023	115
42035	115
42058	115
42070	115
42093	115
42105	115
42128	115
42140	115
42164	115
42175	115
42199	115
42222	115
42234	115
42257	115
42281	115
42304	115
42316	115
42339	115
42351	115
42375	115
42398	115
42410	115
42433	115
42445	115
42468	115
42492	115
42503	115
42527	115
42539	115
42562	115
42585	115
42597	115
42621	115
42644	115
42656	115
42679	115
42703	115
42714	115
42738	115
42761	115
42773	115
42796	115
42808	115
42832	115
42843	115
42867	115
42890	115
42902	115
42925	116
42937	116
42960	116
42984	116
42996	116
43019	116
43042	116
43066	116
43089	116
43101	116
43125	116
43136	116
43160	116
43183	116
43207	116
43230	116
43242	116
43265	116
43277	116
43300	116
43324	116
43335	116
43359	116
43382	116
43406	116
43429	116
43441	116
43464	116
43476	116
43500	116
43523	116
43535	116
43558	116
43570	116
43582	116
43605	116
43617	116
43640	116
43652	116
43675	116
43699	116
43710	116
43734	116
43746	116
43769	116
43781	116
43804	116
43828	116
43839	116
43863	116
43886	117
43898	117
43921	117
43933	117
43957	117
43980	117
44003	117
44015	117
44039	117
44050	117
44074	117
44097	117
44121	117
44144	117
44167	117
44191	117
44203	117
44226	117
44250	117
44261	117
44285	117
44296	117
44320	117
44343	117
44355	117
44378	117
44390	117
44414	117
44437	117
44449	117
44472	117
44496	117
44507	117
44531	117
44542	117
44566	117
44589	117
44601	117
44625	117
44648	117
44660	117
44683	117
44695	117
44718	117
44730	117
44753	117
44777	117
44789	117
44812	117
44824	117
44847	118
44871	118
44894	118
44917	118
44941	118
44964	118
44976	118
45000	118
45011	118
45035	118
45058	118
45070	118
45093	118
45117	118
45128	118
45152	118
45164	118
45187	118
45210	118
45222	118
45246	118
45257	118
45281	118
45292	118
45316	118
45339	118
45351	118
45375	118
45398	118
45410	118
45433	118
45445	118
45468	118
45492	118
45503	118
45527	118
45539	118
45562	118
45585	118
45609	118
45632	118
45656	118
45679	118
45703	118
45714	118
45738	118
45761	118
45773	118
45796	118
45820	118
45832	119
45855	119
45867	119
45890	119
45902	119
45925	119
45949	119
45960	119
45984	119
45996	119
46019	119
46031	119
46054	119
46066	119
46089	119
46113	119
46125	119
46148	119
46160	119
46183	119
46195	119
46218	119
46242	119
46253	119
46277	119
46289	119
46312	119
46324	119
46347	119
46371	119
46394	119
46417	119
46441	119
46464	119
46488	119
46500	119
46523	119
46546	119
46558	119
46582	119
46605	119
46628	119
46640	119
46664	119
46687	119
46699	119
46722	119
46734	119
46757	119
46781	119
46792	120
46816	120
46828	120
46851	120
46875	120
46886	120
46910	120
46921	120
46945	120
46957	120
46968	120
46992	120
47003	120
47027	120
47050	120
47062	120
47085	120
47109	120
47132	120
47144	120
47167	120
47191	120
47214	120
47226	120
47250	120
47273	120
47285	120
47308	120
47332	120
47355	120
47367	120
47390	120
47402	120
47425	120
47449	120
47472	120
47484	120
47507	120
47531	120
47542	120
47566	120
47589	120
47601	120
47625	120
47648	120
47660	120
47683	120
47695	120
47718	120
47742	120
47753	121
47777	121
47789	121
47812	121
47835	121
47859	121
47871	121
47894	121
47917	121
47941	121
47964	121
47976	121
48000	121
48023	121
48035	121
48058	121
48082	121
48093	121
48117	121
48128	121
48152	121
48175	121
48187	121
48210	121
48234	121
48246	121
48269	121
48292	121
48304	121
48328	121
48351	121
48375	121
48386	121
48410	121
48421	121
48445	121
48457	121
48468	121
48492	121
48515	121
48527	121
48550	121
48574	121
48585	121
48609	121
48632	121
48656	121
48679	121
48691	121
48714	121
48738	122
48750	122
48773	122
48796	122
48820	122
48843	122
48867	122
48890	122
48902	122
48925	122
48949	122
48960	122
48984	122
49007	122
49031	122
49054	122
49078	122
49089	122
49113	122
49136	122
49148	122
49171	122
49195	122
49207	122
49230	122
49242	122
49265	122
49289	122
49300	122
49324	122
49347	122
49371	122
49382	122
49406	122
49429	122
49453	122
49464	122
49488	122
49511	122
49523	122
49546	122
49570	122
49582	122
49605	122
49628	122
49640	122
49664	122
49687	122
49710	122
49722	122
49746	123
49769	123
49792	123
49816	123
49828	123
49851	123
49875	123
49898	123
49910	123
49933	123
49945	123
49968	123
49980	123
50003	123
50027	123
50050	123
50062	123
50085	123
50109	123
50121	123
50144	123
50167	123
50191	123
50203	123
50226	123
50250	123
50273	123
50285	123
50308	123
50332	123
50343	123
50367	123
50390	123
50402	123
50425	123
50449	123
50472	123
50496	123
50519	123
50531	123
50554	123
50578	123
50601	123
50625	123
50636	123
50660	123
50683	123
50695	123
50718	123
50730	123
50753	124
50777	124
50800	124
50812	124
50835	124
50859	124
50871	124
50894	124
50917	124
50929	124
50953	124
50976	124
51000	124
51011	124
51035	124
51058	124
51070	124
51093	124
51117	124
51128	124
51152	124
51175	124
51199	124
51222	124
51234	124
51269	124
51292	124
51304	124
51328	124
51351	124
51375	124
51398	124
51410	124
51433	124
51457	124
51468	124
51492	124
51515	124
51527	124
51550	124
51574	124
51597	124
51609	124
51632	124
51656	124
51679	124
51691	124
51714	124
51738	124
51761	124
51773	125
51796	125
51820	125
51832	125
51855	125
51878	125
51902	125
51914	125
51937	125
51960	125
51984	125
52007	125
52031	125
52054	125
52078	125
52101	125
52125	125
52136	125
52160	125
52183	125
52195	125
52218	125
52242	125
52253	125
52277	125
52300	125
52324	125
52335	125
52359	125
52382	125
52406	125
52417	125
52441	125
52464	125
52488	125
52511	125
52523	125
52546	125
52570	125
52593	125
52605	125
52628	125
52652	125
52675	125
52687	125
52710	125
52734	125
52757	125
52792	125
52816	125
52839	126
52851	126
52875	126
52898	126
52921	126
52933	126
52957	126
52980	126
52992	126
53015	126
53039	126
53062	126
53085	126
53097	126
53121	126
53144	126
53167	126
53179	126
53203	126
53226	126
53250	126
53273	126
53285	126
53308	126
53332	126
53343	126
53367	126
53390	126
53414	126
53437	126
53449	126
53472	126
53496	126
53519	126
53542	126
53566	126
53589	126
53613	126
53636	126
53660	126
53671	126
53695	126
53718	126
53742	126
53765	126
53777	126
53800	126
53824	126
53847	126
53871	126
53894	127
53917	127
53929	127
53953	127
53976	127
54000	127
54023	127
54046	127
54058	127
54082	127
54105	127
54117	127
54140	127
54164	127
54187	127
54210	127
54234	127
54257	127
54281	127
54304	127
54328	127
54351	127
54363	127
54386	127
54410	127
54433	127
54457	127
54480	127
54492	127
54515	127
54539	127
54562	127
54585	127
54609	127
54632	127
54656	127
54679	127
54703	127
54726	127
54738	127
54761	127
54785	127
54808	127
54832	127
54843	127
54867	127
54890	127
54914	127
54937	127
54960	127
54972	128
54996	128
55031	128
55054	128
55078	128
55101	128
55113	128
55136	128
55160	128
55183	128
55207	128
55230	128
55253	128
55277	128
55300	128
55324	128
55347	128
55371	128
55394	128
55417	128
55441	128
55464	128
55488	128
55500	128
55523	128
55546	128
55570	128
55582	128
55605	128
55617	128
55640	128
55664	128
55687	128
55710	128
55734	128
55746	128
55769	128
55792	128
55816	128
55839	128
55863	128
55886	128
55910	128
55933	128
55957	128
55980	128
56003	128
56027	128
56039	128
56062	128
56085	129
56109	129
56144	129
56167	129
56191	129
56214	129
56238	129
56261	129
56285	129
56308	129
56332	129
56355	129
56367	129
56390	129
56414	129
56437	129
56460	129
56484	129
56507	129
56519	129
56542	129
56566	129
56589	129
56613	129
56636	129
56660	129
56671	129
56695	129
56718	129
56742	129
56765	129
56789	129
56800	129
56824	129
56859	129
56882	129
56906	129
56929	129
56953	129
56976	129
57000	129
57023	129
57046	129
57070	129
57093	129
57117	129
57128	129
57152	129
57175	129
57199	129
57222	130
57246	130
57269	130
57281	130
57304	130
57328	130
57351	130
57375	130
57398	130
57421	130
57445	130
57468	130
57492	130
57515	130
57527	130
57550	130
57574	130
57597	130
57632	130
57656	130
57691	130
57714	130
57738	130
57750	130
57773	130
57796	130
57820	130
57843	130
57867	130
57890	130
57914	130
57937	130
57960	130
57972	130
57996	130
58019	130
58042	130
58054	130
58078	130
58101	130
58125	130
58148	130
58171	130
58183	130
58207	130
58230	130
58253	130
58277	130
58300	130
58312	130
58347	131
58371	131
58394	131
58429	131
58453	131
58476	131
58500	131
58523	131
58546	131
58570	131
58593	131
58617	131
58640	131
58664	131
58687	131
58710	131
58734	131
58746	131
58769	131
58792	131
58816	131
58839	131
58863	131
58886	131
58910	131
58921	131
58945	131
58957	131
58980	131
59003	131
59027	131
59050	131
59074	131
59097	131
59121	131
59144	131
59167	131
59191	131
59214	131
59238	131
59261	131
59285	131
59308	131
59332	131
59355	131
59378	131
59402	131
59425	131
59449	131
59472	131
59496	132
59519	132
59542	132
59566	132
59589	132
59613	132
59625	132
59648	132
59671	132
59695	132
59718	132
59742	132
59765	132
59789	132
59800	132
59824	132
59847	132
59882	132
59906	132
59929	132
59953	132
59976	132
60000	132
60023	132
60046	132
60070	132
60093	132
60105	132
60128	132
60152	132
60175	132
60199	132
60222	132
60246	132
60269	132
60292	132
60316	132
60339	132
60363	132
60386	132
60410	132
60421	132
60445	132
60457	132
60480	132
60503	132
60527	132
60550	132
60574	132
60597	132
60621	133
60644	133
60667	133
60691	133
60714	133
60738	133
60761	133
60785	133
60808	133
60843	133
60867	133
60890	133
60914	133
60937	133
60960	133
60984	133
61007	133
61031	133
61054	133
61078	133
61101	133
61125	133
61148	133
61171	133
61195	133
61218	133
61242	133
61265	133
61289	133
61312	133
61335	133
61359	133
61382	133
61406	133
61429	133
61453	133
61476	133
61500	133
61523	133
61546	133
61570	133
61593	133
61617	133
61640	133
61652	133
61675	133
61699	133
61722	133
61757	133
61781	133
61804	134
61828	134
61851	134
61875	134
61898	134
61921	134
61933	134
61957	134
61980	134
62003	134
62027	134
62050	134
62074	134
62097	134
62121	134
62144	134
62167	134
62179	134
62203	134
62238	134
62261	134
62285	134
62296	134
62320	134
62343	134
62367	134
62390	134
62414	134
62437	134
62460	134
62496	134
62519	134
62542	134
62566	134
62589	134
62613	134
62636	134
62660	134
62683	134
62707	134
62730	134
62753	134
62777	134
62800	134
62824	134
62847	134
62859	134
62882	134
62906	134
62929	134
62953	135
62976	135
63000	135
63023	135
63046	135
63070	135
63093	135
63117	135
63140	135
63164	135
63187	135
63210	135
63234	135
63269	135
63292	135
63316	135
63339	135
63363	135
63386	135
63410	135
63433	135
63457	135
63480	135
63503	135
63527	135
63550	135
63574	135
63597	135
63621	135
63632	135
63656	135
63679	135
63703	135
63726	135
63750	135
63773	135
63796	135
63820	135
63843	135
63867	135
63890	135
63914	135
63937	135
63960	135
63996	135
64019	135
64054	135
64078	135
64101	135
64125	135
64148	136
64171	136
64195	136
64218	136
64242	136
64265	136
64289	136
64312	136
64335	136
64359	136
64382	136
64406	136
64429	136
64453	136
64476	136
64500	136
64523	136
64546	136
64570	136
64593	136
64617	136
64640	136
64664	136
64687	136
64710	136
64734	136
64769	136
64792	136
64816	136
64839	136
64863	136
64886	136
64910	136
64933	136
64957	136
64980	136
65003	136
65027	136
65050	136
65074	136
65097	136
65121	136
65144	136
65167	136
65191	136
65214	136
65238	136
65261	136
65285	136
65308	136
65332	137
65355	137
65378	137
65402	137
65425	137
65449	137
65472	137
65507	137
65531	137
65554	137
65578	137
65613	137
65636	137
65660	137
65683	137
65707	137
65730	137
65753	137
65777	137
65800	137
65824	137
65847	137
65871	137
65906	137
65929	137
65953	137
65976	137
66000	137
66023	137
66046	137
66070	137
66093	137
66117	137
66140	137
66164	137
66187	137
66210	137
66234	137
66269	137
66292	137
66316	137
66339	137
66363	137
66386	137
66410	137
66433	137
66468	137
66492	137
66515	137
66539	137
66562	138
66585	138
66609	138
66632	138
66656	138
66679	138
66714	138
66738	138
66761	138
66785	138
66808	138
66832	138
66855	138
66878	138
66902	138
66925	138
66949	138
66972	138
66996	138
67031	138
67054	138
67078	138
67101	138
67125	138
67160	138
67183	138
67207	138
67242	138
67265	138
67289	138
67312	138
67335	138
67359	138
67394	138
67417	138
67441	138
67464	138
67488	138
67511	138
67535	138
67558	138
67582	138
67605	138
67628	138
67652	138
67675	138
67699	138
67722	138
67746	138
67769	138
67792	139
67816	139
67851	139
67875	139
67898	139
67921	139
67945	139
67968	139
68003	139
68027	139
68050	139
68074	139
68097	139
68132	139
68156	139
68191	139
68214	139
68238	139
68261	139
68285	139
68308	139
68332	139
68355	139
68378	139
68402	139
68437	139
68460	139
68484	139
68507	139
68531	139
68554	139
68578	139
68601	139
68625	139
68648	139
68671	139
68695	139
68718	139
68742	139
68765	139
68789	139
68824	139
68847	139
68871	139
68906	139
68929	139
68964	139
68988	139
69011	139
69035	139
69058	140
69082	140
69117	140
69140	140
69164	140
69187	140
69210	140
69234	140
69257	140
69281	140
69304	140
69328	140
69363	140
69386	140
69410	140
69433	140
69457	140
69480	140
69515	140
69539	140
69562	140
69585	140
69609	140
69644	140
69679	140
69703	140
69726	140
69750	140
69773	140
69808	140
69832	140
69855	140
69878	140
69902	140
69925	140
69949	140
69972	140
69996	140
70019	140
70042	140
70066	140
70089	140
70125	140
70148	140
70171	140
70183	140
70207	140
70242	140
70265	140
70289	140
70312	141
70335	141
70359	141
70394	141
70429	141
70453	141
70476	141
70500	141
70535	141
70558	141
70582	141
70617	141
70640	141
70664	141
70687	141
70710	141
70734	141
70757	141
70781	141
70804	141
70839	141
70863	141
70886	141
70910	141
70933	141
70957	141
70968	141
70992	141
71015	141
71039	141
71074	141
71097	141
71121	141
71144	141
71179	141
71203	141
71226	141
71250	141
71273	141
71308	141
71332	141
71355	141
71378	141
71402	141
71437	141
71460	141
71484	141
71507	141
71531	141
71554	141
71589	142
71613	142
71636	142
71660	142
71683	142
71707	142
71730	142
71753	142
71777	142
71800	142
71835	142
71859	142
71882	142
71917	142
71941	142
71964	142
71988	142
72011	142
72035	142
72070	142
72093	142
72117	142
72140	142
72164	142
72187	142
72210	142
72234	142
72257	142
72292	142
72316	142
72339	142
72363	142
72386	142
72410	142
72433	142
72457	142
72468	142
72492	142
72527	142
72550	142
72574	142
72597	142
72621	142
72656	142
72679	142
72703	142
72726	142
72761	142
72785	142
72808	142
72843	143
72867	143
72890	143
72914	143
72949	143
72972	143
72996	143
73031	143
73054	143
73078	143
73113	143
73136	143
73160	143
73183	143
73207	143
73230	143
73253	143
73277	143
73300	143
73335	143
73359	143
73382	143
73406	143
73429	143
73464	143
73488	143
73511	143
73535	143
73558	143
73582	143
73617	143
73640	143
73664	143
73687	143
73710	143
73734	143
73769	143
73792	143
73816	143
73839	143
73875	143
73898	143
73921	143
73945	143
73968	143
73980	143
74003	143
74039	143
74062	143
74085	143
74109	144
74132	144
74156	144
74179	144
74214	144
74238	144
74261	144
74285	144
74308	144
74332	144
74367	144
74390	144
74414	144
74437	144
74460	144
74496	144
74519	144
74554	144
74578	144
74601	144
74625	144
74648	144
74683	144
74707	144
74730	144
74753	144
74777	144
74800	144
74824	144
74847	144
74882	144
74906	144
74929	144
74953	144
74976	144
75000	144
75035	144
75058	144
75082	144
75105	144
75128	144
75152	144
75175	144
75210	144
75234	144
75269	144
75292	144
75316	144
75351	144
75375	144
75398	145
75421	145
75445	145
75468	145
75492	145
75515	145
75539	145
75574	145
75597	145
75621	145
75644	145
75667	145
75691	145
75714	145
75750	145
75773	145
75796	145
75820	145
75843	145
75867	145
75890	145
75925	145
75949	145
75972	145
76007	145
76031	145
76066	145
76089	145
76113	145
76136	145
76171	145
76195	145
76218	145
76242	145
76265	145
76289	145
76324	145
76347	145
76371	145
76394	145
76417	145
76441	145
76476	145
76500	145
76523	145
76546	145
76582	145
76605	145
76628	145
76652	145
76687	146
76710	146
76734	146
76769	146
76804	146
76828	146
76851	146
76875	146
76910	146
76933	146
76957	146
76980	146
77003	146
77027	146
77062	146
77085	146
77109	146
77132	146
77156	146
77179	146
77203	146
77238	146
77261	146
77285	146
77308	146
77332	146
77355	146
77390	146
77414	146
77437	146
77460	146
77496	146
77519	146
77554	146
77578	146
77601	146
77625	146
77660	146
77683	146
77707	146
77730	146
77765	146
77789	146
77812	146
77835	146
77871	146
77894	146
77917	146
77953	146
77976	146
78000	147
78023	147
78046	147
78082	147
78105	147
78128	147
78152	147
78175	147
78210	147
78234	147
78257	147
78292	147
78316	147
78351	147
78375	147
78398	147
78421	147
78457	147
78480	147
78503	147
78539	147
78562	147
78585	147
78609	147
78644	147
78667	147
78703	147
78726	147
78750	147
78785	147
78808	147
78832	147
78855	147
78878	147
78902	147
78937	147
78960	147
78984	147
79019	147
79054	147
79078	147
79101	147
79125	147
79160	147
79183	147
79218	147
79242	147
79265	147
79300	147
79324	147
79347	148
79382	148
79406	148
79441	148
79464	148
79488	148
79523	148
79546	148
79570	148
79593	148
79617	148
79640	148
79664	148
79687	148
79722	148
79746	148
79769	148
79792	148
79816	148
79851	148
79875	148
79898	148
79933	148
79957	148
79992	148
80015	148
80039	148
80062	148
80097	148
80132	148
80167	148
80191	148
80226	148
80250	148
80273	148
80296	148
80332	148
80355	148
80378	148
80414	148
80437	148
80460	148
80484	148
80519	148
80542	148
80566	148
80601	148
80625	148
80648	148
80671	148
80707	149
80730	149
80753	149
80777	149
80812	149
80835	149
80871	149
80906	149
80929	149
80964	149
80988	149
81011	149
81046	149
81070	149
81093	149
81128	149
81152	149
81175	149
81210	149
81234	149
81257	149
81281	149
81304	149
81339	149
81363	149
81398	149
81421	149
81445	149
81480	149
81503	149
81527	149
81550	149
81585	149
81609	149
81644	149
81679	149
81714	149
81738	149
81761	149
81796	149
81820	149
81843	149
81867	149
81902	149
81925	149
81949	149
81984	149
82007	149
82031	149
82054	149
82078	150
82113	150
82136	150
82160	150
82183	150
82207	150
82242	150
82265	150
82289	150
82312	150
82347	150
82382	150
82417	150
82453	150
82476	150
82500	150
82535	150
82558	150
82593	150
82617	150
82652	150
82675	150
82699	150
82734	150
82757	150
82781	150
82804	150
82839	150
82863	150
82898	150
82921	150
82945	150
82957	150
82980	150
83015	150
83039	150
83062	150
83097	150
83121	150
83156	150
83179	150
83214	150
83238	150
83261	150
83296	150
83320	150
83355	150
83378	150
83402	150
83437	150
83460	151
83484	151
83519	151
83542	151
83566	151
83601	151
83625	151
83648	151
83683	151
83707	151
83730	151
83753	151
83789	151
83812	151
83835	151
83871	151
83894	151
83929	151
83953	151
83988	151
84011	151
84035	151
84070	151
84093	151
84117	151
84152	151
84175	151
84199	151
84234	151
84257	151
84281	151
84316	151
84339	151
84363	151
84398	151
84421	151
84445	151
84468	151
84492	151
84515	151
84550	151
84574	151
84597	151
84632	151
84656	151
84691	151
84714	151
84750	151
84773	151
84808	151
84843	152
84867	152
84890	152
84925	152
84949	152
84984	152
85007	152
85042	152
85078	152
85101	152
85125	152
85160	152
85183	152
85207	152
85230	152
85265	152
85289	152
85312	152
85347	152
85371	152
85406	152
85429	152
85464	152
85488	152
85511	152
85546	152
85570	152
85593	152
85628	152
85652	152
85675	152
85710	152
85734	152
85769	152
85792	152
85828	152
85851	152
85886	152
85910	152
85933	152
85957	152
85980	152
86015	152
86039	152
86062	152
86097	152
86121	152
86144	152
86179	152
86203	152
86238	153
86261	153
86285	153
86320	153
86343	153
86367	153
86402	153
86425	153
86449	153
86484	153
86519	153
86542	153
86578	153
86601	153
86625	153
86660	153
86683	153
86707	153
86730	153
86765	153
86789	153
86824	153
86847	153
86871	153
86894	153
86929	153
86953	153
86976	153
87011	153
87035	153
87058	153
87093	153
87117	153
87140	153
87175	153
87199	153
87234	153
87269	153
87292	153
87328	153
87351	153
87386	153
87410	153
87433	153
87468	153
87492	153
87515	153
87550	153
87574	153
87597	153
87632	154
87656	154
87679	154
87714	154
87738	154
87773	154
87796	154
87820	154
87855	154
87878	154
87914	154
87937	154
87972	154
87996	154
88031	154
88066	154
88101	154
88125	154
88148	154
88183	154
88207	154
88230	154
88265	154
88289	154
88324	154
88347	154
88371	154
88406	154
88429	154
88453	154
88488	154
88511	154
88546	154
88570	154
88605	154
88628	154
88652	154
88687	154
88710	154
88746	154
88781	154
88804	154
88839	154
88863	154
88898	154
88921	154
88945	154
88980	154
89003	154
89027	154
89062	155
89085	155
89109	155
89144	155
89167	155
89191	155
89226	155
89250	155
89285	155
89308	155
89332	155
89367	155
89390	155
89425	155
89449	155
89484	155
89507	155
89542	155
89578	155
89601	155
89636	155
89660	155
89695	155
89718	155
89753	155
89777	155
89812	155
89835	155
89871	155
89894	155
89929	155
89953	155
89988	155
90011	155
90046	155
90070	155
90093	155
90128	155
90152	155
90187	155
90210	155
90246	155
90281	155
90304	155
90339	155
90363	155
90398	155
90421	155
90457	155
90480	155
90515	156
90539	156
90562	156
90597	156
90632	156
90656	156
90691	156
90714	156
90750	156
90773	156
90796	156
90832	156
90855	156
90890	156
90914	156
90937	156
90972	156
91007	156
91031	156
91066	156
91101	156
91125	156
91160	156
91183	156
91218	156
91253	156
91277	156
91312	156
91335	156
91371	156
91406	156
91429	156
91464	156
91488	156
91523	156
91546	156
91570	156
91593	156
91617	156
91652	156
91675	156
91710	156
91734	156
91769	156
91792	156
91828	156
91851	156
91886	156
91910	156
91945	156
91968	157
92003	157
92027	157
92062	157
92097	157
92132	157
92167	157
92191	157
92226	157
92250	157
92285	157
92308	157
92343	157
92367	157
92402	157
92425	157
92460	157
92484	157
92507	157
92542	157
92566	157
92601	157
92625	157
92660	157
92683	157
92707	157
92742	157
92765	157
92800	157
92824	157
92859	157
92894	157
92929	157
92964	157
92988	157
93011	157
93046	157
93070	157
93105	157
93128	157
93164	157
93187	157
93222	157
93246	157
93281	157
93304	157
93339	157
93363	157
93398	157
93421	157
93457	158
93480	158
93515	158
93539	158
93562	158
93597	158
93632	158
93679	158
93703	158
93738	158
93761	158
93796	158
93820	158
93855	158
93878	158
93914	158
93937	158
93960	158
93996	158
94019	158
94042	158
94078	158
94101	158
94136	158
94160	158
94183	158
94218	158
94242	158
94277	158
94300	158
94335	158
94359	158
94406	158
94441	158
94464	158
94500	158
94523	158
94558	158
94593	158
94628	158
94652	158
94687	158
94710	158
94746	158
94769	158
94792	158
94828	158
94851	158
94886	158
94910	158
94933	159
94957	159
94992	159
95015	159
95039	159
95074	159
95109	159
95132	159
95167	159
95203	159
95226	159
95261	159
95285	159
95320	159
95355	159
95378	159
95414	159
95437	159
95472	159
95496	159
95531	159
95554	159
95589	159
95613	159
95648	159
95671	159
95707	159
95730	159
95753	159
95789	159
95812	159
95847	159
95882	159
95917	159
95941	159
95976	159
96000	159
96035	159
96058	159
96093	159
96117	159
96152	159
96175	159
96210	159
96234	159
96269	159
96292	159
96328	159
96351	159
96386	159
96410	160
96433	160
96457	160
96480	160
96515	160
96539	160
96574	160
96597	160
96632	160
96667	160
96703	160
96726	160
96761	160
96785	160
96820	160
96855	160
96890	160
96914	160
96949	160
96984	160
97019	160
97042	160
97078	160
97113	160
97136	160
97171	160
97195	160
97218	160
97253	160
97277	160
97312	160
97335	160
97371	160
97406	160
97429	160
97464	160
97500	160
97523	160
97558	160
97582	160
97617	160
97640	160
97675	160
97699	160
97734	160
97769	160
97792	160
97828	160
97851	160
97886	160
97921	161
97945	161
97968	161
97992	161
98027	161
98050	161
98085	161
98109	161
98144	161
98167	161
98203	161
98238	161
98261	161
98296	161
98320	161
98355	161
98378	161
98414	161
98437	161
98472	161
98507	161
98542	161
98566	161
98601	161
98625	161
98660	161
98683	161
98718	161
98742	161
98777	161
98800	161
98835	161
98859	161
98894	161
98917	161
98953	161
98976	161
99011	161
99046	161
99070	161
99093	161
99128	161
99152	161
99187	161
99222	161
99257	161
99292	161
99316	161
99351	161
99386	161
99410	162
99445	162
99468	162
99492	162
99527	162
99562	162
99585	162
99621	162
99644	162
99667	162
99703	162
99738	162
99761	162
99796	162
99820	162
99855	162
99878	162
99914	162
99937	162
99972	162
100007	162
100042	162
100078	162
100101	162
100136	162
100171	162
100195	162
100218	162
100253	162
100277	162
100312	162
100347	162
100371	162
100406	162
100429	162
100464	162
100488	162
100523	162
100546	162
100582	162
100617	162
100640	162
100675	162
100699	162
100734	162
100769	162
100804	162
100839	162
100863	162
100898	162
100933	163
100957	163
100980	163
101015	163
101050	163
101074	163
101109	163
101132	163
101167	163
101191	163
101226	163
101261	163
101285	163
101308	163
101343	163
101367	163
101402	163
101437	163
101460	163
101496	163
101531	163
101566	163
101601	163
101625	163
101660	163
101695	163
101718	163
101753	163
101777	163
101812	163
101847	163
101871	163
101906	163
101941	163
101964	163
102000	163
102035	163
102058	163
102093	163
102117	163
102152	163
102175	163
102210	163
102246	163
102269	163
102304	163
102339	163
102375	163
102398	163
102433	163
102468	164
102492	164
102527	164
102550	164
102585	164
102621	164
102656	164
102679	164
102714	164
102750	164
102773	164
102808	164
102832	164
102867	164
102890	164
102925	164
102960	164
102984	164
103019	164
103054	164
103089	164
103125	164
103148	164
103183	164
103218	164
103253	164
103289	164
103312	164
103347	164
103382	164
103417	164
103453	164
103476	164
103511	164
103546	164
103570	164
103593	164
103628	164
103652	164
103687	164
103710	164
103746	164
103781	164
103804	164
103839	164
103875	164
103898	164
103933	164
103968	164
104003	164
104027	165
104062	165
104097	165
104132	165
104167	165
104203	165
104238	165
104261	165
104296	165
104332	165
104355	165
104390	165
104425	165
104449	165
104484	165
104507	165
104542	165
104578	165
104601	165
104636	165
104671	165
104695	165
104730	165
104753	165
104789	165
104824	165
104847	165
104894	165
104929	165
104964	165
104988	165
105023	165
105058	165
105082	165
105117	165
105152	165
105175	165
105210	165
105246	165
105269	165
105304	165
105328	165
105363	165
105398	165
105421	165
105457	165
105492	165
105527	165
105550	165
105585	165
105621	166
105667	166
105703	166
105738	166
105761	166
105796	166
105832	166
105855	166
105890	166
105925	166
105949	166
105984	166
106007	166
106042	166
106066	166
106101	166
106136	166
106160	166
106195	166
106218	166
106253	166
106289	166
106312	166
106347	166
106394	166
106429	166
106464	166
106500	166
106523	166
106558	166
106593	166
106628	166
106664	166
106699	166
106722	166
106757	166
106792	166
106816	166
106851	166
106886	166
106910	166
106933	166
106957	166
106992	166
107027	166
107050	166
107085	166
107121	166
107156	166
107191	166
107214	167
107250	167
107285	167
107320	167
107343	167
107378	167
107414	167
107437	167
107472	167
107507	167
107542	167
107566	167
107601	167
107636	167
107671	167
107695	167
107730	167
107753	167
107789	167
107824	167
107847	167
107882	167
107917	167
107953	167
107988	167
108023	167
108046	167
108082	167
108117	167
108140	167
108175	167
108210	167
108234	167
108269	167
108304	167
108328	167
108363	167
108398	167
108421	167
108445	167
108468	167
108503	167
108539	167
108562	167
108597	167
108632	167
108667	167
108703	167
108726	167
108761	167
108796	168
108832	168
108867	168
108902	168
108925	168
108960	168
108996	168
109031	168
109066	168
109101	168
109125	168
109160	168
109195	168
109218	168
109253	168
109277	168
109312	168
109347	168
109382	168
109406	168
109441	168
109476	168
109511	168
109535	168
109570	168
109605	168
109628	168
109664	168
109699	168
109734	168
109757	168
109792	168
109828	168
109863	168
109898	168
109921	168
109945	168
109980	168
110003	168
110039	168
110074	168
110097	168
110132	168
110167	168
110191	168
110226	168
110261	168
110296	168
110320	168
110355	168
110390	169
110414	169
110449	169
110484	169
110519	169
110554	169
110589	169
110613	169
110648	169
110683	169
110707	169
110742	169
110765	169
110800	169
110835	169
110859	169
110894	169
110929	169
110953	169
110988	169
111023	169
111046	169
111082	169
111117	169
111140	169
111175	169
111210	169
111246	169
111281	169
111316	169
111351	169
111375	169
111410	169
111433	169
111468	169
111492	169
111527	169
111562	169
111585	169
111621	169
111656	169
111679	169
111714	169
111750	169
111773	169
111808	169
111843	169
111867	169
111902	169
111937	169
111960	170
112007	170
112042	170
112078	170
112101	170
112136	170
112171	170
112195	170
112230	170
112265	170
112289	170
112324	170
112359	170
112382	170
112417	170
112453	170
112488	170
112511	170
112546	170
112582	170
112617	170
112640	170
112675	170
112710	170
112746	170
112781	170
112816	170
112851	170
112875	170
112910	170
112945	170
112968	170
113003	170
113027	170
113062	170
113097	170
113121	170
113156	170
113191	170
113214	170
113250	170
113285	170
113308	170
113343	170
113378	170
113402	170
113437	170
113472	170
113507	170
113542	170
113578	171
113601	171
113636	171
113671	171
113695	171
113730	171
113765	171
113800	171
113824	171
113859	171
113894	171
113929	171
113964	171
113988	171
114023	171
114058	171
114082	171
114117	171
114140	171
114175	171
114210	171
114246	171
114281	171
114316	171
114339	171
114375	171
114410	171
114445	171
114480	171
114503	171
114539	171
114574	171
114597	171
114632	171
114667	171
114703	171
114738	171
114773	171
114796	171
114832	171
114867	171
114890	171
114925	171
114960	171
114984	171
115031	171
115066	171
115089	171
115125	171
115160	171
115195	172
115230	172
115265	172
115289	172
115324	172
115359	172
115394	172
115429	172
115464	172
115500	172
115523	172
115558	172
115582	172
115605	172
115640	172
115675	172
115699	172
115734	172
115769	172
115792	172
115828	172
115863	172
115886	172
115921	172
115957	172
115992	172
116027	172
116050	172
116085	172
116132	172
116167	172
116203	172
116238	172
116261	172
116296	172
116332	172
116355	172
116390	172
116425	172
116460	172
116484	172
116519	172
116542	172
116578	172
116613	172
116648	172
116671	172
116707	172
116742	172
116765	172
116800	173
116835	173
116871	173
116906	173
116953	173
116976	173
117011	173
117046	173
117082	173
117105	173
117140	173
117175	173
117199	173
117234	173
117269	173
117304	173
117328	173
117363	173
117398	173
117421	173
117457	173
117492	173
117527	173
117550	173
117585	173
117632	173
117667	173
117703	173
117738	173
117773	173
117796	173
117832	173
117867	173
117890	173
117925	173
117960	173
117984	173
118019	173
118042	173
118078	173
118101	173
118136	173
118171	173
118195	173
118230	173
118253	173
118289	173
118324	173
118359	173
118394	173
118441	174
118476	174
118500	174
118535	174
118570	174
118605	174
118640	174
118664	174
118699	174
118734	174
118769	174
118792	174
118828	174
118863	174
118886	174
118921	174
118945	174
118968	174
119003	174
119039	174
119062	174
119097	174
119132	174
119167	174
119203	174
119238	174
119261	174
119296	174
119332	174
119367	174
119402	174
119425	174
119460	174
119496	174
119531	174
119554	174
119589	174
119625	174
119660	174
119683	174
119718	174
119742	174
119777	174
119812	174
119835	174
119871	174
119906	174
119941	174
119976	174
120011	174
120035	175
120070	175
120105	175
120128	175
120164	175
120199	175
120222	175
120257	175
120292	175
120316	175
120351	175
120386	175
120410	175
120445	175
120468	175
120492	175
120527	175
120550	175
120585	175
120621	175
120656	175
120691	175
120714	175
120750	175
120785	175
120820	175
120855	175
120890	175
120914	175
120949	175
120984	175
121019	175
121054	175
121089	175
121125	175
121160	175
121183	175
121218	175
121242	175
121277	175
121312	175
121335	175
121371	175
121406	175
121441	175
121464	175
121500	175
121535	175
121570	175
121593	175
121628	176
121664	176
121687	176
121722	176
121757	176
121792	176
121828	176
121851	176
121886	176
121921	176
121945	176
121968	176
122003	176
122027	176
122062	176
122097	176
122121	176
122156	176
122191	176
122226	176
122250	176
122285	176
122320	176
122343	176
122378	176
122414	176
122437	176
122472	176
122507	176
122542	176
122578	176
122613	176
122636	176
122671	176
122695	176
122730	176
122753	176
122789	176
122824	176
122847	176
122882	176
122917	176
122941	176
122976	176
123011	176
123035	176
123070	176
123093	176
123128	176
123164	176
123187	177
123222	177
123257	177
123292	177
123328	177
123363	177
123398	177
123421	177
123457	177
123480	177
123515	177
123539	177
123574	177
123609	177
123632	177
123667	177
123691	177
123726	177
123761	177
123796	177
123820	177
123855	177
123878	177
123914	177
123949	177
123984	177
124019	177
124054	177
124089	177
124113	177
124148	177
124183	177
124207	177
124242	177
124265	177
124300	177
124335	177
124359	177
124394	177
124429	177
124453	177
124488	177
124523	177
124546	177
124582	177
124617	177
124640	177
124675	177
124710	177
124746	177
124781	178
124816	178
124851	178
124875	178
124910	178
124945	178
124968	178
124992	178
125027	178
125062	178
125085	178
125121	178
125156	178
125179	178
125214	178
125238	178
125273	178
125308	178
125332	178
125367	178
125390	178
125425	178
125460	178
125484	178
125519	178
125554	178
125589	178
125625	178
125660	178
125683	178
125718	178
125753	178
125777	178
125812	178
125847	178
125871	178
125906	178
125941	178
125976	178
126000	178
126035	178
126070	178
126093	178
126128	178
126152	178
126187	178
126222	178
126246	178
126281	178
126316	178
126351	179
126386	179
126410	179
126445	179
126480	179
126503	179
126539	179
126574	179
126609	179
126632	179
126667	179
126703	179
126738	179
126761	179
126796	179
126820	179
126855	179
126890	179
126914	179
126949	179
126984	179
127019	179
127054	179
127078	179
127113	179
127148	179
127183	179
127218	179
127253	179
127277	179
127312	179
127347	179
127371	179
127406	179
127441	179
127476	179
127500	179
127535	179
127558	179
127593	179
127617	179
127640	179
127675	179
127710	179
127734	179
127769	179
127804	179
127828	179
127863	179
127898	179
127921	180
127957	180
127992	180
128027	180
128050	180
128085	180
128121	180
128167	180
128203	180
128226	180
128261	180
128296	180
128320	180
128355	180
128390	180
128414	180
128449	180
128484	180
128507	180
128542	180
128566	180
128601	180
128636	180
128671	180
128695	180
128730	180
128765	180
128789	180
128824	180
128859	180
128894	180
128929	180
128964	180
129000	180
129023	180
129058	180
129093	180
129117	180
129152	180
129187	180
129210	180
129246	180
129269	180
129304	180
129339	180
129375	180
129398	180
129433	180
129468	180
129503	180
129527	181
129562	181
129585	181
129632	181
129667	181
129703	181
129738	181
129761	181
129796	181
129832	181
129855	181
129890	181
129914	181
129949	181
129984	181
130007	181
130042	181
130066	181
130101	181
130125	181
130160	181
130183	181
130218	181
130253	181
130277	181
130312	181
130347	181
130382	181
130417	181
130453	181
130488	181
130523	181
130546	181
130593	181
130617	181
130652	181
130687	181
130710	181
130746	181
130781	181
130804	181
130839	181
130875	181
130898	181
130933	181
130957	181
130980	181
131015	181
131039	181
131074	181
131109	182
131144	182
131179	182
131203	182
131238	182
131273	182
131296	182
131332	182
131367	182
131402	182
131425	182
131460	182
131496	182
131531	182
131554	182
131589	182
131625	182
131648	182
131683	182
131707	182
131742	182
131765	182
131800	182
131835	182
131871	182
131894	182
131929	182
131964	182
132000	182
132023	182
132058	182
132093	182
132117	182
132152	182
132175	182
132210	182
132246	182
132269	182
132304	182
132339	182
132363	182
132398	182
132421	182
132445	182
132480	182
132503	182
132539	182
132562	182
132597	182
132632	182
132667	183
132703	183
132726	183
132761	183
132796	183
132832	183
132867	183
132890	183
132925	183
132960	183
132996	183
133031	183
133066	183
133089	183
133125	183
133160	183
133183	183
133218	183
133242	183
133277	183
133312	183
133335	183
133371	183
133406	183
133429	183
133464	183
133500	183
133535	183
133558	183
133593	183
133628	183
133652	183
133687	183
133710	183
133746	183
133781	183
133816	183
133851	183
133875	183
133910	183
133933	183
133957	183
133992	183
134015	183
134050	183
134085	183
134109	183
134144	183
134167	183
134203	183
134238	184
134261	184
134296	184
134332	184
134355	184
134390	184
134414	184
134449	184
134484	184
134519	184
134554	184
134589	184
134613	184
134648	184
134671	184
134707	184
134730	184
134765	184
134789	184
134824	184
134859	184
134882	184
134917	184
134941	184
134976	184
135011	184
135035	184
135070	184
135093	184
135128	184
135164	184
135187	184
135222	184
135257	184
135292	184
135328	184
135363	184
135386	184
135421	184
135457	184
135480	184
135503	184
135539	184
135574	184
135597	184
135632	184
135656	184
135691	184
135726	184
135750	184
135785	185
135820	185
135843	185
135878	185
135902	185
135937	185
135972	185
136007	185
136042	185
136078	185
136113	185
136136	185
136171	185
136195	185
136230	185
136253	185
136289	185
136324	185
136347	185
136382	185
136406	185
136441	185
136464	185
136500	185
136535	185
136558	185
136593	185
136628	185
136652	185
136687	185
136722	185
136757	185
136792	185
136828	185
136851	185
136886	185
136921	185
136945	185
136980	185
137003	185
137039	185
137062	185
137097	185
137132	185
137156	185
137191	185
137214	185
137250	185
137285	185
137308	185
137343	186
137367	186
137402	186
137437	186
137460	186
137496	186
137531	186
137566	186
137601	186
137636	186
137660	186
137695	186
137730	186
137753	186
137789	186
137824	186
137847	186
137882	186
137917	186
137953	186
137976	186
138011	186
138046	186
138070	186
138105	186
138128	186
138164	186
138199	186
138222	186
138257	186
138292	186
138328	186
138351	186
138386	186
138421	186
138445	186
138480	186
138515	186
138539	186
138574	186
138609	186
138644	186
138679	186
138703	186
138738	186
138773	186
138796	186
138832	186
138855	186
138890	186
138914	187
138949	187
138984	187
139019	187
139054	187
139089	187
139113	187
139148	187
139183	187
139218	187
139253	187
139277	187
139312	187
139347	187
139382	187
139417	187
139453	187
139476	187
139511	187
139546	187
139570	187
139593	187
139617	187
139652	187
139687	187
139710	187
139746	187
139781	187
139804	187
139839	187
139875	187
139898	187
139933	187
139968	187
140003	187
140039	187
140062	187
140097	187
140144	187
140179	187
140214	187
140238	187
140273	187
140308	187
140332	187
140367	187
140390	187
140425	187
140460	187
140496	187
140519	188
140554	188
140578	188
140613	188
140648	188
140671	188
140707	188
140742	188
140765	188
140800	188
140835	188
140871	188
140906	188
140941	188
140976	188
141000	188
141035	188
141070	188
141105	188
141128	188
141164	188
141199	188
141222	188
141257	188
141281	188
141316	188
141351	188
141386	188
141410	188
141445	188
141480	188
141515	188
141539	188
141574	188
141609	188
141644	188
141691	188
141714	188
141750	188
141785	188
141820	188
141843	188
141878	188
141902	188
141937	188
141972	188
141996	188
142031	188
142054	188
142089	188
142125	189
142148	189
142183	189
142207	189
142242	189
142265	189
142300	189
142335	189
142371	189
142417	189
142453	189
142476	189
142511	189
142546	189
142582	189
142617	189
142652	189
142675	189
142710	189
142746	189
142769	189
142804	189
142828	189
142863	189
142898	189
142921	189
142945	189
142980	189
143003	189
143039	189
143062	189
143097	189
143132	189
143167	189
143203	189
143238	189
143261	189
143296	189
143332	189
143355	189
143390	189
143425	189
143449	189
143484	189
143519	189
143554	189
143578	189
143613	189
143648	189
143671	189
143707	190
143730	190
143765	190
143789	190
143824	190
143859	190
143894	190
143929	190
143964	190
143988	190
144023	190
144058	190
144082	190
144117	190
144140	190
144175	190
144210	190
144246	190
144269	190
144304	190
144328	190
144363	190
144398	190
144421	190
144457	190
144480	190
144503	190
144539	190
144574	190
144597	190
144632	190
144667	190
144703	190
144738	190
144773	190
144796	190
144843	190
144878	190
144902	190
144937	190
144972	190
145007	190
145042	190
145078	190
145113	190
145136	190
145171	190
145195	190
145230	190
145253	190
145289	191
145324	191
145347	191
145382	191
145417	191
145453	191
145476	191
145511	191
145546	191
145570	191
145605	191
145640	191
145664	191
145699	191
145734	191
145769	191
145792	191
145828	191
145863	191
145886	191
145921	191
145945	191
145980	191
146003	191
146039	191
146062	191
146097	191
146132	191
146156	191
146191	191
146226	191
146250	191
146285	191
146320	191
146343	191
146378	191
146414	191
146437	191
146472	191
146507	191
146542	191
146578	191
146613	191
146636	191
146671	191
146707	191
146730	191
146753	191
146789	191
146824	191
146859	192
146882	192
146917	192
146941	192
146976	192
147011	192
147046	192
147070	192
147105	192
147140	192
147164	192
147199	192
147234	192
147269	192
147304	192
147339	192
147375	192
147398	192
147433	192
147457	192
147492	192
147515	192
147550	192
147585	192
147609	192
147644	192
147679	192
147703	192
147738	192
147773	192
147796	192
147832	192
147867	192
147890	192
147925	192
147960	192
147984	192
148031	192
148066	192
148089	192
148125	192
148160	192
148183	192
148218	192
148242	192
148277	192
148312	192
148335	192
148371	192
148406	192
148429	193
148464	193
148500	193
148523	193
148558	193
148593	193
148628	193
148652	193
148687	193
148722	193
148757	193
148792	193
148828	193
148863	193
148886	193
148921	193
148945	193
148980	193
149015	193
149039	193
149074	193
149109	193
149132	193
149167	193
149191	193
149226	193
149261	193
149296	193
149320	193
149355	193
149378	193
149414	193
149449	193
149472	193
149507	193
149554	193
149578	193
149613	193
149648	193
149671	193
149707	193
149742	193
149777	193
149800	193
149835	193
149871	193
149906	193
149929	193
149964	193
150000	193
150035	194
150058	194
150093	194
150117	194
150152	194
150175	194
150210	194
150246	194
150281	194
150316	194
150351	194
150375	194
150410	194
150445	194
150468	194
150503	194
150539	194
150562	194
150597	194
150632	194
150667	194
150703	194
150738	194
150761	194
150796	194
150820	194
150855	194
150890	194
150914	194
150949	194
150984	194
151019	194
151054	194
151089	194
151113	194
151148	194
151183	194
151218	194
151253	194
151289	194
151312	194
151347	194
151382	194
151417	194
151453	194
151488	194
151523	194
151546	194
151570	194
151605	194
151628	195
151664	195
151699	195
151722	195
151757	195
151781	195
151816	195
151851	195
151886	195
151910	195
151945	195
151980	195
152015	195
152039	195
152074	195
152109	195
152156	195
152191	195
152226	195
152250	195
152285	195
152320	195
152343	195
152378	195
152402	195
152437	195
152472	195
152496	195
152531	195
152566	195
152589	195
152625	195
152660	195
152683	195
152718	195
152753	195
152777	195
152812	195
152847	195
152882	195
152917	195
152953	195
152988	195
153023	195
153046	195
153082	195
153117	195
153140	195
153175	195
153210	195
153234	196
153269	196
153304	196
153339	196
153363	196
153398	196
153433	196
153468	196
153492	196
153527	196
153562	196
153597	196
153632	196
153667	196
153703	196
153738	196
153773	196
153796	196
153832	196
153867	196
153890	196
153925	196
153960	196
153984	196
154007	196
154042	196
154066	196
154101	196
154136	196
154160	196
154195	196
154218	196
154253	196
154277	196
154312	196
timepoint: 187.4