0	0
0	0
0	0
0	0
0	0
0	0
0	0
0	0
0	0
0	0
0	0
0	0
0	0
0	0
0	0
0	0
0	0
0	0
0	0
0	0
0	0
0	0
0	0
0	0
0	0
0	0
0	0
0	0
0	0
0	0
0	0
0	0
0	0
0	0
0	0
0	0
0	0
0	0
0	0
0	0
0	0
0	0
0	0
0	0
0	0
0	0
0	0
0	0
0	0
0	0
0	1
0	1
0	1
0	1
0	1
0	1
0	1
0	1
0	1
0	1
0	1
0	1
0	1
0	1
0	1
0	1
0	1
0	1
0	1
0	1
0	1
0	1
0	1
0	1
0	1
0	1
0	1
0	1
0	1
0	1
0	1
0	1
0	1
0	1
0	1
0	1
0	1
0	1
0	1
0	1
0	1
0	1
0	1
0	1
0	1
0	1
0	1
0	1
0	1
0	1
0	2
0	2
0	2
0	2
0	2
0	2
0	2
0	2
0	2
0	2
0	2
0	2
0	2
0	2
0	2
0	2
0	2
0	2
0	2
0	2
0	2
0	2
0	2
0	2
0	2
0	2
0	2
0	2
0	2
0	2
0	2
0	2
0	2
0	2
0	2
0	2
0	2
0	2
0	2
0	2
0	2
0	2
0	2
0	2
0	2
0	2
0	2
0	2
0	2
0	2
0	3
0	3
0	3
0	3
0	3
0	3
0	3
0	3
0	3
0	3
0	3
0	3
0	3
0	3
0	3
0	3
0	3
0	3
0	3
0	3
0	3
0	3
0	3
0	3
0	3
0	3
0	3
0	3
0	3
0	3
0	3
0	3
0	3
0	3
0	3
0	3
0	3
0	3
0	3
0	3
0	3
0	3
0	3
0	3
0	3
0	3
0	3
0	3
0	3
0	3
0	4
0	4
0	4
0	4
0	4
0	4
0	4
0	4
0	4
0	4
0	4
0	4
0	4
0	4
0	4
0	4
0	4
0	4
0	4
0	4
0	4
0	4
0	4
0	4
0	4
0	4
0	4
0	4
0	4
0	4
0	4
0	4
0	4
0	4
0	4
0	4
0	4
0	4
0	4
0	4
0	4
0	4
0	4
0	4
0	4
0	4
0	4
0	4
0	4
0	4
0	5
0	5
0	5
0	5
0	5
0	5
0	5
0	5
0	5
0	5
0	5
0	5
0	5
0	5
0	5
0	5
0	5
0	5
0	5
0	5
0	5
0	5
0	5
0	5
0	5
0	5
0	5
0	5
0	5
0	5
0	5
0	5
0	5
0	5
0	5
0	5
0	5
0	5
0	5
0	5
0	5
0	5
0	5
0	5
0	5
0	5
0	5
0	5
0	5
0	5
0	6
0	6
0	6
0	6
0	6
0	6
0	6
0	6
0	6
0	6
0	6
0	6
0	6
0	6
0	6
0	6
0	6
0	6
0	6
0	6
0	6
0	6
0	6
0	6
0	6
0	6
0	6
0	6
0	6
0	6
0	6
0	6
0	6
0	6
0	6
0	6
0	6
0	6
0	6
0	6
0	6
0	6
0	6
0	6
0	6
0	6
0	6
0	6
0	6
0	6
0	7
0	7
0	7
0	7
0	7
0	7
0	7
0	7
0	7
0	7
0	7
0	7
0	7
0	7
0	7
0	7
0	7
0	7
0	7
0	7
0	7
0	7
0	7
0	7
0	7
0	7
0	7
0	7
0	7
0	7
0	7
0	7
0	7
0	7
0	7
0	7
0	7
0	7
0	7
0	7
0	7
0	7
0	7
0	7
0	7
0	7
0	7
0	7
0	7
0	7
0	8
0	8
0	8
0	8
0	8
0	8
0	8
0	8
0	8
11	8
11	8
11	8
11	8
11	8
11	8
11	8
11	8
11	8
11	8
11	8
23	8
23	8
23	8
23	8
23	8
23	8
23	8
23	8
23	8
23	8
23	8
23	8
23	8
23	8
23	8
23	8
23	8
23	8
23	8
23	8
23	8
23	8
23	8
23	8
23	8
23	8
23	8
23	8
23	8
23	8
23	9
23	9
11	9
11	9
11	9
11	9
11	9
11	9
11	9
11	9
11	9
11	9
11	9
11	9
11	9
11	9
11	9
11	9
11	9
11	9
11	9
11	9
11	9
11	9
11	9
11	9
11	9
11	9
11	9
11	9
11	9
11	9
11	9
23	9
23	9
23	9
23	9
23	9
23	9
23	9
23	9
23	9
23	9
23	9
23	9
23	9
23	9
23	9
23	9
35	9
35	10
35	10
35	10
35	10
35	10
35	10
35	10
35	10
35	10
35	10
35	10
35	10
35	10
35	10
35	10
35	10
23	10
23	10
23	10
23	10
23	10
23	10
23	10
23	10
23	10
23	10
23	10
23	10
23	10
23	10
23	10
23	10
23	10
23	10
23	10
23	10
23	10
23	10
23	10
23	10
23	10
23	10
23	10
23	10
23	10
23	10
23	10
23	10
23	10
23	10
23	11
23	11
23	11
23	11
23	11
23	11
23	11
23	11
23	11
23	11
23	11
23	11
23	11
35	11
35	11
35	11
35	11
35	11
35	11
35	11
35	11
35	11
35	11
35	11
35	11
35	11
35	11
35	11
35	11
35	11
35	11
35	11
35	11
35	11
35	11
35	11
35	11
35	11
35	11
35	11
35	11
35	11
35	11
35	11
35	11
35	11
35	11
35	11
35	11
23	11
23	12
23	12
23	12
23	12
23	12
23	12
23	12
23	12
23	12
23	12
23	12
23	12
23	12
23	12
23	12
23	12
23	12
23	12
23	12
23	12
23	12
23	12
23	12
23	12
23	12
23	12
23	12
23	12
23	12
23	12
23	12
35	12
35	12
35	12
35	12
35	12
35	12
35	12
35	12
35	12
35	12
35	12
35	12
35	12
35	12
35	12
35	12
35	12
35	12
35	12
35	13
35	13
35	13
35	13
35	13
35	13
35	13
35	13
35	13
35	13
35	13
35	13
35	13
35	13
35	13
35	13
35	13
35	13
35	13
35	13
35	13
35	13
35	13
35	13
35	13
35	13
35	13
35	13
35	13
23	13
23	13
23	13
23	13
23	13
23	13
23	13
23	13
23	13
23	13
23	13
23	13
23	13
23	13
23	13
23	13
23	13
23	13
23	13
23	13
23	13
23	14
23	14
23	14
35	14
35	14
35	14
35	14
35	14
35	14
35	14
35	14
35	14
35	14
35	14
35	14
35	14
35	14
35	14
35	14
35	14
35	14
35	14
35	14
35	14
35	14
35	14
35	14
35	14
35	14
35	14
35	14
35	14
35	14
35	14
35	14
35	14
35	14
35	14
35	14
35	14
35	14
35	14
35	14
35	14
35	14
35	14
35	14
35	14
35	14
35	14
35	15
35	15
35	15
35	15
35	15
35	15
35	15
35	15
35	15
35	15
35	15
35	15
35	15
35	15
35	15
35	15
35	15
35	15
35	15
35	15
35	15
35	15
35	15
35	15
35	15
35	15
35	15
35	15
35	15
35	15
35	15
35	15
35	15
35	15
35	15
35	15
35	15
35	15
35	15
35	15
35	15
35	15
35	15
35	15
35	15
35	15
35	15
35	15
35	15
35	15
35	16
35	16
35	16
35	16
35	16
35	16
35	16
35	16
35	16
35	16
35	16
35	16
35	16
35	16
35	16
35	16
35	16
35	16
35	16
35	16
35	16
35	16
35	16
35	16
35	16
35	16
35	16
35	16
35	16
35	16
35	16
35	16
35	16
35	16
35	16
35	16
35	16
35	16
35	16
35	16
35	16
35	16
35	16
35	16
35	16
35	16
35	16
35	16
35	16
35	16
35	17
35	17
35	17
35	17
35	17
35	17
35	17
35	17
35	17
35	17
35	17
35	17
35	17
35	17
35	17
35	17
35	17
35	17
35	17
35	17
35	17
35	17
35	17
35	17
35	17
35	17
35	17
35	17
35	17
35	17
35	17
35	17
35	17
35	17
35	17
35	17
35	17
35	17
35	17
35	17
35	17
35	17
35	17
35	17
35	17
35	17
35	17
35	17
35	17
35	17
35	18
35	18
35	18
35	18
35	18
35	18
35	18
35	18
35	18
35	18
35	18
35	18
35	18
35	18
35	18
35	18
35	18
35	18
35	18
35	18
35	18
35	18
35	18
35	18
35	18
35	18
35	18
35	18
35	18
35	18
35	18
35	18
35	18
35	18
35	18
35	18
35	18
35	18
35	18
35	18
35	18
35	18
35	18
35	18
35	18
35	18
35	18
35	18
35	18
35	18
35	19
35	19
35	19
35	19
35	19
35	19
35	19
35	19
35	19
35	19
35	19
35	19
35	19
35	19
35	19
35	19
35	19
35	19
35	19
35	19
35	19
35	19
35	19
35	19
35	19
35	19
35	19
35	19
35	19
35	19
35	19
35	19
35	19
35	19
35	19
35	19
35	19
35	19
35	19
35	19
35	19
35	19
35	19
35	19
35	19
35	19
35	19
35	19
35	19
35	19
35	20
35	20
35	20
35	20
35	20
35	20
35	20
35	20
35	20
35	20
35	20
35	20
35	20
35	20
35	20
35	20
35	20
35	20
35	20
35	20
35	20
35	20
35	20
35	20
35	20
35	20
35	20
35	20
35	20
35	20
35	20
35	20
35	20
35	20
35	20
35	20
35	20
35	20
35	20
35	20
35	20
35	20
35	20
35	20
35	20
35	20
35	20
35	20
35	20
35	20
35	21
35	21
35	21
35	21
35	21
35	21
35	21
35	21
35	21
35	21
35	21
35	21
35	21
35	21
35	21
35	21
35	21
35	21
35	21
35	21
35	21
35	21
35	21
35	21
35	21
35	21
35	21
35	21
35	21
35	21
35	21
35	21
35	21
35	21
35	21
35	21
35	21
35	21
35	21
35	21
35	21
35	21
35	21
35	21
35	21
35	21
35	21
35	21
35	21
35	21
35	22
35	22
35	22
35	22
35	22
35	22
35	22
35	22
35	22
35	22
35	22
35	22
35	22
35	22
35	22
35	22
35	22
35	22
35	22
35	22
35	22
35	22
35	22
35	22
35	22
35	22
35	22
35	22
35	22
35	22
35	22
35	22
35	22
35	22
35	22
35	22
35	22
35	22
35	22
35	22
35	22
35	22
35	22
35	22
35	22
35	22
35	22
35	22
35	22
35	22
35	23
35	23
35	23
35	23
35	23
35	23
35	23
35	23
35	23
35	23
35	23
35	23
35	23
35	23
35	23
35	23
35	23
35	23
35	23
35	23
35	23
35	23
35	23
35	23
35	23
35	23
35	23
35	23
35	23
35	23
35	23
35	23
35	23
35	23
35	23
35	23
35	23
35	23
35	23
35	23
35	23
35	23
35	23
35	23
35	23
35	23
35	23
35	23
35	23
35	23
35	24
35	24
35	24
35	24
35	24
35	24
35	24
35	24
35	24
35	24
35	24
35	24
35	24
35	24
35	24
35	24
35	24
35	24
35	24
35	24
35	24
35	24
35	24
35	24
35	24
35	24
35	24
35	24
35	24
35	24
35	24
35	24
35	24
35	24
35	24
35	24
35	24
35	24
35	24
35	24
35	24
35	24
35	24
35	24
35	24
35	24
35	24
35	24
35	24
35	24
35	25
35	25
35	25
35	25
35	25
35	25
35	25
35	25
35	25
35	25
35	25
35	25
35	25
35	25
35	25
35	25
35	25
35	25
35	25
35	25
35	25
35	25
35	25
35	25
35	25
35	25
35	25
35	25
35	25
35	25
35	25
35	25
35	25
35	25
35	25
35	25
35	25
35	25
35	25
35	25
35	25
35	25
35	25
35	25
35	25
35	25
35	25
35	25
35	25
35	25
35	26
35	26
35	26
35	26
35	26
35	26
35	26
35	26
35	26
35	26
35	26
35	26
35	26
35	26
35	26
35	26
35	26
35	26
35	26
35	26
35	26
35	26
35	26
35	26
35	26
35	26
35	26
35	26
35	26
35	26
35	26
35	26
35	26
35	26
35	26
35	26
35	26
35	26
35	26
35	26
35	26
35	26
35	26
35	26
35	26
35	26
35	26
35	26
35	26
35	26
35	27
35	27
35	27
35	27
35	27
35	27
35	27
35	27
35	27
35	27
35	27
35	27
35	27
35	27
35	27
35	27
35	27
35	27
35	27
35	27
35	27
35	27
35	27
35	27
35	27
35	27
35	27
35	27
35	27
35	27
35	27
35	27
35	27
35	27
35	27
35	27
35	27
35	27
35	27
35	27
35	27
35	27
35	27
35	27
35	27
35	27
35	27
35	27
35	27
35	27
35	28
35	28
35	28
35	28
35	28
35	28
35	28
35	28
35	28
35	28
35	28
35	28
35	28
35	28
35	28
35	28
35	28
35	28
35	28
35	28
35	28
35	28
35	28
35	28
35	28
35	28
35	28
35	28
35	28
35	28
35	28
35	28
35	28
35	28
35	28
35	28
35	28
35	28
35	28
35	28
35	28
35	28
35	28
35	28
46	28
46	28
46	28
46	28
46	28
46	28
46	29
46	29
46	29
46	29
46	29
46	29
46	29
46	29
46	29
46	29
46	29
46	29
46	29
46	29
46	29
46	29
46	29
46	29
46	29
46	29
46	29
46	29
46	29
46	29
58	29
58	29
58	29
58	29
58	29
58	29
58	29
58	29
58	29
58	29
58	29
58	29
58	29
58	29
70	29
70	29
70	29
70	29
70	29
70	29
70	29
70	29
70	29
70	29
70	29
70	29
82	30
82	30
82	30
82	30
82	30
82	30
82	30
82	30
82	30
82	30
82	30
82	30
93	30
93	30
93	30
93	30
93	30
93	30
93	30
93	30
93	30
93	30
105	30
105	30
105	30
105	30
105	30
105	30
105	30
105	30
105	30
105	30
105	30
105	30
105	30
117	30
117	30
117	30
117	30
117	30
117	30
117	30
117	30
117	30
128	30
128	30
128	30
128	30
128	30
128	30
128	31
128	31
140	31
140	31
140	31
140	31
140	31
140	31
140	31
140	31
152	31
152	31
152	31
152	31
152	31
152	31
152	31
164	31
164	31
164	31
164	31
164	31
164	31
164	31
164	31
175	31
175	31
175	31
175	31
175	31
175	31
187	31
187	31
187	31
187	31
187	31
187	31
187	31
199	31
199	31
199	31
199	31
199	31
199	31
199	31
210	31
210	31
210	31
210	31
210	31
210	32
210	32
210	32
222	32
222	32
222	32
222	32
222	32
222	32
222	32
234	32
234	32
234	32
234	32
234	32
234	32
234	32
246	32
246	32
246	32
246	32
246	32
246	32
246	32
257	32
257	32
257	32
257	32
257	32
257	32
269	32
269	32
269	32
269	32
269	32
269	32
281	32
281	32
281	32
281	32
281	32
281	32
292	32
292	32
292	32
292	32
292	32
292	32
304	32
304	32
304	33
304	33
304	33
304	33
316	33
316	33
316	33
316	33
316	33
316	33
328	33
328	33
328	33
328	33
328	33
328	33
339	33
339	33
339	33
339	33
339	33
339	33
351	33
351	33
351	33
351	33
351	33
363	33
363	33
363	33
363	33
363	33
363	33
375	33
375	33
375	33
375	33
375	33
375	33
386	33
386	33
386	33
386	33
386	33
398	33
398	33
398	33
398	33
398	33
398	33
410	34
410	34
410	34
410	34
410	34
421	34
421	34
421	34
421	34
421	34
433	34
433	34
433	34
433	34
445	34
445	34
445	34
445	34
445	34
457	34
457	34
457	34
457	34
457	34
468	34
468	34
468	34
468	34
468	34
480	34
480	34
480	34
480	34
480	34
492	34
492	34
492	34
492	34
492	34
503	34
503	34
503	34
503	34
503	34
515	34
515	34
515	34
515	34
527	34
527	34
527	35
527	35
527	35
539	35
539	35
539	35
539	35
539	35
550	35
550	35
550	35
550	35
562	35
562	35
562	35
562	35
562	35
574	35
574	35
574	35
574	35
585	35
585	35
585	35
585	35
585	35
597	35
597	35
597	35
597	35
609	35
609	35
609	35
609	35
609	35
621	35
621	35
621	35
621	35
632	35
632	35
632	35
632	35
644	35
644	35
644	35
644	35
644	35
656	35
656	35
656	36
656	36
667	36
667	36
667	36
667	36
667	36
679	36
679	36
679	36
679	36
679	36
691	36
691	36
691	36
691	36
703	36
703	36
703	36
703	36
703	36
714	36
714	36
714	36
714	36
726	36
726	36
726	36
726	36
726	36
738	36
738	36
738	36
738	36
750	36
750	36
750	36
750	36
761	36
761	36
761	36
761	36
761	36
773	36
773	36
773	36
773	36
785	36
785	36
785	36
785	37
796	37
796	37
796	37
796	37
808	37
808	37
808	37
808	37
820	37
820	37
820	37
820	37
832	37
832	37
832	37
832	37
843	37
843	37
843	37
843	37
855	37
855	37
855	37
855	37
867	37
867	37
867	37
867	37
878	37
878	37
878	37
890	37
890	37
890	37
890	37
902	37
902	37
902	37
902	37
914	37
914	37
914	37
925	37
925	37
925	37
925	37
937	37
937	37
937	37
949	38
949	38
949	38
949	38
960	38
960	38
960	38
960	38
972	38
972	38
972	38
972	38
984	38
984	38
984	38
984	38
996	38
996	38
996	38
1007	38
1007	38
1007	38
1007	38
1019	38
1019	38
1019	38
1019	38
1031	38
1031	38
1031	38
1031	38
1042	38
1042	38
1042	38
1054	38
1054	38
1054	38
1054	38
1066	38
1066	38
1066	38
1066	38
1078	38
1078	38
1078	38
1089	38
1089	38
1089	38
1089	38
1101	38
1101	39
1101	39
1101	39
1113	39
1113	39
1113	39
1125	39
1125	39
1125	39
1125	39
1136	39
1136	39
1136	39
1136	39
1148	39
1148	39
1148	39
1148	39
1160	39
1160	39
1160	39
1171	39
1171	39
1171	39
1171	39
1183	39
1183	39
1183	39
1195	39
1195	39
1195	39
1195	39
1207	39
1207	39
1207	39
1218	39
1218	39
1218	39
1218	39
1230	39
1230	39
1230	39
1242	39
1242	39
1242	39
1242	39
1253	39
1253	39
1253	39
1265	39
1265	40
1265	40
1277	40
1277	40
1277	40
1277	40
1289	40
1289	40
1289	40
1300	40
1300	40
1300	40
1312	40
1312	40
1312	40
1312	40
1324	40
1324	40
1324	40
1335	40
1335	40
1335	40
1335	40
1347	40
1347	40
1347	40
1359	40
1359	40
1359	40
1371	40
1371	40
1371	40
1371	40
1382	40
1382	40
1382	40
1394	40
1394	40
1394	40
1406	40
1406	40
1406	40
1406	40
1417	40
1417	40
1417	40
1429	40
1429	40
1429	40
1429	40
1441	41
1441	41
1441	41
1441	41
1453	41
1453	41
1453	41
1464	41
1464	41
1464	41
1464	41
1476	41
1476	41
1476	41
1488	41
1488	41
1488	41
1488	41
1500	41
1500	41
1500	41
1511	41
1511	41
1511	41
1523	41
1523	41
1523	41
1523	41
1535	41
1535	41
1535	41
1546	41
1546	41
1546	41
1546	41
1558	41
1558	41
1558	41
1570	41
1570	41
1570	41
1582	41
1582	41
1582	41
1593	41
1593	41
1593	41
1605	41
1605	41
1605	41
1617	42
1617	42
1617	42
1628	42
1628	42
1628	42
1640	42
1640	42
1640	42
1652	42
1652	42
1652	42
1664	42
1664	42
1664	42
1675	42
1675	42
1675	42
1687	42
1687	42
1687	42
1699	42
1699	42
1699	42
1710	42
1710	42
1710	42
1722	42
1722	42
1722	42
1734	42
1734	42
1734	42
1746	42
1746	42
1746	42
1757	42
1757	42
1757	42
1769	42
1769	42
1769	42
1781	42
1781	42
1781	42
1781	42
1792	42
1792	42
1804	42
1804	42
1804	43
1816	43
1816	43
1816	43
1828	43
1828	43
1839	43
1839	43
1839	43
1851	43
1851	43
1851	43
1863	43
1863	43
1875	43
1875	43
1875	43
1886	43
1886	43
1886	43
1886	43
1898	43
1898	43
1898	43
1910	43
1910	43
1910	43
1921	43
1921	43
1921	43
1933	43
1933	43
1933	43
1945	43
1945	43
1945	43
1957	43
1957	43
1957	43
1968	43
1968	43
1968	43
1980	43
1980	43
1992	43
1992	43
1992	43
2003	43
2003	43
2003	43
2015	44
2015	44
2027	44
2027	44
2027	44
2039	44
2039	44
2039	44
2050	44
2050	44
2062	44
2062	44
2062	44
2074	44
2074	44
2074	44
2085	44
2085	44
2085	44
2097	44
2097	44
2097	44
2109	44
2109	44
2109	44
2121	44
2121	44
2132	44
2132	44
2132	44
2144	44
2144	44
2144	44
2156	44
2156	44
2156	44
2167	44
2167	44
2167	44
2179	44
2179	44
2179	44
2191	44
2191	44
2191	44
2203	44
2203	44
2203	44
2214	44
2214	44
2214	45
2214	45
2226	45
2226	45
2226	45
2238	45
2238	45
2238	45
2250	45
2250	45
2250	45
2261	45
2261	45
2261	45
2273	45
2273	45
2285	45
2285	45
2285	45
2296	45
2296	45
2308	45
2308	45
2308	45
2320	45
2320	45
2320	45
2332	45
2332	45
2343	45
2343	45
2343	45
2355	45
2355	45
2355	45
2367	45
2367	45
2367	45
2378	45
2378	45
2378	45
2390	45
2390	45
2402	45
2402	45
2402	45
2414	45
2414	45
2425	45
2425	45
2425	46
2437	46
2437	46
2437	46
2449	46
2449	46
2460	46
2460	46
2460	46
2472	46
2472	46
2484	46
2484	46
2484	46
2496	46
2496	46
2507	46
2507	46
2507	46
2519	46
2519	46
2531	46
2531	46
2531	46
2542	46
2542	46
2554	46
2554	46
2566	46
2566	46
2566	46
2578	46
2578	46
2589	46
2589	46
2601	46
2601	46
2613	46
2613	46
2613	46
2625	46
2625	46
2636	46
2636	46
2648	46
2648	46
2648	46
2660	46
2660	46
2671	46
2671	47
2671	47
2683	47
2683	47
2695	47
2695	47
2695	47
2707	47
2707	47
2718	47
2718	47
2730	47
2730	47
2742	47
2742	47
2753	47
2753	47
2765	47
2765	47
2777	47
2777	47
2789	47
2800	47
2800	47
2812	47
2812	47
2824	47
2824	47
2835	47
2835	47
2835	47
2847	47
2847	47
2859	47
2859	47
2871	47
2871	47
2882	47
2882	47
2882	47
2894	47
2894	47
2906	47
2906	47
2917	47
2917	47
2929	47
2929	47
2929	47
2941	47
2941	48
2953	48
2953	48
2964	48
2964	48
2976	48
2976	48
2976	48
2988	48
2988	48
3000	48
3000	48
3011	48
3011	48
3011	48
3023	48
3023	48
3035	48
3035	48
3046	48
3046	48
3058	48
3058	48
3070	48
3070	48
3082	48
3082	48
3093	48
3093	48
3093	48
3105	48
3105	48
3117	48
3117	48
3128	48
3128	48
3140	48
3140	48
3140	48
3152	48
3152	48
3164	48
3164	48
3175	48
3175	48
3187	48
3187	48
3199	48
3199	48
3210	48
3210	49
3210	49
3222	49
3222	49
3234	49
3234	49
3246	49
3246	49
3257	49
3257	49
3269	49
3269	49
3281	49
3281	49
3292	49
3292	49
3304	49
3304	49
3316	49
3316	49
3328	49
3328	49
3339	49
3339	49
3351	49
3351	49
3363	49
3363	49
3375	49
3375	49
3386	49
3386	49
3398	49
3398	49
3398	49
3410	49
3410	49
3421	49
3421	49
3433	49
3433	49
3445	49
3445	49
3457	49
3468	49
3468	49
3480	49
3480	49
3492	49
3492	49
3503	50
3515	50
3515	50
3527	50
3527	50
3539	50
3550	50
3550	50
3562	50
3562	50
3574	50
3585	50
3585	50
3597	50
3597	50
3609	50
3609	50
3621	50
3621	50
3632	50
3632	50
3644	50
3644	50
3656	50
3656	50
3667	50
3667	50
3679	50
3679	50
3691	50
3703	50
3703	50
3714	50
3714	50
3726	50
3726	50
3738	50
3738	50
3750	50
3750	50
3761	50
3761	50
3773	50
3773	50
3785	50
3785	50
3796	50
3796	50
3808	50
3820	50
3820	51
3832	51
3832	51
3843	51
3843	51
3855	51
3855	51
3867	51
3867	51
3878	51
3878	51
3890	51
3890	51
3902	51
3902	51
3914	51
3914	51
3925	51
3937	51
3937	51
3949	51
3949	51
3960	51
3960	51
3972	51
3972	51
3984	51
3984	51
3996	51
4007	51
4007	51
4019	51
4019	51
4031	51
4031	51
4042	51
4042	51
4054	51
4054	51
4066	51
4078	51
4078	51
4089	51
4089	51
4101	51
4113	51
4113	51
4125	51
4125	51
4136	51
4136	52
4148	52
4148	52
4160	52
4171	52
4171	52
4183	52
4183	52
4195	52
4195	52
4207	52
4218	52
4218	52
4230	52
4242	52
4242	52
4253	52
4265	52
4265	52
4277	52
4289	52
4300	52
4300	52
4312	52
4324	52
4324	52
4335	52
4347	52
4347	52
4359	52
4359	52
4371	52
4371	52
4382	52
4382	52
4394	52
4406	52
4406	52
4417	52
4417	52
4429	52
4441	52
4441	52
4453	52
4453	52
4464	52
4476	52
4476	52
4488	52
4488	52
4500	53
4500	53
4511	53
4511	53
4523	53
4535	53
4535	53
4546	53
4546	53
4558	53
4570	53
4570	53
4582	53
4582	53
4593	53
4605	53
4605	53
4617	53
4617	53
4628	53
4628	53
4640	53
4640	53
4652	53
4652	53
4664	53
4675	53
4675	53
4687	53
4687	53
4699	53
4699	53
4710	53
4722	53
4722	53
4734	53
4734	53
4746	53
4757	53
4757	53
4769	53
4781	53
4781	53
4792	53
4792	53
4804	53
4804	53
4816	53
4816	53
4828	53
4839	54
4839	54
4851	54
4851	54
4863	54
4875	54
4875	54
4886	54
4886	54
4898	54
4910	54
4910	54
4921	54
4921	54
4933	54
4945	54
4945	54
4957	54
4968	54
4968	54
4980	54
4992	54
5003	54
5003	54
5015	54
5027	54
5039	54
5039	54
5050	54
5062	54
5074	54
5085	54
5085	54
5097	54
5109	54
5109	54
5121	54
5121	54
5132	54
5144	54
5144	54
5156	54
5156	54
5167	54
5179	54
5191	54
5191	54
5203	54
5214	54
5226	54
5238	55
5238	55
5250	55
5261	55
5261	55
5273	55
5273	55
5285	55
5296	55
5296	55
5308	55
5320	55
5320	55
5332	55
5343	55
5343	55
5355	55
5367	55
5367	55
5378	55
5378	55
5390	55
5402	55
5402	55
5414	55
5425	55
5425	55
5437	55
5437	55
5449	55
5460	55
5460	55
5472	55
5484	55
5484	55
5496	55
5507	55
5519	55
5519	55
5531	55
5531	55
5542	55
5554	55
5554	55
5566	55
5566	55
5578	55
5578	55
5589	55
5589	55
5601	56
5601	56
5613	56
5625	56
5625	56
5636	56
5648	56
5648	56
5660	56
5671	56
5671	56
5683	56
5695	56
5695	56
5707	56
5718	56
5718	56
5730	56
5742	56
5753	56
5753	56
5765	56
5777	56
5789	56
5789	56
5800	56
5812	56
5824	56
5824	56
5835	56
5847	56
5859	56
5859	56
5871	56
5882	56
5882	56
5894	56
5906	56
5906	56
5917	56
5929	56
5941	56
5941	56
5953	56
5964	56
5976	56
5976	56
5988	56
6000	56
6000	56
6011	57
6023	57
6023	57
6035	57
6046	57
6058	57
6058	57
6070	57
6082	57
6082	57
6093	57
6105	57
6117	57
6117	57
6128	57
6140	57
6140	57
6152	57
6164	57
6175	57
6175	57
6187	57
6199	57
6210	57
6210	57
6222	57
6234	57
6234	57
6246	57
6257	57
6269	57
6269	57
6281	57
6292	57
6292	57
6304	57
6316	57
6316	57
6328	57
6339	57
6339	57
6351	57
6363	57
6375	57
6375	57
6386	57
6398	57
6398	57
6410	57
6421	57
6421	58
6433	58
6445	58
6457	58
6457	58
6468	58
6480	58
6492	58
6492	58
6503	58
6515	58
6527	58
6539	58
6550	58
6550	58
6562	58
6574	58
6585	58
6585	58
6597	58
6609	58
6621	58
6621	58
6632	58
6644	58
6656	58
6656	58
6667	58
6679	58
6679	58
6691	58
6703	58
6714	58
6714	58
6726	58
6738	58
6750	58
6750	58
6761	58
6773	58
6773	58
6785	58
6796	58
6808	58
6808	58
6820	58
6832	58
6843	58
6843	58
6855	58
6867	59
6878	59
6878	59
6890	59
6902	59
6914	59
6914	59
6925	59
6937	59
6937	59
6949	59
6960	59
6972	59
6972	59
6984	59
6996	59
7007	59
7019	59
7019	59
7031	59
7042	59
7042	59
7054	59
7066	59
7066	59
7078	59
7078	59
7089	59
7101	59
7101	59
7113	59
7125	59
7125	59
7136	59
7148	59
7160	59
7160	59
7171	59
7183	59
7195	59
7195	59
7207	59
7218	59
7230	59
7230	59
7242	59
7253	59
7265	59
7277	59
7289	59
7289	60
7300	60
7312	60
7324	60
7335	60
7335	60
7347	60
7359	60
7371	60
7382	60
7382	60
7394	60
7406	60
7417	60
7417	60
7429	60
7441	60
7453	60
7464	60
7476	60
7488	60
7500	60
7500	60
7511	60
7523	60
7535	60
7535	60
7546	60
7558	60
7570	60
7582	60
7582	60
7593	60
7605	60
7617	60
7628	60
7640	60
7652	60
7652	60
7664	60
7675	60
7687	60
7699	60
7710	60
7710	60
7722	60
7734	60
7746	60
7757	60
7757	60
7769	61
7781	61
7792	61
7792	61
7804	61
7816	61
7828	61
7828	61
7839	61
7851	61
7851	61
7863	61
7875	61
7886	61
7886	61
7898	61
7910	61
7921	61
7933	61
7933	61
7945	61
7957	61
7968	61
7980	61
7980	61
7992	61
8003	61
8015	61
8027	61
8027	61
8039	61
8050	61
8062	61
8074	61
8074	61
8085	61
8097	61
8109	61
8121	61
8121	61
8132	61
8144	61
8156	61
8167	61
8167	61
8179	61
8191	61
8203	61
8214	61
8214	61
8226	62
8238	62
8250	62
8250	62
8261	62
8273	62
8285	62
8296	62
8296	62
8308	62
8320	62
8332	62
8343	62
8343	62
8355	62
8367	62
8378	62
8390	62
8402	62
8414	62
8414	62
8425	62
8437	62
8449	62
8460	62
8472	62
8472	62
8484	62
8496	62
8507	62
8519	62
8519	62
8531	62
8542	62
8554	62
8554	62
8566	62
8578	62
8589	62
8589	62
8601	62
8613	62
8613	62
8625	62
8636	62
8648	62
8660	62
8660	62
8671	62
8683	62
8695	63
8707	63
8718	63
8718	63
8730	63
8742	63
8753	63
8753	63
8765	63
8777	63
8789	63
8800	63
8800	63
8812	63
8824	63
8835	63
8847	63
8859	63
8859	63
8871	63
8882	63
8894	63
8906	63
8917	63
8917	63
8929	63
8941	63
8953	63
8964	63
8964	63
8976	63
8988	63
9000	63
9011	63
9011	63
9023	63
9035	63
9046	63
9058	63
9070	63
9070	63
9082	63
9093	63
9105	63
9117	63
9128	63
9140	63
9152	63
9164	63
9175	63
9187	64
9187	64
9199	64
9210	64
9222	64
9234	64
9246	64
9257	64
9257	64
9269	64
9281	64
9292	64
9304	64
9316	64
9316	64
9328	64
9339	64
9351	64
9351	64
9363	64
9375	64
9386	64
9398	64
9398	64
9410	64
9421	64
9433	64
9445	64
9457	64
9468	64
9468	64
9480	64
9492	64
9503	64
9515	64
9515	64
9527	64
9539	64
9550	64
9562	64
9574	64
9574	64
9585	64
9597	64
9609	64
9621	64
9632	64
9644	64
9656	64
9656	64
9667	65
9679	65
9691	65
9703	65
9703	65
9714	65
9726	65
9738	65
9750	65
9761	65
9773	65
9773	65
9785	65
9796	65
9808	65
9820	65
9832	65
9843	65
9855	65
9867	65
9878	65
9890	65
9902	65
9914	65
9925	65
9937	65
9949	65
9960	65
9960	65
9972	65
9984	65
9996	65
10007	65
10019	65
10031	65
10042	65
10054	65
10054	65
10066	65
10078	65
10089	65
10101	65
10101	65
10113	65
10125	65
10136	65
10148	65
10160	65
10171	65
10183	65
10195	66
10195	66
10207	66
10218	66
10230	66
10242	66
10253	66
10265	66
10265	66
10277	66
10289	66
10300	66
10312	66
10324	66
10335	66
10335	66
10347	66
10359	66
10371	66
10382	66
10394	66
10406	66
10417	66
10429	66
10441	66
10441	66
10453	66
10464	66
10476	66
10488	66
10500	66
10511	66
10523	66
10535	66
10546	66
10546	66
10558	66
10570	66
10582	66
10593	66
10605	66
10617	66
10628	66
10652	66
10664	66
10675	66
10687	66
10699	66
10710	66
10722	66
10734	67
10746	67
10757	67
10757	67
10769	67
10781	67
10792	67
10804	67
10816	67
10828	67
10839	67
10851	67
10863	67
10863	67
10875	67
10886	67
10898	67
10910	67
10921	67
10933	67
10945	67
10957	67
10968	67
10980	67
10992	67
11003	67
11003	67
11015	67
11027	67
11039	67
11050	67
11062	67
11074	67
11085	67
11097	67
11109	67
11121	67
11132	67
11144	67
11156	67
11167	67
11179	67
11179	67
11191	67
11203	67
11214	67
11226	67
11238	67
11250	67
11261	67
11273	68
11285	68
11296	68
11308	68
11320	68
11332	68
11343	68
11355	68
11367	68
11378	68
11390	68
11402	68
11414	68
11425	68
11437	68
11460	68
11472	68
11484	68
11484	68
11496	68
11507	68
11519	68
11531	68
11542	68
11554	68
11566	68
11578	68
11589	68
11601	68
11613	68
11625	68
11636	68
11636	68
11648	68
11660	68
11671	68
11683	68
11695	68
11707	68
11718	68
11730	68
11742	68
11753	68
11765	68
11777	68
11789	68
11800	68
11812	68
11824	68
11835	68
11847	69
11859	69
11871	69
11882	69
11894	69
11906	69
11917	69
11929	69
11929	69
11941	69
11953	69
11964	69
11976	69
11988	69
12000	69
12011	69
12023	69
12035	69
12046	69
12058	69
12070	69
12082	69
12093	69
12105	69
12117	69
12128	69
12140	69
12164	69
12175	69
12187	69
12199	69
12210	69
12222	69
12234	69
12246	69
12257	69
12269	69
12281	69
12292	69
12304	69
12316	69
12328	69
12339	69
12351	69
12363	69
12375	69
12386	69
12398	69
12410	69
12421	69
12433	70
12445	70
12457	70
12468	70
12480	70
12492	70
12503	70
12515	70
12527	70
12539	70
12562	70
12574	70
12585	70
12597	70
12609	70
12621	70
12632	70
12644	70
12656	70
12667	70
12679	70
12691	70
12703	70
12714	70
12726	70
12738	70
12750	70
12761	70
12773	70
12785	70
12796	70
12808	70
12820	70
12832	70
12843	70
12855	70
12867	70
12878	70
12890	70
12902	70
12914	70
12925	70
12949	70
12960	70
12972	70
12984	70
12996	70
13007	70
13019	70
13031	70
13042	71
13054	71
13066	71
13078	71
13089	71
13101	71
13113	71
13125	71
13136	71
13148	71
13160	71
13171	71
13195	71
13207	71
13218	71
13230	71
13242	71
13253	71
13265	71
13277	71
13289	71
13300	71
13324	71
13335	71
13347	71
13359	71
13371	71
13382	71
13394	71
13406	71
13417	71
13429	71
13441	71
13453	71
13464	71
13476	71
13488	71
13500	71
13511	71
13523	71
13535	71
13546	71
13558	71
13582	71
13593	71
13605	71
13617	71
13628	71
13640	71
13652	71
13675	72
13687	72
13699	72
13710	72
13722	72
13734	72
13746	72
13757	72
13769	72
13792	72
13804	72
13816	72
13828	72
13851	72
13863	72
13875	72
13886	72
13898	72
13910	72
13921	72
13933	72
13945	72
13957	72
13980	72
13992	72
14003	72
14015	72
14027	72
14050	72
14062	72
14074	72
14085	72
14097	72
14109	72
14121	72
14132	72
14156	72
14167	72
14179	72
14191	72
14191	72
14203	72
14214	72
14226	72
14238	72
14250	72
14261	72
14273	72
14285	72
14296	72
14320	73
14332	73
14343	73
14355	73
14367	73
14378	73
14390	73
14402	73
14414	73
14425	73
14437	73
14449	73
14472	73
14484	73
14496	73
14507	73
14519	73
14531	73
14542	73
14554	73
14566	73
14589	73
14601	73
14613	73
14625	73
14636	73
14648	73
14660	73
14683	73
14695	73
14707	73
14718	73
14730	73
14753	73
14765	73
14777	73
14800	73
14812	73
14824	73
14835	73
14859	73
14871	73
14882	73
14894	73
14906	73
14917	73
14929	73
14941	73
14953	73
14976	73
14988	74
15000	74
15011	74
15023	74
15035	74
15046	74
15058	74
15070	74
15093	74
15105	74
15117	74
15128	74
15140	74
15152	74
15164	74
15175	74
15187	74
15199	74
15210	74
15234	74
15246	74
15257	74
15269	74
15281	74
15292	74
15304	74
15316	74
15328	74
15351	74
15363	74
15375	74
15386	74
15398	74
15410	74
15421	74
15433	74
15445	74
15468	74
15480	74
15492	74
15515	74
15527	74
15539	74
15562	74
15574	74
15585	74
15597	74
15609	74
15632	74
15644	74
15656	75
15667	75
15679	75
15691	75
15703	75
15726	75
15738	75
15750	75
15761	75
15773	75
15785	75
15796	75
15808	75
15832	75
15843	75
15855	75
15867	75
15878	75
15890	75
15902	75
15914	75
15925	75
15949	75
15960	75
15972	75
15984	75
15996	75
16007	75
16031	75
16042	75
16054	75
16066	75
16078	75
16089	75
16101	75
16125	75
16136	75
16148	75
16160	75
16171	75
16183	75
16195	75
16218	75
16230	75
16242	75
16265	75
16277	75
16300	75
16312	75
16324	75
16347	76
16359	76
16371	76
16382	76
16394	76
16406	76
16417	76
16429	76
16453	76
16464	76
16476	76
16488	76
16500	76
16511	76
16523	76
16535	76
16558	76
16570	76
16582	76
16593	76
16605	76
16617	76
16628	76
16640	76
16652	76
16664	76
16675	76
16687	76
16699	76
16722	76
16734	76
16746	76
16757	76
16769	76
16781	76
16804	76
16804	76
16828	76
16839	76
16851	76
16863	76
16875	76
16886	76
16898	76
16910	76
16921	76
16933	76
16957	76
16968	76
16980	76
17003	77
17015	77
17039	77
17050	77
17074	77
17085	77
17097	77
17109	77
17121	77
17132	77
17156	77
17167	77
17179	77
17203	77
17214	77
17226	77
17250	77
17261	77
17273	77
17285	77
17296	77
17308	77
17320	77
17343	77
17355	77
17367	77
17378	77
17390	77
17402	77
17414	77
17437	77
17449	77
17460	77
17472	77
17484	77
17496	77
17519	77
17531	77
17542	77
17554	77
17566	77
17578	77
17589	77
17601	77
17613	77
17625	77
17636	77
17648	77
17660	77
17671	77
17683	78
17707	78
17718	78
17730	78
17742	78
17765	78
17777	78
17789	78
17800	78
17824	78
17835	78
17847	78
17859	78
17882	78
17894	78
17906	78
17917	78
17929	78
17953	78
17964	78
17976	78
17988	78
18011	78
18023	78
18035	78
18046	78
18058	78
18082	78
18093	78
18105	78
18117	78
18128	78
18152	78
18164	78
18175	78
18187	78
18199	78
18222	78
18234	78
18246	78
18257	78
18269	78
18292	78
18304	78
18316	78
18328	78
18339	78
18351	78
18363	78
18375	78
18386	79
18410	79
18421	79
18433	79
18445	79
18457	79
18480	79
18492	79
18503	79
18527	79
18539	79
18550	79
18562	79
18585	79
18597	79
18609	79
18621	79
18632	79
18656	79
18667	79
18679	79
18691	79
18703	79
18726	79
18738	79
18750	79
18761	79
18773	79
18785	79
18808	79
18820	79
18832	79
18843	79
18855	79
18878	79
18890	79
18902	79
18914	79
18925	79
18949	79
18960	79
18972	79
18984	79
18996	79
19019	79
19031	79
19042	79
19054	79
19066	79
19078	79
19089	80
19101	80
19113	80
19125	80
19136	80
19148	80
19171	80
19183	80
19195	80
19207	80
19218	80
19242	80
19253	80
19265	80
19277	80
19300	80
19312	80
19324	80
19347	80
19359	80
19371	80
19382	80
19394	80
19417	80
19429	80
19441	80
19464	80
19476	80
19500	80
19511	80
19523	80
19535	80
19546	80
19558	80
19582	80
19593	80
19605	80
19628	80
19640	80
19652	80
19675	80
19687	80
19699	80
19722	80
19734	80
19746	80
19757	80
19781	80
19792	80
19804	80
19816	81
19828	81
19839	81
19851	81
19863	81
19886	81
19898	81
19910	81
19921	81
19945	81
19957	81
19968	81
19980	81
19992	81
20015	81
20027	81
20039	81
20050	81
20074	81
20085	81
20097	81
20109	81
20132	81
20144	81
20156	81
20167	81
20179	81
20203	81
20214	81
20226	81
20238	81
20261	81
20273	81
20285	81
20296	81
20308	81
20332	81
20343	81
20355	81
20367	81
20390	81
20402	81
20414	81
20437	81
20449	81
20460	81
20472	81
20496	81
20507	81
20519	81
20531	82
20542	82
20566	82
20578	82
20589	82
20601	82
20613	82
20625	82
20636	82
20648	82
20671	82
20683	82
20695	82
20707	82
20730	82
20742	82
20753	82
20765	82
20777	82
20800	82
20812	82
20824	82
20835	82
20859	82
20871	82
20882	82
20894	82
20917	82
20929	82
20941	82
20953	82
20964	82
20988	82
21000	82
21011	82
21023	82
21035	82
21058	82
21070	82
21082	82
21093	82
21117	82
21128	82
21152	82
21164	82
21175	82
21199	82
21210	82
21222	82
21234	82
21257	83
21269	83
21281	83
21292	83
21316	83
21328	83
21339	83
21351	83
21363	83
21375	83
21398	83
21410	83
21421	83
21433	83
21457	83
21468	83
21480	83
21492	83
21503	83
21527	83
21539	83
21550	83
21562	83
21585	83
21597	83
21609	83
21621	83
21644	83
21656	83
21667	83
21679	83
21703	83
21714	83
21726	83
21738	83
21750	83
21773	83
21785	83
21796	83
21808	83
21832	83
21843	83
21855	83
21878	83
21890	83
21914	83
21925	83
21949	83
21960	83
21972	83
21996	84
22007	84
22019	84
22031	84
22054	84
22066	84
22078	84
22089	84
22101	84
22125	84
22136	84
22148	84
22160	84
22183	84
22195	84
22207	84
22218	84
22242	84
22253	84
22265	84
22277	84
22289	84
22312	84
22324	84
22335	84
22347	84
22371	84
22382	84
22394	84
22417	84
22429	84
22441	84
22453	84
22476	84
22488	84
22500	84
22511	84
22535	84
22546	84
22558	84
22582	84
22593	84
22605	84
22628	84
22640	84
22664	84
22675	84
22699	84
22710	84
22734	84
22746	85
22757	85
22769	85
22792	85
22804	85
22816	85
22828	85
22851	85
22863	85
22875	85
22886	85
22910	85
22921	85
22933	85
22957	85
22968	85
22980	85
22992	85
23015	85
23027	85
23039	85
23050	85
23074	85
23085	85
23097	85
23121	85
23132	85
23144	85
23167	85
23179	85
23191	85
23203	85
23226	85
23238	85
23250	85
23273	85
23285	85
23296	85
23320	85
23332	85
23343	85
23367	85
23378	85
23402	85
23414	85
23437	85
23449	85
23472	85
23484	85
23496	85
23507	86
23531	86
23542	86
23554	86
23578	86
23589	86
23601	86
23613	86
23636	86
23648	86
23660	86
23683	86
23695	86
23707	86
23718	86
23742	86
23753	86
23765	86
23789	86
23800	86
23812	86
23824	86
23847	86
23859	86
23871	86
23894	86
23906	86
23917	86
23941	86
23953	86
23964	86
23976	86
24000	86
24011	86
24023	86
24035	86
24058	86
24070	86
24093	86
24105	86
24117	86
24140	86
24152	86
24175	86
24187	86
24210	86
24222	86
24234	86
24257	86
24269	86
24281	87
24304	87
24316	87
24328	87
24351	87
24363	87
24386	87
24398	87
24410	87
24421	87
24445	87
24457	87
24480	87
24492	87
24503	87
24527	87
24539	87
24562	87
24574	87
24585	87
24609	87
24621	87
24632	87
24656	87
24667	87
24679	87
24703	87
24714	87
24726	87
24738	87
24761	87
24773	87
24785	87
24808	87
24820	87
24832	87
24855	87
24867	87
24890	87
24902	87
24925	87
24937	87
24960	87
24972	87
24984	87
25007	87
25019	87
25031	87
25054	87
25066	87
25078	88
25101	88
25113	88
25136	88
25148	88
25160	88
25183	88
25195	88
25207	88
25230	88
25242	88
25265	88
25277	88
25300	88
25312	88
25324	88
25347	88
25359	88
25382	88
25394	88
25406	88
25429	88
25441	88
25453	88
25476	88
25488	88
25500	88
25523	88
25535	88
25546	88
25570	88
25582	88
25593	88
25617	88
25628	88
25652	88
25664	88
25687	88
25699	88
25722	88
25734	88
25757	88
25769	88
25781	88
25804	88
25828	88
25839	88
25863	88
25875	88
25898	88
25910	89
25921	89
25945	89
25957	89
25980	89
25992	89
26015	89
26027	89
26050	89
26062	89
26085	89
26097	89
26109	89
26132	89
26144	89
26167	89
26179	89
26191	89
26203	89
26214	89
26238	89
26250	89
26261	89
26285	89
26296	89
26320	89
26332	89
26343	89
26367	89
26378	89
26390	89
26414	89
26425	89
26437	89
26460	89
26472	89
26496	89
26507	89
26531	89
26542	89
26554	89
26578	89
26589	89
26613	89
26625	89
26648	89
26660	89
26671	89
26695	89
26707	89
26730	90
26753	90
26765	90
26789	90
26812	90
26824	90
26847	90
26859	90
26882	90
26894	90
26906	90
26929	90
26941	90
26964	90
26976	90
26988	90
27011	90
27023	90
27035	90
27058	90
27070	90
27093	90
27105	90
27117	90
27140	90
27152	90
27175	90
27187	90
27199	90
27222	90
27234	90
27257	90
27269	90
27292	90
27304	90
27316	90
27339	90
27351	90
27375	90
27386	90
27410	90
27421	90
27433	90
27457	90
27468	90
27492	90
27515	90
27527	90
27550	90
27574	90
27585	91
27609	91
27621	91
27644	91
27656	91
27679	91
27691	91
27714	91
27726	91
27738	91
27761	91
27773	91
27796	91
27808	91
27832	91
27843	91
27855	91
27878	91
27890	91
27914	91
27925	91
27937	91
27960	91
27972	91
27996	91
28007	91
28031	91
28042	91
28066	91
28078	91
28101	91
28113	91
28136	91
28148	91
28160	91
28183	91
28195	91
28218	91
28242	91
28253	91
28277	91
28300	91
28324	91
28335	91
28359	91
28371	91
28394	91
28406	91
28429	91
28441	91
28464	92
28476	92
28500	92
28511	92
28523	92
28546	92
28558	92
28582	92
28593	92
28617	92
28628	92
28640	92
28664	92
28675	92
28687	92
28710	92
28722	92
28746	92
28757	92
28781	92
28792	92
28804	92
28828	92
28839	92
28851	92
28875	92
28886	92
28910	92
28921	92
28933	92
28957	92
28980	92
28992	92
29015	92
29039	92
29062	92
29085	92
29097	92
29121	92
29132	92
29156	92
29167	92
29191	92
29214	92
29226	92
29250	92
29261	92
29285	92
29296	92
29320	92
29332	93
29355	93
29367	93
29390	93
29402	93
29425	93
29437	93
29449	93
29472	93
29484	93
29507	93
29519	93
29542	93
29554	93
29566	93
29578	93
29601	93
29613	93
29625	93
29648	93
29660	93
29683	93
29695	93
29718	93
29730	93
29753	93
29765	93
29789	93
29812	93
29824	93
29847	93
29859	93
29882	93
29894	93
29917	93
29929	93
29953	93
29976	93
29988	93
30011	93
30023	93
30035	93
30058	93
30082	93
30093	93
30117	93
30128	93
30152	93
30164	93
30187	93
30199	94
30222	94
30234	94
30257	94
30269	94
30292	94
30304	94
30316	94
30339	94
30351	94
30375	94
30386	94
30398	94
30421	94
30433	94
30457	94
30468	94
30492	94
30515	94
30527	94
30550	94
30562	94
30585	94
30609	94
30621	94
30632	94
30656	94
30667	94
30691	94
30703	94
30726	94
30738	94
30761	94
30773	94
30796	94
30808	94
30832	94
30843	94
30867	94
30878	94
30890	94
30914	94
30925	94
30949	94
30960	94
30984	94
30996	94
31019	94
31031	94
31054	94
31066	95
31078	95
31089	95
31101	95
31125	95
31136	95
31160	95
31171	95
31195	95
31207	95
31230	95
31242	95
31265	95
31277	95
31300	95
31312	95
31335	95
31359	95
31371	95
31382	95
31406	95
31429	95
31441	95
31464	95
31488	95
31500	95
31523	95
31535	95
31558	95
31570	95
31593	95
31605	95
31628	95
31652	95
31664	95
31687	95
31710	95
31722	95
31746	95
31757	95
31781	95
31792	95
31804	95
31828	95
31839	95
31863	95
31875	95
31886	95
31910	95
31921	95
31945	96
31957	96
31980	96
31992	96
32015	96
32027	96
32050	96
32062	96
32085	96
32097	96
32121	96
32132	96
32156	96
32167	96
32191	96
32203	96
32226	96
32238	96
32261	96
32273	96
32296	96
32308	96
32332	96
32343	96
32367	96
32378	96
32402	96
32414	96
32437	96
32460	96
32472	96
32496	96
32507	96
32531	96
32542	96
32554	96
32578	96
32589	96
32601	96
32625	96
32636	96
32648	96
32671	96
32695	96
32707	96
32730	96
32742	96
32753	96
32777	96
32789	96
32812	97
32824	97
32847	97
32859	97
32882	97
32894	97
32917	97
32929	97
32953	97
32964	97
32988	97
33000	97
33023	97
33035	97
33058	97
33070	97
33093	97
33105	97
33128	97
33152	97
33164	97
33187	97
33199	97
33222	97
33234	97
33257	97
33269	97
33292	97
33304	97
33328	97
33339	97
33363	97
33375	97
33386	97
33410	97
33421	97
33445	97
33457	97
33480	97
33492	97
33515	97
33527	97
33539	97
33562	97
33574	97
33597	97
33609	97
33632	97
33656	97
33667	97
33679	98
33703	98
33714	98
33738	98
33750	98
33773	98
33785	98
33808	98
33820	98
33843	98
33855	98
33878	98
33902	98
33914	98
33937	98
33960	98
33972	98
33996	98
34007	98
34031	98
34042	98
34066	98
34078	98
34101	98
34113	98
34125	98
34148	98
34160	98
34183	98
34195	98
34218	98
34230	98
34253	98
34265	98
34289	98
34300	98
34324	98
34335	98
34359	98
34371	98
34394	98
34406	98
34429	98
34441	98
34464	98
34476	98
34500	98
34511	98
34535	98
34546	98
34570	99
34582	99
34605	99
34628	99
34640	99
34664	99
34687	99
34710	99
34722	99
34746	99
34757	99
34781	99
34792	99
34816	99
34828	99
34851	99
34863	99
34875	99
34898	99
34910	99
34933	99
34957	99
34968	99
34980	99
35003	99
35015	99
35039	99
35050	99
35074	99
35085	99
35109	99
35132	99
35144	99
35167	99
35179	99
35203	99
35214	99
35238	99
35250	99
35273	99
35285	99
35308	99
35320	99
35343	99
35367	99
35378	99
35402	99
35425	99
35449	99
35460	99
35484	100
35496	100
35519	100
35542	100
35554	100
35578	100
35589	100
35601	100
35625	100
35636	100
35660	100
35671	100
35695	100
35718	100
35730	100
35742	100
35765	100
35777	100
35800	100
35812	100
35835	100
35859	100
35871	100
35894	100
35906	100
35929	100
35941	100
35964	100
35976	100
36000	100
36011	100
36023	100
36046	100
36070	100
36082	100
36105	100
36117	100
36140	100
36164	100
36187	100
36199	100
36222	100
36234	100
36257	100
36281	100
36292	100
36316	100
36328	100
36351	100
36363	100
36386	101
36398	101
36421	101
36445	101
36457	101
36480	101
36492	101
36515	101
36539	101
36550	101
36574	101
36597	101
36609	101
36632	101
36644	101
36667	101
36679	101
36703	101
36714	101
36738	101
36750	101
36773	101
36796	101
36808	101
36832	101
36843	101
36867	101
36890	101
36902	101
36925	101
36949	101
36972	101
36984	101
37007	101
37019	101
37042	101
37054	101
37078	101
37101	101
37113	101
37136	101
37148	101
37171	101
37195	101
37207	101
37230	101
37242	101
37265	101
37289	101
37312	101
37324	102
37347	102
37359	102
37382	102
37406	102
37417	102
37441	102
37453	102
37476	102
37488	102
37511	102
37523	102
37546	102
37558	102
37582	102
37605	102
37617	102
37640	102
37664	102
37687	102
37699	102
37722	102
37746	102
37757	102
37781	102
37804	102
37816	102
37839	102
37863	102
37886	102
37898	102
37921	102
37945	102
37957	102
37980	102
38003	102
38027	102
38039	102
38062	102
38085	102
38097	102
38121	102
38144	102
38156	102
38179	102
38191	102
38214	102
38226	102
38238	102
38261	102
38273	103
38296	103
38320	103
38332	103
38355	103
38367	103
38390	103
38414	103
38425	103
38449	103
38472	103
38484	103
38507	103
38531	103
38542	103
38566	103
38589	103
38601	103
38625	103
38648	103
38660	103
38683	103
38707	103
38718	103
38742	103
38765	103
38789	103
38812	103
38835	103
38859	103
38871	103
38894	103
38906	103
38929	103
38953	103
38964	103
38988	103
39000	103
39023	103
39046	103
39058	103
39082	103
39105	103
39117	103
39140	103
39152	103
39175	103
39199	103
39210	103
39234	103
39257	104
39269	104
39292	104
39316	104
39328	104
39351	104
39375	104
39386	104
39410	104
39421	104
39445	104
39468	104
39492	104
39515	104
39539	104
39562	104
39585	104
39597	104
39621	104
39644	104
39656	104
39679	104
39703	104
39714	104
39738	104
39761	104
39773	104
39796	104
39820	104
39832	104
39855	104
39878	104
39890	104
39914	104
39925	104
39949	104
39972	104
39984	104
40007	104
40031	104
40042	104
40066	104
40089	104
40113	104
40125	104
40148	104
40160	104
40183	104
40207	104
40230	104
40253	105
40277	105
40300	105
40324	105
40347	105
40359	105
40382	105
40394	105
40417	105
40441	105
40464	105
40476	105
40500	105
40511	105
40535	105
40558	105
40582	105
40593	105
40617	105
40628	105
40652	105
40664	105
40687	105
40710	105
40722	105
40746	105
40769	105
40781	105
40804	105
40816	105
40839	105
40863	105
40875	105
40898	105
40921	105
40933	105
40957	105
40980	105
41003	105
41027	105
41050	105
41074	105
41097	105
41121	105
41132	105
41156	105
41179	105
41203	105
41226	105
41250	105
41273	106
41285	106
41308	106
41332	106
41343	106
41367	106
41390	106
41402	106
41425	106
41449	106
41460	106
41484	106
41507	106
41519	106
41542	106
41554	106
41578	106
41589	106
41613	106
41625	106
41648	106
41660	106
41683	106
41707	106
41730	106
41742	106
41765	106
41789	106
41812	106
41835	106
41859	106
41871	106
41894	106
41917	106
41929	106
41953	106
41976	106
42000	106
42023	106
42035	106
42058	106
42082	106
42093	106
42117	106
42140	106
42164	106
42187	106
42199	106
42222	106
42246	106
42269	107
42281	107
42304	107
42328	107
42339	107
42363	107
42375	107
42398	107
42421	107
42445	107
42457	107
42480	107
42503	107
42527	107
42550	107
42574	107
42597	107
42609	107
42632	107
42656	107
42679	107
42691	107
42714	107
42738	107
42750	107
42773	107
42796	107
42820	107
42832	107
42855	107
42878	107
42902	107
42914	107
42937	107
42960	107
42972	107
42996	107
43019	107
43042	107
43054	107
43078	107
43089	107
43101	107
43125	107
43136	107
43160	107
43183	107
43207	107
43218	107
43242	107
43265	108
43289	108
43312	108
43335	108
43347	108
43371	108
43394	108
43417	108
43441	108
43464	108
43488	108
43511	108
43523	108
43546	108
43570	108
43593	108
43605	108
43628	108
43652	108
43675	108
43699	108
43722	108
43746	108
43769	108
43781	108
43804	108
43828	108
43839	108
43863	108
43886	108
43898	108
43921	108
43945	108
43968	108
43992	108
44003	108
44027	108
44050	108
44074	108
44097	108
44121	108
44132	108
44156	108
44179	108
44203	108
44214	108
44238	108
44261	108
44285	108
44296	108
44320	109
44343	109
44367	109
44390	109
44414	109
44425	109
44449	109
44472	109
44496	109
44519	109
44531	109
44554	109
44578	109
44589	109
44613	109
44625	109
44648	109
44671	109
44683	109
44707	109
44730	109
44753	109
44765	109
44789	109
44812	109
44835	109
44847	109
44871	109
44894	109
44917	109
44929	109
44953	109
44976	109
45000	109
45011	109
45035	109
45058	109
45070	109
45093	109
45117	109
45140	109
45164	109
45187	109
45210	109
45234	109
45257	109
45269	109
45292	109
45316	109
45339	109
45351	110
45375	110
45398	110
45410	110
45433	110
45457	110
45480	110
45492	110
45515	110
45539	110
45562	110
45574	110
45597	110
45621	110
45644	110
45667	110
45679	110
45703	110
45726	110
45750	110
45761	110
45785	110
45808	110
45832	110
45855	110
45867	110
45902	110
45925	110
45949	110
45960	110
45984	110
46007	110
46031	110
46054	110
46066	110
46089	110
46101	110
46125	110
46148	110
46171	110
46183	110
46207	110
46230	110
46253	110
46265	110
46289	110
46312	110
46324	110
46347	110
46371	110
46394	111
46406	111
46429	111
46453	111
46476	111
46488	111
46511	111
46535	111
46558	111
46570	111
46593	111
46617	111
46640	111
46675	111
46699	111
46710	111
46734	111
46757	111
46781	111
46804	111
46816	111
46839	111
46863	111
46875	111
46898	111
46921	111
46945	111
46968	111
46980	111
47003	111
47027	111
47050	111
47074	111
47085	111
47109	111
47132	111
47156	111
47179	111
47191	111
47214	111
47238	111
47261	111
47285	111
47296	111
47320	111
47343	111
47367	111
47390	111
47414	111
47437	111
47460	112
47484	112
47507	112
47531	112
47542	112
47566	112
47589	112
47601	112
47625	112
47648	112
47671	112
47695	112
47707	112
47730	112
47753	112
47765	112
47789	112
47812	112
47835	112
47847	112
47871	112
47894	112
47917	112
47941	112
47953	112
47976	112
48000	112
48011	112
48035	112
48058	112
48082	112
48105	112
48128	112
48152	112
48175	112
48199	112
48222	112
48246	112
48257	112
48281	112
48304	112
48328	112
48351	112
48375	112
48398	112
48410	112
48433	112
48457	112
48480	112
48503	112
48527	113
48550	113
48574	113
48585	113
48609	113
48632	113
48656	113
48679	113
48703	113
48714	113
48738	113
48761	113
48785	113
48796	113
48820	113
48843	113
48867	113
48890	113
48914	113
48937	113
48960	113
48984	113
49007	113
49031	113
49042	113
49066	113
49089	113
49113	113
49136	113
49160	113
49171	113
49195	113
49218	113
49242	113
49265	113
49289	113
49312	113
49335	113
49359	113
49382	113
49394	113
49417	113
49441	113
49464	113
49476	113
49500	113
49523	113
49546	113
49570	113
49593	113
49617	114
49640	114
49664	114
49687	114
49710	114
49734	114
49757	114
49769	114
49792	114
49828	114
49851	114
49875	114
49898	114
49910	114
49933	114
49957	114
49980	114
50003	114
50027	114
50050	114
50074	114
50097	114
50121	114
50144	114
50167	114
50191	114
50203	114
50226	114
50238	114
50261	114
50285	114
50308	114
50332	114
50343	114
50367	114
50390	114
50414	114
50437	114
50460	114
50484	114
50496	114
50519	114
50542	114
50566	114
50589	114
50613	114
50636	114
50660	114
50683	114
50707	114
50730	115
50753	115
50777	115
50800	115
50824	115
50847	115
50871	115
50894	115
50917	115
50941	115
50964	115
50988	115
51000	115
51023	115
51046	115
51070	115
51093	115
51117	115
51128	115
51152	115
51175	115
51199	115
51222	115
51246	115
51269	115
51281	115
51304	115
51328	115
51351	115
51375	115
51398	115
51421	115
51433	115
51457	115
51480	115
51515	115
51539	115
51562	115
51585	115
51609	115
51632	115
51656	115
51679	115
51703	115
51726	115
51750	115
51761	115
51785	115
51808	115
51832	115
51855	116
51878	116
51902	116
51914	116
51937	116
51960	116
51984	116
52007	116
52031	116
52054	116
52078	116
52101	116
52125	116
52148	116
52160	116
52183	116
52207	116
52230	116
52265	116
52289	116
52312	116
52335	116
52359	116
52382	116
52406	116
52429	116
52453	116
52476	116
52500	116
52511	116
52535	116
52558	116
52582	116
52605	116
52617	116
52640	116
52664	116
52687	116
52699	116
52722	116
52746	116
52769	116
52792	116
52816	116
52828	116
52851	116
52875	116
52898	116
52921	116
52945	116
52968	117
52992	117
53015	117
53050	117
53074	117
53097	117
53121	117
53144	117
53167	117
53191	117
53214	117
53238	117
53261	117
53285	117
53308	117
53332	117
53355	117
53367	117
53390	117
53414	117
53437	117
53460	117
53484	117
53507	117
53531	117
53542	117
53566	117
53578	117
53601	117
53625	117
53636	117
53660	117
53683	117
53707	117
53730	117
53753	117
53777	117
53800	117
53824	117
53847	117
53871	117
53894	117
53917	117
53941	117
53964	117
53988	117
54011	117
54035	117
54058	117
54082	117
54093	118
54117	118
54140	118
54164	118
54187	118
54210	118
54234	118
54257	118
54281	118
54304	118
54316	118
54339	118
54363	118
54386	118
54410	118
54433	118
54445	118
54468	118
54492	118
54515	118
54550	118
54574	118
54597	118
54621	118
54632	118
54656	118
54679	118
54703	118
54726	118
54750	118
54773	118
54796	118
54820	118
54832	118
54855	118
54878	118
54902	118
54925	118
54949	118
54972	118
54996	118
55019	118
55042	118
55054	118
55078	118
55089	118
55113	118
55125	118
55148	118
55171	118
55195	119
55218	119
55242	119
55265	119
55289	119
55312	119
55335	119
55359	119
55382	119
55406	119
55429	119
55453	119
55476	119
55500	119
55523	119
55546	119
55570	119
55593	119
55617	119
55640	119
55664	119
55687	119
55710	119
55734	119
55757	119
55781	119
55804	119
55828	119
55839	119
55863	119
55886	119
55910	119
55921	119
55945	119
55968	119
55992	119
56015	119
56039	119
56062	119
56085	119
56109	119
56132	119
56156	119
56179	119
56203	119
56214	119
56238	119
56261	119
56285	119
56308	119
56332	120
56355	120
56378	120
56402	120
56425	120
56449	120
56472	120
56496	120
56507	120
56531	120
56554	120
56578	120
56589	120
56613	120
56636	120
56660	120
56683	120
56695	120
56718	120
56742	120
56765	120
56789	120
56812	120
56824	120
56847	120
56871	120
56894	120
56917	120
56941	120
56964	120
56988	120
57011	120
57023	120
57046	120
57070	120
57093	120
57117	120
57140	120
57164	120
57187	120
57210	120
57234	120
57257	120
57281	120
57304	120
57328	120
57339	120
57363	120
57386	120
57410	120
57433	121
57457	121
57468	121
57492	121
57515	121
57539	121
57562	121
57574	121
57597	121
57621	121
57644	121
57667	121
57691	121
57714	121
57726	121
57750	121
57773	121
57796	121
57820	121
57843	121
57867	121
57890	121
57914	121
57937	121
57960	121
57984	121
58007	121
58031	121
58054	121
58066	121
58089	121
58113	121
58125	121
58148	121
58171	121
58195	121
58218	121
58242	121
58253	121
58277	121
58300	121
58324	121
58347	121
58359	121
58382	121
58406	121
58429	121
58453	121
58476	121
58500	121
58511	122
58535	122
58558	122
58582	122
58605	122
58628	122
58652	122
58687	122
58710	122
58734	122
58746	122
58769	122
58792	122
58816	122
58839	122
58851	122
58875	122
58898	122
58921	122
58945	122
58968	122
58980	122
59003	122
59027	122
59050	122
59074	122
59085	122
59109	122
59132	122
59156	122
59179	122
59203	122
59226	122
59238	122
59261	122
59285	122
59308	122
59332	122
59355	122
59378	122
59402	122
59425	122
59449	122
59472	122
59496	122
59519	122
59531	122
59554	122
59578	122
59601	122
59613	123
59636	123
59660	123
59683	123
59707	123
59718	123
59742	123
59765	123
59789	123
59800	123
59824	123
59847	123
59871	123
59894	123
59906	123
59929	123
59953	123
59976	123
59988	123
60011	123
60035	123
60058	123
60082	123
60093	123
60117	123
60140	123
60164	123
60187	123
60210	123
60234	123
60257	123
60281	123
60304	123
60328	123
60351	123
60363	123
60386	123
60410	123
60433	123
60457	123
60480	123
60492	123
60515	123
60539	123
60562	123
60585	123
60609	123
60632	123
60656	123
60667	123
60691	124
60714	124
60726	124
60750	124
60773	124
60796	124
60808	124
60832	124
60855	124
60878	124
60902	124
60925	124
60949	124
60972	124
60996	124
61007	124
61031	124
61054	124
61078	124
61101	124
61113	124
61136	124
61160	124
61183	124
61207	124
61218	124
61242	124
61265	124
61289	124
61312	124
61335	124
61359	124
61371	124
61394	124
61417	124
61441	124
61453	124
61476	124
61500	124
61523	124
61535	124
61558	124
61582	124
61605	124
61628	124
61652	124
61675	124
61699	124
61722	124
61746	124
61757	125
61781	125
61804	125
61828	125
61851	125
61875	125
61898	125
61921	125
61945	125
61968	125
61992	125
62015	125
62039	125
62062	125
62074	125
62097	125
62121	125
62144	125
62167	125
62179	125
62203	125
62214	125
62238	125
62250	125
62273	125
62296	125
62320	125
62332	125
62355	125
62378	125
62402	125
62414	125
62437	125
62460	125
62484	125
62507	125
62519	125
62542	125
62566	125
62589	125
62613	125
62636	125
62648	125
62671	125
62695	125
62718	125
62742	125
62765	125
62789	125
62812	125
62835	126
62859	126
62882	126
62894	126
62917	126
62941	126
62964	126
62976	126
63000	126
63023	126
63046	126
63058	126
63082	126
63105	126
63128	126
63140	126
63164	126
63187	126
63210	126
63222	126
63246	126
63269	126
63292	126
63316	126
63328	126
63351	126
63375	126
63398	126
63410	126
63433	126
63457	126
63480	126
63503	126
63527	126
63562	126
63585	126
63597	126
63621	126
63644	126
63667	126
63679	126
63703	126
63726	126
63750	126
63773	126
63785	126
63808	126
63832	126
63855	126
63867	126
63890	127
63914	127
63937	127
63949	127
63972	127
63996	127
64019	127
64042	127
64054	127
64078	127
64101	127
64125	127
64148	127
64160	127
64183	127
64207	127
64230	127
64253	127
64277	127
64300	127
64324	127
64347	127
64371	127
64394	127
64406	127
64429	127
64453	127
64476	127
64488	127
64511	127
64535	127
64558	127
64570	127
64593	127
64617	127
64628	127
64652	127
64675	127
64687	127
64710	127
64734	127
64757	127
64769	127
64792	127
64816	127
64828	127
64851	127
64875	127
64886	127
64910	127
64933	128
64957	128
64980	128
65003	128
65027	128
65050	128
65074	128
65097	128
65121	128
65144	128
65156	128
65179	128
65214	128
65238	128
65250	128
65273	128
65296	128
65320	128
65332	128
65355	128
65378	128
65402	128
65414	128
65437	128
65460	128
65472	128
65496	128
65519	128
65542	128
65554	128
65578	128
65589	128
65601	128
65625	128
65648	128
65660	128
65683	128
65707	128
65730	128
65753	128
65777	128
65789	128
65812	128
65835	128
65859	128
65882	128
65894	128
65917	128
65941	128
65964	128
65988	129
66011	129
66023	129
66046	129
66070	129
66093	129
66105	129
66128	129
66152	129
66175	129
66199	129
66210	129
66234	129
66257	129
66281	129
66292	129
66316	129
66339	129
66351	129
66375	129
66398	129
66410	129
66433	129
66457	129
66480	129
66503	129
66527	129
66539	129
66562	129
66585	129
66609	129
66632	129
66644	129
66667	129
66691	129
66714	129
66726	129
66750	129
66773	129
66796	129
66808	129
66832	129
66855	129
66867	129
66890	129
66914	129
66937	129
66949	129
66972	129
66996	129
67019	130
67031	130
67054	130
67066	130
67089	130
67101	130
67113	130
67136	130
67160	130
67183	130
67195	130
67218	130
67242	130
67265	130
67277	130
67300	130
67324	130
67347	130
67371	130
67382	130
67406	130
67429	130
67453	130
67476	130
67500	130
67523	130
67535	130
67558	130
67582	130
67605	130
67628	130
67652	130
67675	130
67699	130
67710	130
67734	130
67757	130
67781	130
67792	130
67816	130
67839	130
67851	130
67875	130
67886	130
67910	130
67933	130
67957	130
67968	130
67992	130
68015	130
68039	131
68062	131
68074	131
68097	131
68121	131
68144	131
68156	131
68179	131
68203	131
68226	131
68250	131
68261	131
68285	131
68308	131
68320	131
68343	131
68367	131
68390	131
68414	131
68425	131
68449	131
68472	131
68496	131
68507	131
68531	131
68554	131
68566	131
68589	131
68601	131
68625	131
68648	131
68660	131
68683	131
68707	131
68718	131
68742	131
68765	131
68777	131
68800	131
68824	131
68847	131
68859	131
68882	131
68906	131
68929	131
68941	131
68964	131
68988	131
69000	131
69023	131
69046	132
69058	132
69082	132
69105	132
69128	132
69152	132
69175	132
69199	132
69222	132
69234	132
69257	132
69281	132
69304	132
69316	132
69339	132
69351	132
69375	132
69398	132
69410	132
69433	132
69457	132
69480	132
69492	132
69515	132
69527	132
69550	132
69574	132
69597	132
69609	132
69632	132
69656	132
69679	132
69691	132
69714	132
69738	132
69750	132
69773	132
69796	132
69808	132
69832	132
69855	132
69878	132
69902	132
69925	132
69949	132
69972	132
69984	132
70007	132
70031	132
70054	132
70066	133
70089	133
70101	133
70125	133
70148	133
70160	133
70183	133
70207	133
70230	133
70242	133
70265	133
70277	133
70300	133
70324	133
70335	133
70359	133
70382	133
70406	133
70417	133
70441	133
70464	133
70476	133
70500	133
70523	133
70546	133
70558	133
70582	133
70605	133
70628	133
70652	133
70675	133
70699	133
70722	133
70746	133
70757	133
70781	133
70804	133
70816	133
70839	133
70863	133
70875	133
70898	133
70921	133
70945	133
70957	133
70980	133
71003	133
71015	133
71039	133
71062	133
71085	134
71097	134
71121	134
71144	134
71167	134
71179	134
71203	134
71226	134
71250	134
71261	134
71285	134
71308	134
71332	134
71343	134
71367	134
71390	134
71414	134
71437	134
71460	134
71484	134
71507	134
71531	134
71542	134
71566	134
71589	134
71601	134
71625	134
71636	134
71660	134
71683	134
71707	134
71718	134
71742	134
71765	134
71777	134
71800	134
71824	134
71835	134
71859	134
71882	134
71906	134
71929	134
71941	134
71964	134
71976	134
72000	134
72023	134
72046	134
72058	134
72082	134
72105	135
72128	135
72152	135
72175	135
72199	135
72222	135
72234	135
72257	135
72281	135
72304	135
72316	135
72339	135
72363	135
72386	135
72410	135
72421	135
72445	135
72468	135
72492	135
72515	135
72527	135
72550	135
72574	135
72597	135
72621	135
72632	135
72656	135
72679	135
72703	135
72714	135
72738	135
72761	135
72773	135
72796	135
72820	135
72843	135
72855	135
72878	135
72902	135
72925	135
72949	135
72972	135
72984	135
73007	135
73031	135
73054	135
73078	135
73089	135
73113	135
73136	135
73148	136
73171	136
73195	136
73218	136
73242	136
73253	136
73277	136
73300	136
73324	136
73347	136
73359	136
73382	136
73406	136
73429	136
73441	136
73464	136
73488	136
73500	136
73523	136
73546	136
73570	136
73582	136
73605	136
73628	136
73652	136
73675	136
73699	136
73722	136
73746	136
73757	136
73781	136
73804	136
73828	136
73851	136
73875	136
73898	136
73921	136
73933	136
73957	136
73980	136
74003	136
74027	136
74050	136
74074	136
74085	136
74109	136
74132	136
74156	136
74167	136
74191	136
74203	137
74226	137
74238	137
74261	137
74285	137
74308	137
74320	137
74343	137
74367	137
74378	137
74402	137
74425	137
74449	137
74460	137
74484	137
74507	137
74531	137
74542	137
74566	137
74589	137
74613	137
74636	137
74660	137
74671	137
74695	137
74718	137
74742	137
74765	137
74789	137
74812	137
74835	137
74859	137
74882	137
74894	137
74917	137
74941	137
74964	137
74976	137
75000	137
75023	137
75035	137
75058	137
75082	137
75105	137
75117	137
75140	137
75164	137
75175	137
75199	137
75222	137
75246	138
75257	138
75281	138
75304	138
75328	138
75339	138
75363	138
75386	138
75410	138
75421	138
75445	138
75468	138
75492	138
75515	138
75539	138
75562	138
75585	138
75609	138
75632	138
75644	138
75667	138
75691	138
75714	138
75726	138
75750	138
75773	138
75785	138
75808	138
75832	138
75855	138
75867	138
75890	138
75914	138
75925	138
75949	138
75972	138
75996	138
76007	138
76031	138
76054	138
76078	138
76089	138
76113	138
76136	138
76160	138
76171	138
76195	138
76218	138
76242	138
76265	138
76289	139
76312	139
76335	139
76359	139
76382	139
76394	139
76417	139
76441	139
76464	139
76476	139
76500	139
76523	139
76535	139
76558	139
76582	139
76605	139
76617	139
76640	139
76652	139
76675	139
76699	139
76710	139
76734	139
76757	139
76781	139
76792	139
76816	139
76828	139
76851	139
76875	139
76886	139
76910	139
76933	139
76945	139
76968	139
76992	139
77027	139
77050	139
77074	139
77097	139
77121	139
77132	139
77156	139
77179	139
77203	139
77226	139
77250	139
77273	139
77285	139
77308	139
77332	140
77343	140
77367	140
77390	140
77414	140
77425	140
77449	140
77472	140
77484	140
77507	140
77531	140
77542	140
77566	140
77578	140
77601	140
77613	140
77636	140
77660	140
77671	140
77695	140
77718	140
77742	140
77753	140
77777	140
77800	140
77824	140
77847	140
77871	140
77882	140
77906	140
77929	140
77953	140
77976	140
77988	140
78011	140
78035	140
78058	140
78070	140
78093	140
78117	140
78140	140
78152	140
78175	140
78199	140
78222	140
78246	140
78257	140
78281	140
78304	140
78316	140
78339	141
78363	141
78375	141
78398	141
78421	141
78433	141
78457	141
78480	141
78503	141
78527	141
78550	141
78574	141
78585	141
78609	141
78632	141
78656	141
78667	141
78691	141
78714	141
78726	141
78750	141
78773	141
78785	141
78808	141
78832	141
78855	141
78867	141
78890	141
78914	141
78937	141
78949	141
78972	141
78996	141
79007	141
79031	141
79054	141
79066	141
79078	141
79101	141
79113	141
79136	141
79160	141
79171	141
79195	141
79218	141
79242	141
79253	141
79277	141
79300	141
79324	141
79347	142
79371	142
79382	142
79406	142
79429	142
79453	142
79476	142
79500	142
79523	142
79535	142
79558	142
79582	142
79605	142
79628	142
79652	142
79675	142
79687	142
79710	142
79734	142
79757	142
79769	142
79792	142
79816	142
79828	142
79851	142
79863	142
79886	142
79910	142
79933	142
79945	142
79968	142
79992	142
80003	142
80027	142
80050	142
80074	142
80085	142
80109	142
80132	142
80156	142
80167	142
80191	142
80214	142
80226	142
80250	142
80273	142
80296	142
80308	142
80332	142
80355	142
80378	143
80390	143
80414	143
80437	143
80460	143
80472	143
80496	143
80519	143
80542	143
80554	143
80578	143
80589	143
80613	143
80625	143
80648	143
80671	143
80683	143
80707	143
80730	143
80742	143
80765	143
80789	143
80800	143
80824	143
80847	143
80871	143
80882	143
80906	143
80929	143
80941	143
80964	143
80988	143
81000	143
81023	143
81046	143
81070	143
81082	143
81105	143
81128	143
81152	143
81175	143
81199	143
81210	143
81234	143
81257	143
81281	143
81292	143
81316	143
81328	143
81351	143
81375	144
81386	144
81410	144
81433	144
81445	144
81468	144
81492	144
81503	144
81527	144
81539	144
81562	144
81585	144
81609	144
81621	144
81644	144
81667	144
81679	144
81703	144
81726	144
81738	144
81761	144
81785	144
81796	144
81820	144
81843	144
81867	144
81890	144
81914	144
81925	144
81949	144
81972	144
81996	144
82007	144
82031	144
82054	144
82078	144
82089	144
82113	144
82125	144
82148	144
82171	144
82183	144
82207	144
82230	144
82242	144
82265	144
82289	144
82300	144
82324	144
82347	144
82359	145
82382	145
82406	145
82417	145
82441	145
82464	145
82488	145
82500	145
82523	145
82546	145
82558	145
82582	145
82605	145
82628	145
82652	145
82675	145
82699	145
82722	145
82734	145
82757	145
82781	145
82804	145
82816	145
82839	145
82863	145
82875	145
82898	145
82921	145
82933	145
82957	145
82980	145
82992	145
83015	145
83039	145
83062	145
83074	145
83097	145
83121	145
83144	145
83156	145
83179	145
83203	145
83214	145
83238	145
83261	145
83285	145
83296	145
83320	145
83343	145
83367	145
83390	146
83414	146
83437	146
83460	146
83472	146
83496	146
83519	146
83542	146
83554	146
83578	146
83601	146
83613	146
83636	146
83660	146
83671	146
83695	146
83718	146
83742	146
83753	146
83777	146
83800	146
83812	146
83835	146
83859	146
83882	146
83894	146
83917	146
83941	146
83953	146
83976	146
84000	146
84011	146
84035	146
84058	146
84082	146
84093	146
84117	146
84140	146
84164	146
84187	146
84210	146
84234	146
84257	146
84269	146
84292	146
84316	146
84339	146
84363	146
84375	146
84398	146
84421	147
84433	147
84457	147
84480	147
84503	147
84527	147
84550	147
84562	147
84585	147
84609	147
84632	147
84644	147
84667	147
84691	147
84703	147
84726	147
84750	147
84761	147
84785	147
84808	147
84832	147
84843	147
84867	147
84890	147
84914	147
84937	147
84960	147
84984	147
84996	147
85019	147
85042	147
85066	147
85078	147
85101	147
85125	147
85148	147
85160	147
85183	147
85207	147
85230	147
85242	147
85265	147
85289	147
85312	147
85335	147
85359	147
85371	147
85394	147
85417	147
85441	147
85453	148
85476	148
85500	148
85511	148
85535	148
85558	148
85582	148
85605	148
85617	148
85640	148
85664	148
85687	148
85710	148
85734	148
85757	148
85781	148
85792	148
85828	148
85851	148
85875	148
85886	148
85910	148
85933	148
85957	148
85980	148
86003	148
86027	148
86039	148
86062	148
86085	148
86109	148
86132	148
86156	148
86167	148
86191	148
86203	148
86226	148
86238	148
86261	148
86285	148
86296	148
86320	148
86343	148
86367	148
86378	148
86402	148
86425	148
86449	148
86460	148
86484	148
86507	149
86531	149
86542	149
86566	149
86589	149
86613	149
86636	149
86660	149
86671	149
86695	149
86718	149
86742	149
86765	149
86789	149
86812	149
86835	149
86859	149
86882	149
86906	149
86917	149
86941	149
86964	149
86988	149
87000	149
87023	149
87046	149
87070	149
87082	149
87105	149
87128	149
87152	149
87164	149
87187	149
87210	149
87234	149
87257	149
87269	149
87292	149
87316	149
87339	149
87351	149
87375	149
87398	149
87421	149
87433	149
87457	149
87480	149
87515	149
87539	149
87562	149
87585	150
87609	150
87621	150
87644	150
87667	150
87691	150
87714	150
87726	150
87750	150
87773	150
87796	150
87820	150
87832	150
87855	150
87878	150
87890	150
87914	150
87937	150
87960	150
87984	150
87996	150
88019	150
88042	150
88066	150
88078	150
88101	150
88125	150
88148	150
88171	150
88183	150
88207	150
88230	150
88253	150
88289	150
88312	150
88335	150
88359	150
88371	150
88394	150
88417	150
88441	150
88464	150
88476	150
88500	150
88523	150
88535	150
88558	150
88582	150
88605	150
88617	150
88640	151
88664	151
88675	151
88699	151
88722	151
88746	151
88769	151
88781	151
88804	151
88828	151
88839	151
88863	151
88886	151
88910	151
88921	151
88945	151
88968	151
89003	151
89027	151
89050	151
89074	151
89097	151
89121	151
89144	151
89167	151
89191	151
89214	151
89238	151
89261	151
89285	151
89296	151
89320	151
89343	151
89367	151
89390	151
89402	151
89425	151
89449	151
89460	151
89484	151
89507	151
89531	151
89554	151
89566	151
89589	151
89601	151
89625	151
89636	151
89660	151
89683	151
89707	152
89718	152
89742	152
89765	152
89789	152
89812	152
89835	152
89859	152
89882	152
89906	152
89917	152
89941	152
89964	152
89988	152
90011	152
90035	152
90058	152
90070	152
90093	152
90117	152
90140	152
90164	152
90187	152
90210	152
90222	152
90246	152
90269	152
90292	152
90316	152
90328	152
90351	152
90375	152
90398	152
90410	152
90433	152
90457	152
90480	152
90503	152
90527	152
90550	152
90574	152
90597	152
90621	152
90644	152
90667	152
90679	152
90703	152
90726	152
90750	152
90773	152
90785	153
90808	153
90832	153
90855	153
90878	153
90902	153
90914	153
90937	153
90960	153
90984	153
91007	153
91031	153
91042	153
91066	153
91078	153
91101	153
91113	153
91136	153
91160	153
91171	153
91195	153
91218	153
91242	153
91265	153
91289	153
91312	153
91335	153
91347	153
91371	153
91394	153
91417	153
91441	153
91464	153
91488	153
91511	153
91535	153
91546	153
91570	153
91593	153
91617	153
91640	153
91664	153
91687	153
91710	153
91734	153
91757	153
91781	153
91792	153
91816	153
91839	153
91851	154
91875	154
91898	154
91921	154
91945	154
91957	154
91980	154
92003	154
92027	154
92050	154
92074	154
92097	154
92109	154
92132	154
92156	154
92179	154
92203	154
92226	154
92238	154
92261	154
92285	154
92308	154
92332	154
92343	154
92367	154
92390	154
92414	154
92437	154
92460	154
92484	154
92507	154
92519	154
92542	154
92566	154
92578	154
92601	154
92613	154
92636	154
92660	154
92683	154
92707	154
92718	154
92742	154
92765	154
92777	154
92800	154
92824	154
92847	154
92871	154
92882	154
92906	155
92929	155
92953	155
92964	155
92988	155
93011	155
93035	155
93046	155
93070	155
93093	155
93117	155
93140	155
93164	155
93187	155
93210	155
93234	155
93246	155
93269	155
93292	155
93316	155
93328	155
93351	155
93375	155
93386	155
93410	155
93433	155
93457	155
93468	155
93492	155
93515	155
93539	155
93550	155
93574	155
93597	155
93621	155
93644	155
93656	155
93679	155
93703	155
93714	155
93738	155
93761	155
93785	155
93808	155
93820	155
93843	155
93867	155
93890	155
93914	155
93937	155
93960	156
93984	156
94007	156
94031	156
94042	156
94066	156
94089	156
94101	156
94125	156
94148	156
94160	156
94183	156
94207	156
94230	156
94242	156
94265	156
94289	156
94300	156
94324	156
94347	156
94371	156
94382	156
94406	156
94429	156
94453	156
94464	156
94488	156
94511	156
94523	156
94546	156
94570	156
94593	156
94617	156
94640	156
94664	156
94687	156
94710	156
94734	156
94746	156
94769	156
94792	156
94816	156
94828	156
94851	156
94875	156
94886	156
94910	156
94933	156
94957	156
94980	156
94992	157
95015	157
95039	157
95062	157
95074	157
95097	157
95121	157
95144	157
95167	157
95179	157
95203	157
95226	157
95250	157
95273	157
95285	157
95308	157
95332	157
95355	157
95378	157
95402	157
95425	157
95449	157
95472	157
95496	157
95519	157
95542	157
95554	157
95578	157
95601	157
95613	157
95636	157
95660	157
95683	157
95695	157
95718	157
95742	157
95753	157
95777	157
95800	157
95824	157
95835	157
95859	157
95882	157
95906	157
95929	157
95941	157
95964	157
95976	157
96000	157
96023	157
96046	158
96058	158
96082	158
96105	158
96128	158
96152	158
96175	158
96199	158
96222	158
96246	158
96257	158
96281	158
96304	158
96328	158
96351	158
96363	158
96386	158
96410	158
96433	158
96445	158
96468	158
96492	158
96515	158
96539	158
96562	158
96574	158
96597	158
96621	158
96644	158
96667	158
96679	158
96703	158
96726	158
96738	158
96761	158
96785	158
96808	158
96832	158
96843	158
96867	158
96890	158
96914	158
96937	158
96960	158
96984	158
97007	158
97019	158
97042	158
97066	158
97089	158
97113	159
97125	159
97148	159
97171	159
97195	159
97218	159
97242	159
97253	159
97277	159
97300	159
97324	159
97347	159
97371	159
97382	159
97406	159
97429	159
97453	159
97464	159
97488	159
97511	159
97523	159
97546	159
97570	159
97593	159
97617	159
97640	159
97664	159
97687	159
97699	159
97722	159
97746	159
97769	159
97792	159
97804	159
97839	159
97863	159
97886	159
97898	159
97921	159
97945	159
97968	159
97992	159
98003	159
98027	159
98050	159
98074	159
98097	159
98121	159
98144	159
98156	159
98179	160
98203	160
98214	160
98238	160
98250	160
98273	160
98296	160
98320	160
98332	160
98355	160
98378	160
98402	160
98414	160
98437	160
98460	160
98484	160
98507	160
98519	160
98542	160
98566	160
98589	160
98613	160
98636	160
98660	160
98671	160
98695	160
98718	160
98742	160
98777	160
98800	160
98824	160
98847	160
98859	160
98882	160
98906	160
98929	160
98953	160
98964	160
98988	160
99011	160
99023	160
99046	160
99070	160
99093	160
99117	160
99128	160
99152	160
99175	160
99187	160
99210	160
99234	161
99257	161
99281	161
99292	161
99316	161
99339	161
99363	161
99375	161
99398	161
99421	161
99445	161
99468	161
99492	161
99515	161
99539	161
99562	161
99585	161
99609	161
99632	161
99644	161
99667	161
99691	161
99714	161
99738	161
99750	161
99773	161
99796	161
99820	161
99843	161
99855	161
99878	161
99902	161
99925	161
99949	161
99960	161
99984	161
100007	161
100031	161
100054	161
100078	161
100101	161
100125	161
100136	161
100160	161
100183	161
100207	161
100230	161
100253	161
100277	161
100312	161
100335	162
100359	162
100371	162
100394	162
100417	162
100441	162
100464	162
100476	162
100500	162
100523	162
100546	162
100570	162
100582	162
100605	162
100628	162
100640	162
100664	162
100687	162
100699	162
100722	162
100746	162
100769	162
100792	162
100804	162
100828	162
100839	162
100863	162
100886	162
100910	162
100921	162
100945	162
100968	162
100992	162
101027	162
101050	162
101074	162
101097	162
101121	162
101144	162
101156	162
101179	162
101214	162
101238	162
101261	162
101273	162
101296	162
101320	162
101343	162
101367	162
101378	162
101402	163
101425	163
101449	163
101472	163
101484	163
101507	163
101531	163
101554	163
101566	163
101589	163
101601	163
101625	163
101648	163
101671	163
101683	163
101707	163
101730	163
101753	163
101777	163
101800	163
101824	163
101847	163
101871	163
101882	163
101906	163
101929	163
101953	163
101976	163
102000	163
102023	163
102035	163
102058	163
102082	163
102105	163
102128	163
102152	163
102164	163
102187	163
102210	163
102234	163
102257	163
102281	163
102292	163
102316	163
102328	163
102351	163
102375	163
102398	163
102410	163
102433	163
102457	164
102480	164
102503	164
102527	164
102550	164
102574	164
102597	164
102609	164
102632	164
102656	164
102679	164
102703	164
102726	164
102738	164
102761	164
102785	164
102808	164
102832	164
102843	164
102867	164
102890	164
102914	164
102937	164
102949	164
102972	164
102996	164
103019	164
103042	164
103054	164
103078	164
103089	164
103113	164
103125	164
103148	164
103171	164
103195	164
103218	164
103230	164
103253	164
103277	164
103300	164
103324	164
103347	164
103371	164
103394	164
103417	164
103441	164
103464	164
103488	164
103511	164
103535	165
103546	165
103570	165
103593	165
103617	165
103640	165
103664	165
103687	165
103710	165
103734	165
103757	165
103769	165
103792	165
103816	165
103828	165
103851	165
103875	165
103886	165
103910	165
103933	165
103957	165
103980	165
103992	165
104015	165
104039	165
104062	165
104085	165
104109	165
104121	165
104144	165
104167	165
104191	165
104214	165
104226	165
104250	165
104273	165
104296	165
104320	165
104343	165
104355	165
104378	165
104402	165
104425	165
104449	165
104472	165
104496	165
104519	165
104531	165
104554	165
104578	165
104589	166
104613	166
104625	166
104648	166
104671	166
104695	166
104718	166
104742	166
104753	166
104777	166
104800	166
104824	166
104847	166
104859	166
104882	166
104906	166
104929	166
104953	166
104964	166
104988	166
105011	166
105035	166
105058	166
105070	166
105093	166
105117	166
105140	166
105164	166
105187	166
105210	166
105234	166
105257	166
105281	166
105292	166
105316	166
105339	166
105351	166
105375	166
105398	166
105410	166
105433	166
105457	166
105480	166
105492	166
105515	166
105539	166
105562	166
105574	166
105597	166
105621	166
105644	167
105667	167
105679	167
105703	167
105726	167
105750	167
105761	167
105785	167
105808	167
105832	167
105855	167
105878	167
105902	167
105925	167
105949	167
105972	167
105996	167
106007	167
106031	167
106054	167
106078	167
106089	167
106113	167
106136	167
106160	167
106171	167
106195	167
106218	167
106242	167
106253	167
106277	167
106300	167
106324	167
106347	167
106359	167
106382	167
106406	167
106429	167
106453	167
106464	167
106488	167
106511	167
106535	167
106558	167
106570	167
106593	167
106617	167
106652	167
106675	167
106699	167
106722	168
106734	168
106757	168
106781	168
106804	168
106828	168
106839	168
106863	168
106886	168
106898	168
106921	168
106945	168
106968	168
106980	168
107003	168
107027	168
107050	168
107062	168
107085	168
107109	168
107132	168
107156	168
107167	168
107191	168
107214	168
107238	168
107261	168
107273	168
107296	168
107320	168
107343	168
107367	168
107390	168
107414	168
107437	168
107460	168
107484	168
107507	168
107519	168
107542	168
107566	168
107589	168
107601	168
107625	168
107648	168
107671	168
107683	168
107707	168
107730	168
107753	168
107765	169
107789	169
107812	169
107835	169
107859	169
107871	169
107894	169
107917	169
107941	169
107953	169
107976	169
108000	169
108023	169
108046	169
108058	169
108082	169
108105	169
108128	169
108152	169
108175	169
108199	169
108222	169
108246	169
108269	169
108281	169
108304	169
108328	169
108351	169
108375	169
108386	169
108410	169
108433	169
108457	169
108480	169
108492	169
108515	169
108539	169
108562	169
108585	169
108609	169
108621	169
108644	169
108667	169
108691	169
108703	169
108726	169
108750	169
108761	169
108785	169
108808	169
108832	170
108843	170
108867	170
108890	170
108914	170
108937	170
108960	170
108984	170
109007	170
109019	170
109042	170
109066	170
109089	170
109113	170
109125	170
109148	170
109171	170
109195	170
109218	170
109242	170
109253	170
109277	170
109300	170
109324	170
109347	170
109371	170
109394	170
109417	170
109429	170
109453	170
109476	170
109500	170
109511	170
109535	170
109558	170
109582	170
109605	170
109617	170
109652	170
109675	170
109699	170
109710	170
109734	170
109757	170
109781	170
109804	170
109828	170
109851	170
109875	170
109898	170
109910	171
109933	171
109957	171
109980	171
110003	171
110027	171
110050	171
110074	171
110097	171
110109	171
110132	171
110156	171
110179	171
110191	171
110214	171
110226	171
110250	171
110261	171
110285	171
110308	171
110332	171
110343	171
110367	171
110390	171
110414	171
110425	171
110449	171
110472	171
110496	171
110519	171
110531	171
110554	171
110578	171
110601	171
110625	171
110648	171
110671	171
110695	171
110707	171
110742	171
110765	171
110789	171
110812	171
110835	171
110859	171
110882	171
110906	171
110929	171
110941	171
110964	171
110988	172
111011	172
111023	172
111046	172
111070	172
111093	172
111117	172
111140	172
111152	172
111175	172
111199	172
111222	172
111246	172
111269	172
111281	172
111304	172
111328	172
111351	172
111375	172
111386	172
111410	172
111433	172
111457	172
111480	172
111503	172
111527	172
111550	172
111574	172
111597	172
111621	172
111632	172
111656	172
111679	172
111703	172
111726	172
111738	172
111761	172
111785	172
111808	172
111820	172
111843	172
111867	172
111890	172
111902	172
111925	172
111949	172
111972	172
111984	172
112007	172
112031	172
112054	173
112078	173
112101	173
112125	173
112136	173
112160	173
112183	173
112207	173
112230	173
112253	173
112277	173
112312	173
112335	173
112359	173
112371	173
112394	173
112417	173
112441	173
112464	173
112476	173
112500	173
112523	173
112546	173
112570	173
112582	173
112605	173
112628	173
112640	173
112664	173
112687	173
112699	173
112722	173
112746	173
112769	173
112792	173
112804	173
112828	173
112839	173
112863	173
112886	173
112910	173
112921	173
112945	173
112968	173
112992	173
113015	173
113050	173
113074	173
113097	173
113121	173
113132	174
113156	174
113179	174
113203	174
113226	174
113250	174
113273	174
113285	174
113308	174
113332	174
113355	174
113378	174
113390	174
113414	174
113437	174
113449	174
113472	174
113496	174
113519	174
113542	174
113554	174
113578	174
113589	174
113613	174
113625	174
113648	174
113671	174
113695	174
113718	174
113730	174
113753	174
113777	174
113800	174
113824	174
113847	174
113871	174
113894	174
113917	174
113941	174
113964	174
113988	174
114000	174
114023	174
114046	174
114070	174
114093	174
114105	174
114128	174
114152	174
114175	174
114199	175
114222	175
114234	175
114257	175
114281	175
114304	175
114316	175
114339	175
114363	175
114386	175
114398	175
114421	175
114445	175
114468	175
114492	175
114503	175
114527	175
114550	175
114574	175
114597	175
114621	175
114644	175
114667	175
114679	175
114703	175
114726	175
114750	175
114761	175
114785	175
114808	175
114832	175
114855	175
114867	175
114890	175
114914	175
114937	175
114949	175
114972	175
114996	175
115019	175
115042	175
115054	175
115078	175
115089	175
115113	175
115125	175
115148	175
115171	175
115195	175
115218	175
115230	176
115253	176
115277	176
115300	176
115324	176
115347	176
115371	176
115394	176
115406	176
115429	176
115464	176
115488	176
115511	176
115523	176
115546	176
115570	176
115593	176
115617	176
115640	176
115664	176
115687	176
115710	176
115734	176
115746	176
115769	176
115792	176
115816	176
115828	176
115851	176
115875	176
115886	176
115910	176
115933	176
115957	176
115980	176
115992	176
116015	176
116039	176
116062	176
116085	176
116109	176
116132	176
116144	176
116167	176
116191	176
116214	176
116226	176
116250	176
116273	176
116296	176
116320	177
116332	177
116355	177
116378	177
116402	177
116425	177
116449	177
116472	177
116496	177
116507	177
116531	177
116554	177
116566	177
116589	177
116613	177
116625	177
116648	177
116671	177
116695	177
116707	177
116730	177
116753	177
116777	177
116789	177
116812	177
116835	177
116859	177
116882	177
116906	177
116917	177
116941	177
116964	177
116988	177
117000	177
117023	177
117046	177
117070	177
117093	177
117105	177
117128	177
117152	177
117175	177
117199	177
117222	177
117246	177
117269	177
117292	177
117304	177
117328	177
117351	177
117363	178
117386	178
117410	178
117433	178
117445	178
117468	178
117492	178
117515	178
117527	178
117550	178
117574	178
117585	178
117609	178
117632	178
117656	178
117679	178
117691	178
117714	178
117738	178
117761	178
117773	178
117796	178
117820	178
117843	178
117867	178
117890	178
117914	178
117937	178
117960	178
117984	178
118007	178
118019	178
118042	178
118066	178
118089	178
118101	178
118125	178
118148	178
118160	178
118183	178
118207	178
118230	178
118242	178
118265	178
118289	178
118312	178
118324	178
118347	178
118371	178
118394	178
118417	179
118429	179
118453	179
118476	179
118500	179
118511	179
118535	179
118558	179
118582	179
118605	179
118628	179
118652	179
118675	179
118699	179
118722	179
118734	179
118757	179
118781	179
118804	179
118816	179
118839	179
118863	179
118875	179
118898	179
118921	179
118945	179
118968	179
118980	179
119003	179
119027	179
119039	179
119062	179
119085	179
119109	179
119132	179
119144	179
119167	179
119191	179
119214	179
119226	179
119250	179
119273	179
119296	179
119320	179
119343	179
119355	179
119390	179
119414	179
119437	179
119460	179
119472	180
119496	180
119519	180
119542	180
119554	180
119578	180
119601	180
119625	180
119636	180
119660	180
119683	180
119707	180
119718	180
119742	180
119765	180
119777	180
119800	180
119824	180
119847	180
119871	180
119882	180
119906	180
119929	180
119953	180
119964	180
119988	180
120011	180
120023	180
120046	180
120070	180
120093	180
120117	180
120140	180
120164	180
120187	180
120210	180
120222	180
120246	180
120269	180
120292	180
120316	180
120328	180
120351	180
120375	180
120398	180
120421	180
120433	180
120457	180
120480	180
120503	180
120527	181
120550	181
120562	181
120585	181
120609	181
120632	181
120656	181
120667	181
120691	181
120714	181
120726	181
120750	181
120773	181
120796	181
120808	181
120832	181
120855	181
120878	181
120902	181
120925	181
120949	181
120960	181
120984	181
121007	181
121031	181
121054	181
121066	181
121089	181
121113	181
121136	181
121148	181
121171	181
121195	181
121218	181
121242	181
121253	181
121277	181
121300	181
121324	181
121347	181
121371	181
121394	181
121406	181
121429	181
121453	181
121464	181
121488	181
121511	181
121535	181
121546	181
121570	182
121593	182
121617	182
121640	182
121664	182
121687	182
121710	182
121734	182
121746	182
121769	182
121792	182
121816	182
121839	182
121863	182
121886	182
121910	182
121933	182
121945	182
121968	182
121992	182
122015	182
122039	182
122062	182
122085	182
122109	182
122132	182
122144	182
122167	182
122191	182
122203	182
122226	182
122238	182
122261	182
122273	182
122296	182
122320	182
122343	182
122355	182
122378	182
122402	182
122425	182
122437	182
122460	182
122484	182
122507	182
122531	182
122542	182
122566	182
122589	182
122613	182
122636	183
122660	183
122671	183
122695	183
122718	183
122742	183
122765	183
122789	183
122812	183
122835	183
122859	183
122882	183
122906	183
122917	183
122941	183
122964	183
122988	183
123000	183
123023	183
123046	183
123070	183
123093	183
123105	183
123128	183
123152	183
123164	183
123187	183
123210	183
123234	183
123257	183
123269	183
123292	183
123316	183
123339	183
123363	183
123375	183
123398	183
123421	183
123445	183
123457	183
123480	183
123515	183
123539	183
123562	183
123585	183
123609	183
123621	183
123644	183
123667	183
123691	183
123714	184
123726	184
123750	184
123773	184
123796	184
123808	184
123832	184
123855	184
123878	184
123890	184
123914	184
123937	184
123960	184
123972	184
123996	184
124019	184
124042	184
124066	184
124078	184
124101	184
124125	184
124148	184
124171	184
124183	184
124207	184
124230	184
124253	184
124289	184
124312	184
124335	184
124359	184
124371	184
124394	184
124417	184
124441	184
124464	184
124476	184
124500	184
124523	184
124546	184
124558	184
124582	184
124605	184
124628	184
124640	184
124664	184
124675	184
124699	184
124722	184
124746	184
124769	185
124792	185
124804	185
124828	185
124839	185
124863	185
124886	185
124910	185
124921	185
124945	185
124968	185
124992	185
125027	185
125050	185
125074	185
125097	185
125121	185
125132	185
125156	185
125179	185
125203	185
125226	185
125250	185
125273	185
125296	185
125320	185
125332	185
125355	185
125378	185
125402	185
125414	185
125437	185
125460	185
125484	185
125496	185
125519	185
125542	185
125554	185
125578	185
125589	185
125613	185
125625	185
125648	185
125671	185
125695	185
125718	185
125730	185
125753	185
125777	185
125800	185
125824	186
125847	186
125871	186
125894	186
125906	186
125929	186
125953	186
125976	186
126000	186
126023	186
126035	186
126058	186
126082	186
126105	186
126128	186
126152	186
126175	186
126187	186
126210	186
126234	186
126257	186
126281	186
126292	186
126316	186
126339	186
126351	186
126375	186
126398	186
126421	186
126445	186
126457	186
126480	186
126503	186
126527	186
126550	186
126574	186
126597	186
126621	186
126644	186
126656	186
126679	186
126703	186
126726	186
126750	186
126761	186
126785	186
126808	186
126832	186
126843	186
126867	186
126890	187
126914	187
126937	187
126949	187
126972	187
126996	187
127019	187
127031	187
127054	187
127066	187
127089	187
127101	187
127125	187
127148	187
127160	187
127183	187
127207	187
127230	187
127242	187
127265	187
127289	187
127312	187
127335	187
127359	187
127382	187
127406	187
127417	187
127441	187
127476	187
127500	187
127523	187
127535	187
127558	187
127582	187
127605	187
127628	187
127652	187
127675	187
127699	187
127722	187
127734	187
127757	187
127781	187
127804	187
127828	187
127839	187
127863	187
127886	187
127898	187
127921	187
127945	188
127968	188
127992	188
128003	188
128027	188
128050	188
128074	188
128097	188
128121	188
128144	188
128156	188
128179	188
128203	188
128226	188
128250	188
128261	188
128285	188
128308	188
128332	188
128355	188
128378	188
128390	188
128414	188
128437	188
128460	188
128484	188
128507	188
128519	188
128542	188
128566	188
128578	188
128601	188
128613	188
128636	188
128660	188
128683	188
128707	188
128718	188
128742	188
128765	188
128777	188
128800	188
128824	188
128847	188
128871	188
128894	188
128906	188
128929	188
128953	188
128976	188
128988	189
129011	189
129035	189
129058	189
129082	189
129093	189
129117	189
129140	189
129164	189
129187	189
129210	189
129234	189
129257	189
129281	189
129292	189
129316	189
129339	189
129351	189
129375	189
129398	189
129421	189
129445	189
129457	189
129480	189
129503	189
129527	189
129539	189
129562	189
129585	189
129609	189
129632	189
129644	189
129667	189
129691	189
129714	189
129726	189
129750	189
129773	189
129796	189
129808	189
129832	189
129855	189
129878	189
129902	189
129925	189
129949	189
129972	189
129996	189
130019	189
130042	189
130054	190
130078	190
130101	190
130113	190
130136	190
130160	190
130183	190
130195	190
130218	190
130242	190
130265	190
130277	190
130300	190
130324	190
130347	190
130359	190
130382	190
130406	190
130429	190
130453	190
130464	190
130488	190
130511	190
130535	190
130558	190
130570	190
130593	190
130617	190
130652	190
130675	190
130699	190
130722	190
130746	190
130757	190
130781	190
130804	190
130828	190
130839	190
130863	190
130886	190
130910	190
130933	190
130945	190
130968	190
130992	190
131015	190
131039	190
131050	190
131074	190
131097	190
131121	191
131144	191
131167	191
131179	191
131203	191
131226	191
131250	191
131273	191
131285	191
131308	191
131332	191
131355	191
131378	191
131402	191
131425	191
131449	191
131472	191
131496	191
131519	191
131542	191
131554	191
131578	191
131601	191
131613	191
131636	191
131660	191
131683	191
131707	191
131718	191
131742	191
131765	191
131777	191
131800	191
131824	191
131847	191
131871	191
131894	191
131906	191
131929	191
131953	191
131964	191
131988	191
132011	191
132035	191
132058	191
132070	191
132093	191
132117	191
132140	191
132164	191
132187	192
132210	192
132234	192
132257	192
132281	192
132304	192
132328	192
132351	192
132363	192
132386	192
132410	192
132433	192
132457	192
132480	192
132503	192
132515	192
132539	192
132562	192
132585	192
132609	192
132632	192
132656	192
132667	192
132691	192
132714	192
132738	192
132750	192
132773	192
132796	192
132820	192
132843	192
132867	192
132878	192
132902	192
132925	192
132949	192
132972	192
132996	192
133019	192
133042	192
133054	192
133078	192
133101	192
133125	192
133148	192
133160	192
133183	192
133207	192
133230	192
133253	192
133277	193
133300	193
133324	193
133335	193
133359	193
133382	193
133406	193
133429	193
133441	193
133464	193
133488	193
133511	193
133523	193
133546	193
133570	193
133593	193
133617	193
133640	193
133664	193
133687	193
133710	193
133734	193
133757	193
133781	193
133804	193
133828	193
133851	193
133875	193
133898	193
133921	193
133933	193
133957	193
133980	193
134003	193
134039	193
134062	193
134074	193
134097	193
134121	193
134144	193
134167	193
134191	193
134203	193
134226	193
134238	193
134261	193
134285	193
134308	193
134320	193
134343	193
134367	194
134390	194
134402	194
134425	194
134449	194
134472	194
134496	194
134519	194
134542	194
134554	194
134578	194
134601	194
134625	194
134648	194
134671	194
134695	194
134718	194
134742	194
134765	194
134789	194
134812	194
134835	194
134859	194
134882	194
134906	194
134929	194
134941	194
134964	194
134988	194
135011	194
135023	194
135046	194
135070	194
135093	194
135117	194
135140	194
135152	194
135175	194
135199	194
135222	194
135246	194
135269	194
135281	194
135304	194
135328	194
135351	194
135375	194
135398	194
135410	194
135433	194
135457	195
135480	195
135503	195
135539	195
135562	195
135585	195
135609	195
135632	195
135644	195
135667	195
135691	195
135714	195
135738	195
135761	195
135785	195
135796	195
135820	195
135843	195
135867	195
135890	195
135914	195
135925	195
135949	195
135972	195
135996	195
136019	195
136042	195
136066	195
136078	195
136113	195
136125	195
136148	195
136171	195
136195	195
136218	195
136242	195
136265	195
136300	195
136324	195
136347	195
136371	195
136382	195
136406	195
136429	195
136453	195
136476	195
136488	195
136511	195
136535	195
136558	195
136582	196
136593	196
136617	196
136640	196
136652	196
136675	196
136699	196
136722	196
136746	196
136769	196
136781	196
136804	196
136828	196
136839	196
136863	196
136886	196
136910	196
136933	196
136945	196
136980	196
137003	196
137027	196
137062	196
137085	196
137109	196
137132	196
137144	196
137167	196
137191	196
137226	196
137250	196
137273	196
137285	196
137308	196
137332	196
137355	196
137378	196
137402	196
137414	196
137437	196
137460	196
137484	196
137507	196
137531	196
137554	196
137566	196
137578	196
137601	196
137625	196
137636	196
137660	197
137683	197
137707	197
137730	197
137753	197
137777	197
137800	197
137824	197
137847	197
137871	197
137894	197
137906	197
137929	197
137953	197
137976	197
138000	197
138023	197
138046	197
138070	197
138093	197
138105	197
138128	197
138152	197
138175	197
138199	197
138222	197
138246	197
138269	197
138281	197
138304	197
138328	197
138351	197
138363	197
138386	197
138410	197
138433	197
138457	197
138480	197
138503	197
138527	197
138550	197
138574	197
138597	197
138621	197
138644	197
138656	197
138679	197
138703	197
138726	197
138750	197
138773	198
138796	198
138820	198
138832	198
138855	198
138878	198
138902	198
138925	198
138949	198
138960	198
138984	198
139007	198
139031	198
139054	198
139066	198
139089	198
139101	198
139125	198
139148	198
139171	198
139195	198
139218	198
139230	198
139253	198
139277	198
139300	198
139324	198
139347	198
139371	198
139394	198
139417	198
139441	198
139464	198
139488	198
139511	198
139535	198
139558	198
139582	198
139605	198
139628	198
139652	198
139675	198
139699	198
139722	198
139746	198
139757	198
139781	198
139804	198
139828	198
139839	198
139863	199
139886	199
139910	199
139933	199
139945	199
139968	199
139992	199
140015	199
140039	199
140062	199
140085	199
140109	199
140132	199
140156	199
140167	199
140191	199
140214	199
140238	199
140261	199
140285	199
140308	199
140320	199
140343	199
140367	199
140390	199
140414	199
140437	199
140460	199
140484	199
140507	199
140531	199
140554	199
140566	199
140589	199
140613	199
140625	199
140648	199
140671	199
140695	199
140718	199
140742	199
140753	199
140777	199
140800	199
140824	199
140847	199
140871	199
140894	199
140906	199
140929	199
140953	200
140976	200
141000	200
141023	200
141035	200
141058	200
141082	200
141105	200
141128	200
141152	200
141175	200
141199	200
141222	200
141246	200
141269	200
141292	200
141304	200
141328	200
141351	200
141363	200
141386	200
141410	200
141433	200
141457	200
141468	200
141492	200
141515	200
141539	200
141562	200
141574	200
141597	200
141621	200
141644	200
141667	200
141691	200
141714	200
141726	200
141750	200
141773	200
141796	200
141820	200
141843	200
141867	200
141890	200
141914	200
141937	200
141960	200
141984	200
142007	200
142031	200
142054	201
142078	201
142089	201
142113	201
142136	201
142160	201
142171	201
142195	201
142218	201
142242	201
142265	201
142289	201
142300	201
142324	201
142347	201
142371	201
142394	201
142417	201
142429	201
142453	201
142476	201
142500	201
142523	201
142546	201
142558	201
142582	201
142605	201
142628	201
142664	201
142687	201
142710	201
142734	201
142746	201
142769	201
142792	201
142816	201
142839	201
142851	201
142875	201
142898	201
142921	201
142945	201
142957	201
142980	201
143003	201
143027	201
143050	201
143062	201
143085	201
143109	201
143132	202
143156	202
143179	202
143203	202
143214	202
143238	202
143261	202
143285	202
143308	202
143332	202
143355	202
143378	202
143402	202
143425	202
143449	202
143472	202
143496	202
143519	202
143542	202
143566	202
143578	202
143601	202
143625	202
143648	202
143671	202
143695	202
143707	202
143730	202
143753	202
143777	202
143800	202
143812	202
143835	202
143859	202
143882	202
143906	202
143929	202
143941	202
143964	202
143988	202
144011	202
144023	202
144046	202
144070	202
144093	202
144117	202
144140	202
144164	202
144187	202
144210	202
144234	203
144257	203
144281	203
144292	203
144316	203
144339	203
144363	203
144386	203
144410	203
144421	203
144445	203
144468	203
144492	203
144515	203
144539	203
144562	203
144585	203
144609	203
144621	203
144644	203
144667	203
144691	203
144714	203
144726	203
144750	203
144773	203
144796	203
144820	203
144843	203
144855	203
144878	203
144902	203
144925	203
144949	203
144972	203
144996	203
145019	203
145042	203
145066	203
145089	203
145113	203
145136	203
145148	203
145171	203
145195	203
145218	203
145242	203
145265	203
145289	203
145312	203
145335	204
145359	204
145382	204
145406	204
145417	204
145441	204
145464	204
145488	204
145511	204
145523	204
145546	204
145570	204
145593	204
145617	204
145640	204
145664	204
145687	204
145710	204
145734	204
145757	204
145781	204
145804	204
145828	204
145851	204
145875	204
145898	204
145910	204
145933	204
145957	204
145980	204
146003	204
146027	204
146050	204
146074	204
146097	204
146121	204
146144	204
146167	204
146179	204
146203	204
146214	204
146238	204
146250	204
146273	204
146296	204
146320	204
146343	204
146367	204
146378	204
146402	204
146425	205
146449	205
146472	205
146496	205
146519	205
146542	205
146554	205
146589	205
146613	205
146636	205
146648	205
146671	205
146695	205
146718	205
146742	205
146777	205
146800	205
146824	205
146847	205
146871	205
146894	205
146917	205
146929	205
146953	205
146976	205
147000	205
147023	205
147035	205
147058	205
147082	205
147105	205
147128	205
147152	205
147164	205
147187	205
147210	205
147234	205
147257	205
147281	205
147304	205
147316	205
147339	205
147363	205
147386	205
147410	205
147421	205
147445	205
147468	205
147492	205
147527	205
147550	206
147574	206
147597	206
147621	206
147632	206
147656	206
147679	206
147703	206
147726	206
147750	206
147773	206
147785	206
147808	206
147832	206
147855	206
147878	206
147902	206
147914	206
147937	206
147960	206
147984	206
148007	206
148031	206
148054	206
148078	206
148101	206
148125	206
148148	206
148160	206
148183	206
148207	206
148230	206
148265	206
148289	206
148312	206
148335	206
148359	206
148382	206
148406	206
148429	206
148453	206
148464	206
148488	206
148511	206
148535	206
148558	206
148582	206
148593	206
148617	206
148640	206
148652	207
148675	207
148699	207
148722	207
148746	207
148769	207
148781	207
148804	207
148828	207
148839	207
148863	207
148886	207
148910	207
148921	207
148945	207
148968	207
149003	207
149027	207
149050	207
149074	207
149097	207
149121	207
149144	207
149167	207
149191	207
149214	207
149238	207
149261	207
149285	207
149308	207
149332	207
149343	207
149367	207
149390	207
149414	207
149437	207
149449	207
149472	207
149496	207
149519	207
149542	207
149554	207
149578	207
149589	207
149613	207
149636	207
149660	207
149683	207
149695	207
149718	207
149742	208
149765	208
149789	208
149812	208
149835	208
149859	208
149882	208
149906	208
149929	208
149953	208
149976	208
150000	208
150023	208
150035	208
150058	208
150082	208
150105	208
150128	208
150152	208
150175	208
150199	208
150222	208
150234	208
150257	208
150281	208
150304	208
150328	208
150339	208
150363	208
150386	208
150410	208
150433	208
150445	208
150468	208
150492	208
150515	208
150539	208
150562	208
150585	208
150609	208
150632	208
150656	208
150679	208
150691	208
150714	208
150738	208
150761	208
150785	208
150796	208
150820	208
150843	209
150867	209
150890	209
150914	209
150925	209
150949	209
150972	209
150996	209
151019	209
151042	209
151054	209
151078	209
151089	209
151113	209
151136	209
151148	209
151171	209
151195	209
151218	209
151242	209
151265	209
151289	209
151312	209
151335	209
151359	209
151382	209
151406	209
151429	209
151453	209
151476	209
151500	209
151523	209
151546	209
151570	209
151593	209
151617	209
151640	209
151664	209
151687	209
151710	209
151734	209
151746	209
151769	209
151792	209
151816	209
151839	209
151851	209
151875	209
151898	209
151921	209
151933	210
151957	210
151980	210
152003	210
152027	210
152050	210
152074	210
152097	210
152109	210
152132	210
152156	210
152179	210
152203	210
152226	210
152238	210
152261	210
152285	210
152308	210
152332	210
152355	210
152378	210
152402	210
152414	210
152437	210
152460	210
152484	210
152507	210
152531	210
152554	210
152566	210
152589	210
152601	210
152625	210
152648	210
152671	210
152695	210
152718	210
152730	210
152753	210
152777	210
152800	210
152824	210
152835	210
152859	210
152882	210
152906	210
152929	210
152953	210
152976	210
152988	210
153011	211
153035	211
153058	211
153082	211
153105	211
153128	211
153152	211
153175	211
153199	211
153222	211
153246	211
153269	211
153281	211
153304	211
153328	211
153339	211
153363	211
153386	211
153410	211
153433	211
153445	211
153468	211
153492	211
153515	211
153527	211
153550	211
153574	211
153597	211
153621	211
153644	211
153656	211
153679	211
153703	211
153726	211
153750	211
153761	211
153785	211
153808	211
153832	211
153855	211
153878	211
153902	211
153925	211
153949	211
153972	211
153996	211
154007	211
154031	211
154054	211
154078	211
154089	212
154113	212
154136	212
154160	212
154171	212
154195	212
154218	212
154242	212
154265	212
154277	212
154300	212
154324	212
154347	212
154371	212
154394	212
154406	212
154429	212
154453	212
154476	212
154500	212
154523	212
154535	212
154558	212
154582	212
154605	212
154628	212
154652	212
154687	212
154710	212
154722	212
154746	212
154769	212
154792	212
154816	212
154839	212
154851	212
154875	212
154898	212
154921	212
154933	212
154957	212
154980	212
155003	212
155027	212
155039	212
155062	212
155085	212
155109	212
155132	212
155156	212
155167	213
155191	213
155214	213
155238	213
155261	213
155273	213
155296	213
155320	213
155343	213
155367	213
155390	213
155414	213
155437	213
155460	213
155484	213
155507	213
155531	213
155554	213
155566	213
155589	213
155613	213
155625	213
155648	213
155671	213
155695	213
155718	213
155742	213
155753	213
155777	213
155800	213
155824	213
155835	213
155859	213
155882	213
155906	213
155929	213
155953	213
155964	213
155988	213
156011	213
156035	213
156058	213
156070	213
156093	213
156117	213
156140	213
156175	213
156199	213
156222	213
156234	213
156257	214
156281	214
156304	214
156328	214
156351	214
156375	214
156386	214
156410	214
156433	214
156457	214
156480	214
156503	214
156527	214
156550	214
156562	214
156585	214
156609	214
156632	214
156656	214
156679	214
156691	214
156714	214
156738	214
156761	214
156773	214
156796	214
156820	214
156843	214
156867	214
156890	214
156914	214
156937	214
156960	214
156984	214
156996	214
157019	214
157042	214
157066	214
157089	214
157113	214
157136	214
157148	214
157171	214
157195	214
157218	214
157242	214
157265	214
157289	214
157312	214
157335	214
157359	215
157371	215
157394	215
157417	215
157441	215
157464	215
157476	215
157500	215
157523	215
157546	215
157570	215
157593	215
157605	215
157640	215
157664	215
157687	215
157710	215
157734	215
157757	215
157769	215
157792	215
157816	215
157851	215
157875	215
157898	215
157910	215
157933	215
157957	215
157980	215
158003	215
158027	215
158050	215
158074	215
158097	215
158121	215
158144	215
158167	215
158179	215
158203	215
158214	215
158238	215
158250	215
158273	215
158296	215
158320	215
158343	215
158367	215
158378	215
158402	215
158425	215
158449	216
158472	216
158496	216
158507	216
158531	216
158554	216
158578	216
158601	216
158625	216
158648	216
158671	216
158695	216
158718	216
158742	216
158765	216
158789	216
158812	216
158835	216
158859	216
158882	216
158906	216
158929	216
158953	216
158964	216
158988	216
159011	216
159035	216
159058	216
159082	216
159093	216
159117	216
159140	216
159164	216
159187	216
159210	216
159222	216
159246	216
159269	216
159292	216
159316	216
159339	216
159363	216
159386	216
159398	216
159421	216
159445	216
159468	216
159492	216
159515	216
159550	216
159574	217
159597	217
159621	217
159632	217
159656	217
159679	217
159703	217
159726	217
159750	217
159761	217
159785	217
159808	217
159832	217
159855	217
159878	217
159890	217
159914	217
159937	217
159960	217
159984	217
160007	217
160031	217
160042	217
160066	217
160089	217
160113	217
160136	217
160160	217
160183	217
160195	217
160230	217
160253	217
160277	217
160300	217
160335	217
160359	217
160371	217
160394	217
160417	217
160441	217
160464	217
160488	217
160500	217
160523	217
160546	217
160570	217
160593	217
160617	217
160628	217
160652	217
160675	218
160687	218
160710	218
160734	218
160757	218
160781	218
160804	218
160816	218
160839	218
160863	218
160886	218
160898	218
160921	218
160945	218
160968	218
160992	218
161027	218
161050	218
161074	218
161097	218
161121	218
161144	218
161167	218
161191	218
161214	218
161238	218
161261	218
161285	218
161308	218
161332	218
161343	218
161367	218
161390	218
161414	218
161437	218
161449	218
161472	218
161496	218
161519	218
timepoint: 196.88