0	0
0	0
0	0
0	0
0	0
0	0
0	0
0	0
0	0
0	0
0	0
0	0
0	0
0	0
0	0
0	0
0	0
0	0
0	0
0	0
0	0
0	0
0	0
0	0
0	0
0	0
0	0
0	0
0	0
0	0
0	0
0	0
0	0
0	0
0	0
0	0
0	0
0	0
0	0
0	0
0	0
0	0
0	0
0	0
0	0
0	0
0	0
0	0
0	0
0	0
0	1
0	1
0	1
0	1
0	1
0	1
0	1
0	1
0	1
0	1
0	1
0	1
0	1
0	1
0	1
0	1
0	1
0	1
0	1
0	1
0	1
0	1
0	1
0	1
0	1
0	1
0	1
0	1
0	1
0	1
0	1
0	1
0	1
0	1
0	1
0	1
0	1
0	1
0	1
0	1
0	1
0	1
0	1
0	1
0	1
0	1
0	1
0	1
0	1
0	1
0	2
0	2
0	2
0	2
0	2
0	2
0	2
0	2
0	2
0	2
0	2
0	2
0	2
0	2
0	2
0	2
0	2
0	2
0	2
0	2
0	2
0	2
0	2
0	2
0	2
0	2
0	2
0	2
0	2
0	2
0	2
0	2
0	2
0	2
0	2
0	2
0	2
0	2
0	2
0	2
0	2
0	2
0	2
0	2
0	2
0	2
0	2
0	2
0	2
0	2
0	3
0	3
0	3
0	3
0	3
0	3
0	3
0	3
0	3
0	3
0	3
0	3
0	3
0	3
0	3
0	3
0	3
0	3
0	3
0	3
0	3
0	3
0	3
0	3
0	3
0	3
0	3
0	3
0	3
0	3
0	3
0	3
0	3
0	3
0	3
0	3
0	3
0	3
0	3
0	3
0	3
0	3
0	3
0	3
0	3
0	3
0	3
0	3
0	3
0	3
0	4
0	4
0	4
0	4
0	4
0	4
0	4
0	4
0	4
0	4
0	4
0	4
0	4
0	4
0	4
0	4
0	4
0	4
0	4
0	4
0	4
0	4
0	4
0	4
0	4
0	4
0	4
0	4
0	4
0	4
0	4
0	4
0	4
0	4
0	4
0	4
0	4
0	4
0	4
0	4
0	4
0	4
0	4
0	4
0	4
0	4
0	4
0	4
0	4
0	4
11	5
11	5
11	5
11	5
11	5
11	5
11	5
11	5
11	5
11	5
23	5
23	5
23	5
23	5
23	5
23	5
23	5
23	5
23	5
23	5
35	5
35	5
35	5
35	5
35	5
35	5
35	5
35	5
35	5
35	5
35	5
35	5
35	5
35	5
35	5
35	5
35	5
35	5
35	5
35	5
35	5
35	5
35	5
23	5
23	5
23	5
23	5
23	5
23	5
23	5
23	6
23	6
23	6
23	6
23	6
23	6
23	6
23	6
23	6
23	6
23	6
23	6
23	6
23	6
23	6
23	6
23	6
23	6
23	6
23	6
23	6
23	6
23	6
23	6
23	6
23	6
23	6
23	6
23	6
23	6
23	6
23	6
23	6
35	6
35	6
35	6
35	6
35	6
35	6
35	6
35	6
35	6
35	6
35	6
35	6
35	6
35	6
35	6
35	6
35	6
35	7
35	7
35	7
35	7
35	7
35	7
35	7
35	7
35	7
35	7
35	7
35	7
35	7
35	7
35	7
35	7
35	7
35	7
35	7
35	7
35	7
35	7
35	7
35	7
35	7
35	7
35	7
35	7
35	7
23	7
23	7
23	7
23	7
23	7
23	7
23	7
23	7
23	7
23	7
23	7
23	7
23	7
23	7
23	7
35	7
35	7
35	7
35	7
35	7
35	7
35	8
35	8
35	8
35	8
35	8
35	8
35	8
35	8
35	8
35	8
35	8
35	8
35	8
35	8
35	8
46	8
46	8
46	8
46	8
46	8
46	8
46	8
46	8
46	8
46	8
46	8
46	8
46	8
46	8
46	8
46	8
46	8
46	8
46	8
46	8
46	8
46	8
46	8
46	8
35	8
35	8
35	8
35	8
35	8
35	8
35	8
35	8
35	8
35	8
35	8
35	9
35	9
35	9
35	9
35	9
35	9
35	9
35	9
35	9
35	9
35	9
35	9
35	9
35	9
35	9
35	9
35	9
35	9
35	9
35	9
35	9
35	9
35	9
35	9
35	9
35	9
35	9
35	9
35	9
35	9
35	9
35	9
35	9
35	9
35	9
35	9
35	9
46	9
46	9
46	9
46	9
46	9
46	9
46	9
46	9
46	9
46	9
46	9
46	9
46	9
46	10
46	10
46	10
46	10
46	10
46	10
46	10
46	10
46	10
46	10
46	10
46	10
46	10
46	10
46	10
46	10
35	10
35	10
35	10
35	10
35	10
35	10
35	10
35	10
35	10
35	10
35	10
35	10
35	10
35	10
35	10
35	10
35	10
35	10
35	10
35	10
35	10
35	10
35	10
35	10
35	10
35	10
35	10
35	10
35	10
35	10
35	10
35	10
35	10
35	10
35	11
35	11
35	11
35	11
35	11
35	11
35	11
35	11
35	11
35	11
35	11
35	11
35	11
35	11
46	11
46	11
46	11
46	11
46	11
46	11
46	11
46	11
46	11
46	11
46	11
46	11
46	11
46	11
46	11
46	11
46	11
46	11
46	11
46	11
46	11
46	11
46	11
46	11
46	11
46	11
46	11
46	11
46	11
46	11
35	11
35	11
35	11
35	11
35	11
35	11
35	12
35	12
35	12
35	12
35	12
35	12
35	12
35	12
35	12
35	12
35	12
35	12
35	12
35	12
35	12
35	12
35	12
35	12
35	12
35	12
35	12
35	12
35	12
35	12
35	12
35	12
35	12
35	12
35	12
35	12
35	12
35	12
35	12
35	12
35	12
35	12
35	12
35	12
35	12
35	12
35	12
35	12
35	12
35	12
35	12
35	12
35	12
35	12
35	12
35	12
35	13
35	13
35	13
35	13
35	13
35	13
35	13
35	13
35	13
35	13
35	13
35	13
35	13
35	13
35	13
35	13
35	13
35	13
35	13
35	13
35	13
35	13
35	13
35	13
35	13
35	13
35	13
35	13
35	13
35	13
35	13
35	13
35	13
35	13
35	13
35	13
35	13
35	13
35	13
35	13
35	13
35	13
35	13
35	13
35	13
35	13
35	13
35	13
35	13
35	13
35	14
35	14
35	14
35	14
35	14
35	14
35	14
35	14
35	14
35	14
35	14
35	14
35	14
35	14
35	14
35	14
35	14
35	14
35	14
35	14
35	14
35	14
35	14
35	14
35	14
35	14
35	14
35	14
35	14
35	14
35	14
35	14
35	14
35	14
35	14
35	14
35	14
35	14
35	14
35	14
35	14
35	14
35	14
35	14
35	14
35	14
35	14
35	14
35	14
35	14
35	15
35	15
35	15
35	15
35	15
35	15
35	15
35	15
35	15
35	15
35	15
35	15
35	15
35	15
35	15
35	15
35	15
35	15
35	15
35	15
35	15
35	15
35	15
35	15
35	15
35	15
35	15
35	15
35	15
35	15
35	15
35	15
35	15
35	15
35	15
35	15
35	15
35	15
35	15
35	15
35	15
35	15
35	15
35	15
35	15
35	15
35	15
35	15
35	15
35	15
35	16
35	16
35	16
35	16
35	16
35	16
35	16
35	16
35	16
35	16
35	16
35	16
35	16
35	16
35	16
35	16
35	16
35	16
35	16
35	16
35	16
35	16
35	16
35	16
35	16
35	16
35	16
35	16
35	16
35	16
35	16
35	16
35	16
35	16
35	16
35	16
35	16
35	16
35	16
35	16
35	16
35	16
35	16
35	16
35	16
35	16
35	16
35	16
35	16
35	16
35	17
35	17
35	17
35	17
35	17
35	17
35	17
35	17
35	17
35	17
35	17
35	17
35	17
35	17
35	17
35	17
35	17
35	17
35	17
35	17
35	17
35	17
35	17
35	17
35	17
35	17
35	17
35	17
35	17
35	17
35	17
35	17
35	17
35	17
35	17
35	17
35	17
35	17
35	17
35	17
35	17
35	17
35	17
35	17
35	17
35	17
35	17
35	17
35	17
35	17
35	18
35	18
35	18
35	18
35	18
35	18
35	18
35	18
35	18
35	18
35	18
35	18
35	18
35	18
35	18
35	18
35	18
35	18
35	18
35	18
35	18
35	18
35	18
35	18
35	18
35	18
35	18
35	18
35	18
35	18
35	18
35	18
35	18
35	18
35	18
35	18
35	18
35	18
35	18
35	18
35	18
35	18
35	18
35	18
35	18
35	18
35	18
35	18
35	18
35	18
35	19
35	19
35	19
35	19
35	19
35	19
35	19
35	19
35	19
35	19
35	19
35	19
35	19
35	19
35	19
35	19
35	19
35	19
35	19
35	19
35	19
35	19
35	19
35	19
35	19
35	19
35	19
35	19
35	19
35	19
35	19
35	19
35	19
35	19
35	19
35	19
35	19
35	19
35	19
35	19
35	19
35	19
35	19
35	19
35	19
35	19
35	19
35	19
35	19
35	19
35	20
35	20
35	20
35	20
35	20
35	20
35	20
35	20
35	20
35	20
35	20
35	20
35	20
35	20
35	20
35	20
35	20
35	20
35	20
35	20
35	20
35	20
35	20
35	20
35	20
35	20
35	20
35	20
35	20
35	20
35	20
35	20
35	20
35	20
35	20
35	20
35	20
35	20
35	20
35	20
35	20
35	20
35	20
35	20
35	20
35	20
35	20
35	20
35	20
35	20
35	21
35	21
35	21
35	21
35	21
35	21
35	21
35	21
35	21
35	21
35	21
35	21
35	21
35	21
35	21
35	21
35	21
35	21
35	21
35	21
35	21
35	21
35	21
35	21
35	21
35	21
35	21
35	21
35	21
35	21
35	21
35	21
35	21
35	21
35	21
35	21
35	21
35	21
35	21
35	21
35	21
35	21
35	21
35	21
35	21
35	21
35	21
35	21
35	21
35	21
35	22
35	22
35	22
35	22
35	22
35	22
35	22
35	22
35	22
35	22
35	22
35	22
35	22
35	22
35	22
35	22
35	22
35	22
35	22
35	22
35	22
35	22
35	22
35	22
35	22
35	22
35	22
35	22
35	22
35	22
35	22
35	22
35	22
35	22
35	22
35	22
35	22
35	22
35	22
35	22
35	22
35	22
35	22
35	22
35	22
35	22
35	22
35	22
35	22
35	22
35	23
35	23
35	23
35	23
35	23
35	23
35	23
35	23
35	23
35	23
35	23
35	23
35	23
35	23
35	23
35	23
35	23
35	23
35	23
35	23
35	23
35	23
35	23
35	23
35	23
35	23
35	23
35	23
35	23
35	23
35	23
35	23
35	23
35	23
35	23
35	23
35	23
35	23
35	23
35	23
35	23
35	23
35	23
35	23
35	23
35	23
35	23
35	23
35	23
35	23
35	24
35	24
35	24
35	24
35	24
35	24
35	24
35	24
35	24
35	24
35	24
35	24
35	24
35	24
35	24
35	24
35	24
35	24
35	24
35	24
35	24
35	24
35	24
35	24
35	24
35	24
35	24
35	24
35	24
35	24
35	24
35	24
35	24
35	24
35	24
35	24
35	24
35	24
35	24
35	24
35	24
35	24
35	24
35	24
35	24
35	24
35	24
35	24
35	24
35	24
35	25
35	25
35	25
35	25
35	25
35	25
35	25
35	25
35	25
35	25
35	25
35	25
35	25
35	25
35	25
35	25
35	25
35	25
35	25
35	25
35	25
35	25
35	25
35	25
35	25
35	25
35	25
35	25
35	25
35	25
35	25
35	25
35	25
35	25
35	25
35	25
35	25
35	25
35	25
35	25
35	25
35	25
35	25
35	25
35	25
35	25
35	25
35	25
35	25
35	25
35	26
35	26
35	26
35	26
35	26
35	26
35	26
35	26
35	26
35	26
35	26
35	26
35	26
35	26
35	26
35	26
35	26
35	26
35	26
35	26
35	26
35	26
35	26
35	26
35	26
35	26
35	26
35	26
35	26
35	26
35	26
35	26
35	26
35	26
35	26
35	26
35	26
35	26
35	26
35	26
35	26
35	26
35	26
35	26
35	26
35	26
35	26
35	26
35	26
35	26
35	27
35	27
35	27
35	27
35	27
35	27
35	27
35	27
35	27
35	27
35	27
35	27
35	27
35	27
35	27
35	27
35	27
35	27
35	27
35	27
35	27
35	27
35	27
35	27
35	27
35	27
35	27
35	27
35	27
35	27
35	27
35	27
35	27
35	27
35	27
35	27
35	27
35	27
35	27
35	27
35	27
35	27
35	27
35	27
35	27
35	27
35	27
35	27
35	27
35	27
35	28
35	28
35	28
35	28
35	28
35	28
35	28
35	28
35	28
35	28
35	28
35	28
46	28
46	28
46	28
46	28
35	28
35	28
35	28
35	28
46	28
46	28
46	28
46	28
46	28
46	28
46	28
46	28
46	28
46	28
46	28
46	28
46	28
46	28
46	28
46	28
46	28
46	28
46	28
46	28
46	28
46	28
46	28
46	28
46	28
46	28
46	28
46	28
46	28
58	28
58	29
58	29
58	29
58	29
58	29
58	29
58	29
58	29
58	29
58	29
58	29
58	29
58	29
58	29
58	29
58	29
58	29
58	29
70	29
70	29
70	29
70	29
70	29
70	29
70	29
70	29
70	29
70	29
70	29
70	29
70	29
70	29
70	29
70	29
70	29
82	29
82	29
82	29
82	29
82	29
82	29
82	29
82	29
82	29
82	29
82	29
82	29
82	29
82	29
82	29
82	30
93	30
93	30
93	30
93	30
93	30
93	30
93	30
93	30
93	30
93	30
93	30
93	30
93	30
105	30
105	30
105	30
105	30
105	30
105	30
105	30
105	30
105	30
105	30
105	30
117	30
117	30
117	30
117	30
117	30
117	30
117	30
117	30
117	30
117	30
117	30
128	30
128	30
128	30
128	30
128	30
128	30
128	30
128	30
128	30
128	30
128	30
140	30
140	30
140	30
140	31
140	31
140	31
140	31
140	31
140	31
152	31
152	31
152	31
152	31
152	31
152	31
152	31
152	31
152	31
152	31
152	31
164	31
164	31
164	31
164	31
164	31
164	31
164	31
164	31
164	31
164	31
175	31
175	31
175	31
175	31
175	31
175	31
175	31
175	31
175	31
187	31
187	31
187	31
187	31
187	31
187	31
187	31
187	31
187	31
199	31
199	31
199	31
199	31
199	31
199	32
199	32
199	32
210	32
210	32
210	32
210	32
210	32
210	32
210	32
210	32
222	32
222	32
222	32
222	32
222	32
222	32
222	32
222	32
234	32
234	32
234	32
234	32
234	32
234	32
234	32
234	32
246	32
246	32
246	32
246	32
246	32
246	32
246	32
246	32
257	32
257	32
257	32
257	32
257	32
257	32
257	32
269	32
269	32
269	32
269	32
269	32
269	32
269	32
269	32
281	33
281	33
281	33
281	33
281	33
281	33
281	33
292	33
292	33
292	33
292	33
292	33
292	33
292	33
304	33
304	33
304	33
304	33
304	33
304	33
316	33
316	33
316	33
316	33
316	33
316	33
328	33
328	33
328	33
328	33
328	33
328	33
339	33
339	33
339	33
339	33
339	33
339	33
339	33
351	33
351	33
351	33
351	33
351	33
363	33
363	33
363	33
363	33
363	33
363	33
375	34
375	34
375	34
375	34
375	34
375	34
386	34
386	34
386	34
386	34
386	34
398	34
398	34
398	34
398	34
398	34
398	34
410	34
410	34
410	34
410	34
410	34
421	34
421	34
421	34
421	34
421	34
433	34
433	34
433	34
433	34
433	34
433	34
445	34
445	34
445	34
445	34
445	34
457	34
457	34
457	34
457	34
457	34
468	34
468	34
468	34
468	34
468	34
480	34
480	34
480	35
480	35
480	35
480	35
492	35
492	35
492	35
492	35
492	35
503	35
503	35
503	35
503	35
503	35
503	35
515	35
515	35
515	35
515	35
515	35
527	35
527	35
527	35
527	35
527	35
539	35
539	35
539	35
539	35
539	35
539	35
550	35
550	35
550	35
550	35
550	35
562	35
562	35
562	35
562	35
562	35
574	35
574	35
574	35
574	35
574	35
574	35
585	35
585	35
585	35
585	36
585	36
597	36
597	36
597	36
597	36
597	36
609	36
609	36
609	36
609	36
609	36
621	36
621	36
621	36
621	36
621	36
632	36
632	36
632	36
632	36
632	36
644	36
644	36
644	36
644	36
644	36
656	36
656	36
656	36
656	36
656	36
667	36
667	36
667	36
667	36
667	36
679	36
679	36
679	36
679	36
679	36
691	36
691	36
691	36
691	36
691	36
703	36
703	36
703	36
703	37
714	37
714	37
714	37
714	37
714	37
714	37
726	37
726	37
726	37
726	37
738	37
738	37
738	37
738	37
738	37
750	37
750	37
750	37
750	37
750	37
761	37
761	37
761	37
761	37
761	37
773	37
773	37
773	37
773	37
785	37
785	37
785	37
785	37
785	37
796	37
796	37
796	37
796	37
808	37
808	37
808	37
808	37
808	37
820	37
820	37
820	37
820	37
832	37
832	37
832	38
832	38
832	38
843	38
843	38
843	38
843	38
855	38
855	38
855	38
855	38
867	38
867	38
867	38
867	38
867	38
878	38
878	38
878	38
878	38
890	38
890	38
890	38
890	38
902	38
902	38
902	38
902	38
902	38
914	38
914	38
914	38
914	38
914	38
925	38
925	38
925	38
925	38
925	38
937	38
937	38
937	38
937	38
937	38
937	38
949	38
949	38
949	38
949	38
949	38
960	39
960	39
960	39
960	39
960	39
972	39
972	39
972	39
972	39
972	39
972	39
984	39
984	39
984	39
984	39
996	39
996	39
996	39
996	39
1007	39
1007	39
1007	39
1007	39
1007	39
1019	39
1019	39
1019	39
1019	39
1031	39
1031	39
1031	39
1031	39
1042	39
1042	39
1042	39
1042	39
1054	39
1054	39
1054	39
1054	39
1066	39
1066	39
1066	39
1066	39
1078	39
1078	39
1078	39
1078	39
1078	39
1089	39
1089	40
1089	40
1089	40
1101	40
1101	40
1101	40
1101	40
1113	40
1113	40
1113	40
1113	40
1125	40
1125	40
1125	40
1125	40
1136	40
1136	40
1136	40
1136	40
1148	40
1148	40
1148	40
1160	40
1160	40
1160	40
1160	40
1171	40
1171	40
1171	40
1183	40
1183	40
1183	40
1183	40
1195	40
1195	40
1195	40
1195	40
1207	40
1207	40
1207	40
1218	40
1218	40
1218	40
1218	40
1230	40
1230	40
1230	40
1230	40
1242	40
1242	40
1242	41
1242	41
1253	41
1253	41
1253	41
1253	41
1265	41
1265	41
1265	41
1265	41
1277	41
1277	41
1277	41
1277	41
1289	41
1289	41
1289	41
1300	41
1300	41
1300	41
1300	41
1312	41
1312	41
1312	41
1324	41
1324	41
1324	41
1335	41
1335	41
1335	41
1335	41
1347	41
1347	41
1347	41
1359	41
1359	41
1359	41
1371	41
1371	41
1371	41
1371	41
1382	41
1382	41
1382	41
1382	41
1394	41
1394	41
1394	41
1394	41
1406	41
1406	42
1406	42
1406	42
1417	42
1417	42
1417	42
1417	42
1429	42
1429	42
1429	42
1441	42
1441	42
1441	42
1441	42
1453	42
1453	42
1453	42
1464	42
1464	42
1464	42
1464	42
1476	42
1476	42
1476	42
1488	42
1488	42
1488	42
1500	42
1500	42
1500	42
1500	42
1511	42
1511	42
1511	42
1523	42
1523	42
1523	42
1535	42
1535	42
1535	42
1546	42
1546	42
1546	42
1546	42
1558	42
1558	42
1558	42
1570	42
1570	42
1570	42
1570	43
1582	43
1582	43
1582	43
1593	43
1593	43
1593	43
1593	43
1605	43
1605	43
1605	43
1617	43
1617	43
1617	43
1617	43
1628	43
1628	43
1628	43
1640	43
1640	43
1640	43
1640	43
1652	43
1652	43
1652	43
1652	43
1664	43
1664	43
1664	43
1675	43
1675	43
1675	43
1675	43
1687	43
1687	43
1687	43
1699	43
1699	43
1699	43
1699	43
1710	43
1710	43
1710	43
1710	43
1722	43
1722	43
1722	43
1722	43
1734	43
1734	43
1734	44
1746	44
1746	44
1746	44
1746	44
1757	44
1757	44
1757	44
1769	44
1769	44
1769	44
1769	44
1781	44
1781	44
1781	44
1792	44
1792	44
1792	44
1792	44
1804	44
1804	44
1804	44
1816	44
1816	44
1816	44
1828	44
1828	44
1828	44
1828	44
1839	44
1839	44
1839	44
1851	44
1851	44
1851	44
1863	44
1863	44
1863	44
1863	44
1875	44
1875	44
1875	44
1886	44
1886	44
1886	44
1898	44
1898	44
1898	44
1910	44
1910	44
1910	45
1921	45
1921	45
1921	45
1933	45
1933	45
1933	45
1945	45
1945	45
1945	45
1957	45
1957	45
1957	45
1968	45
1968	45
1968	45
1980	45
1980	45
1980	45
1992	45
1992	45
1992	45
2003	45
2003	45
2003	45
2015	45
2015	45
2015	45
2027	45
2027	45
2027	45
2039	45
2039	45
2039	45
2050	45
2050	45
2050	45
2062	45
2062	45
2062	45
2074	45
2074	45
2074	45
2085	45
2085	45
2085	45
2097	45
2097	45
2097	45
2109	45
2109	46
2121	46
2121	46
2121	46
2132	46
2132	46
2132	46
2144	46
2144	46
2144	46
2156	46
2156	46
2156	46
2167	46
2167	46
2167	46
2179	46
2179	46
2179	46
2191	46
2191	46
2191	46
2203	46
2203	46
2203	46
2214	46
2214	46
2226	46
2226	46
2226	46
2238	46
2238	46
2238	46
2250	46
2250	46
2261	46
2261	46
2261	46
2273	46
2273	46
2273	46
2285	46
2285	46
2296	46
2296	46
2296	46
2308	46
2308	46
2308	46
2320	46
2320	47
2320	47
2332	47
2332	47
2343	47
2343	47
2343	47
2355	47
2355	47
2355	47
2367	47
2367	47
2367	47
2378	47
2378	47
2390	47
2390	47
2390	47
2402	47
2402	47
2402	47
2414	47
2414	47
2425	47
2425	47
2425	47
2437	47
2437	47
2437	47
2449	47
2449	47
2449	47
2460	47
2460	47
2460	47
2472	47
2472	47
2472	47
2484	47
2484	47
2484	47
2496	47
2496	47
2496	47
2507	47
2507	47
2507	47
2519	47
2519	47
2531	47
2531	48
2531	48
2542	48
2542	48
2554	48
2554	48
2554	48
2566	48
2566	48
2578	48
2578	48
2578	48
2589	48
2589	48
2589	48
2601	48
2601	48
2613	48
2613	48
2613	48
2625	48
2625	48
2625	48
2636	48
2636	48
2648	48
2648	48
2648	48
2660	48
2660	48
2671	48
2671	48
2671	48
2683	48
2683	48
2695	48
2695	48
2695	48
2707	48
2707	48
2718	48
2718	48
2718	48
2730	48
2730	48
2742	48
2742	48
2742	48
2753	48
2753	48
2765	49
2765	49
2777	49
2777	49
2777	49
2789	49
2789	49
2789	49
2800	49
2800	49
2812	49
2812	49
2812	49
2824	49
2824	49
2835	49
2835	49
2847	49
2847	49
2847	49
2859	49
2859	49
2871	49
2871	49
2871	49
2882	49
2882	49
2894	49
2894	49
2906	49
2906	49
2906	49
2917	49
2917	49
2929	49
2929	49
2929	49
2941	49
2941	49
2953	49
2953	49
2964	49
2964	49
2976	49
2976	49
2988	49
2988	49
2988	49
3000	49
3000	49
3011	50
3011	50
3023	50
3023	50
3035	50
3035	50
3046	50
3046	50
3058	50
3058	50
3070	50
3070	50
3082	50
3082	50
3093	50
3093	50
3093	50
3105	50
3105	50
3117	50
3117	50
3128	50
3128	50
3140	50
3140	50
3140	50
3152	50
3152	50
3164	50
3164	50
3175	50
3175	50
3187	50
3187	50
3187	50
3199	50
3199	50
3210	50
3210	50
3222	50
3222	50
3222	50
3234	50
3234	50
3246	50
3246	50
3246	50
3257	50
3257	50
3269	50
3269	51
3281	51
3281	51
3292	51
3292	51
3304	51
3304	51
3316	51
3316	51
3316	51
3328	51
3328	51
3339	51
3339	51
3351	51
3351	51
3363	51
3363	51
3375	51
3375	51
3375	51
3386	51
3386	51
3398	51
3398	51
3410	51
3410	51
3421	51
3421	51
3433	51
3433	51
3433	51
3445	51
3445	51
3457	51
3457	51
3468	51
3468	51
3480	51
3480	51
3492	51
3492	51
3503	51
3503	51
3515	51
3515	51
3527	51
3527	51
3539	51
3539	51
3539	52
3550	52
3550	52
3562	52
3562	52
3574	52
3574	52
3585	52
3585	52
3597	52
3597	52
3597	52
3609	52
3609	52
3621	52
3621	52
3632	52
3632	52
3644	52
3644	52
3656	52
3656	52
3667	52
3667	52
3679	52
3679	52
3691	52
3691	52
3703	52
3703	52
3714	52
3714	52
3726	52
3726	52
3738	52
3738	52
3750	52
3750	52
3761	52
3773	52
3773	52
3785	52
3785	52
3796	52
3796	52
3808	52
3808	52
3820	52
3832	52
3832	52
3843	53
3843	53
3855	53
3855	53
3867	53
3867	53
3878	53
3878	53
3890	53
3890	53
3902	53
3902	53
3914	53
3914	53
3925	53
3925	53
3937	53
3937	53
3949	53
3949	53
3960	53
3960	53
3960	53
3972	53
3972	53
3984	53
3984	53
3996	53
3996	53
4007	53
4007	53
4019	53
4019	53
4031	53
4031	53
4042	53
4042	53
4054	53
4066	53
4066	53
4078	53
4078	53
4089	53
4089	53
4101	53
4101	53
4113	53
4113	53
4125	53
4125	53
4136	54
4136	54
4148	54
4148	54
4160	54
4160	54
4171	54
4171	54
4183	54
4183	54
4195	54
4195	54
4207	54
4207	54
4218	54
4218	54
4230	54
4230	54
4242	54
4253	54
4253	54
4265	54
4265	54
4277	54
4277	54
4289	54
4289	54
4300	54
4300	54
4312	54
4312	54
4324	54
4324	54
4335	54
4347	54
4347	54
4359	54
4359	54
4371	54
4371	54
4382	54
4382	54
4394	54
4394	54
4406	54
4406	54
4417	54
4429	54
4429	54
4441	54
4441	55
4453	55
4453	55
4464	55
4476	55
4476	55
4488	55
4488	55
4500	55
4511	55
4511	55
4523	55
4535	55
4535	55
4546	55
4558	55
4558	55
4570	55
4570	55
4582	55
4593	55
4593	55
4605	55
4605	55
4617	55
4617	55
4628	55
4628	55
4640	55
4652	55
4652	55
4664	55
4664	55
4675	55
4675	55
4687	55
4699	55
4699	55
4710	55
4710	55
4722	55
4722	55
4734	55
4734	55
4746	55
4746	55
4757	55
4769	55
4769	55
4781	55
4781	56
4792	56
4792	56
4804	56
4816	56
4816	56
4828	56
4828	56
4839	56
4839	56
4851	56
4863	56
4863	56
4875	56
4875	56
4886	56
4886	56
4898	56
4910	56
4910	56
4921	56
4921	56
4933	56
4933	56
4945	56
4957	56
4957	56
4968	56
4968	56
4980	56
4992	56
4992	56
5003	56
5003	56
5015	56
5027	56
5027	56
5039	56
5039	56
5050	56
5050	56
5062	56
5074	56
5074	56
5085	56
5085	56
5097	56
5109	56
5109	56
5121	56
5121	57
5132	57
5144	57
5144	57
5156	57
5156	57
5167	57
5167	57
5179	57
5191	57
5191	57
5203	57
5214	57
5214	57
5226	57
5238	57
5238	57
5250	57
5261	57
5261	57
5273	57
5285	57
5285	57
5296	57
5308	57
5320	57
5320	57
5332	57
5332	57
5343	57
5355	57
5355	57
5367	57
5378	57
5378	57
5390	57
5390	57
5402	57
5414	57
5414	57
5425	57
5425	57
5437	57
5449	57
5449	57
5460	57
5460	57
5472	57
5472	57
5484	57
5496	58
5496	58
5507	58
5507	58
5519	58
5531	58
5531	58
5542	58
5542	58
5554	58
5566	58
5566	58
5578	58
5589	58
5589	58
5601	58
5601	58
5613	58
5625	58
5625	58
5636	58
5636	58
5648	58
5660	58
5660	58
5671	58
5671	58
5683	58
5695	58
5695	58
5707	58
5718	58
5718	58
5730	58
5730	58
5742	58
5753	58
5753	58
5765	58
5777	58
5777	58
5789	58
5800	58
5800	58
5812	58
5812	58
5824	58
5824	58
5835	58
5847	58
5847	59
5859	59
5871	59
5871	59
5882	59
5882	59
5894	59
5906	59
5906	59
5917	59
5929	59
5929	59
5941	59
5953	59
5953	59
5964	59
5976	59
5976	59
5988	59
6000	59
6000	59
6011	59
6023	59
6035	59
6035	59
6046	59
6058	59
6070	59
6070	59
6082	59
6093	59
6093	59
6105	59
6117	59
6117	59
6128	59
6128	59
6140	59
6152	59
6152	59
6164	59
6175	59
6175	59
6187	59
6199	59
6210	59
6210	59
6222	59
6234	59
6234	59
6246	60
6246	60
6257	60
6269	60
6269	60
6281	60
6292	60
6292	60
6304	60
6316	60
6316	60
6328	60
6339	60
6339	60
6351	60
6363	60
6375	60
6375	60
6386	60
6398	60
6398	60
6410	60
6421	60
6433	60
6433	60
6445	60
6457	60
6457	60
6468	60
6480	60
6480	60
6492	60
6503	60
6503	60
6515	60
6527	60
6527	60
6539	60
6550	60
6550	60
6562	60
6574	60
6574	60
6585	60
6597	60
6597	60
6609	60
6609	60
6621	60
6632	60
6632	61
6644	61
6656	61
6656	61
6667	61
6679	61
6691	61
6691	61
6703	61
6714	61
6714	61
6726	61
6738	61
6738	61
6750	61
6761	61
6773	61
6773	61
6785	61
6796	61
6808	61
6808	61
6820	61
6832	61
6843	61
6843	61
6855	61
6867	61
6867	61
6878	61
6890	61
6890	61
6902	61
6914	61
6925	61
6925	61
6937	61
6949	61
6949	61
6960	61
6972	61
6984	61
6984	61
6996	61
7007	61
7007	61
7019	61
7031	61
7031	61
7042	61
7054	62
7066	62
7066	62
7078	62
7089	62
7089	62
7101	62
7113	62
7125	62
7125	62
7136	62
7148	62
7160	62
7160	62
7171	62
7183	62
7195	62
7195	62
7207	62
7218	62
7230	62
7230	62
7242	62
7253	62
7253	62
7265	62
7277	62
7289	62
7289	62
7300	62
7312	62
7312	62
7324	62
7335	62
7335	62
7347	62
7359	62
7359	62
7371	62
7382	62
7394	62
7394	62
7406	62
7417	62
7417	62
7429	62
7441	62
7453	62
7453	62
7464	62
7476	63
7488	63
7488	63
7500	63
7511	63
7523	63
7535	63
7535	63
7546	63
7558	63
7570	63
7582	63
7582	63
7593	63
7605	63
7617	63
7617	63
7628	63
7640	63
7640	63
7652	63
7664	63
7675	63
7687	63
7687	63
7699	63
7710	63
7722	63
7734	63
7746	63
7746	63
7757	63
7769	63
7769	63
7781	63
7792	63
7804	63
7804	63
7816	63
7828	63
7839	63
7839	63
7851	63
7863	63
7875	63
7886	63
7886	63
7898	63
7910	63
7921	63
7933	64
7933	64
7945	64
7957	64
7968	64
7968	64
7980	64
7992	64
8003	64
8003	64
8015	64
8027	64
8039	64
8039	64
8050	64
8062	64
8062	64
8074	64
8085	64
8085	64
8097	64
8097	64
8109	64
8121	64
8132	64
8132	64
8144	64
8156	64
8156	64
8167	64
8179	64
8191	64
8203	64
8203	64
8214	64
8226	64
8226	64
8238	64
8250	64
8261	64
8261	64
8273	64
8285	64
8296	64
8296	64
8308	64
8320	64
8332	64
8332	64
8343	64
8355	65
8367	65
8378	65
8378	65
8390	65
8402	65
8414	65
8414	65
8425	65
8437	65
8449	65
8460	65
8460	65
8472	65
8484	65
8496	65
8507	65
8507	65
8519	65
8531	65
8542	65
8542	65
8554	65
8566	65
8578	65
8589	65
8589	65
8601	65
8613	65
8625	65
8636	65
8648	65
8660	65
8671	65
8683	65
8695	65
8695	65
8707	65
8718	65
8730	65
8742	65
8742	65
8753	65
8765	65
8777	65
8777	65
8789	65
8800	65
8812	65
8824	65
8824	66
8835	66
8847	66
8859	66
8859	66
8871	66
8882	66
8894	66
8894	66
8906	66
8917	66
8929	66
8941	66
8941	66
8953	66
8964	66
8976	66
8976	66
8988	66
9000	66
9011	66
9023	66
9023	66
9035	66
9046	66
9058	66
9058	66
9070	66
9082	66
9093	66
9105	66
9105	66
9117	66
9128	66
9140	66
9152	66
9152	66
9164	66
9175	66
9187	66
9187	66
9199	66
9210	66
9222	66
9234	66
9234	66
9246	66
9257	66
9269	66
9269	66
9281	67
9292	67
9304	67
9316	67
9316	67
9328	67
9339	67
9351	67
9363	67
9375	67
9386	67
9398	67
9410	67
9421	67
9433	67
9445	67
9457	67
9457	67
9468	67
9480	67
9492	67
9503	67
9503	67
9515	67
9527	67
9539	67
9550	67
9562	67
9562	67
9574	67
9585	67
9597	67
9609	67
9621	67
9621	67
9632	67
9644	67
9656	67
9656	67
9667	67
9679	67
9691	67
9703	67
9714	67
9714	67
9726	67
9738	67
9750	67
9761	67
9761	67
9773	68
9785	68
9796	68
9808	68
9820	68
9820	68
9832	68
9843	68
9855	68
9867	68
9878	68
9890	68
9890	68
9902	68
9914	68
9925	68
9937	68
9937	68
9949	68
9960	68
9972	68
9984	68
9996	68
10007	68
10019	68
10019	68
10031	68
10042	68
10054	68
10066	68
10066	68
10078	68
10089	68
10101	68
10113	68
10125	68
10148	68
10160	68
10171	68
10183	68
10195	68
10207	68
10218	68
10218	68
10230	68
10242	68
10253	68
10265	68
10265	68
10277	68
10289	69
10300	69
10312	69
10324	69
10335	69
10347	69
10347	69
10359	69
10371	69
10382	69
10394	69
10394	69
10406	69
10417	69
10429	69
10441	69
10453	69
10464	69
10464	69
10476	69
10488	69
10500	69
10500	69
10511	69
10523	69
10535	69
10546	69
10546	69
10558	69
10570	69
10582	69
10593	69
10605	69
10617	69
10628	69
10628	69
10640	69
10652	69
10664	69
10675	69
10675	69
10687	69
10699	69
10710	69
10722	69
10734	69
10734	69
10746	69
10757	69
10769	69
10781	70
10792	70
10792	70
10804	70
10816	70
10828	70
10839	70
10851	70
10863	70
10875	70
10898	70
10910	70
10921	70
10933	70
10945	70
10957	70
10968	70
10980	70
10992	70
10992	70
11003	70
11015	70
11027	70
11039	70
11050	70
11062	70
11074	70
11085	70
11097	70
11109	70
11121	70
11132	70
11144	70
11156	70
11156	70
11167	70
11179	70
11191	70
11203	70
11214	70
11226	70
11238	70
11250	70
11250	70
11261	70
11273	70
11285	70
11296	70
11308	70
11320	70
11320	71
11332	71
11343	71
11355	71
11367	71
11378	71
11390	71
11402	71
11414	71
11425	71
11425	71
11437	71
11449	71
11449	71
11460	71
11472	71
11484	71
11496	71
11507	71
11507	71
11519	71
11531	71
11542	71
11554	71
11566	71
11578	71
11589	71
11601	71
11613	71
11625	71
11636	71
11648	71
11660	71
11671	71
11683	71
11695	71
11707	71
11718	71
11730	71
11742	71
11753	71
11753	71
11765	71
11777	71
11789	71
11800	71
11812	71
11824	71
11835	71
11847	71
11859	72
11871	72
11882	72
11894	72
11906	72
11917	72
11917	72
11929	72
11941	72
11953	72
11964	72
11976	72
11988	72
12000	72
12011	72
12023	72
12035	72
12046	72
12058	72
12070	72
12082	72
12093	72
12105	72
12105	72
12117	72
12128	72
12140	72
12152	72
12164	72
12175	72
12187	72
12199	72
12210	72
12222	72
12222	72
12234	72
12246	72
12257	72
12269	72
12281	72
12292	72
12304	72
12316	72
12328	72
12339	72
12351	72
12363	72
12375	72
12386	72
12398	72
12410	73
12421	73
12433	73
12445	73
12457	73
12468	73
12480	73
12492	73
12503	73
12515	73
12527	73
12539	73
12550	73
12562	73
12574	73
12585	73
12597	73
12609	73
12621	73
12621	73
12632	73
12644	73
12656	73
12667	73
12679	73
12691	73
12703	73
12714	73
12726	73
12738	73
12750	73
12761	73
12773	73
12785	73
12796	73
12808	73
12820	73
12820	73
12832	73
12843	73
12855	73
12867	73
12878	73
12890	73
12902	73
12914	73
12925	73
12937	73
12949	73
12949	73
12960	74
12972	74
12984	74
12996	74
12996	74
13007	74
13019	74
13031	74
13042	74
13054	74
13066	74
13078	74
13089	74
13101	74
13113	74
13125	74
13136	74
13160	74
13171	74
13183	74
13195	74
13207	74
13218	74
13230	74
13242	74
13253	74
13265	74
13277	74
13289	74
13300	74
13312	74
13324	74
13335	74
13347	74
13371	74
13382	74
13394	74
13406	74
13406	74
13417	74
13429	74
13441	74
13464	74
13476	74
13488	74
13500	74
13511	74
13523	74
13535	74
13546	74
13558	75
13570	75
13582	75
13593	75
13605	75
13617	75
13628	75
13640	75
13652	75
13664	75
13675	75
13687	75
13699	75
13710	75
13722	75
13734	75
13746	75
13757	75
13769	75
13781	75
13792	75
13804	75
13816	75
13828	75
13839	75
13851	75
13863	75
13875	75
13886	75
13898	75
13910	75
13921	75
13933	75
13945	75
13957	75
13968	75
13980	75
13992	75
14003	75
14015	75
14027	75
14039	75
14050	75
14062	75
14074	75
14085	75
14097	75
14109	75
14121	75
14132	75
14144	76
14156	76
14167	76
14179	76
14191	76
14214	76
14226	76
14238	76
14250	76
14261	76
14273	76
14285	76
14296	76
14308	76
14320	76
14332	76
14343	76
14355	76
14367	76
14378	76
14390	76
14402	76
14414	76
14425	76
14437	76
14449	76
14460	76
14472	76
14484	76
14496	76
14507	76
14519	76
14531	76
14542	76
14554	76
14566	76
14578	76
14589	76
14601	76
14613	76
14625	76
14636	76
14648	76
14660	76
14671	76
14683	76
14695	76
14707	76
14718	76
14730	76
14742	77
14753	77
14765	77
14777	77
14789	77
14800	77
14812	77
14824	77
14835	77
14847	77
14859	77
14871	77
14882	77
14894	77
14906	77
14917	77
14929	77
14941	77
14953	77
14964	77
14976	77
15000	77
15011	77
15023	77
15035	77
15046	77
15058	77
15070	77
15082	77
15105	77
15117	77
15128	77
15140	77
15152	77
15164	77
15175	77
15187	77
15199	77
15210	77
15222	77
15222	77
15234	77
15246	77
15257	77
15269	77
15281	77
15292	77
15316	77
15328	77
15339	77
15351	78
15363	78
15363	78
15375	78
15386	78
15398	78
15410	78
15433	78
15433	78
15457	78
15468	78
15480	78
15492	78
15503	78
15515	78
15527	78
15539	78
15550	78
15562	78
15574	78
15585	78
15597	78
15609	78
15621	78
15632	78
15644	78
15656	78
15667	78
15679	78
15691	78
15703	78
15714	78
15726	78
15738	78
15761	78
15773	78
15785	78
15796	78
15808	78
15820	78
15843	78
15855	78
15867	78
15878	78
15890	78
15902	78
15914	78
15925	78
15937	78
15949	78
15960	79
15972	79
15984	79
15996	79
16007	79
16019	79
16031	79
16042	79
16054	79
16066	79
16078	79
16089	79
16101	79
16113	79
16125	79
16136	79
16148	79
16160	79
16171	79
16183	79
16195	79
16207	79
16218	79
16230	79
16242	79
16265	79
16277	79
16289	79
16300	79
16312	79
16324	79
16335	79
16347	79
16359	79
16371	79
16382	79
16394	79
16406	79
16417	79
16429	79
16441	79
16453	79
16464	79
16476	79
16500	79
16511	79
16523	79
16535	79
16558	79
16570	79
16582	80
16593	80
16605	80
16617	80
16628	80
16640	80
16652	80
16664	80
16675	80
16687	80
16699	80
16710	80
16722	80
16734	80
16746	80
16757	80
16769	80
16792	80
16804	80
16816	80
16828	80
16839	80
16851	80
16863	80
16875	80
16886	80
16898	80
16910	80
16921	80
16933	80
16945	80
16957	80
16968	80
16992	80
17003	80
17015	80
17027	80
17039	80
17050	80
17062	80
17074	80
17085	80
17097	80
17109	80
17121	80
17132	80
17144	80
17156	80
17167	80
17191	80
17203	81
17214	81
17226	81
17238	81
17250	81
17273	81
17285	81
17296	81
17308	81
17320	81
17343	81
17355	81
17367	81
17378	81
17390	81
17402	81
17414	81
17425	81
17437	81
17449	81
17460	81
17472	81
17484	81
17496	81
17507	81
17519	81
17531	81
17554	81
17566	81
17578	81
17589	81
17601	81
17613	81
17625	81
17636	81
17648	81
17660	81
17671	81
17683	81
17695	81
17707	81
17730	81
17742	81
17753	81
17765	81
17777	81
17789	81
17800	81
17812	81
17824	81
17835	82
17847	82
17859	82
17871	82
17882	82
17894	82
17917	82
17929	82
17941	82
17953	82
17964	82
17976	82
17988	82
18011	82
18023	82
18035	82
18046	82
18058	82
18082	82
18093	82
18105	82
18117	82
18128	82
18140	82
18152	82
18164	82
18175	82
18199	82
18210	82
18222	82
18234	82
18246	82
18257	82
18269	82
18281	82
18292	82
18316	82
18328	82
18339	82
18351	82
18363	82
18375	82
18386	82
18410	82
18421	82
18433	82
18445	82
18457	82
18468	82
18480	82
18492	83
18515	83
18527	83
18539	83
18550	83
18562	83
18574	83
18585	83
18597	83
18609	83
18621	83
18632	83
18644	83
18656	83
18679	83
18691	83
18703	83
18714	83
18726	83
18738	83
18761	83
18773	83
18785	83
18796	83
18808	83
18832	83
18843	83
18855	83
18867	83
18878	83
18890	83
18902	83
18914	83
18925	83
18949	83
18960	83
18972	83
18984	83
18996	83
19007	83
19019	83
19031	83
19042	83
19066	83
19078	83
19089	83
19101	83
19113	83
19125	83
19148	83
19160	84
19171	84
19183	84
19195	84
19207	84
19230	84
19242	84
19253	84
19265	84
19277	84
19289	84
19300	84
19312	84
19324	84
19347	84
19359	84
19371	84
19382	84
19394	84
19406	84
19417	84
19429	84
19441	84
19464	84
19476	84
19488	84
19500	84
19511	84
19535	84
19546	84
19558	84
19582	84
19593	84
19605	84
19617	84
19628	84
19640	84
19652	84
19675	84
19687	84
19699	84
19722	84
19734	84
19746	84
19757	84
19769	84
19781	84
19792	84
19816	84
19828	84
19839	85
19851	85
19863	85
19886	85
19898	85
19910	85
19921	85
19945	85
19957	85
19968	85
19980	85
19992	85
20003	85
20015	85
20039	85
20050	85
20062	85
20074	85
20085	85
20097	85
20097	85
20109	85
20132	85
20144	85
20156	85
20167	85
20179	85
20191	85
20203	85
20214	85
20238	85
20250	85
20261	85
20273	85
20285	85
20296	85
20308	85
20320	85
20343	85
20355	85
20367	85
20378	85
20390	85
20402	85
20425	85
20437	85
20449	85
20460	85
20472	85
20496	85
20507	86
20519	86
20531	86
20542	86
20554	86
20578	86
20589	86
20601	86
20613	86
20636	86
20648	86
20671	86
20683	86
20695	86
20718	86
20730	86
20742	86
20753	86
20765	86
20777	86
20789	86
20812	86
20824	86
20835	86
20847	86
20859	86
20871	86
20882	86
20906	86
20917	86
20929	86
20941	86
20953	86
20964	86
20976	86
21000	86
21011	86
21023	86
21035	86
21046	86
21058	86
21070	86
21093	86
21105	86
21117	86
21128	86
21140	86
21152	86
21164	86
21187	86
21199	87
21210	87
21222	87
21234	87
21246	87
21257	87
21281	87
21292	87
21304	87
21316	87
21328	87
21351	87
21363	87
21375	87
21398	87
21410	87
21433	87
21445	87
21457	87
21468	87
21480	87
21503	87
21515	87
21527	87
21539	87
21550	87
21574	87
21585	87
21597	87
21609	87
21621	87
21644	87
21656	87
21667	87
21679	87
21691	87
21714	87
21726	87
21738	87
21750	87
21761	87
21773	87
21796	87
21808	87
21820	87
21832	87
21843	87
21855	87
21878	87
21890	87
21902	88
21914	88
21925	88
21949	88
21960	88
21972	88
21984	88
22007	88
22019	88
22031	88
22042	88
22054	88
22066	88
22089	88
22101	88
22125	88
22136	88
22160	88
22171	88
22183	88
22207	88
22218	88
22230	88
22242	88
22253	88
22277	88
22289	88
22300	88
22312	88
22335	88
22347	88
22359	88
22371	88
22382	88
22394	88
22417	88
22429	88
22441	88
22453	88
22464	88
22476	88
22500	88
22511	88
22523	88
22535	88
22546	88
22558	88
22570	88
22582	88
22605	88
22617	89
22628	89
22640	89
22664	89
22675	89
22687	89
22699	89
22710	89
22722	89
22734	89
22746	89
22769	89
22781	89
22792	89
22804	89
22816	89
22839	89
22851	89
22863	89
22886	89
22910	89
22921	89
22945	89
22957	89
22968	89
22980	89
23003	89
23015	89
23027	89
23039	89
23062	89
23074	89
23085	89
23109	89
23121	89
23132	89
23144	89
23167	89
23179	89
23191	89
23203	89
23226	89
23238	89
23250	89
23261	89
23273	89
23285	89
23308	89
23320	89
23332	89
23343	90
23355	90
23378	90
23390	90
23402	90
23414	90
23425	90
23437	90
23449	90
23460	90
23472	90
23484	90
23507	90
23519	90
23531	90
23542	90
23554	90
23578	90
23589	90
23601	90
23613	90
23636	90
23648	90
23660	90
23683	90
23695	90
23707	90
23730	90
23742	90
23753	90
23765	90
23789	90
23800	90
23812	90
23824	90
23847	90
23859	90
23871	90
23894	90
23906	90
23917	90
23929	90
23941	90
23964	90
23976	90
23988	90
24000	90
24023	90
24035	90
24046	90
24070	91
24082	91
24093	91
24105	91
24128	91
24140	91
24152	91
24164	91
24175	91
24199	91
24210	91
24222	91
24234	91
24246	91
24269	91
24281	91
24292	91
24304	91
24316	91
24339	91
24351	91
24363	91
24386	91
24398	91
24421	91
24433	91
24445	91
24468	91
24480	91
24492	91
24503	91
24527	91
24539	91
24550	91
24562	91
24574	91
24597	91
24609	91
24621	91
24632	91
24656	91
24667	91
24679	91
24691	91
24714	91
24726	91
24738	91
24750	91
24773	91
24785	91
24796	92
24808	92
24820	92
24843	92
24855	92
24867	92
24890	92
24902	92
24914	92
24925	92
24937	92
24949	92
24960	92
24972	92
24984	92
25007	92
25019	92
25031	92
25042	92
25066	92
25078	92
25089	92
25101	92
25125	92
25136	92
25148	92
25171	92
25183	92
25207	92
25218	92
25230	92
25242	92
25265	92
25277	92
25289	92
25312	92
25324	92
25347	92
25359	92
25382	92
25394	92
25406	92
25417	92
25441	92
25453	92
25464	92
25488	92
25500	92
25523	92
25535	92
25546	93
25570	93
25582	93
25605	93
25617	93
25628	93
25640	93
25664	93
25675	93
25687	93
25699	93
25710	93
25734	93
25746	93
25757	93
25769	93
25792	93
25804	93
25816	93
25828	93
25851	93
25863	93
25875	93
25898	93
25910	93
25921	93
25945	93
25957	93
25968	93
25992	93
26003	93
26015	93
26027	93
26050	93
26062	93
26074	93
26097	93
26109	93
26121	93
26132	93
26156	93
26167	93
26179	93
26191	93
26214	93
26226	93
26250	93
26261	93
26273	93
26296	93
26308	94
26320	94
26343	94
26355	94
26367	94
26390	94
26402	94
26414	94
26425	94
26449	94
26460	94
26472	94
26484	94
26496	94
26507	94
26531	94
26542	94
26554	94
26578	94
26589	94
26601	94
26613	94
26636	94
26648	94
26660	94
26683	94
26695	94
26707	94
26730	94
26742	94
26753	94
26777	94
26789	94
26800	94
26812	94
26835	94
26847	94
26859	94
26882	94
26894	94
26906	94
26917	94
26941	94
26953	94
26964	94
26988	94
27000	94
27023	94
27035	94
27058	94
27070	95
27082	95
27105	95
27117	95
27128	95
27152	95
27164	95
27175	95
27199	95
27210	95
27222	95
27234	95
27246	95
27269	95
27281	95
27292	95
27316	95
27328	95
27339	95
27363	95
27375	95
27386	95
27398	95
27421	95
27433	95
27445	95
27468	95
27480	95
27492	95
27515	95
27527	95
27539	95
27562	95
27574	95
27585	95
27597	95
27621	95
27632	95
27644	95
27667	95
27679	95
27691	95
27714	95
27726	95
27750	95
27761	95
27785	95
27796	95
27820	95
27832	95
27855	96
27867	96
27878	96
27890	96
27914	96
27925	96
27937	96
27960	96
27972	96
27984	96
27996	96
28019	96
28031	96
28042	96
28066	96
28078	96
28089	96
28113	96
28125	96
28136	96
28148	96
28171	96
28183	96
28195	96
28218	96
28230	96
28242	96
28265	96
28277	96
28289	96
28312	96
28324	96
28335	96
28359	96
28371	96
28382	96
28406	96
28417	96
28429	96
28453	96
28464	96
28476	96
28500	96
28523	96
28535	96
28558	96
28570	96
28593	96
28605	96
28617	96
28628	97
28652	97
28664	97
28675	97
28699	97
28710	97
28722	97
28746	97
28757	97
28769	97
28781	97
28804	97
28816	97
28839	97
28851	97
28863	97
28875	97
28898	97
28910	97
28921	97
28945	97
28957	97
28968	97
28992	97
29003	97
29015	97
29039	97
29050	97
29062	97
29085	97
29097	97
29121	97
29132	97
29144	97
29156	97
29179	97
29191	97
29203	97
29226	97
29238	97
29261	97
29285	97
29296	97
29320	97
29332	97
29343	97
29367	97
29378	97
29390	97
29414	97
29425	98
29437	98
29460	98
29472	98
29484	98
29496	98
29519	98
29531	98
29542	98
29566	98
29578	98
29589	98
29613	98
29625	98
29636	98
29648	98
29671	98
29683	98
29695	98
29718	98
29730	98
29742	98
29765	98
29777	98
29789	98
29800	98
29824	98
29835	98
29847	98
29871	98
29882	98
29894	98
29906	98
29929	98
29941	98
29964	98
29976	98
29988	98
30011	98
30023	98
30046	98
30058	98
30082	98
30093	98
30105	98
30128	98
30140	98
30152	98
30175	98
30187	98
30210	99
30222	99
30234	99
30257	99
30269	99
30281	99
30292	99
30316	99
30328	99
30351	99
30363	99
30375	99
30398	99
30410	99
30433	99
30445	99
30457	99
30480	99
30492	99
30503	99
30527	99
30539	99
30550	99
30574	99
30585	99
30597	99
30609	99
30632	99
30644	99
30656	99
30679	99
30691	99
30703	99
30726	99
30738	99
30750	99
30773	99
30785	99
30808	99
30820	99
30843	99
30855	99
30867	99
30890	99
30902	99
30914	99
30937	99
30949	99
30960	99
30984	99
30996	100
31007	100
31031	100
31042	100
31054	100
31078	100
31089	100
31101	100
31125	100
31136	100
31160	100
31171	100
31183	100
31207	100
31218	100
31242	100
31253	100
31265	100
31289	100
31300	100
31312	100
31324	100
31347	100
31359	100
31371	100
31394	100
31406	100
31417	100
31441	100
31453	100
31464	100
31488	100
31500	100
31523	100
31535	100
31558	100
31570	100
31593	100
31605	100
31617	100
31640	100
31652	100
31675	100
31687	100
31710	100
31722	100
31746	100
31757	100
31769	100
31792	100
31804	101
31816	101
31839	101
31851	101
31875	101
31886	101
31910	101
31921	101
31933	101
31957	101
31968	101
31992	101
32003	101
32015	101
32039	101
32050	101
32062	101
32074	101
32085	101
32097	101
32121	101
32132	101
32144	101
32167	101
32179	101
32191	101
32214	101
32226	101
32238	101
32250	101
32273	101
32285	101
32296	101
32320	101
32332	101
32355	101
32367	101
32378	101
32402	101
32414	101
32425	101
32449	101
32460	101
32484	101
32496	101
32507	101
32531	101
32542	101
32554	101
32578	101
32589	102
32613	102
32625	102
32648	102
32671	102
32683	102
32707	102
32718	102
32742	102
32753	102
32765	102
32789	102
32800	102
32812	102
32835	102
32847	102
32859	102
32882	102
32894	102
32906	102
32929	102
32941	102
32953	102
32976	102
32988	102
33000	102
33023	102
33035	102
33046	102
33070	102
33082	102
33093	102
33117	102
33128	102
33152	102
33164	102
33175	102
33187	102
33210	102
33222	102
33234	102
33257	102
33269	102
33281	102
33304	102
33316	102
33328	102
33351	102
33375	102
33386	102
33410	103
33421	103
33445	103
33457	103
33480	103
33492	103
33503	103
33527	103
33539	103
33562	103
33574	103
33585	103
33609	103
33621	103
33632	103
33656	103
33667	103
33691	103
33703	103
33714	103
33738	103
33750	103
33761	103
33785	103
33796	103
33808	103
33832	103
33843	103
33867	103
33878	103
33890	103
33914	103
33925	103
33937	103
33960	103
33972	103
33996	103
34007	103
34019	103
34042	103
34054	103
34066	103
34089	103
34113	103
34125	103
34148	103
34171	103
34183	103
34207	103
34218	103
34242	104
34253	104
34265	104
34289	104
34300	104
34312	104
34335	104
34347	104
34371	104
34382	104
34394	104
34406	104
34429	104
34441	104
34464	104
34476	104
34488	104
34500	104
34523	104
34535	104
34546	104
34558	104
34582	104
34593	104
34617	104
34628	104
34640	104
34664	104
34675	104
34687	104
34699	104
34722	104
34734	104
34746	104
34769	104
34781	104
34792	104
34816	104
34828	104
34851	104
34863	104
34886	104
34910	104
34933	104
34945	104
34968	104
34980	104
35003	104
35015	104
35027	104
35050	105
35062	105
35085	105
35109	105
35121	105
35144	105
35156	105
35167	105
35191	105
35203	105
35226	105
35238	105
35250	105
35273	105
35285	105
35296	105
35320	105
35332	105
35343	105
35367	105
35378	105
35402	105
35414	105
35425	105
35437	105
35449	105
35472	105
35484	105
35496	105
35519	105
35531	105
35542	105
35566	105
35578	105
35601	105
35613	105
35636	105
35648	105
35671	105
35683	105
35707	105
35718	105
35742	105
35753	105
35765	105
35789	105
35800	105
35824	105
35835	105
35859	105
35871	106
35882	106
35906	106
35917	106
35941	106
35953	106
35976	106
35988	106
36000	106
36023	106
36035	106
36058	106
36070	106
36093	106
36105	106
36128	106
36140	106
36152	106
36175	106
36187	106
36199	106
36222	106
36234	106
36246	106
36269	106
36281	106
36304	106
36316	106
36339	106
36351	106
36363	106
36386	106
36410	106
36421	106
36445	106
36457	106
36480	106
36492	106
36503	106
36527	106
36539	106
36562	106
36574	106
36597	106
36609	106
36621	106
36644	106
36656	106
36679	106
36691	106
36703	107
36726	107
36738	107
36761	107
36773	107
36785	107
36808	107
36820	107
36843	107
36855	107
36878	107
36890	107
36902	107
36925	107
36937	107
36949	107
36960	107
36972	107
36996	107
37007	107
37019	107
37042	107
37054	107
37078	107
37089	107
37113	107
37125	107
37148	107
37160	107
37183	107
37195	107
37218	107
37230	107
37253	107
37265	107
37289	107
37300	107
37324	107
37347	107
37359	107
37382	107
37394	107
37417	107
37429	107
37441	107
37464	107
37488	107
37500	107
37523	107
37535	107
37558	108
37582	108
37593	108
37617	108
37628	108
37640	108
37664	108
37675	108
37699	108
37710	108
37722	108
37746	108
37757	108
37781	108
37792	108
37804	108
37828	108
37839	108
37863	108
37875	108
37898	108
37910	108
37933	108
37945	108
37968	108
37980	108
38003	108
38015	108
38039	108
38050	108
38074	108
38085	108
38097	108
38121	108
38132	108
38156	108
38167	108
38191	108
38203	108
38226	108
38238	108
38261	108
38273	108
38296	108
38308	108
38332	108
38343	108
38367	108
38378	108
38402	108
38414	109
38425	109
38449	109
38460	109
38472	109
38496	109
38507	109
38519	109
38542	109
38554	109
38578	109
38589	109
38613	109
38625	109
38648	109
38660	109
38683	109
38695	109
38707	109
38730	109
38753	109
38765	109
38777	109
38800	109
38812	109
38835	109
38847	109
38871	109
38882	109
38906	109
38917	109
38929	109
38953	109
38976	109
38988	109
39011	109
39023	109
39046	109
39070	109
39082	109
39105	109
39117	109
39140	109
39152	109
39175	109
39187	109
39199	109
39222	109
39234	109
39246	109
39269	110
39281	110
39304	110
39316	110
39339	110
39351	110
39375	110
39386	110
39410	110
39421	110
39433	110
39457	110
39468	110
39492	110
39503	110
39527	110
39539	110
39562	110
39574	110
39597	110
39609	110
39632	110
39644	110
39656	110
39679	110
39691	110
39714	110
39738	110
39750	110
39773	110
39796	110
39808	110
39832	110
39855	110
39867	110
39878	110
39902	110
39914	110
39937	110
39949	110
39972	110
39984	110
39996	110
40019	110
40031	110
40054	110
40078	110
40089	110
40101	110
40125	110
40136	111
40160	111
40171	111
40195	111
40207	111
40230	111
40242	111
40265	111
40277	111
40300	111
40312	111
40335	111
40347	111
40371	111
40382	111
40406	111
40417	111
40441	111
40453	111
40476	111
40488	111
40511	111
40535	111
40558	111
40570	111
40593	111
40605	111
40628	111
40652	111
40664	111
40687	111
40699	111
40710	111
40734	111
40746	111
40769	111
40781	111
40804	111
40816	111
40839	111
40851	111
40875	111
40886	111
40910	111
40921	111
40945	111
40957	111
40980	111
41003	111
41015	111
41039	112
41050	112
41074	112
41085	112
41109	112
41121	112
41144	112
41156	112
41179	112
41191	112
41214	112
41238	112
41250	112
41273	112
41296	112
41320	112
41332	112
41355	112
41367	112
41390	112
41414	112
41425	112
41449	112
41460	112
41472	112
41496	112
41507	112
41531	112
41542	112
41566	112
41589	112
41601	112
41625	112
41636	112
41660	112
41671	112
41695	112
41707	112
41730	112
41742	112
41765	112
41777	112
41800	112
41812	112
41835	112
41847	112
41871	112
41882	112
41906	112
41917	112
41941	113
41953	113
41976	113
42000	113
42011	113
42035	113
42058	113
42082	113
42093	113
42117	113
42128	113
42152	113
42164	113
42187	113
42210	113
42222	113
42246	113
42257	113
42281	113
42292	113
42316	113
42339	113
42351	113
42375	113
42398	113
42410	113
42433	113
42445	113
42468	113
42492	113
42503	113
42527	113
42539	113
42562	113
42574	113
42597	113
42609	113
42632	113
42644	113
42667	113
42691	113
42703	113
42726	113
42738	113
42761	113
42785	113
42808	113
42820	113
42843	113
42855	113
42878	114
42902	114
42914	114
42937	114
42949	114
42972	114
42996	114
43007	114
43031	114
43042	114
43066	114
43078	114
43101	114
43125	114
43136	114
43160	114
43183	114
43195	114
43218	114
43230	114
43253	114
43277	114
43289	114
43312	114
43324	114
43347	114
43359	114
43382	114
43394	114
43417	114
43429	114
43453	114
43476	114
43488	114
43511	114
43535	114
43558	114
43570	114
43593	114
43617	114
43628	114
43652	114
43664	114
43687	114
43710	114
43734	114
43746	114
43769	114
43781	114
43804	114
43828	115
43839	115
43863	115
43886	115
43898	115
43921	115
43945	115
43957	115
43980	115
44003	115
44015	115
44039	115
44050	115
44074	115
44085	115
44097	115
44121	115
44132	115
44156	115
44167	115
44191	115
44203	115
44226	115
44238	115
44261	115
44285	115
44296	115
44320	115
44332	115
44355	115
44378	115
44390	115
44414	115
44425	115
44449	115
44472	115
44484	115
44507	115
44519	115
44542	115
44554	115
44578	115
44601	115
44625	115
44648	115
44671	115
44683	115
44707	115
44730	115
44742	115
44765	116
44777	116
44800	116
44824	116
44835	116
44859	116
44871	116
44894	116
44906	116
44929	116
44941	116
44964	116
44976	116
45000	116
45023	116
45035	116
45058	116
45070	116
45093	116
45105	116
45128	116
45152	116
45164	116
45187	116
45199	116
45222	116
45234	116
45257	116
45269	116
45292	116
45304	116
45328	116
45351	116
45375	116
45386	116
45410	116
45433	116
45457	116
45480	116
45492	116
45515	116
45527	116
45550	116
45562	116
45585	116
45609	116
45621	116
45644	116
45656	116
45679	116
45691	117
45714	117
45738	117
45750	117
45773	117
45785	117
45808	117
45820	117
45843	117
45867	117
45878	117
45902	117
45914	117
45937	117
45949	117
45972	117
45996	117
46007	117
46031	117
46042	117
46066	117
46089	117
46113	117
46136	117
46160	117
46171	117
46195	117
46218	117
46242	117
46253	117
46277	117
46289	117
46312	117
46324	117
46347	117
46371	117
46382	117
46406	117
46417	117
46441	117
46453	117
46476	117
46488	117
46511	117
46523	117
46546	117
46558	117
46582	117
46593	117
46617	117
46640	118
46652	118
46675	118
46687	118
46699	118
46722	118
46746	118
46757	118
46781	118
46792	118
46816	118
46828	118
46851	118
46875	118
46898	118
46921	118
46945	118
46968	118
46980	118
47003	118
47015	118
47039	118
47062	118
47085	118
47109	118
47121	118
47144	118
47156	118
47179	118
47203	118
47214	118
47238	118
47250	118
47273	118
47296	118
47308	118
47332	118
47343	118
47367	118
47390	118
47402	118
47425	118
47437	118
47449	118
47460	118
47484	118
47496	118
47519	118
47542	118
47554	118
47578	119
47589	119
47613	119
47636	119
47660	119
47683	119
47695	119
47718	119
47742	119
47753	119
47777	119
47789	119
47812	119
47835	119
47859	119
47871	119
47894	119
47906	119
47929	119
47953	119
47964	119
47988	119
48011	119
48035	119
48046	119
48070	119
48093	119
48105	119
48128	119
48152	119
48164	119
48187	119
48199	119
48222	119
48234	119
48257	119
48269	119
48292	119
48316	119
48328	119
48351	119
48375	119
48398	119
48421	119
48433	119
48457	119
48480	119
48492	119
48515	119
48539	119
48550	120
48574	120
48597	120
48609	120
48632	120
48644	120
48667	120
48691	120
48703	120
48726	120
48738	120
48761	120
48785	120
48796	120
48820	120
48843	120
48855	120
48878	120
48902	120
48914	120
48937	120
48949	120
48960	120
48984	120
48996	120
49019	120
49031	120
49054	120
49078	120
49089	120
49113	120
49136	120
49160	120
49171	120
49195	120
49218	120
49242	120
49253	120
49277	120
49300	120
49324	120
49347	120
49371	120
49382	120
49406	120
49429	120
49441	120
49464	120
49488	120
49511	120
49535	121
49558	121
49570	121
49593	121
49617	121
49640	121
49652	121
49675	121
49687	121
49710	121
49734	121
49746	121
49769	121
49781	121
49804	121
49828	121
49851	121
49863	121
49886	121
49910	121
49933	121
49945	121
49968	121
49992	121
50003	121
50027	121
50050	121
50062	121
50085	121
50109	121
50121	121
50144	121
50167	121
50179	121
50203	121
50226	121
50238	121
50261	121
50285	121
50308	121
50332	121
50343	121
50367	121
50390	121
50402	121
50425	121
50437	121
50460	121
50472	121
50496	121
50519	122
50531	122
50554	122
50578	122
50589	122
50613	122
50636	122
50648	122
50671	122
50695	122
50718	122
50730	122
50753	122
50777	122
50800	122
50812	122
50835	122
50859	122
50871	122
50894	122
50917	122
50929	122
50953	122
50976	122
51000	122
51023	122
51046	122
51070	122
51082	122
51105	122
51128	122
51152	122
51164	122
51187	122
51210	122
51222	122
51246	122
51257	122
51281	122
51304	122
51328	122
51339	122
51363	122
51386	122
51398	122
51421	122
51445	122
51457	122
51480	122
51503	122
51527	123
51539	123
51562	123
51574	123
51597	123
51621	123
51644	123
51656	123
51679	123
51703	123
51714	123
51738	123
51761	123
51785	123
51808	123
51832	123
51855	123
51878	123
51890	123
51914	123
51937	123
51949	123
51972	123
51996	123
52007	123
52031	123
52054	123
52066	123
52089	123
52113	123
52125	123
52148	123
52171	123
52183	123
52207	123
52230	123
52253	123
52277	123
52289	123
52312	123
52335	123
52347	123
52371	123
52394	123
52417	123
52429	123
52453	123
52476	123
52500	123
52523	123
52546	124
52570	124
52593	124
52617	124
52628	124
52652	124
52675	124
52699	124
52710	124
52734	124
52757	124
52781	124
52792	124
52816	124
52839	124
52863	124
52875	124
52898	124
52921	124
52945	124
52957	124
52980	124
53003	124
53027	124
53050	124
53062	124
53085	124
53109	124
53132	124
53144	124
53167	124
53191	124
53214	124
53238	124
53261	124
53285	124
53308	124
53332	124
53355	124
53367	124
53390	124
53414	124
53437	124
53449	124
53472	124
53496	124
53507	124
53531	124
53554	124
53578	124
53589	125
53613	125
53636	125
53648	125
53671	125
53695	125
53718	125
53742	125
53753	125
53777	125
53800	125
53824	125
53835	125
53859	125
53882	125
53894	125
53917	125
53941	125
53964	125
53988	125
54011	125
54035	125
54058	125
54082	125
54105	125
54128	125
54140	125
54164	125
54187	125
54210	125
54234	125
54257	125
54269	125
54292	125
54316	125
54339	125
54363	125
54386	125
54398	125
54421	125
54445	125
54468	125
54492	125
54515	125
54539	125
54550	125
54574	125
54597	125
54609	125
54632	125
54656	126
54679	126
54691	126
54714	126
54738	126
54761	126
54785	126
54808	126
54832	126
54855	126
54878	126
54890	126
54914	126
54937	126
54960	126
54984	126
54996	126
55019	126
55042	126
55066	126
55089	126
55113	126
55136	126
55148	126
55171	126
55195	126
55218	126
55242	126
55265	126
55289	126
55300	126
55324	126
55347	126
55371	126
55394	126
55406	126
55429	126
55453	126
55476	126
55500	126
55523	126
55546	126
55570	126
55593	126
55617	126
55640	126
55664	126
55687	126
55710	126
55734	126
55757	127
55781	127
55804	127
55816	127
55839	127
55863	127
55886	127
55910	127
55933	127
55957	127
55980	127
56003	127
56027	127
56050	127
56062	127
56085	127
56097	127
56121	127
56144	127
56167	127
56191	127
56203	127
56226	127
56250	127
56273	127
56296	127
56308	127
56332	127
56355	127
56378	127
56402	127
56425	127
56449	127
56472	127
56496	127
56507	127
56531	127
56554	127
56578	127
56601	127
56625	127
56648	127
56683	127
56707	127
56730	127
56742	127
56765	127
56789	127
56812	127
56835	127
56859	128
56871	128
56894	128
56917	128
56941	128
56964	128
56988	128
57000	128
57023	128
57046	128
57070	128
57093	128
57117	128
57140	128
57152	128
57175	128
57199	128
57222	128
57246	128
57269	128
57281	128
57304	128
57328	128
57351	128
57375	128
57410	128
57433	128
57457	128
57480	128
57503	128
57515	128
57539	128
57562	128
57585	128
57609	128
57632	128
57656	128
57679	128
57703	128
57714	128
57738	128
57761	128
57785	128
57808	128
57832	128
57843	128
57867	128
57890	128
57914	128
57937	128
57960	129
57984	129
58007	129
58019	129
58042	129
58066	129
58089	129
58113	129
58148	129
58171	129
58195	129
58218	129
58242	129
58265	129
58289	129
58312	129
58324	129
58347	129
58371	129
58394	129
58417	129
58441	129
58464	129
58476	129
58500	129
58523	129
58535	129
58558	129
58582	129
58605	129
58628	129
58652	129
58664	129
58687	129
58710	129
58734	129
58757	129
58769	129
58792	129
58816	129
58839	129
58863	129
58898	129
58921	129
58945	129
58968	129
58992	129
59015	129
59039	129
59062	129
59085	130
59109	130
59132	130
59156	130
59179	130
59203	130
59226	130
59250	130
59261	130
59285	130
59308	130
59332	130
59355	130
59378	130
59402	130
59414	130
59437	130
59449	130
59472	130
59496	130
59507	130
59531	130
59554	130
59578	130
59601	130
59625	130
59648	130
59671	130
59695	130
59718	130
59742	130
59765	130
59777	130
59800	130
59824	130
59847	130
59871	130
59894	130
59917	130
59941	130
59964	130
59988	130
60011	130
60035	130
60058	130
60070	130
60093	130
60117	130
60140	130
60164	130
60187	131
60210	131
60234	131
60246	131
60269	131
60292	131
60316	131
60339	131
60363	131
60386	131
60410	131
60433	131
60457	131
60480	131
60503	131
60527	131
60550	131
60574	131
60597	131
60621	131
60644	131
60656	131
60679	131
60703	131
60726	131
60750	131
60773	131
60796	131
60820	131
60843	131
60867	131
60890	131
60914	131
60925	131
60949	131
60960	131
60984	131
61007	131
61031	131
61042	131
61066	131
61089	131
61113	131
61136	131
61160	131
61183	131
61207	131
61230	131
61253	131
61277	131
61300	132
61324	132
61359	132
61382	132
61394	132
61417	132
61441	132
61464	132
61488	132
61511	132
61546	132
61570	132
61593	132
61617	132
61640	132
61664	132
61675	132
61699	132
61722	132
61746	132
61769	132
61792	132
61816	132
61839	132
61851	132
61875	132
61910	132
61933	132
61957	132
61980	132
62003	132
62027	132
62039	132
62062	132
62085	132
62109	132
62132	132
62156	132
62179	132
62203	132
62226	132
62250	132
62273	132
62296	132
62320	132
62343	132
62367	132
62390	132
62414	132
62437	132
62460	133
62472	133
62496	133
62519	133
62542	133
62566	133
62589	133
62613	133
62636	133
62660	133
62683	133
62695	133
62718	133
62742	133
62765	133
62789	133
62812	133
62835	133
62859	133
62882	133
62906	133
62929	133
62953	133
62976	133
63000	133
63023	133
63046	133
63070	133
63093	133
63117	133
63140	133
63164	133
63187	133
63210	133
63222	133
63246	133
63269	133
63292	133
63316	133
63339	133
63363	133
63386	133
63410	133
63433	133
63457	133
63480	133
63503	133
63527	133
63550	133
63562	133
63585	134
63609	134
63632	134
63656	134
63679	134
63703	134
63726	134
63761	134
63785	134
63808	134
63832	134
63855	134
63878	134
63902	134
63925	134
63949	134
63972	134
63996	134
64019	134
64042	134
64066	134
64089	134
64113	134
64125	134
64148	134
64171	134
64195	134
64218	134
64242	134
64265	134
64289	134
64312	134
64335	134
64359	134
64382	134
64406	134
64429	134
64453	134
64476	134
64500	134
64535	134
64558	134
64582	134
64605	134
64628	134
64652	134
64675	134
64699	134
64722	134
64746	134
64757	135
64781	135
64804	135
64828	135
64851	135
64875	135
64898	135
64921	135
64945	135
64968	135
64992	135
65015	135
65039	135
65062	135
65085	135
65109	135
65132	135
65156	135
65179	135
65203	135
65238	135
65261	135
65285	135
65320	135
65343	135
65367	135
65390	135
65414	135
65437	135
65460	135
65484	135
65507	135
65531	135
65554	135
65578	135
65601	135
65625	135
65648	135
65671	135
65683	135
65707	135
65742	135
65765	135
65789	135
65812	135
65824	135
65847	135
65871	135
65894	135
65917	135
65941	136
65964	136
66000	136
66023	136
66046	136
66070	136
66093	136
66117	136
66140	136
66164	136
66187	136
66222	136
66246	136
66269	136
66292	136
66316	136
66339	136
66363	136
66386	136
66410	136
66433	136
66457	136
66480	136
66503	136
66527	136
66550	136
66574	136
66597	136
66621	136
66644	136
66667	136
66691	136
66714	136
66738	136
66773	136
66796	136
66820	136
66843	136
66867	136
66890	136
66914	136
66937	136
66972	136
66996	136
67019	136
67042	136
67066	136
67089	136
67113	136
67136	136
67160	137
67195	137
67218	137
67242	137
67265	137
67289	137
67312	137
67335	137
67359	137
67382	137
67406	137
67429	137
67453	137
67476	137
67500	137
67535	137
67558	137
67582	137
67605	137
67628	137
67664	137
67687	137
67710	137
67746	137
67769	137
67792	137
67816	137
67839	137
67863	137
67886	137
67921	137
67945	137
67968	137
67992	137
68015	137
68039	137
68062	137
68085	137
68097	137
68121	137
68144	137
68167	137
68203	137
68226	137
68250	137
68273	137
68296	137
68320	137
68343	137
68367	137
68390	138
68414	138
68437	138
68472	138
68496	138
68519	138
68542	138
68566	138
68589	138
68625	138
68648	138
68683	138
68707	138
68730	138
68753	138
68777	138
68812	138
68835	138
68859	138
68882	138
68906	138
68929	138
68953	138
68976	138
69000	138
69023	138
69058	138
69082	138
69105	138
69128	138
69152	138
69175	138
69199	138
69222	138
69246	138
69269	138
69292	138
69328	138
69351	138
69375	138
69410	138
69433	138
69468	138
69492	138
69515	138
69539	138
69562	138
69585	138
69609	138
69632	138
69667	139
69691	139
69714	139
69738	139
69761	139
69785	139
69808	139
69832	139
69855	139
69890	139
69914	139
69937	139
69960	139
69984	139
70007	139
70031	139
70054	139
70089	139
70113	139
70148	139
70183	139
70207	139
70230	139
70253	139
70277	139
70300	139
70335	139
70359	139
70382	139
70406	139
70429	139
70453	139
70476	139
70500	139
70523	139
70546	139
70570	139
70593	139
70628	139
70652	139
70675	139
70699	139
70722	139
70746	139
70769	139
70792	139
70816	139
70839	139
70875	139
70910	139
70933	140
70968	140
70992	140
71015	140
71039	140
71074	140
71097	140
71121	140
71144	140
71179	140
71203	140
71226	140
71250	140
71273	140
71296	140
71320	140
71343	140
71378	140
71402	140
71425	140
71449	140
71460	140
71484	140
71507	140
71531	140
71554	140
71589	140
71613	140
71636	140
71660	140
71695	140
71718	140
71742	140
71765	140
71789	140
71824	140
71847	140
71871	140
71894	140
71917	140
71953	140
71976	140
72000	140
72023	140
72046	140
72082	140
72105	140
72128	140
72152	140
72175	140
72199	141
72222	141
72246	141
72269	141
72292	141
72328	141
72351	141
72375	141
72410	141
72433	141
72457	141
72492	141
72515	141
72539	141
72562	141
72585	141
72609	141
72632	141
72667	141
72691	141
72714	141
72738	141
72761	141
72785	141
72820	141
72843	141
72867	141
72890	141
72914	141
72937	141
72960	141
72984	141
73007	141
73031	141
73054	141
73078	141
73101	141
73136	141
73160	141
73183	141
73218	141
73242	141
73265	141
73289	141
73324	141
73347	141
73371	141
73406	141
73429	141
73453	141
73476	142
73511	142
73535	142
73558	142
73593	142
73617	142
73640	142
73664	142
73687	142
73710	142
73734	142
73757	142
73781	142
73816	142
73839	142
73863	142
73886	142
73910	142
73945	142
73968	142
73992	142
74015	142
74050	142
74074	142
74097	142
74121	142
74144	142
74167	142
74191	142
74226	142
74250	142
74273	142
74308	142
74332	142
74355	142
74378	142
74414	142
74437	142
74460	142
74484	142
74507	142
74531	142
74554	142
74578	142
74601	142
74636	142
74660	142
74683	142
74707	142
74730	142
74765	143
74789	143
74812	143
74835	143
74859	143
74882	143
74917	143
74941	143
74964	143
74988	143
75023	143
75046	143
75082	143
75105	143
75128	143
75152	143
75175	143
75199	143
75222	143
75257	143
75281	143
75304	143
75328	143
75351	143
75375	143
75398	143
75433	143
75457	143
75480	143
75503	143
75527	143
75550	143
75574	143
75609	143
75632	143
75656	143
75679	143
75703	143
75738	143
75761	143
75796	143
75820	143
75843	143
75878	143
75902	143
75925	143
75949	143
75972	143
75996	143
76019	143
76054	144
76078	144
76101	144
76125	144
76148	144
76171	144
76195	144
76230	144
76253	144
76277	144
76300	144
76335	144
76359	144
76382	144
76406	144
76429	144
76464	144
76488	144
76523	144
76546	144
76582	144
76605	144
76628	144
76664	144
76687	144
76710	144
76734	144
76757	144
76781	144
76816	144
76839	144
76863	144
76886	144
76910	144
76945	144
76968	144
76992	144
77015	144
77050	144
77074	144
77097	144
77121	144
77156	144
77179	144
77203	144
77226	144
77261	144
77296	144
77320	144
77343	144
77378	145
77402	145
77425	145
77449	145
77472	145
77496	145
77519	145
77554	145
77578	145
77601	145
77625	145
77648	145
77671	145
77707	145
77730	145
77753	145
77777	145
77812	145
77835	145
77859	145
77882	145
77906	145
77929	145
77964	145
77988	145
78023	145
78046	145
78082	145
78105	145
78128	145
78164	145
78187	145
78210	145
78246	145
78269	145
78292	145
78316	145
78351	145
78375	145
78398	145
78433	145
78457	145
78480	145
78515	145
78539	145
78562	145
78585	145
78609	145
78644	145
78667	145
78691	146
78714	146
78750	146
78773	146
78808	146
78832	146
78855	146
78890	146
78914	146
78937	146
78972	146
78996	146
79019	146
79042	146
79078	146
79101	146
79125	146
79160	146
79183	146
79207	146
79242	146
79265	146
79289	146
79312	146
79335	146
79371	146
79394	146
79417	146
79441	146
79476	146
79500	146
79535	146
79558	146
79593	146
79617	146
79640	146
79664	146
79699	146
79734	146
79757	146
79781	146
79804	146
79839	146
79863	146
79898	146
79921	146
79957	146
79980	146
80003	146
80039	146
80062	147
80085	147
80097	147
80132	147
80156	147
80179	147
80203	147
80238	147
80261	147
80285	147
80308	147
80343	147
80367	147
80390	147
80425	147
80449	147
80484	147
80507	147
80531	147
80554	147
80589	147
80625	147
80648	147
80683	147
80718	147
80742	147
80765	147
80789	147
80824	147
80847	147
80871	147
80894	147
80929	147
80953	147
80976	147
81000	147
81035	147
81058	147
81082	147
81105	147
81140	147
81164	147
81187	147
81210	147
81246	147
81269	147
81292	147
81316	147
81351	147
81386	147
81410	148
81445	148
81468	148
81503	148
81527	148
81550	148
81585	148
81609	148
81632	148
81656	148
81691	148
81714	148
81738	148
81761	148
81796	148
81820	148
81843	148
81878	148
81902	148
81925	148
81960	148
81984	148
82007	148
82042	148
82066	148
82089	148
82125	148
82160	148
82195	148
82218	148
82253	148
82277	148
82300	148
82335	148
82359	148
82382	148
82406	148
82441	148
82464	148
82488	148
82511	148
82535	148
82558	148
82593	148
82617	148
82640	148
82664	148
82687	148
82722	148
82746	148
82769	149
82792	149
82828	149
82851	149
82886	149
82921	149
82957	149
82980	149
83003	149
83027	149
83062	149
83097	149
83121	149
83144	149
83179	149
83203	149
83226	149
83261	149
83285	149
83308	149
83332	149
83367	149
83390	149
83414	149
83437	149
83460	149
83484	149
83507	149
83531	149
83566	149
83589	149
83613	149
83648	149
83671	149
83707	149
83730	149
83753	149
83789	149
83812	149
83847	149
83871	149
83894	149
83929	149
83953	149
83976	149
84011	149
84035	149
84070	149
84093	149
84117	149
84152	150
84175	150
84199	150
84222	150
84246	150
84281	150
84304	150
84328	150
84363	150
84386	150
84421	150
84457	150
84480	150
84503	150
84539	150
84562	150
84585	150
84609	150
84644	150
84667	150
84691	150
84726	150
84750	150
84773	150
84808	150
84832	150
84855	150
84890	150
84914	150
84937	150
84960	150
84984	150
85007	150
85031	150
85054	150
85089	150
85113	150
85148	150
85171	150
85207	150
85230	150
85253	150
85289	150
85312	150
85347	150
85382	150
85406	150
85429	150
85464	150
85488	150
85523	151
85546	151
85582	151
85605	151
85640	151
85664	151
85687	151
85710	151
85746	151
85769	151
85792	151
85828	151
85851	151
85875	151
85910	151
85933	151
85968	151
85992	151
86027	151
86050	151
86074	151
86109	151
86132	151
86156	151
86191	151
86214	151
86238	151
86273	151
86308	151
86332	151
86355	151
86390	151
86414	151
86437	151
86460	151
86484	151
86519	151
86542	151
86578	151
86601	151
86625	151
86648	151
86683	151
86707	151
86742	151
86765	151
86789	151
86824	151
86847	151
86871	151
86906	152
86929	152
86953	152
86988	152
87011	152
87046	152
87082	152
87105	152
87128	152
87164	152
87187	152
87210	152
87234	152
87269	152
87292	152
87316	152
87351	152
87375	152
87398	152
87433	152
87457	152
87480	152
87515	152
87539	152
87562	152
87585	152
87621	152
87644	152
87667	152
87703	152
87726	152
87761	152
87796	152
87820	152
87855	152
87878	152
87914	152
87937	152
87960	152
87984	152
88019	152
88042	152
88066	152
88101	152
88125	152
88148	152
88183	152
88207	152
88230	152
88265	152
88289	153
88324	153
88347	153
88371	153
88406	153
88429	153
88464	153
88488	153
88523	153
88558	153
88593	153
88617	153
88640	153
88675	153
88699	153
88722	153
88757	153
88781	153
88816	153
88839	153
88863	153
88898	153
88921	153
88945	153
88980	153
89003	153
89039	153
89062	153
89097	153
89121	153
89144	153
89179	153
89203	153
89238	153
89273	153
89296	153
89332	153
89355	153
89390	153
89414	153
89449	153
89472	153
89496	153
89519	153
89554	153
89578	153
89613	153
89636	153
89660	153
89683	153
89718	154
89742	154
89777	154
89800	154
89824	154
89859	154
89882	154
89906	154
89941	154
89964	154
90000	154
90035	154
90058	154
90093	154
90117	154
90152	154
90175	154
90210	154
90234	154
90269	154
90292	154
90328	154
90351	154
90386	154
90410	154
90445	154
90468	154
90503	154
90527	154
90562	154
90585	154
90609	154
90644	154
90667	154
90703	154
90726	154
90761	154
90785	154
90820	154
90855	154
90878	154
90914	154
90937	154
90972	154
90996	154
91019	154
91054	154
91078	154
91113	154
91136	154
91171	155
91207	155
91230	155
91265	155
91289	155
91312	155
91347	155
91371	155
91394	155
91429	155
91453	155
91488	155
91523	155
91558	155
91582	155
91617	155
91640	155
91675	155
91699	155
91734	155
91769	155
91792	155
91828	155
91851	155
91886	155
91921	155
91945	155
91980	155
92003	155
92039	155
92062	155
92085	155
92109	155
92132	155
92167	155
92191	155
92226	155
92250	155
92285	155
92308	155
92343	155
92367	155
92402	155
92425	155
92460	155
92496	155
92519	155
92542	155
92578	155
92613	155
92648	156
92683	156
92718	156
92742	156
92777	156
92800	156
92835	156
92859	156
92894	156
92917	156
92953	156
92976	156
93000	156
93035	156
93058	156
93093	156
93117	156
93152	156
93175	156
93210	156
93234	156
93269	156
93292	156
93316	156
93351	156
93386	156
93421	156
93457	156
93480	156
93515	156
93539	156
93574	156
93609	156
93632	156
93656	156
93691	156
93714	156
93750	156
93773	156
93808	156
93832	156
93867	156
93890	156
93925	156
93949	156
93984	156
94019	156
94042	156
94078	156
94101	156
94148	157
94183	157
94218	157
94242	157
94265	157
94300	157
94335	157
94359	157
94394	157
94417	157
94453	157
94476	157
94500	157
94535	157
94558	157
94593	157
94617	157
94652	157
94675	157
94699	157
94734	157
94757	157
94792	157
94816	157
94851	157
94886	157
94921	157
94957	157
94992	157
95015	157
95050	157
95085	157
95121	157
95144	157
95179	157
95203	157
95238	157
95261	157
95296	157
95320	157
95355	157
95378	157
95414	157
95437	157
95460	157
95484	157
95507	157
95542	157
95566	157
95601	157
95636	158
95671	158
95695	158
95730	158
95753	158
95789	158
95824	158
95847	158
95882	158
95906	158
95941	158
95976	158
96000	158
96035	158
96058	158
96093	158
96128	158
96152	158
96187	158
96210	158
96246	158
96269	158
96304	158
96328	158
96363	158
96398	158
96433	158
96457	158
96492	158
96515	158
96550	158
96574	158
96609	158
96632	158
96667	158
96703	158
96726	158
96761	158
96785	158
96820	158
96843	158
96878	158
96914	158
96937	158
96960	158
96984	158
97007	158
97042	158
97078	158
97101	158
97136	159
97171	159
97195	159
97230	159
97265	159
97289	159
97324	159
97359	159
97394	159
97417	159
97453	159
97488	159
97511	159
97546	159
97582	159
97617	159
97640	159
97675	159
97699	159
97734	159
97757	159
97792	159
97816	159
97851	159
97875	159
97910	159
97945	159
97968	159
98003	159
98027	159
98062	159
98097	159
98121	159
98156	159
98179	159
98214	159
98250	159
98273	159
98308	159
98343	159
98367	159
98402	159
98425	159
98460	159
98484	159
98507	159
98542	159
98578	159
98601	159
98636	159
98660	160
98695	160
98718	160
98753	160
98789	160
98812	160
98847	160
98871	160
98906	160
98941	160
98964	160
99000	160
99035	160
99070	160
99105	160
99128	160
99164	160
99187	160
99222	160
99246	160
99281	160
99304	160
99339	160
99363	160
99398	160
99433	160
99457	160
99492	160
99515	160
99550	160
99574	160
99609	160
99644	160
99667	160
99703	160
99726	160
99761	160
99796	160
99832	160
99867	160
99890	160
99925	160
99949	160
99984	160
100007	160
100042	160
100066	160
100101	160
100125	160
100160	160
100183	161
100218	161
100253	161
100277	161
100312	161
100335	161
100371	161
100394	161
100429	161
100464	161
100488	161
100523	161
100558	161
100593	161
100628	161
100652	161
100687	161
100710	161
100746	161
100769	161
100804	161
100839	161
100863	161
100898	161
100933	161
100957	161
100992	161
101015	161
101050	161
101085	161
101109	161
101144	161
101179	161
101203	161
101238	161
101273	161
101308	161
101343	161
101378	161
101402	161
101437	161
101460	161
101496	161
101519	161
101554	161
101589	161
101613	161
101648	161
101671	161
101707	161
101742	162
101765	162
101800	162
101824	162
101859	162
101882	162
101917	162
101953	162
101976	162
102011	162
102046	162
102082	162
102117	162
102140	162
102175	162
102210	162
102234	162
102269	162
102304	162
102328	162
102363	162
102398	162
102421	162
102457	162
102492	162
102515	162
102550	162
102574	162
102609	162
102632	162
102667	162
102703	162
102726	162
102761	162
102796	162
102832	162
102867	162
102890	162
102925	162
102960	162
102984	162
103019	162
103042	162
103078	162
103113	162
103148	162
103183	162
103207	162
103242	162
103277	162
103300	163
103335	163
103359	163
103394	163
103429	163
103453	163
103488	163
103523	163
103558	163
103593	163
103628	163
103652	163
103687	163
103722	163
103757	163
103792	163
103816	163
103851	163
103886	163
103921	163
103957	163
103992	163
104015	163
104050	163
104074	163
104097	163
104132	163
104156	163
104191	163
104226	163
104250	163
104285	163
104320	163
104343	163
104378	163
104414	163
104437	163
104472	163
104507	163
104542	163
104566	163
104601	163
104636	163
104683	163
104707	163
104742	163
104777	163
104800	163
104835	163
104871	163
104894	164
104929	164
104953	164
104988	164
105023	164
105046	164
105082	164
105105	164
105140	164
105175	164
105199	164
105234	164
105269	164
105292	164
105328	164
105363	164
105398	164
105433	164
105468	164
105503	164
105527	164
105562	164
105597	164
105621	164
105656	164
105691	164
105714	164
105750	164
105785	164
105808	164
105843	164
105878	164
105902	164
105937	164
105972	164
106007	164
106031	164
106066	164
106101	164
106136	164
106183	164
106218	164
106242	164
106277	164
106312	164
106335	164
106371	164
106394	164
106429	164
106464	164
106488	165
106523	165
106546	165
106582	165
106605	165
106640	165
106675	165
106699	165
106734	165
106757	165
106792	165
106816	165
106851	165
106898	165
106933	165
106968	165
107003	165
107027	165
107062	165
107097	165
107132	165
107167	165
107203	165
107226	165
107261	165
107285	165
107320	165
107355	165
107378	165
107414	165
107437	165
107460	165
107496	165
107519	165
107554	165
107589	165
107625	165
107660	165
107695	165
107718	165
107753	165
107789	165
107824	165
107859	165
107882	165
107917	165
107953	165
107976	165
108011	165
108046	165
108082	166
108105	166
108140	166
108175	166
108199	166
108234	166
108257	166
108292	166
108328	166
108351	166
108386	166
108421	166
108457	166
108492	166
108527	166
108550	166
108585	166
108621	166
108644	166
108679	166
108703	166
108738	166
108773	166
108796	166
108832	166
108867	166
108890	166
108925	166
108949	166
108972	166
109007	166
109031	166
109066	166
109101	166
109125	166
109160	166
109195	166
109230	166
109253	166
109289	166
109324	166
109359	166
109394	166
109429	166
109453	166
109488	166
109523	166
109558	166
109593	166
109628	166
109652	167
109687	167
109710	167
109746	167
109781	167
109804	167
109839	167
109875	167
109910	167
109933	167
109968	167
110003	167
110039	167
110062	167
110097	167
110132	167
110156	167
110191	167
110226	167
110261	167
110285	167
110320	167
110355	167
110390	167
110414	167
110449	167
110472	167
110507	167
110531	167
110566	167
110601	167
110625	167
110660	167
110695	167
110718	167
110753	167
110789	167
110812	167
110847	167
110882	167
110906	167
110941	167
110976	167
111011	167
111046	167
111070	167
111105	167
111140	167
111164	167
111199	167
111222	168
111257	168
111281	168
111316	168
111351	168
111375	168
111410	168
111445	168
111468	168
111503	168
111539	168
111562	168
111597	168
111621	168
111656	168
111691	168
111714	168
111750	168
111796	168
111820	168
111855	168
111890	168
111925	168
111949	168
111984	168
112007	168
112042	168
112078	168
112101	168
112136	168
112160	168
112195	168
112230	168
112253	168
112289	168
112324	168
112347	168
112382	168
112417	168
112441	168
112476	168
112511	168
112558	168
112582	168
112617	168
112652	168
112687	168
112710	168
112746	168
112769	168
112804	169
112839	169
112863	169
112898	169
112933	169
112957	169
112992	169
113027	169
113050	169
113085	169
113121	169
113144	169
113179	169
113214	169
113250	169
113285	169
113320	169
113355	169
113378	169
113414	169
113449	169
113472	169
113496	169
113531	169
113566	169
113589	169
113625	169
113660	169
113683	169
113718	169
113753	169
113777	169
113812	169
113835	169
113871	169
113894	169
113929	169
113964	169
114000	169
114035	169
114058	169
114093	169
114128	169
114164	169
114187	169
114222	169
114257	169
114281	169
114316	169
114351	169
114386	170
114421	170
114445	170
114480	170
114515	170
114539	170
114574	170
114597	170
114632	170
114667	170
114691	170
114726	170
114761	170
114796	170
114832	170
114867	170
114890	170
114925	170
114960	170
114996	170
115019	170
115054	170
115089	170
115113	170
115148	170
115183	170
115218	170
115253	170
115277	170
115312	170
115335	170
115371	170
115406	170
115429	170
115464	170
115500	170
115535	170
115570	170
115605	170
115628	170
115664	170
115699	170
115734	170
115769	170
115792	170
115828	170
115863	170
115898	170
115933	170
115957	170
115992	171
116027	171
116050	171
116074	171
116109	171
116132	171
116167	171
116203	171
116226	171
116261	171
116285	171
116320	171
116355	171
116378	171
116414	171
116449	171
116484	171
116519	171
116542	171
116578	171
116613	171
116648	171
116683	171
116718	171
116753	171
116777	171
116812	171
116847	171
116871	171
116906	171
116941	171
116964	171
117000	171
117035	171
117058	171
117093	171
117128	171
117164	171
117187	171
117222	171
117246	171
117281	171
117316	171
117351	171
117386	171
117421	171
117457	171
117492	171
117515	171
117550	171
117585	172
117609	172
117644	172
117679	172
117703	172
117738	172
117761	172
117796	172
117832	172
117855	172
117890	172
117925	172
117960	172
117984	172
118019	172
118042	172
118078	172
118113	172
118160	172
118195	172
118230	172
118253	172
118289	172
118324	172
118347	172
118382	172
118406	172
118441	172
118476	172
118500	172
118523	172
118558	172
118582	172
118617	172
118652	172
118675	172
118710	172
118734	172
118769	172
118792	172
118828	172
118863	172
118910	172
118945	172
118980	172
119003	172
119039	172
119074	172
119109	172
119144	172
119167	173
119203	173
119238	173
119261	173
119296	173
119320	173
119355	173
119390	173
119414	173
119449	173
119472	173
119496	173
119531	173
119554	173
119589	173
119625	173
119660	173
119695	173
119730	173
119753	173
119789	173
119824	173
119847	173
119882	173
119917	173
119941	173
119976	173
120011	173
120035	173
120070	173
120105	173
120128	173
120164	173
120199	173
120222	173
120257	173
120281	173
120316	173
120339	173
120375	173
120410	173
120445	173
120480	173
120503	173
120539	173
120562	173
120597	173
120632	173
120656	173
120691	173
120714	174
120750	174
120785	174
120808	174
120843	174
120867	174
120902	174
120925	174
120960	174
120984	174
121007	174
121042	174
121066	174
121101	174
121136	174
121171	174
121195	174
121230	174
121265	174
121289	174
121324	174
121371	174
121394	174
121429	174
121453	174
121488	174
121523	174
121558	174
121593	174
121628	174
121652	174
121687	174
121710	174
121746	174
121769	174
121804	174
121828	174
121863	174
121898	174
121921	174
121957	174
121992	174
122015	174
122050	174
122085	174
122109	174
122144	174
122167	174
122203	174
122238	174
122273	175
122296	175
122332	175
122367	175
122390	175
122425	175
122449	175
122472	175
122507	175
122531	175
122566	175
122601	175
122625	175
122660	175
122683	175
122718	175
122753	175
122777	175
122812	175
122835	175
122871	175
122894	175
122929	175
122964	175
123000	175
123023	175
123058	175
123093	175
123128	175
123152	175
123187	175
123210	175
123246	175
123269	175
123304	175
123328	175
123363	175
123386	175
123421	175
123445	175
123480	175
123515	175
123539	175
123574	175
123597	175
123632	175
123667	175
123691	175
123726	175
123761	175
123796	176
123832	176
123855	176
123890	176
123925	176
123949	176
123972	176
124007	176
124031	176
124066	176
124101	176
124125	176
124160	176
124183	176
124218	176
124242	176
124277	176
124312	176
124335	176
124371	176
124394	176
124429	176
124464	176
124488	176
124523	176
124558	176
124593	176
124628	176
124652	176
124687	176
124710	176
124746	176
124769	176
124804	176
124828	176
124863	176
124886	176
124921	176
124957	176
124980	176
125015	176
125039	176
125074	176
125109	176
125132	176
125167	176
125191	176
125226	176
125261	176
125296	176
125332	177
125355	177
125390	177
125425	177
125449	177
125472	177
125507	177
125531	177
125566	177
125589	177
125625	177
125648	177
125683	177
125718	177
125742	177
125777	177
125800	177
125835	177
125859	177
125894	177
125917	177
125953	177
125988	177
126023	177
126046	177
126082	177
126117	177
126152	177
126175	177
126210	177
126234	177
126269	177
126304	177
126328	177
126363	177
126398	177
126421	177
126457	177
126492	177
126515	177
126550	177
126574	177
126609	177
126632	177
126667	177
126691	177
126726	177
126761	177
126796	177
126832	177
126855	178
126890	178
126914	178
126949	178
126984	178
127007	178
127042	178
127066	178
127101	178
127136	178
127171	178
127195	178
127230	178
127253	178
127289	178
127324	178
127347	178
127371	178
127406	178
127441	178
127464	178
127500	178
127535	178
127570	178
127593	178
127628	178
127664	178
127699	178
127734	178
127757	178
127792	178
127816	178
127851	178
127886	178
127921	178
127957	178
127980	178
128015	178
128039	178
128074	178
128097	178
128121	178
128156	178
128179	178
128214	178
128238	178
128273	178
128308	178
128332	178
128367	178
128402	179
128425	179
128460	179
128496	179
128519	179
128554	179
128589	179
128625	179
128660	179
128695	179
128730	179
128753	179
128789	179
128824	179
128847	179
128882	179
128906	179
128941	179
128976	179
129000	179
129035	179
129058	179
129093	179
129128	179
129152	179
129187	179
129210	179
129246	179
129269	179
129304	179
129339	179
129375	179
129410	179
129445	179
129480	179
129503	179
129539	179
129562	179
129597	179
129632	179
129656	179
129691	179
129714	179
129750	179
129785	179
129808	179
129843	179
129867	179
129902	179
129937	179
129960	180
129996	180
130031	180
130054	180
130089	180
130125	180
130160	180
130195	180
130230	180
130265	180
130289	180
130324	180
130359	180
130382	180
130417	180
130441	180
130476	180
130500	180
130535	180
130558	180
130593	180
130617	180
130652	180
130675	180
130710	180
130734	180
130769	180
130804	180
130828	180
130863	180
130910	180
130945	180
130980	180
131003	180
131039	180
131074	180
131109	180
131144	180
131167	180
131203	180
131238	180
131261	180
131296	180
131320	180
131355	180
131390	180
131414	180
131437	180
131472	180
131496	180
131519	181
131554	181
131589	181
131613	181
131648	181
131683	181
131718	181
131753	181
131777	181
131812	181
131847	181
131871	181
131906	181
131941	181
131964	181
132000	181
132035	181
132058	181
132093	181
132128	181
132152	181
132187	181
132210	181
132246	181
132269	181
132304	181
132328	181
132363	181
132398	181
132433	181
132468	181
132492	181
132527	181
132562	181
132585	181
132621	181
132644	181
132679	181
132714	181
132738	181
132773	181
132808	181
132832	181
132867	181
132902	181
132925	181
132949	181
132972	181
133007	181
133031	181
133066	182
133101	182
133125	182
133160	182
133195	182
133230	182
133253	182
133289	182
133324	182
133359	182
133394	182
133429	182
133453	182
133488	182
133523	182
133558	182
133593	182
133628	182
133652	182
133687	182
133710	182
133746	182
133769	182
133804	182
133828	182
133863	182
133898	182
133933	182
133957	182
133992	182
134027	182
134050	182
134085	182
134109	182
134144	182
134179	182
134203	182
134238	182
134273	182
134308	182
134332	182
134367	182
134390	182
134425	182
134449	182
134484	182
134507	182
134542	182
134566	182
134601	182
134625	183
134660	183
134695	183
134718	183
134753	183
134789	183
134812	183
134847	183
134871	183
134906	183
134941	183
134964	183
135000	183
135035	183
135070	183
135105	183
135128	183
135164	183
135199	183
135222	183
135246	183
135281	183
135316	183
135339	183
135375	183
135410	183
135433	183
135468	183
135503	183
135527	183
135562	183
135585	183
135621	183
135656	183
135679	183
135714	183
135750	183
135785	183
135820	183
135855	183
135878	183
135914	183
135949	183
135972	183
135996	183
136031	183
136066	183
136089	183
136125	183
136148	183
136183	184
136207	184
136242	184
136277	184
136300	184
136335	184
136371	184
136394	184
136429	184
136453	184
136488	184
136523	184
136558	184
136593	184
136628	184
136652	184
136687	184
136722	184
136746	184
136781	184
136804	184
136839	184
136863	184
136898	184
136933	184
136957	184
136992	184
137027	184
137050	184
137085	184
137121	184
137144	184
137179	184
137214	184
137250	184
137285	184
137320	184
137355	184
137378	184
137414	184
137449	184
137472	184
137507	184
137531	184
137566	184
137601	184
137625	184
137660	184
137683	184
137718	184
137753	185
137789	185
137812	185
137847	185
137871	185
137906	185
137929	185
137964	185
138000	185
138035	185
138070	185
138105	185
138128	185
138164	185
138199	185
138234	185
138257	185
138292	185
138328	185
138351	185
138386	185
138421	185
138457	185
138480	185
138515	185
138550	185
138574	185
138609	185
138632	185
138667	185
138703	185
138726	185
138761	185
138796	185
138832	185
138867	185
138890	185
138925	185
138960	185
138984	185
139019	185
139054	185
139078	185
139113	185
139148	185
139183	185
139218	185
139242	185
139277	185
139312	185
139335	186
139371	186
139394	186
139429	186
139464	186
139500	186
139535	186
139570	186
139605	186
139628	186
139664	186
139699	186
139734	186
139769	186
139804	186
139839	186
139863	186
139898	186
139933	186
139968	186
140003	186
140039	186
140062	186
140085	186
140121	186
140144	186
140179	186
140214	186
140238	186
140273	186
140308	186
140332	186
140367	186
140402	186
140437	186
140472	186
140496	186
140531	186
140566	186
140601	186
140636	186
140671	186
140707	186
140742	186
140765	186
140800	186
140835	186
140859	186
140894	186
140929	186
140953	187
140988	187
141011	187
141046	187
141082	187
141105	187
141140	187
141175	187
141199	187
141234	187
141269	187
141292	187
141328	187
141363	187
141398	187
141433	187
141468	187
141503	187
141539	187
141562	187
141597	187
141632	187
141656	187
141691	187
141726	187
141750	187
141785	187
141820	187
141855	187
141878	187
141914	187
141949	187
141984	187
142019	187
142042	187
142078	187
142113	187
142148	187
142195	187
142230	187
142253	187
142289	187
142324	187
142347	187
142382	187
142406	187
142441	187
142476	187
142500	187
142535	187
142558	188
142593	188
142628	188
142652	188
142687	188
142710	188
142746	188
142781	188
142804	188
142839	188
142875	188
142921	188
142957	188
142992	188
143015	188
143050	188
143085	188
143121	188
143144	188
143179	188
143214	188
143238	188
143273	188
143308	188
143332	188
143367	188
143402	188
143425	188
143449	188
143472	188
143507	188
143531	188
143566	188
143601	188
143636	188
143660	188
143695	188
143730	188
143765	188
143789	188
143824	188
143859	188
143894	188
143917	188
143953	188
143988	188
144011	188
144046	188
144082	188
144117	188
144140	189
144175	189
144199	189
144234	189
144269	189
144292	189
144328	189
144363	189
144398	189
144433	189
144468	189
144492	189
144527	189
144562	189
144585	189
144621	189
144656	189
144679	189
144714	189
144750	189
144773	189
144808	189
144843	189
144878	189
144902	189
144937	189
144960	189
144984	189
145019	189
145042	189
145078	189
145113	189
145148	189
145183	189
145207	189
145242	189
145277	189
145312	189
145347	189
145382	189
145406	189
145441	189
145476	189
145511	189
145546	189
145582	189
145605	189
145640	189
145675	189
145699	189
145734	190
145757	190
145792	190
145816	190
145851	190
145886	190
145921	190
145945	190
145980	190
146015	190
146039	190
146074	190
146109	190
146132	190
146167	190
146203	190
146226	190
146261	190
146296	190
146332	190
146367	190
146390	190
146425	190
146449	190
146484	190
146507	190
146542	190
146578	190
146601	190
146636	190
146660	190
146695	190
146730	190
146765	190
146789	190
146824	190
146859	190
146882	190
146917	190
146953	190
146988	190
147023	190
147058	190
147093	190
147117	190
147152	190
147187	190
147210	190
147246	190
147269	190
147304	191
147339	191
147363	191
147398	191
147433	191
147457	191
147492	191
147527	191
147550	191
147585	191
147621	191
147644	191
147679	191
147714	191
147750	191
147785	191
147820	191
147843	191
147878	191
147914	191
147937	191
147972	191
147996	191
148031	191
148066	191
148089	191
148125	191
148148	191
148183	191
148218	191
148242	191
148277	191
148312	191
148335	191
148371	191
148406	191
148429	191
148464	191
148500	191
148535	191
148570	191
148605	191
148640	191
148664	191
148699	191
148722	191
148757	191
148792	191
148816	191
148851	191
148886	192
148910	192
148945	192
148980	192
149015	192
149039	192
149074	192
149109	192
149144	192
149167	192
149203	192
149238	192
149273	192
149308	192
149343	192
149378	192
149414	192
149437	192
149472	192
149496	192
149531	192
149566	192
149589	192
149625	192
149660	192
149683	192
149718	192
149753	192
149789	192
149812	192
149847	192
149871	192
149906	192
149941	192
149964	192
150000	192
150035	192
150070	192
150105	192
150140	192
150164	192
150199	192
150234	192
150269	192
150292	192
150328	192
150363	192
150398	192
150421	192
150457	192
150492	193
150527	193
150550	193
150585	193
150609	193
150644	193
150667	193
150703	193
150738	193
150773	193
150808	193
150843	193
150867	193
150902	193
150937	193
150972	193
150996	193
151031	193
151066	193
151089	193
151125	193
151160	193
151195	193
151230	193
151265	193
151289	193
151324	193
151347	193
151382	193
151417	193
151453	193
151476	193
151511	193
151546	193
151582	193
151617	193
151652	193
151687	193
151722	193
151757	193
151781	193
151816	193
151851	193
151886	193
151921	193
151957	193
151980	193
152015	193
152050	193
152074	193
152097	194
152121	194
152156	194
152191	194
152214	194
152250	194
152285	194
152308	194
152343	194
152378	194
152402	194
152437	194
152472	194
152507	194
152531	194
152566	194
152601	194
152636	194
152683	194
152707	194
152742	194
152777	194
152800	194
152835	194
152871	194
152894	194
152929	194
152964	194
152988	194
153023	194
153058	194
153082	194
153117	194
153152	194
153175	194
153210	194
153246	194
153269	194
153304	194
153339	194
153375	194
153410	194
153445	194
153480	194
153515	194
153550	194
153574	194
153609	194
153644	194
153667	194
153703	195
153738	195
153761	195
153796	195
153832	195
153855	195
153890	195
153925	195
153960	195
153996	195
154019	195
154054	195
154089	195
154125	195
154160	195
154195	195
154230	195
154265	195
154289	195
154324	195
154359	195
154382	195
154417	195
154453	195
154476	195
154500	195
154535	195
154558	195
154593	195
154628	195
154652	195
154687	195
154710	195
154746	195
154769	195
154804	195
154839	195
154875	195
154910	195
timepoint: 185.5