0	0
0	0
0	0
0	0
0	0
0	0
0	0
0	0
0	0
0	0
0	0
0	0
0	0
0	0
0	0
0	0
0	0
0	0
0	0
0	0
0	0
0	0
0	0
0	0
0	0
0	0
0	0
0	0
0	0
0	0
0	0
0	0
0	0
0	0
0	0
0	0
0	0
0	0
0	0
0	0
0	0
0	0
0	0
0	0
0	0
0	0
0	0
0	0
0	0
0	0
0	1
0	1
0	1
0	1
0	1
0	1
0	1
0	1
0	1
0	1
0	1
0	1
0	1
0	1
0	1
0	1
0	1
0	1
0	1
0	1
0	1
0	1
0	1
0	1
0	1
0	1
0	1
0	1
0	1
0	1
0	1
0	1
0	1
0	1
0	1
0	1
0	1
0	1
0	1
0	1
0	1
0	1
0	1
0	1
0	1
0	1
0	1
0	1
0	1
0	1
0	2
0	2
0	2
0	2
0	2
0	2
0	2
0	2
0	2
0	2
0	2
0	2
0	2
0	2
0	2
0	2
0	2
0	2
0	2
0	2
0	2
0	2
0	2
0	2
0	2
0	2
0	2
0	2
0	2
0	2
0	2
0	2
0	2
0	2
0	2
0	2
0	2
0	2
0	2
0	2
0	2
0	2
0	2
0	2
0	2
0	2
0	2
0	2
0	2
0	2
0	3
0	3
0	3
0	3
0	3
0	3
0	3
0	3
0	3
0	3
0	3
0	3
0	3
0	3
0	3
0	3
0	3
0	3
0	3
0	3
0	3
0	3
0	3
0	3
0	3
0	3
0	3
0	3
0	3
0	3
0	3
0	3
0	3
0	3
0	3
0	3
0	3
0	3
0	3
0	3
0	3
0	3
0	3
0	3
0	3
0	3
0	3
0	3
0	3
0	3
0	4
0	4
0	4
0	4
0	4
0	4
0	4
0	4
0	4
0	4
0	4
0	4
0	4
0	4
0	4
0	4
0	4
0	4
0	4
0	4
0	4
0	4
0	4
0	4
0	4
0	4
0	4
0	4
0	4
0	4
0	4
0	4
0	4
0	4
0	4
0	4
0	4
0	4
0	4
0	4
0	4
0	4
0	4
0	4
0	4
0	4
0	4
0	4
0	4
0	4
0	5
0	5
0	5
0	5
11	5
11	5
11	5
11	5
11	5
11	5
11	5
11	5
11	5
11	5
11	5
23	5
23	5
23	5
23	5
23	5
23	5
23	5
23	5
23	5
23	5
23	5
23	5
23	5
23	5
23	5
23	5
23	5
23	5
23	5
23	5
23	5
23	5
23	5
23	5
23	5
23	5
23	5
23	5
23	5
23	5
23	5
23	5
23	5
23	5
23	5
23	6
11	6
11	6
11	6
11	6
11	6
11	6
11	6
11	6
11	6
11	6
11	6
11	6
11	6
11	6
11	6
11	6
11	6
11	6
11	6
11	6
11	6
11	6
11	6
11	6
23	6
23	6
23	6
23	6
23	6
23	6
23	6
23	6
23	6
23	6
23	6
23	6
23	6
35	6
35	6
35	6
35	6
35	6
35	6
35	6
35	6
35	6
35	6
35	6
35	6
35	7
35	7
35	7
35	7
35	7
35	7
35	7
35	7
35	7
35	7
35	7
35	7
35	7
35	7
35	7
35	7
35	7
35	7
35	7
35	7
35	7
23	7
23	7
23	7
23	7
23	7
23	7
23	7
23	7
23	7
23	7
23	7
23	7
23	7
23	7
23	7
23	7
23	7
23	7
23	7
23	7
23	7
23	7
23	7
23	7
23	7
23	7
23	7
23	7
23	7
23	8
23	8
35	8
35	8
35	8
35	8
35	8
35	8
35	8
35	8
35	8
35	8
35	8
35	8
35	8
35	8
35	8
35	8
35	8
35	8
35	8
35	8
35	8
35	8
35	8
35	8
35	8
35	8
35	8
35	8
35	8
35	8
35	8
35	8
35	8
35	8
35	8
35	8
35	8
35	8
35	8
35	8
35	8
35	8
35	8
35	8
35	8
35	8
35	8
35	8
35	9
35	9
35	9
35	9
35	9
35	9
35	9
35	9
35	9
35	9
35	9
35	9
35	9
35	9
35	9
35	9
35	9
35	9
35	9
35	9
35	9
35	9
35	9
35	9
35	9
35	9
35	9
35	9
35	9
35	9
35	9
35	9
35	9
35	9
35	9
35	9
35	9
35	9
35	9
35	9
35	9
35	9
35	9
35	9
35	9
35	9
35	9
35	9
35	9
35	9
35	10
35	10
35	10
35	10
35	10
35	10
35	10
35	10
35	10
35	10
35	10
35	10
35	10
35	10
35	10
35	10
35	10
35	10
35	10
35	10
35	10
35	10
35	10
35	10
35	10
35	10
35	10
35	10
35	10
35	10
35	10
35	10
35	10
35	10
35	10
35	10
35	10
35	10
35	10
35	10
35	10
35	10
35	10
35	10
35	10
35	10
35	10
35	10
35	10
35	10
35	11
35	11
35	11
35	11
35	11
35	11
35	11
35	11
35	11
35	11
35	11
35	11
35	11
35	11
35	11
35	11
35	11
35	11
35	11
35	11
35	11
35	11
35	11
35	11
35	11
35	11
35	11
35	11
35	11
35	11
35	11
35	11
35	11
35	11
35	11
35	11
35	11
35	11
35	11
35	11
35	11
35	11
35	11
35	11
35	11
35	11
35	11
35	11
35	11
35	11
35	12
35	12
35	12
35	12
35	12
35	12
35	12
35	12
35	12
35	12
35	12
35	12
35	12
35	12
35	12
35	12
35	12
35	12
35	12
35	12
35	12
35	12
35	12
35	12
35	12
35	12
35	12
35	12
35	12
35	12
35	12
35	12
35	12
35	12
35	12
35	12
35	12
35	12
35	12
35	12
35	12
35	12
35	12
35	12
35	12
35	12
35	12
35	12
35	12
35	12
35	13
35	13
35	13
35	13
35	13
35	13
35	13
35	13
35	13
35	13
35	13
35	13
35	13
35	13
35	13
35	13
35	13
35	13
35	13
35	13
35	13
35	13
35	13
35	13
35	13
35	13
35	13
35	13
35	13
35	13
35	13
35	13
35	13
35	13
35	13
35	13
35	13
35	13
35	13
35	13
35	13
35	13
35	13
35	13
35	13
35	13
35	13
35	13
35	13
35	13
35	14
35	14
35	14
35	14
35	14
35	14
35	14
35	14
35	14
35	14
35	14
35	14
35	14
35	14
35	14
35	14
35	14
35	14
35	14
35	14
35	14
35	14
35	14
35	14
35	14
35	14
35	14
35	14
35	14
35	14
35	14
35	14
35	14
35	14
35	14
35	14
35	14
35	14
35	14
35	14
35	14
35	14
35	14
35	14
35	14
35	14
35	14
35	14
35	14
35	14
35	15
35	15
35	15
35	15
35	15
35	15
35	15
35	15
35	15
35	15
35	15
35	15
35	15
35	15
35	15
35	15
35	15
35	15
35	15
35	15
35	15
35	15
35	15
35	15
35	15
35	15
35	15
35	15
35	15
35	15
35	15
35	15
35	15
35	15
35	15
35	15
35	15
35	15
35	15
35	15
35	15
35	15
35	15
35	15
35	15
35	15
35	15
35	15
35	15
35	15
35	16
35	16
35	16
35	16
35	16
35	16
35	16
35	16
35	16
35	16
35	16
35	16
35	16
35	16
35	16
35	16
35	16
35	16
35	16
35	16
35	16
35	16
35	16
35	16
35	16
35	16
35	16
35	16
35	16
35	16
35	16
35	16
35	16
35	16
35	16
35	16
35	16
35	16
35	16
35	16
35	16
35	16
35	16
35	16
35	16
35	16
35	16
35	16
35	16
35	16
35	17
35	17
35	17
35	17
35	17
35	17
35	17
35	17
35	17
35	17
35	17
35	17
35	17
35	17
35	17
35	17
35	17
35	17
35	17
35	17
35	17
35	17
35	17
35	17
35	17
35	17
35	17
35	17
35	17
35	17
35	17
35	17
35	17
35	17
35	17
35	17
35	17
35	17
35	17
35	17
35	17
35	17
35	17
35	17
35	17
35	17
35	17
35	17
35	17
35	17
35	18
35	18
35	18
35	18
35	18
35	18
35	18
35	18
35	18
35	18
35	18
35	18
35	18
35	18
35	18
35	18
35	18
35	18
35	18
35	18
35	18
35	18
35	18
35	18
35	18
35	18
35	18
35	18
35	18
35	18
35	18
35	18
35	18
35	18
35	18
35	18
35	18
35	18
35	18
35	18
35	18
35	18
35	18
35	18
35	18
35	18
35	18
35	18
35	18
35	18
35	19
35	19
35	19
35	19
35	19
35	19
35	19
35	19
35	19
35	19
35	19
35	19
35	19
35	19
35	19
35	19
35	19
35	19
35	19
35	19
35	19
35	19
35	19
35	19
35	19
35	19
35	19
35	19
35	19
35	19
35	19
35	19
35	19
35	19
35	19
35	19
35	19
35	19
35	19
35	19
35	19
35	19
35	19
35	19
35	19
35	19
35	19
35	19
35	19
35	19
35	20
35	20
35	20
35	20
35	20
35	20
35	20
35	20
35	20
35	20
35	20
35	20
35	20
35	20
35	20
35	20
35	20
35	20
35	20
35	20
35	20
35	20
35	20
35	20
35	20
35	20
35	20
35	20
35	20
35	20
35	20
35	20
35	20
35	20
35	20
35	20
35	20
35	20
35	20
35	20
35	20
35	20
35	20
35	20
35	20
35	20
35	20
35	20
35	20
35	20
35	21
35	21
35	21
35	21
35	21
35	21
35	21
35	21
35	21
35	21
35	21
35	21
35	21
35	21
35	21
35	21
35	21
35	21
35	21
35	21
35	21
35	21
35	21
35	21
35	21
35	21
35	21
35	21
35	21
35	21
35	21
35	21
35	21
35	21
35	21
35	21
35	21
35	21
35	21
35	21
35	21
35	21
35	21
35	21
35	21
35	21
35	21
35	21
35	21
35	21
35	22
35	22
35	22
35	22
35	22
35	22
35	22
35	22
35	22
35	22
35	22
35	22
35	22
35	22
35	22
35	22
35	22
35	22
35	22
35	22
35	22
35	22
35	22
35	22
35	22
35	22
35	22
35	22
35	22
35	22
35	22
35	22
35	22
35	22
35	22
35	22
35	22
35	22
35	22
35	22
35	22
35	22
35	22
35	22
35	22
35	22
35	22
35	22
35	22
35	22
35	23
35	23
35	23
35	23
35	23
35	23
35	23
35	23
35	23
35	23
35	23
35	23
35	23
35	23
35	23
35	23
35	23
35	23
35	23
35	23
35	23
35	23
35	23
35	23
35	23
35	23
35	23
35	23
35	23
35	23
35	23
35	23
35	23
35	23
35	23
35	23
35	23
35	23
35	23
35	23
35	23
35	23
35	23
35	23
35	23
35	23
35	23
35	23
35	23
35	23
35	24
35	24
35	24
35	24
35	24
35	24
35	24
35	24
35	24
35	24
35	24
35	24
35	24
35	24
35	24
35	24
35	24
35	24
35	24
35	24
35	24
35	24
35	24
35	24
35	24
35	24
35	24
35	24
35	24
35	24
35	24
35	24
35	24
35	24
35	24
35	24
35	24
35	24
35	24
35	24
35	24
35	24
35	24
35	24
35	24
35	24
35	24
35	24
35	24
35	24
35	25
35	25
35	25
35	25
35	25
35	25
35	25
35	25
35	25
35	25
35	25
35	25
35	25
35	25
35	25
35	25
35	25
35	25
35	25
35	25
35	25
35	25
35	25
35	25
35	25
35	25
35	25
35	25
35	25
35	25
35	25
35	25
35	25
35	25
35	25
35	25
35	25
35	25
35	25
35	25
35	25
35	25
35	25
35	25
35	25
35	25
35	25
35	25
35	25
35	25
35	26
35	26
35	26
35	26
35	26
35	26
35	26
35	26
35	26
35	26
35	26
35	26
35	26
35	26
35	26
35	26
35	26
35	26
35	26
35	26
35	26
35	26
35	26
35	26
35	26
35	26
35	26
35	26
35	26
35	26
35	26
35	26
35	26
35	26
35	26
35	26
35	26
35	26
35	26
35	26
35	26
35	26
35	26
35	26
35	26
35	26
35	26
35	26
35	26
35	26
35	27
35	27
35	27
35	27
35	27
35	27
35	27
35	27
35	27
35	27
35	27
35	27
35	27
35	27
35	27
35	27
35	27
35	27
35	27
35	27
35	27
35	27
35	27
35	27
35	27
35	27
35	27
35	27
35	27
35	27
35	27
35	27
35	27
35	27
35	27
35	27
35	27
35	27
35	27
35	27
35	27
35	27
35	27
35	27
35	27
35	27
35	27
35	27
35	27
35	27
35	28
35	28
35	28
35	28
35	28
35	28
35	28
35	28
35	28
35	28
35	28
35	28
35	28
35	28
35	28
35	28
35	28
35	28
35	28
35	28
35	28
35	28
35	28
35	28
35	28
35	28
35	28
35	28
35	28
35	28
35	28
35	28
35	28
35	28
35	28
35	28
35	28
35	28
35	28
35	28
35	28
35	28
35	28
35	28
35	28
35	28
35	28
35	28
35	28
35	28
35	29
35	29
35	29
35	29
35	29
35	29
35	29
35	29
35	29
35	29
35	29
35	29
35	29
35	29
35	29
35	29
35	29
35	29
35	29
35	29
35	29
35	29
35	29
35	29
35	29
35	29
35	29
35	29
35	29
35	29
35	29
35	29
35	29
35	29
35	29
35	29
35	29
35	29
35	29
35	29
35	29
35	29
35	29
35	29
35	29
35	29
35	29
35	29
35	29
35	29
35	30
35	30
35	30
35	30
35	30
35	30
35	30
35	30
35	30
35	30
35	30
35	30
35	30
35	30
35	30
35	30
35	30
35	30
35	30
35	30
35	30
35	30
35	30
35	30
35	30
35	30
35	30
35	30
35	30
35	30
35	30
35	30
35	30
35	30
35	30
35	30
35	30
35	30
35	30
35	30
35	30
35	30
35	30
35	30
35	30
35	30
35	30
35	30
35	30
35	30
35	31
35	31
35	31
35	31
35	31
35	31
35	31
35	31
35	31
35	31
35	31
35	31
35	31
35	31
35	31
35	31
35	31
35	31
35	31
35	31
35	31
35	31
35	31
35	31
35	31
35	31
35	31
35	31
35	31
35	31
35	31
35	31
35	31
35	31
35	31
35	31
35	31
35	31
35	31
35	31
35	31
35	31
35	31
35	31
35	31
35	31
35	31
35	31
35	31
35	31
35	32
35	32
35	32
35	32
35	32
35	32
35	32
35	32
35	32
35	32
35	32
35	32
35	32
35	32
35	32
35	32
35	32
35	32
35	32
35	32
35	32
35	32
35	32
35	32
35	32
35	32
35	32
35	32
35	32
35	32
35	32
46	32
46	32
46	32
46	32
46	32
46	32
46	32
46	32
46	32
46	32
46	32
46	32
46	32
46	32
46	32
46	32
46	32
46	32
46	32
46	33
46	33
46	33
58	33
58	33
58	33
58	33
58	33
58	33
58	33
58	33
58	33
58	33
58	33
58	33
58	33
58	33
58	33
58	33
70	33
70	33
70	33
70	33
70	33
70	33
70	33
70	33
70	33
70	33
70	33
70	33
70	33
70	33
70	33
70	33
70	33
70	33
82	33
82	33
82	33
82	33
82	33
82	33
82	33
82	33
82	33
82	33
82	33
82	33
82	33
82	34
82	34
93	34
93	34
93	34
93	34
93	34
93	34
93	34
93	34
93	34
93	34
93	34
93	34
105	34
105	34
105	34
105	34
105	34
105	34
105	34
105	34
105	34
105	34
117	34
117	34
117	34
117	34
117	34
117	34
117	34
117	34
117	34
128	34
128	34
128	34
128	34
128	34
128	34
128	34
128	34
128	34
128	34
128	34
128	34
140	34
140	34
140	34
140	34
140	34
140	35
140	35
140	35
140	35
140	35
152	35
152	35
152	35
152	35
152	35
152	35
152	35
152	35
152	35
152	35
164	35
164	35
164	35
164	35
164	35
164	35
164	35
164	35
164	35
175	35
175	35
175	35
175	35
175	35
175	35
175	35
175	35
175	35
187	35
187	35
187	35
187	35
187	35
187	35
187	35
199	35
199	35
199	35
199	35
199	35
199	35
199	35
199	35
210	35
210	35
210	36
210	36
210	36
210	36
210	36
222	36
222	36
222	36
222	36
222	36
222	36
222	36
234	36
234	36
234	36
234	36
234	36
234	36
234	36
246	36
246	36
246	36
246	36
246	36
246	36
246	36
246	36
257	36
257	36
257	36
257	36
257	36
257	36
257	36
269	36
269	36
269	36
269	36
269	36
269	36
269	36
269	36
281	36
281	36
281	36
281	36
281	36
281	36
292	36
292	36
292	37
292	37
292	37
292	37
292	37
304	37
304	37
304	37
304	37
304	37
304	37
316	37
316	37
316	37
316	37
316	37
316	37
316	37
328	37
328	37
328	37
328	37
328	37
328	37
339	37
339	37
339	37
339	37
339	37
339	37
351	37
351	37
351	37
351	37
351	37
351	37
363	37
363	37
363	37
363	37
363	37
363	37
375	37
375	37
375	37
375	37
375	37
375	37
386	37
386	37
386	38
386	38
386	38
386	38
398	38
398	38
398	38
398	38
398	38
410	38
410	38
410	38
410	38
410	38
410	38
421	38
421	38
421	38
421	38
421	38
433	38
433	38
433	38
433	38
433	38
433	38
445	38
445	38
445	38
445	38
445	38
445	38
457	38
457	38
457	38
457	38
457	38
457	38
468	38
468	38
468	38
468	38
468	38
468	38
480	38
480	38
480	38
480	38
480	38
480	38
480	39
492	39
492	39
492	39
492	39
492	39
492	39
503	39
503	39
503	39
503	39
503	39
503	39
515	39
515	39
515	39
515	39
515	39
515	39
527	39
527	39
527	39
527	39
527	39
527	39
539	39
539	39
539	39
539	39
539	39
550	39
550	39
550	39
550	39
550	39
562	39
562	39
562	39
562	39
562	39
574	39
574	39
574	39
574	39
574	39
585	39
585	39
585	39
585	39
585	39
597	40
597	40
597	40
597	40
597	40
609	40
609	40
609	40
609	40
621	40
621	40
621	40
621	40
621	40
632	40
632	40
632	40
632	40
644	40
644	40
644	40
644	40
644	40
656	40
656	40
656	40
656	40
667	40
667	40
667	40
667	40
679	40
679	40
679	40
679	40
691	40
691	40
691	40
691	40
691	40
703	40
703	40
703	40
703	40
714	40
714	40
714	40
714	40
726	40
726	40
726	41
726	41
726	41
738	41
738	41
738	41
738	41
750	41
750	41
750	41
750	41
750	41
761	41
761	41
761	41
761	41
773	41
773	41
773	41
773	41
773	41
785	41
785	41
785	41
785	41
796	41
796	41
796	41
796	41
808	41
808	41
808	41
808	41
820	41
820	41
820	41
820	41
832	41
832	41
832	41
832	41
843	41
843	41
843	41
855	41
855	41
855	41
855	41
867	41
867	41
867	42
878	42
878	42
878	42
878	42
890	42
890	42
890	42
902	42
902	42
902	42
902	42
914	42
914	42
914	42
914	42
914	42
925	42
925	42
925	42
925	42
937	42
937	42
937	42
937	42
937	42
949	42
949	42
949	42
949	42
960	42
960	42
960	42
960	42
960	42
972	42
972	42
972	42
972	42
984	42
984	42
984	42
996	42
996	42
996	42
996	42
1007	42
1007	42
1007	42
1007	42
1019	43
1019	43
1019	43
1031	43
1031	43
1031	43
1031	43
1042	43
1042	43
1042	43
1054	43
1054	43
1054	43
1066	43
1066	43
1066	43
1066	43
1078	43
1078	43
1078	43
1089	43
1089	43
1089	43
1089	43
1101	43
1101	43
1101	43
1113	43
1113	43
1113	43
1113	43
1125	43
1125	43
1125	43
1125	43
1136	43
1136	43
1136	43
1136	43
1148	43
1148	43
1148	43
1160	43
1160	43
1160	43
1160	43
1171	43
1171	43
1171	43
1171	43
1183	44
1183	44
1183	44
1183	44
1195	44
1195	44
1195	44
1195	44
1207	44
1207	44
1207	44
1207	44
1218	44
1218	44
1218	44
1218	44
1230	44
1230	44
1230	44
1230	44
1242	44
1242	44
1242	44
1242	44
1253	44
1253	44
1253	44
1253	44
1265	44
1265	44
1265	44
1265	44
1277	44
1277	44
1277	44
1277	44
1289	44
1289	44
1289	44
1300	44
1300	44
1300	44
1300	44
1312	44
1312	44
1312	44
1324	44
1324	44
1324	44
1324	44
1335	45
1335	45
1335	45
1347	45
1347	45
1347	45
1347	45
1359	45
1359	45
1359	45
1359	45
1371	45
1371	45
1371	45
1382	45
1382	45
1382	45
1382	45
1394	45
1394	45
1394	45
1406	45
1406	45
1406	45
1406	45
1417	45
1417	45
1417	45
1429	45
1429	45
1429	45
1429	45
1441	45
1441	45
1441	45
1453	45
1453	45
1453	45
1464	45
1464	45
1464	45
1464	45
1476	45
1476	45
1476	45
1488	45
1488	45
1488	45
1488	45
1500	45
1500	46
1500	46
1511	46
1511	46
1511	46
1523	46
1523	46
1523	46
1523	46
1535	46
1535	46
1535	46
1546	46
1546	46
1546	46
1558	46
1558	46
1558	46
1558	46
1570	46
1570	46
1570	46
1582	46
1582	46
1582	46
1582	46
1593	46
1593	46
1593	46
1605	46
1605	46
1605	46
1617	46
1617	46
1617	46
1617	46
1628	46
1628	46
1628	46
1640	46
1640	46
1640	46
1652	46
1652	46
1652	46
1652	46
1664	46
1664	46
1664	46
1675	46
1675	47
1675	47
1675	47
1687	47
1687	47
1687	47
1699	47
1699	47
1699	47
1710	47
1710	47
1710	47
1710	47
1722	47
1722	47
1722	47
1734	47
1734	47
1734	47
1746	47
1746	47
1746	47
1757	47
1757	47
1757	47
1769	47
1769	47
1769	47
1781	47
1781	47
1781	47
1792	47
1792	47
1792	47
1804	47
1804	47
1804	47
1816	47
1816	47
1816	47
1828	47
1828	47
1828	47
1839	47
1839	47
1839	47
1851	47
1851	47
1851	47
1851	47
1863	48
1863	48
1863	48
1875	48
1875	48
1875	48
1886	48
1886	48
1886	48
1898	48
1898	48
1898	48
1910	48
1910	48
1910	48
1921	48
1921	48
1921	48
1933	48
1933	48
1933	48
1945	48
1945	48
1945	48
1957	48
1957	48
1957	48
1957	48
1968	48
1968	48
1968	48
1980	48
1980	48
1980	48
1980	48
1992	48
1992	48
1992	48
2003	48
2003	48
2003	48
2003	48
2015	48
2015	48
2015	48
2027	48
2027	48
2027	48
2039	48
2039	48
2039	49
2050	49
2050	49
2050	49
2062	49
2062	49
2062	49
2074	49
2074	49
2074	49
2085	49
2085	49
2097	49
2097	49
2097	49
2109	49
2109	49
2109	49
2121	49
2121	49
2121	49
2132	49
2132	49
2132	49
2144	49
2144	49
2144	49
2156	49
2156	49
2167	49
2167	49
2167	49
2179	49
2179	49
2179	49
2191	49
2191	49
2191	49
2203	49
2203	49
2214	49
2214	49
2214	49
2226	49
2226	49
2226	49
2238	49
2238	49
2238	49
2250	49
2250	50
2261	50
2261	50
2261	50
2273	50
2273	50
2273	50
2285	50
2285	50
2296	50
2296	50
2296	50
2308	50
2308	50
2308	50
2320	50
2320	50
2320	50
2332	50
2332	50
2343	50
2343	50
2343	50
2355	50
2355	50
2355	50
2367	50
2367	50
2378	50
2378	50
2378	50
2390	50
2390	50
2390	50
2402	50
2402	50
2414	50
2414	50
2414	50
2425	50
2425	50
2425	50
2437	50
2437	50
2449	50
2449	50
2449	50
2460	50
2460	50
2472	50
2472	51
2472	51
2484	51
2484	51
2496	51
2496	51
2496	51
2507	51
2507	51
2519	51
2519	51
2519	51
2531	51
2531	51
2542	51
2542	51
2554	51
2554	51
2566	51
2566	51
2566	51
2578	51
2578	51
2589	51
2589	51
2601	51
2601	51
2601	51
2613	51
2613	51
2625	51
2625	51
2625	51
2636	51
2636	51
2648	51
2648	51
2648	51
2660	51
2660	51
2671	51
2671	51
2683	51
2683	51
2683	51
2695	51
2695	51
2707	51
2707	51
2707	51
2718	52
2718	52
2730	52
2730	52
2730	52
2742	52
2742	52
2742	52
2753	52
2753	52
2765	52
2765	52
2765	52
2777	52
2777	52
2789	52
2789	52
2789	52
2800	52
2800	52
2812	52
2812	52
2812	52
2824	52
2824	52
2835	52
2835	52
2847	52
2847	52
2847	52
2859	52
2859	52
2871	52
2871	52
2871	52
2882	52
2882	52
2894	52
2894	52
2906	52
2906	52
2906	52
2917	52
2917	52
2929	52
2929	52
2929	52
2941	52
2941	52
2953	52
2953	53
2964	53
2964	53
2964	53
2976	53
2976	53
2988	53
2988	53
3000	53
3000	53
3011	53
3011	53
3011	53
3023	53
3023	53
3035	53
3035	53
3046	53
3046	53
3058	53
3058	53
3070	53
3070	53
3070	53
3082	53
3082	53
3093	53
3093	53
3105	53
3105	53
3105	53
3117	53
3117	53
3128	53
3128	53
3140	53
3140	53
3152	53
3152	53
3164	53
3164	53
3164	53
3175	53
3175	53
3187	53
3187	53
3199	53
3199	53
3210	53
3210	53
3210	54
3222	54
3222	54
3234	54
3234	54
3246	54
3246	54
3257	54
3257	54
3269	54
3281	54
3281	54
3292	54
3292	54
3304	54
3304	54
3316	54
3316	54
3328	54
3328	54
3339	54
3339	54
3351	54
3363	54
3363	54
3375	54
3375	54
3386	54
3386	54
3386	54
3398	54
3398	54
3410	54
3410	54
3421	54
3421	54
3433	54
3433	54
3445	54
3445	54
3457	54
3457	54
3468	54
3468	54
3480	54
3480	54
3492	54
3492	54
3503	54
3503	54
3503	55
3515	55
3515	55
3527	55
3527	55
3539	55
3539	55
3550	55
3550	55
3562	55
3562	55
3574	55
3574	55
3585	55
3585	55
3597	55
3597	55
3609	55
3609	55
3621	55
3621	55
3632	55
3632	55
3644	55
3644	55
3656	55
3656	55
3667	55
3667	55
3667	55
3679	55
3679	55
3691	55
3691	55
3703	55
3703	55
3714	55
3714	55
3726	55
3726	55
3738	55
3738	55
3750	55
3750	55
3761	55
3761	55
3773	55
3785	55
3785	55
3796	55
3796	56
3808	56
3808	56
3820	56
3820	56
3820	56
3832	56
3832	56
3843	56
3843	56
3855	56
3855	56
3867	56
3867	56
3878	56
3890	56
3890	56
3902	56
3902	56
3914	56
3914	56
3925	56
3925	56
3937	56
3937	56
3949	56
3949	56
3960	56
3960	56
3972	56
3972	56
3984	56
3984	56
3996	56
3996	56
4007	56
4019	56
4019	56
4031	56
4031	56
4042	56
4054	56
4054	56
4066	56
4078	56
4078	56
4089	56
4089	56
4101	56
4101	56
4113	57
4125	57
4125	57
4136	57
4136	57
4148	57
4148	57
4160	57
4160	57
4171	57
4171	57
4183	57
4183	57
4195	57
4207	57
4207	57
4218	57
4218	57
4230	57
4230	57
4242	57
4242	57
4253	57
4253	57
4265	57
4265	57
4277	57
4277	57
4289	57
4289	57
4300	57
4300	57
4312	57
4324	57
4324	57
4335	57
4335	57
4347	57
4347	57
4359	57
4371	57
4371	57
4382	57
4382	57
4394	57
4394	57
4406	57
4406	57
4417	57
4417	57
4429	58
4441	58
4441	58
4453	58
4453	58
4464	58
4464	58
4476	58
4476	58
4488	58
4500	58
4500	58
4511	58
4511	58
4523	58
4535	58
4535	58
4546	58
4546	58
4558	58
4558	58
4570	58
4582	58
4582	58
4593	58
4593	58
4605	58
4605	58
4617	58
4628	58
4628	58
4640	58
4640	58
4652	58
4652	58
4664	58
4675	58
4675	58
4687	58
4687	58
4699	58
4699	58
4710	58
4722	58
4722	58
4734	58
4734	58
4746	58
4757	58
4757	58
4769	59
4781	59
4781	59
4792	59
4804	59
4804	59
4816	59
4828	59
4828	59
4839	59
4851	59
4851	59
4863	59
4875	59
4875	59
4886	59
4886	59
4898	59
4910	59
4910	59
4921	59
4921	59
4933	59
4945	59
4945	59
4957	59
4957	59
4968	59
4980	59
4980	59
4992	59
4992	59
5003	59
5003	59
5015	59
5015	59
5027	59
5039	59
5039	59
5050	59
5050	59
5062	59
5074	59
5074	59
5085	59
5085	59
5097	59
5109	59
5109	59
5121	59
5121	60
5132	60
5144	60
5144	60
5156	60
5156	60
5167	60
5167	60
5179	60
5191	60
5191	60
5203	60
5203	60
5214	60
5226	60
5226	60
5238	60
5238	60
5250	60
5261	60
5261	60
5273	60
5285	60
5285	60
5296	60
5308	60
5308	60
5320	60
5320	60
5332	60
5332	60
5343	60
5355	60
5355	60
5367	60
5367	60
5378	60
5390	60
5390	60
5402	60
5402	60
5414	60
5425	60
5425	60
5437	60
5449	60
5449	60
5460	60
5460	60
5472	60
5484	61
5484	61
5496	61
5507	61
5507	61
5519	61
5531	61
5542	61
5542	61
5554	61
5566	61
5566	61
5578	61
5589	61
5589	61
5601	61
5613	61
5613	61
5625	61
5636	61
5636	61
5648	61
5660	61
5660	61
5671	61
5683	61
5683	61
5695	61
5707	61
5707	61
5718	61
5730	61
5730	61
5742	61
5753	61
5753	61
5765	61
5777	61
5777	61
5789	61
5789	61
5800	61
5812	61
5812	61
5824	61
5835	61
5835	61
5847	61
5859	61
5859	61
5871	62
5882	62
5882	62
5894	62
5906	62
5906	62
5917	62
5929	62
5929	62
5941	62
5953	62
5964	62
5964	62
5976	62
5988	62
5988	62
6000	62
6011	62
6011	62
6023	62
6035	62
6035	62
6046	62
6058	62
6058	62
6070	62
6082	62
6082	62
6093	62
6093	62
6105	62
6117	62
6117	62
6128	62
6140	62
6140	62
6152	62
6152	62
6164	62
6175	62
6175	62
6187	62
6199	62
6199	62
6210	62
6222	62
6222	62
6234	62
6246	62
6246	62
6257	63
6269	63
6281	63
6281	63
6292	63
6304	63
6316	63
6316	63
6328	63
6339	63
6351	63
6351	63
6363	63
6375	63
6375	63
6386	63
6398	63
6398	63
6410	63
6421	63
6421	63
6433	63
6445	63
6445	63
6457	63
6468	63
6480	63
6480	63
6492	63
6503	63
6503	63
6515	63
6527	63
6527	63
6539	63
6550	63
6550	63
6562	63
6574	63
6574	63
6585	63
6597	63
6609	63
6609	63
6621	63
6632	63
6632	63
6644	63
6656	63
6667	63
6667	64
6679	64
6691	64
6703	64
6703	64
6714	64
6726	64
6738	64
6738	64
6750	64
6761	64
6761	64
6773	64
6785	64
6785	64
6796	64
6808	64
6820	64
6820	64
6832	64
6843	64
6843	64
6855	64
6867	64
6867	64
6878	64
6890	64
6890	64
6902	64
6914	64
6914	64
6925	64
6937	64
6937	64
6949	64
6960	64
6972	64
6972	64
6984	64
6996	64
7007	64
7007	64
7019	64
7031	64
7042	64
7042	64
7054	64
7066	64
7078	64
7089	64
7089	65
7101	65
7113	65
7125	65
7125	65
7136	65
7148	65
7160	65
7160	65
7171	65
7183	65
7183	65
7195	65
7207	65
7218	65
7230	65
7230	65
7242	65
7253	65
7265	65
7277	65
7289	65
7289	65
7300	65
7312	65
7312	65
7324	65
7335	65
7335	65
7347	65
7359	65
7371	65
7371	65
7382	65
7394	65
7406	65
7417	65
7417	65
7429	65
7441	65
7453	65
7464	65
7464	65
7476	65
7488	65
7500	65
7500	65
7511	65
7523	65
7535	65
7535	66
7546	66
7558	66
7558	66
7570	66
7582	66
7582	66
7593	66
7605	66
7605	66
7617	66
7628	66
7628	66
7640	66
7652	66
7652	66
7664	66
7675	66
7675	66
7687	66
7699	66
7710	66
7710	66
7722	66
7734	66
7746	66
7746	66
7757	66
7769	66
7769	66
7781	66
7792	66
7804	66
7804	66
7816	66
7828	66
7839	66
7839	66
7851	66
7863	66
7875	66
7875	66
7886	66
7898	66
7910	66
7910	66
7921	66
7933	66
7945	66
7945	66
7957	67
7968	67
7980	67
7992	67
7992	67
8003	67
8015	67
8027	67
8039	67
8039	67
8050	67
8062	67
8062	67
8074	67
8085	67
8097	67
8097	67
8109	67
8121	67
8132	67
8144	67
8156	67
8167	67
8179	67
8191	67
8203	67
8203	67
8214	67
8226	67
8238	67
8250	67
8261	67
8261	67
8273	67
8285	67
8285	67
8296	67
8308	67
8320	67
8332	67
8332	67
8343	67
8355	67
8367	67
8378	67
8378	67
8390	67
8402	67
8414	67
8414	67
8425	68
8437	68
8449	68
8449	68
8460	68
8472	68
8484	68
8484	68
8496	68
8507	68
8519	68
8519	68
8531	68
8542	68
8554	68
8566	68
8566	68
8578	68
8589	68
8601	68
8601	68
8613	68
8625	68
8636	68
8648	68
8648	68
8660	68
8671	68
8683	68
8683	68
8695	68
8707	68
8718	68
8718	68
8730	68
8742	68
8753	68
8765	68
8765	68
8777	68
8789	68
8800	68
8800	68
8812	68
8824	68
8835	68
8835	68
8847	68
8859	68
8871	68
8882	69
8894	69
8906	69
8917	69
8929	69
8941	69
8953	69
8964	69
8964	69
8976	69
8988	69
9000	69
9011	69
9023	69
9023	69
9035	69
9046	69
9058	69
9070	69
9070	69
9082	69
9093	69
9105	69
9117	69
9128	69
9140	69
9140	69
9152	69
9164	69
9175	69
9175	69
9187	69
9199	69
9210	69
9222	69
9234	69
9234	69
9246	69
9257	69
9269	69
9281	69
9281	69
9292	69
9304	69
9316	69
9328	69
9328	69
9339	69
9351	69
9363	69
9375	70
9386	70
9386	70
9398	70
9410	70
9421	70
9433	70
9433	70
9445	70
9457	70
9468	70
9480	70
9492	70
9503	70
9503	70
9515	70
9527	70
9539	70
9550	70
9562	70
9562	70
9574	70
9585	70
9597	70
9609	70
9621	70
9621	70
9632	70
9644	70
9667	70
9679	70
9691	70
9703	70
9714	70
9726	70
9738	70
9750	70
9750	70
9761	70
9773	70
9785	70
9796	70
9796	70
9808	70
9820	70
9832	70
9843	70
9855	70
9867	70
9878	70
9878	71
9890	71
9902	71
9914	71
9925	71
9925	71
9937	71
9949	71
9960	71
9972	71
9984	71
9996	71
9996	71
10007	71
10019	71
10031	71
10031	71
10042	71
10054	71
10066	71
10078	71
10078	71
10089	71
10101	71
10113	71
10125	71
10136	71
10136	71
10148	71
10160	71
10171	71
10183	71
10195	71
10207	71
10207	71
10218	71
10230	71
10242	71
10242	71
10253	71
10265	71
10277	71
10289	71
10300	71
10312	71
10312	71
10324	71
10335	71
10347	71
10359	71
10371	72
10382	72
10394	72
10406	72
10417	72
10429	72
10441	72
10453	72
10464	72
10476	72
10488	72
10500	72
10511	72
10523	72
10535	72
10546	72
10546	72
10558	72
10570	72
10582	72
10593	72
10605	72
10628	72
10640	72
10652	72
10652	72
10664	72
10675	72
10687	72
10699	72
10710	72
10722	72
10734	72
10746	72
10746	72
10757	72
10769	72
10781	72
10792	72
10804	72
10816	72
10828	72
10828	72
10839	72
10851	72
10863	72
10875	72
10886	72
10898	72
10910	72
10921	73
10933	73
10933	73
10945	73
10957	73
10968	73
10968	73
10980	73
10992	73
11003	73
11003	73
11015	73
11027	73
11039	73
11050	73
11062	73
11062	73
11074	73
11085	73
11097	73
11109	73
11121	73
11132	73
11144	73
11156	73
11167	73
11179	73
11191	73
11203	73
11214	73
11226	73
11238	73
11250	73
11261	73
11261	73
11273	73
11285	73
11296	73
11308	73
11320	73
11332	73
11343	73
11355	73
11367	73
11378	73
11390	73
11402	73
11414	73
11425	73
11425	73
11437	74
11449	74
11460	74
11472	74
11484	74
11496	74
11507	74
11519	74
11531	74
11542	74
11554	74
11566	74
11578	74
11589	74
11601	74
11613	74
11613	74
11625	74
11636	74
11648	74
11660	74
11671	74
11683	74
11695	74
11707	74
11718	74
11730	74
11742	74
11742	74
11753	74
11765	74
11777	74
11789	74
11800	74
11812	74
11824	74
11835	74
11847	74
11859	74
11871	74
11882	74
11894	74
11906	74
11917	74
11929	74
11941	74
11953	74
11964	74
11976	74
11988	74
12000	75
12011	75
12023	75
12035	75
12035	75
12046	75
12058	75
12070	75
12082	75
12093	75
12105	75
12117	75
12128	75
12140	75
12152	75
12164	75
12175	75
12187	75
12199	75
12210	75
12222	75
12222	75
12234	75
12246	75
12257	75
12269	75
12281	75
12292	75
12304	75
12316	75
12328	75
12339	75
12351	75
12363	75
12375	75
12386	75
12398	75
12410	75
12421	75
12433	75
12445	75
12457	75
12457	75
12468	75
12480	75
12492	75
12492	75
12503	75
12515	75
12527	75
12539	76
12550	76
12562	76
12574	76
12585	76
12597	76
12609	76
12621	76
12632	76
12644	76
12656	76
12667	76
12679	76
12691	76
12703	76
12714	76
12726	76
12738	76
12750	76
12761	76
12773	76
12785	76
12796	76
12808	76
12820	76
12832	76
12843	76
12855	76
12867	76
12890	76
12902	76
12914	76
12925	76
12937	76
12937	76
12949	76
12960	76
12972	76
12996	76
13007	76
13019	76
13031	76
13042	76
13054	76
13066	76
13078	76
13089	76
13101	76
13113	76
13125	76
13136	77
13148	77
13160	77
13171	77
13183	77
13195	77
13207	77
13218	77
13230	77
13242	77
13253	77
13265	77
13277	77
13289	77
13300	77
13312	77
13324	77
13335	77
13347	77
13359	77
13371	77
13382	77
13394	77
13406	77
13417	77
13429	77
13441	77
13453	77
13464	77
13476	77
13488	77
13500	77
13511	77
13523	77
13535	77
13546	77
13558	77
13570	77
13582	77
13593	77
13605	77
13617	77
13628	77
13640	77
13652	77
13664	77
13675	77
13687	77
13699	77
13710	77
13722	78
13734	78
13746	78
13757	78
13769	78
13792	78
13804	78
13816	78
13828	78
13839	78
13851	78
13863	78
13875	78
13886	78
13898	78
13910	78
13921	78
13933	78
13945	78
13957	78
13968	78
13980	78
13992	78
14003	78
14015	78
14027	78
14027	78
14039	78
14050	78
14062	78
14085	78
14097	78
14109	78
14121	78
14132	78
14144	78
14156	78
14167	78
14179	78
14191	78
14203	78
14214	78
14226	78
14238	78
14250	78
14261	78
14273	78
14285	78
14296	78
14308	78
14320	79
14332	79
14343	79
14355	79
14367	79
14378	79
14390	79
14402	79
14414	79
14425	79
14437	79
14449	79
14460	79
14472	79
14484	79
14496	79
14507	79
14519	79
14531	79
14554	79
14566	79
14578	79
14589	79
14601	79
14613	79
14625	79
14636	79
14648	79
14660	79
14671	79
14683	79
14695	79
14707	79
14718	79
14730	79
14742	79
14753	79
14765	79
14777	79
14789	79
14800	79
14812	79
14824	79
14835	79
14847	79
14859	79
14871	79
14882	79
14894	79
14906	79
14917	80
14929	80
14941	80
14953	80
14964	80
14976	80
14988	80
15000	80
15011	80
15023	80
15035	80
15046	80
15058	80
15070	80
15082	80
15093	80
15105	80
15117	80
15128	80
15140	80
15152	80
15164	80
15175	80
15187	80
15199	80
15210	80
15234	80
15246	80
15257	80
15269	80
15281	80
15292	80
15304	80
15328	80
15339	80
15351	80
15363	80
15375	80
15386	80
15398	80
15410	80
15421	80
15433	80
15445	80
15457	80
15468	80
15480	80
15492	80
15503	80
15515	80
15527	81
15539	81
15550	81
15562	81
15574	81
15585	81
15597	81
15609	81
15621	81
15632	81
15644	81
15656	81
15667	81
15679	81
15691	81
15703	81
15714	81
15726	81
15738	81
15750	81
15761	81
15773	81
15796	81
15808	81
15820	81
15832	81
15843	81
15855	81
15867	81
15878	81
15890	81
15902	81
15914	81
15925	81
15937	81
15949	81
15960	81
15972	81
15984	81
15996	81
16007	81
16019	81
16042	81
16054	81
16066	81
16078	81
16101	81
16113	81
16125	81
16136	81
16148	82
16160	82
16171	82
16183	82
16195	82
16207	82
16218	82
16230	82
16242	82
16253	82
16265	82
16277	82
16289	82
16300	82
16312	82
16324	82
16335	82
16347	82
16371	82
16382	82
16394	82
16406	82
16417	82
16429	82
16441	82
16453	82
16464	82
16476	82
16488	82
16500	82
16511	82
16523	82
16535	82
16558	82
16570	82
16582	82
16593	82
16605	82
16617	82
16628	82
16640	82
16652	82
16664	82
16675	82
16687	82
16699	82
16710	82
16722	82
16746	82
16757	82
16769	83
16781	83
16804	83
16816	83
16828	83
16839	83
16851	83
16875	83
16886	83
16898	83
16910	83
16921	83
16933	83
16945	83
16957	83
16968	83
16980	83
16992	83
17003	83
17015	83
17027	83
17039	83
17050	83
17062	83
17074	83
17097	83
17109	83
17121	83
17132	83
17144	83
17156	83
17167	83
17179	83
17191	83
17203	83
17214	83
17226	83
17238	83
17250	83
17261	83
17285	83
17296	83
17308	83
17320	83
17332	83
17343	83
17355	83
17367	83
17378	83
17390	83
17402	84
17414	84
17425	84
17437	84
17449	84
17460	84
17472	84
17496	84
17507	84
17519	84
17531	84
17542	84
17566	84
17578	84
17589	84
17601	84
17613	84
17636	84
17648	84
17660	84
17671	84
17683	84
17695	84
17707	84
17718	84
17730	84
17753	84
17765	84
17777	84
17789	84
17800	84
17812	84
17824	84
17835	84
17847	84
17871	84
17882	84
17894	84
17906	84
17917	84
17929	84
17941	84
17964	84
17976	84
17988	84
18000	84
18011	84
18023	84
18035	84
18046	84
18058	85
18082	85
18093	85
18105	85
18117	85
18128	85
18140	85
18152	85
18164	85
18175	85
18187	85
18199	85
18210	85
18222	85
18234	85
18257	85
18269	85
18281	85
18292	85
18304	85
18328	85
18339	85
18351	85
18363	85
18375	85
18386	85
18410	85
18421	85
18433	85
18445	85
18457	85
18468	85
18480	85
18492	85
18503	85
18527	85
18539	85
18550	85
18562	85
18574	85
18585	85
18597	85
18609	85
18632	85
18644	85
18656	85
18667	85
18679	85
18703	85
18714	85
18726	86
18738	86
18750	86
18761	86
18773	86
18796	86
18808	86
18820	86
18832	86
18843	86
18855	86
18867	86
18878	86
18890	86
18902	86
18914	86
18925	86
18949	86
18960	86
18972	86
18984	86
18996	86
19007	86
19031	86
19042	86
19054	86
19066	86
19089	86
19101	86
19113	86
19125	86
19136	86
19148	86
19160	86
19183	86
19195	86
19207	86
19218	86
19242	86
19253	86
19265	86
19277	86
19300	86
19312	86
19324	86
19335	86
19347	86
19359	86
19371	86
19394	86
19406	87
19417	87
19429	87
19453	87
19464	87
19476	87
19488	87
19500	87
19511	87
19535	87
19546	87
19558	87
19570	87
19582	87
19593	87
19605	87
19617	87
19628	87
19640	87
19652	87
19664	87
19675	87
19687	87
19699	87
19722	87
19734	87
19746	87
19757	87
19769	87
19781	87
19792	87
19804	87
19816	87
19839	87
19851	87
19863	87
19875	87
19886	87
19898	87
19921	87
19933	87
19945	87
19957	87
19968	87
19980	87
20003	87
20015	87
20027	87
20039	87
20050	87
20062	88
20074	88
20097	88
20109	88
20121	88
20132	88
20156	88
20167	88
20191	88
20203	88
20214	88
20238	88
20250	88
20261	88
20273	88
20285	88
20296	88
20308	88
20332	88
20343	88
20355	88
20367	88
20378	88
20390	88
20402	88
20425	88
20437	88
20449	88
20460	88
20472	88
20484	88
20496	88
20519	88
20531	88
20542	88
20554	88
20566	88
20578	88
20589	88
20613	88
20625	88
20636	88
20648	88
20660	88
20683	88
20695	88
20707	88
20718	88
20730	88
20742	88
20753	89
20765	89
20789	89
20800	89
20812	89
20824	89
20835	89
20847	89
20871	89
20882	89
20894	89
20917	89
20929	89
20941	89
20964	89
20976	89
20988	89
21011	89
21023	89
21035	89
21046	89
21058	89
21070	89
21093	89
21105	89
21117	89
21128	89
21152	89
21164	89
21175	89
21187	89
21199	89
21210	89
21234	89
21246	89
21257	89
21269	89
21281	89
21292	89
21304	89
21328	89
21339	89
21351	89
21363	89
21375	89
21398	89
21410	89
21421	89
21433	89
21445	89
21457	90
21480	90
21492	90
21503	90
21527	90
21539	90
21550	90
21562	90
21574	90
21585	90
21597	90
21621	90
21632	90
21656	90
21667	90
21691	90
21703	90
21726	90
21738	90
21750	90
21761	90
21773	90
21796	90
21808	90
21820	90
21832	90
21855	90
21867	90
21878	90
21890	90
21902	90
21914	90
21925	90
21949	90
21960	90
21972	90
21984	90
21996	90
22019	90
22031	90
22042	90
22054	90
22066	90
22078	90
22089	90
22101	90
22113	90
22136	90
22148	90
22160	90
22171	91
22195	91
22207	91
22218	91
22230	91
22242	91
22253	91
22265	91
22277	91
22300	91
22312	91
22324	91
22335	91
22347	91
22359	91
22382	91
22394	91
22417	91
22429	91
22453	91
22464	91
22488	91
22500	91
22511	91
22523	91
22535	91
22558	91
22570	91
22582	91
22605	91
22617	91
22640	91
22652	91
22664	91
22675	91
22687	91
22710	91
22722	91
22734	91
22746	91
22757	91
22781	91
22792	91
22804	91
22816	91
22828	91
22839	91
22863	91
22875	91
22886	91
22898	92
22921	92
22933	92
22945	92
22957	92
22968	92
22980	92
22992	92
23003	92
23015	92
23027	92
23039	92
23062	92
23074	92
23085	92
23097	92
23109	92
23132	92
23144	92
23156	92
23179	92
23191	92
23203	92
23226	92
23238	92
23250	92
23261	92
23285	92
23296	92
23308	92
23320	92
23343	92
23355	92
23367	92
23378	92
23402	92
23414	92
23425	92
23437	92
23460	92
23472	92
23484	92
23496	92
23519	92
23531	92
23542	92
23554	92
23578	92
23589	92
23601	92
23613	93
23636	93
23648	93
23660	93
23671	93
23695	93
23707	93
23718	93
23730	93
23742	93
23753	93
23777	93
23789	93
23800	93
23812	93
23824	93
23847	93
23859	93
23871	93
23894	93
23906	93
23917	93
23941	93
23953	93
23964	93
23988	93
24000	93
24011	93
24023	93
24046	93
24058	93
24070	93
24082	93
24105	93
24117	93
24128	93
24140	93
24152	93
24175	93
24187	93
24199	93
24210	93
24234	93
24246	93
24257	93
24269	93
24281	93
24304	93
24316	93
24328	93
24339	94
24363	94
24375	94
24386	94
24398	94
24421	94
24433	94
24445	94
24457	94
24468	94
24480	94
24492	94
24503	94
24515	94
24539	94
24550	94
24562	94
24574	94
24597	94
24609	94
24621	94
24632	94
24656	94
24667	94
24679	94
24703	94
24714	94
24726	94
24750	94
24761	94
24773	94
24796	94
24808	94
24820	94
24843	94
24855	94
24878	94
24890	94
24902	94
24925	94
24937	94
24949	94
24960	94
24984	94
24996	94
25007	94
25031	94
25042	94
25066	94
25078	94
25089	95
25113	95
25125	95
25136	95
25160	95
25171	95
25183	95
25195	95
25218	95
25230	95
25242	95
25253	95
25265	95
25289	95
25300	95
25312	95
25324	95
25347	95
25359	95
25371	95
25382	95
25406	95
25417	95
25429	95
25453	95
25464	95
25476	95
25500	95
25511	95
25523	95
25546	95
25558	95
25570	95
25582	95
25605	95
25617	95
25628	95
25640	95
25664	95
25675	95
25687	95
25699	95
25722	95
25734	95
25746	95
25769	95
25781	95
25804	95
25816	95
25828	95
25851	96
25863	96
25875	96
25898	96
25910	96
25921	96
25933	96
25957	96
25968	96
25980	96
25992	96
26003	96
26015	96
26039	96
26050	96
26062	96
26085	96
26097	96
26109	96
26121	96
26144	96
26156	96
26167	96
26179	96
26203	96
26214	96
26226	96
26250	96
26261	96
26273	96
26296	96
26308	96
26320	96
26332	96
26355	96
26367	96
26378	96
26402	96
26414	96
26425	96
26449	96
26460	96
26472	96
26496	96
26507	96
26519	96
26542	96
26554	96
26578	96
26589	96
26601	97
26625	97
26636	97
26648	97
26671	97
26683	97
26695	97
26718	97
26730	97
26742	97
26753	97
26777	97
26789	97
26800	97
26812	97
26835	97
26847	97
26859	97
26882	97
26894	97
26906	97
26917	97
26941	97
26953	97
26964	97
26988	97
27000	97
27011	97
27035	97
27046	97
27058	97
27082	97
27093	97
27105	97
27117	97
27140	97
27152	97
27164	97
27187	97
27199	97
27210	97
27234	97
27246	97
27257	97
27281	97
27304	97
27316	97
27339	97
27351	97
27363	97
27386	98
27398	98
27410	98
27433	98
27445	98
27457	98
27480	98
27492	98
27503	98
27515	98
27539	98
27550	98
27562	98
27585	98
27597	98
27609	98
27632	98
27644	98
27656	98
27667	98
27691	98
27703	98
27714	98
27738	98
27750	98
27761	98
27785	98
27796	98
27820	98
27832	98
27843	98
27855	98
27878	98
27890	98
27902	98
27925	98
27937	98
27949	98
27972	98
27984	98
27996	98
28019	98
28042	98
28054	98
28078	98
28089	98
28113	98
28125	98
28136	98
28160	98
28171	99
28183	99
28207	99
28218	99
28230	99
28253	99
28265	99
28277	99
28289	99
28312	99
28324	99
28347	99
28359	99
28371	99
28382	99
28406	99
28417	99
28429	99
28453	99
28464	99
28476	99
28500	99
28511	99
28523	99
28546	99
28558	99
28570	99
28593	99
28605	99
28617	99
28640	99
28652	99
28664	99
28687	99
28699	99
28710	99
28734	99
28746	99
28769	99
28781	99
28804	99
28816	99
28839	99
28851	99
28875	99
28886	99
28898	99
28921	99
28933	99
28945	99
28968	100
28980	100
28992	100
29015	100
29027	100
29039	100
29050	100
29074	100
29085	100
29097	100
29121	100
29132	100
29144	100
29167	100
29179	100
29191	100
29214	100
29226	100
29238	100
29261	100
29273	100
29285	100
29308	100
29320	100
29332	100
29343	100
29367	100
29378	100
29390	100
29402	100
29425	100
29437	100
29449	100
29472	100
29484	100
29496	100
29519	100
29531	100
29554	100
29566	100
29589	100
29601	100
29625	100
29636	100
29648	100
29671	100
29683	100
29695	100
29718	100
29730	100
29753	101
29765	101
29777	101
29800	101
29812	101
29824	101
29847	101
29859	101
29871	101
29894	101
29906	101
29917	101
29941	101
29953	101
29976	101
29988	101
30000	101
30023	101
30035	101
30046	101
30070	101
30082	101
30093	101
30117	101
30128	101
30140	101
30152	101
30175	101
30187	101
30199	101
30222	101
30234	101
30246	101
30269	101
30281	101
30304	101
30316	101
30339	101
30351	101
30363	101
30386	101
30398	101
30421	101
30433	101
30445	101
30468	101
30480	101
30492	101
30515	101
30527	101
30539	102
30562	102
30574	102
30585	102
30609	102
30621	102
30632	102
30656	102
30667	102
30691	102
30703	102
30714	102
30738	102
30750	102
30773	102
30785	102
30796	102
30820	102
30832	102
30843	102
30855	102
30878	102
30890	102
30902	102
30925	102
30937	102
30949	102
30972	102
30984	102
30996	102
31019	102
31031	102
31054	102
31066	102
31089	102
31101	102
31125	102
31136	102
31148	102
31171	102
31183	102
31207	102
31218	102
31242	102
31253	102
31277	102
31289	102
31300	102
31324	102
31335	102
31359	103
31371	103
31382	103
31406	103
31417	103
31441	103
31453	103
31476	103
31488	103
31511	103
31523	103
31535	103
31558	103
31570	103
31582	103
31593	103
31605	103
31628	103
31640	103
31652	103
31664	103
31675	103
31699	103
31710	103
31734	103
31746	103
31757	103
31769	103
31792	103
31804	103
31816	103
31839	103
31851	103
31863	103
31886	103
31898	103
31921	103
31933	103
31945	103
31968	103
31980	103
32003	103
32015	103
32027	103
32050	103
32062	103
32074	103
32097	103
32109	103
32132	103
32144	104
32167	104
32179	104
32203	104
32226	104
32238	104
32250	104
32273	104
32285	104
32296	104
32320	104
32332	104
32355	104
32367	104
32378	104
32402	104
32414	104
32425	104
32449	104
32460	104
32472	104
32496	104
32507	104
32519	104
32542	104
32554	104
32566	104
32589	104
32601	104
32613	104
32636	104
32648	104
32671	104
32683	104
32695	104
32707	104
32730	104
32742	104
32753	104
32777	104
32789	104
32800	104
32824	104
32835	104
32847	104
32871	104
32882	104
32906	104
32929	104
32941	104
32964	105
32976	105
33000	105
33011	105
33023	105
33046	105
33058	105
33082	105
33093	105
33105	105
33128	105
33140	105
33152	105
33175	105
33187	105
33199	105
33222	105
33234	105
33257	105
33269	105
33281	105
33304	105
33316	105
33328	105
33351	105
33363	105
33375	105
33398	105
33410	105
33433	105
33445	105
33457	105
33480	105
33492	105
33515	105
33527	105
33539	105
33562	105
33574	105
33585	105
33609	105
33621	105
33644	105
33667	105
33679	105
33703	105
33726	105
33738	105
33761	105
33773	105
33785	106
33808	106
33820	106
33832	106
33855	106
33867	106
33890	106
33902	106
33914	106
33925	106
33949	106
33960	106
33984	106
33996	106
34007	106
34019	106
34042	106
34054	106
34066	106
34089	106
34101	106
34113	106
34136	106
34148	106
34160	106
34183	106
34195	106
34207	106
34218	106
34242	106
34253	106
34265	106
34289	106
34300	106
34312	106
34335	106
34347	106
34371	106
34382	106
34406	106
34429	106
34441	106
34464	106
34488	106
34500	106
34523	106
34535	106
34546	106
34570	106
34582	106
34605	107
34628	107
34640	107
34652	107
34675	107
34687	107
34710	107
34722	107
34734	107
34757	107
34769	107
34792	107
34804	107
34816	107
34839	107
34851	107
34863	107
34886	107
34898	107
34921	107
34933	107
34945	107
34968	107
34980	107
34992	107
35003	107
35015	107
35039	107
35050	107
35062	107
35085	107
35097	107
35121	107
35132	107
35144	107
35167	107
35191	107
35203	107
35226	107
35238	107
35261	107
35273	107
35285	107
35308	107
35320	107
35343	107
35355	107
35378	107
35390	107
35402	107
35425	108
35437	108
35460	108
35472	108
35484	108
35507	108
35519	108
35542	108
35554	108
35578	108
35589	108
35613	108
35625	108
35636	108
35660	108
35671	108
35695	108
35707	108
35718	108
35742	108
35753	108
35765	108
35789	108
35800	108
35812	108
35835	108
35847	108
35871	108
35882	108
35906	108
35917	108
35941	108
35964	108
35976	108
36000	108
36011	108
36023	108
36046	108
36058	108
36082	108
36093	108
36117	108
36128	108
36140	108
36164	108
36175	108
36187	108
36210	108
36222	108
36246	108
36257	109
36281	109
36292	109
36304	109
36328	109
36339	109
36363	109
36375	109
36386	109
36410	109
36421	109
36445	109
36457	109
36468	109
36480	109
36492	109
36515	109
36527	109
36539	109
36562	109
36574	109
36597	109
36609	109
36621	109
36644	109
36656	109
36679	109
36703	109
36714	109
36738	109
36750	109
36773	109
36785	109
36796	109
36820	109
36843	109
36855	109
36878	109
36902	109
36914	109
36925	109
36949	109
36960	109
36984	109
36996	109
37019	109
37031	109
37054	109
37078	109
37089	109
37113	110
37125	110
37148	110
37160	110
37183	110
37195	110
37218	110
37230	110
37242	110
37265	110
37277	110
37289	110
37312	110
37324	110
37347	110
37359	110
37382	110
37394	110
37417	110
37429	110
37453	110
37464	110
37488	110
37500	110
37523	110
37535	110
37546	110
37570	110
37582	110
37605	110
37617	110
37640	110
37652	110
37664	110
37687	110
37699	110
37722	110
37734	110
37757	110
37769	110
37792	110
37804	110
37828	110
37839	110
37863	110
37875	110
37898	110
37910	110
37933	110
37945	110
37957	111
37980	111
37992	111
38003	111
38027	111
38039	111
38050	111
38074	111
38085	111
38109	111
38121	111
38144	111
38156	111
38179	111
38191	111
38214	111
38226	111
38238	111
38261	111
38285	111
38296	111
38308	111
38332	111
38343	111
38367	111
38378	111
38402	111
38414	111
38437	111
38449	111
38472	111
38484	111
38507	111
38519	111
38542	111
38566	111
38578	111
38601	111
38613	111
38636	111
38648	111
38671	111
38683	111
38707	111
38718	111
38730	111
38753	111
38765	111
38789	111
38800	111
38812	112
38835	112
38847	112
38871	112
38882	112
38906	112
38917	112
38941	112
38953	112
38964	112
38988	112
39000	112
39023	112
39035	112
39058	112
39070	112
39093	112
39105	112
39128	112
39140	112
39152	112
39175	112
39187	112
39210	112
39222	112
39246	112
39257	112
39281	112
39304	112
39328	112
39339	112
39363	112
39375	112
39398	112
39410	112
39433	112
39445	112
39468	112
39480	112
39492	112
39515	112
39527	112
39550	112
39562	112
39585	112
39597	112
39621	112
39632	112
39656	112
39667	112
39679	113
39703	113
39714	113
39738	113
39750	113
39773	113
39796	113
39808	113
39820	113
39843	113
39855	113
39878	113
39890	113
39914	113
39925	113
39949	113
39960	113
39984	113
39996	113
40019	113
40042	113
40066	113
40089	113
40101	113
40125	113
40136	113
40160	113
40171	113
40195	113
40207	113
40230	113
40242	113
40265	113
40277	113
40289	113
40312	113
40335	113
40347	113
40371	113
40382	113
40406	113
40417	113
40441	113
40453	113
40464	113
40488	113
40511	113
40523	113
40546	113
40558	113
40582	114
40593	114
40617	114
40628	114
40652	114
40664	114
40687	114
40699	114
40722	114
40746	114
40757	114
40781	114
40804	114
40828	114
40839	114
40863	114
40886	114
40898	114
40921	114
40933	114
40957	114
40968	114
40992	114
41003	114
41027	114
41039	114
41050	114
41074	114
41097	114
41109	114
41132	114
41144	114
41167	114
41179	114
41203	114
41214	114
41238	114
41250	114
41273	114
41285	114
41308	114
41320	114
41343	114
41355	114
41378	114
41390	114
41414	114
41425	114
41449	114
41460	114
41484	115
41507	115
41519	115
41542	115
41566	115
41589	115
41601	115
41625	115
41636	115
41660	115
41683	115
41695	115
41718	115
41730	115
41753	115
41777	115
41789	115
41812	115
41824	115
41847	115
41859	115
41882	115
41894	115
41917	115
41941	115
41953	115
41976	115
42000	115
42011	115
42035	115
42046	115
42070	115
42082	115
42105	115
42117	115
42140	115
42152	115
42175	115
42199	115
42210	115
42234	115
42246	115
42269	115
42292	115
42316	115
42328	115
42351	115
42375	115
42386	115
42410	115
42421	116
42445	116
42468	116
42480	116
42503	116
42515	116
42539	116
42550	116
42574	116
42597	116
42609	116
42632	116
42656	116
42667	116
42691	116
42714	116
42726	116
42750	116
42773	116
42785	116
42808	116
42820	116
42843	116
42855	116
42878	116
42890	116
42914	116
42925	116
42949	116
42972	116
42984	116
43007	116
43031	116
43042	116
43066	116
43089	116
43113	116
43125	116
43148	116
43160	116
43183	116
43207	116
43230	116
43242	116
43265	116
43289	116
43300	116
43324	116
43347	116
43359	116
43382	117
43406	117
43417	117
43441	117
43464	117
43476	117
43500	117
43523	117
43535	117
43558	117
43570	117
43593	117
43605	117
43628	117
43640	117
43652	117
43675	117
43687	117
43710	117
43734	117
43746	117
43769	117
43781	117
43804	117
43816	117
43839	117
43863	117
43875	117
43898	117
43921	117
43933	117
43957	117
43968	117
43992	117
44015	117
44039	117
44050	117
44074	117
44085	117
44109	117
44132	117
44156	117
44179	117
44191	117
44214	117
44238	117
44261	117
44273	117
44296	117
44308	117
44332	118
44355	118
44367	118
44390	118
44402	118
44425	118
44437	118
44460	118
44484	118
44496	118
44519	118
44531	118
44554	118
44566	118
44589	118
44613	118
44625	118
44648	118
44660	118
44683	118
44695	118
44718	118
44742	118
44753	118
44777	118
44789	118
44812	118
44824	118
44847	118
44871	118
44882	118
44906	118
44929	118
44953	118
44976	118
45000	118
45011	118
45035	118
45046	118
45070	118
45082	118
45105	118
45128	118
45140	118
45164	118
45175	118
45199	118
45222	118
45234	118
45257	118
45269	119
45292	119
45304	119
45328	119
45351	119
45363	119
45386	119
45398	119
45421	119
45445	119
45457	119
45480	119
45492	119
45515	119
45539	119
45550	119
45574	119
45585	119
45609	119
45632	119
45656	119
45679	119
45703	119
45726	119
45738	119
45761	119
45785	119
45796	119
45820	119
45832	119
45855	119
45878	119
45890	119
45914	119
45925	119
45949	119
45972	119
45984	119
46007	119
46019	119
46042	119
46054	119
46078	119
46089	119
46113	119
46125	119
46148	119
46160	119
46183	119
46207	119
46218	120
46230	120
46253	120
46277	120
46289	120
46312	120
46324	120
46347	120
46359	120
46382	120
46406	120
46429	120
46453	120
46476	120
46500	120
46523	120
46535	120
46558	120
46570	120
46593	120
46617	120
46640	120
46652	120
46675	120
46699	120
46710	120
46734	120
46746	120
46769	120
46792	120
46804	120
46828	120
46839	120
46863	120
46875	120
46898	120
46921	120
46933	120
46957	120
46968	120
46980	120
47003	120
47015	120
47039	120
47050	120
47074	120
47085	120
47109	120
47132	120
47144	120
47167	121
47191	121
47214	121
47238	121
47250	121
47273	121
47285	121
47308	121
47332	121
47355	121
47367	121
47390	121
47414	121
47425	121
47449	121
47472	121
47484	121
47507	121
47531	121
47542	121
47566	121
47589	121
47601	121
47625	121
47648	121
47660	121
47683	121
47707	121
47718	121
47742	121
47753	121
47777	121
47789	121
47812	121
47835	121
47847	121
47871	121
47894	121
47917	121
47929	121
47953	121
47976	121
48000	121
48011	121
48035	121
48058	121
48070	121
48093	121
48117	121
48128	121
48152	122
48164	122
48187	122
48210	122
48222	122
48246	122
48269	122
48281	122
48304	122
48328	122
48339	122
48363	122
48375	122
48398	122
48421	122
48433	122
48457	122
48468	122
48492	122
48503	122
48515	122
48539	122
48562	122
48574	122
48597	122
48621	122
48632	122
48656	122
48679	122
48703	122
48714	122
48738	122
48761	122
48785	122
48796	122
48820	122
48843	122
48867	122
48890	122
48914	122
48925	122
48949	122
48960	122
48984	122
49007	122
49031	122
49054	122
49078	122
49089	122
49113	122
49136	123
49160	123
49171	123
49195	123
49218	123
49230	123
49253	123
49265	123
49289	123
49300	123
49324	123
49347	123
49371	123
49382	123
49406	123
49429	123
49453	123
49464	123
49488	123
49511	123
49523	123
49546	123
49570	123
49582	123
49605	123
49628	123
49640	123
49664	123
49687	123
49699	123
49722	123
49746	123
49769	123
49781	123
49804	123
49828	123
49851	123
49863	123
49886	123
49910	123
49933	123
49945	123
49968	123
49980	123
50003	123
50015	123
50039	123
50062	123
50074	123
50097	123
50121	124
50132	124
50156	124
50179	124
50191	124
50214	124
50238	124
50261	124
50273	124
50296	124
50320	124
50332	124
50355	124
50378	124
50402	124
50414	124
50437	124
50460	124
50472	124
50496	124
50519	124
50542	124
50566	124
50589	124
50601	124
50625	124
50648	124
50671	124
50683	124
50707	124
50730	124
50742	124
50765	124
50777	124
50800	124
50824	124
50847	124
50859	124
50882	124
50906	124
50917	124
50941	124
50964	124
50976	124
51000	124
51023	124
51046	124
51058	124
51082	124
51093	124
51117	125
51140	125
51164	125
51175	125
51199	125
51222	125
51234	125
51257	125
51281	125
51304	125
51328	125
51351	125
51375	125
51398	125
51410	125
51433	125
51457	125
51468	125
51492	125
51515	125
51527	125
51550	125
51574	125
51585	125
51609	125
51632	125
51644	125
51667	125
51691	125
51703	125
51726	125
51750	125
51773	125
51785	125
51808	125
51832	125
51843	125
51867	125
51890	125
51914	125
51925	125
51949	125
51972	125
51996	125
52019	125
52042	125
52066	125
52089	125
52113	125
52136	125
52148	126
52171	126
52195	126
52207	126
52230	126
52253	126
52277	126
52289	126
52312	126
52335	126
52359	126
52371	126
52394	126
52417	126
52429	126
52453	126
52476	126
52500	126
52511	126
52535	126
52558	126
52582	126
52605	126
52617	126
52640	126
52664	126
52687	126
52699	126
52722	126
52746	126
52769	126
52792	126
52816	126
52839	126
52863	126
52886	126
52898	126
52921	126
52945	126
52968	126
52980	126
53003	126
53027	126
53039	126
53062	126
53085	126
53109	126
53121	126
53144	126
53167	126
53179	127
53203	127
53226	127
53250	127
53261	127
53285	127
53308	127
53332	127
53343	127
53367	127
53390	127
53414	127
53425	127
53449	127
53472	127
53496	127
53519	127
53542	127
53566	127
53589	127
53613	127
53636	127
53648	127
53671	127
53695	127
53718	127
53742	127
53765	127
53777	127
53800	127
53824	127
53847	127
53871	127
53882	127
53906	127
53929	127
53953	127
53976	127
54000	127
54023	127
54046	127
54058	127
54082	127
54105	127
54117	127
54140	127
54164	127
54187	127
54199	127
54222	127
54246	128
54269	128
54292	128
54316	128
54339	128
54363	128
54386	128
54398	128
54421	128
54445	128
54468	128
54492	128
54503	128
54527	128
54550	128
54574	128
54597	128
54609	128
54632	128
54656	128
54679	128
54703	128
54726	128
54750	128
54773	128
54796	128
54808	128
54832	128
54855	128
54878	128
54890	128
54914	128
54937	128
54960	128
54984	128
55007	128
55019	128
55054	128
55078	128
55101	128
55125	128
55148	128
55160	128
55183	128
55207	128
55230	128
55265	128
55289	128
55300	128
55324	128
55347	129
55371	129
55394	129
55417	129
55441	129
55464	129
55488	129
55511	129
55535	129
55546	129
55570	129
55593	129
55605	129
55628	129
55652	129
55664	129
55687	129
55710	129
55734	129
55757	129
55769	129
55792	129
55816	129
55839	129
55863	129
55886	129
55910	129
55921	129
55945	129
55968	129
55992	129
56015	129
56039	129
56062	129
56074	129
56097	129
56121	129
56144	129
56179	129
56203	129
56226	129
56250	129
56273	129
56285	129
56308	129
56332	129
56355	129
56378	129
56402	129
56425	129
56437	130
56460	130
56484	130
56507	130
56531	130
56554	130
56566	130
56589	130
56613	130
56636	130
56660	130
56683	130
56707	130
56718	130
56742	130
56765	130
56789	130
56812	130
56835	130
56859	130
56882	130
56906	130
56929	130
56953	130
56976	130
57000	130
57023	130
57046	130
57070	130
57093	130
57117	130
57140	130
57164	130
57175	130
57199	130
57222	130
57246	130
57269	130
57292	130
57316	130
57328	130
57351	130
57375	130
57398	130
57421	130
57445	130
57468	130
57480	130
57503	130
57527	130
57550	131
57574	131
57597	131
57621	131
57644	131
57667	131
57703	131
57726	131
57750	131
57773	131
57785	131
57808	131
57832	131
57855	131
57878	131
57902	131
57914	131
57937	131
57960	131
57984	131
58007	131
58031	131
58042	131
58066	131
58089	131
58113	131
58125	131
58148	131
58171	131
58195	131
58218	131
58242	131
58253	131
58277	131
58300	131
58324	131
58347	131
58371	131
58394	131
58417	131
58453	131
58476	131
58500	131
58523	131
58546	131
58570	131
58593	131
58617	131
58640	131
58664	131
58687	132
58710	132
58734	132
58757	132
58781	132
58804	132
58816	132
58839	132
58863	132
58886	132
58910	132
58933	132
58957	132
58968	132
58992	132
59003	132
59027	132
59050	132
59062	132
59085	132
59109	132
59132	132
59156	132
59179	132
59203	132
59226	132
59250	132
59273	132
59296	132
59320	132
59343	132
59367	132
59390	132
59414	132
59425	132
59449	132
59472	132
59496	132
59519	132
59542	132
59566	132
59589	132
59613	132
59636	132
59660	132
59683	132
59707	132
59718	132
59742	132
59765	132
59789	133
59812	133
59835	133
59859	133
59882	133
59906	133
59929	133
59953	133
59976	133
60000	133
60023	133
60046	133
60070	133
60093	133
60117	133
60140	133
60164	133
60175	133
60199	133
60222	133
60246	133
60269	133
60292	133
60316	133
60339	133
60363	133
60386	133
60410	133
60433	133
60457	133
60468	133
60492	133
60503	133
60527	133
60550	133
60574	133
60597	133
60621	133
60644	133
60667	133
60691	133
60714	133
60738	133
60761	133
60785	133
60796	133
60820	133
60855	133
60878	133
60902	133
60925	134
60949	134
60972	134
60996	134
61019	134
61042	134
61066	134
61089	134
61113	134
61136	134
61160	134
61183	134
61207	134
61230	134
61253	134
61265	134
61289	134
61312	134
61335	134
61359	134
61382	134
61406	134
61429	134
61453	134
61476	134
61500	134
61523	134
61546	134
61570	134
61593	134
61617	134
61640	134
61664	134
61687	134
61710	134
61734	134
61757	134
61781	134
61804	134
61828	134
61851	134
61875	134
61898	134
61921	134
61945	134
61968	134
61992	134
62003	134
62027	134
62050	134
62074	135
62097	135
62121	135
62144	135
62167	135
62191	135
62214	135
62238	135
62261	135
62285	135
62308	135
62332	135
62343	135
62367	135
62390	135
62414	135
62437	135
62460	135
62484	135
62507	135
62531	135
62554	135
62578	135
62601	135
62625	135
62648	135
62671	135
62695	135
62718	135
62742	135
62765	135
62789	135
62800	135
62824	135
62847	135
62871	135
62894	135
62917	135
62941	135
62964	135
62988	135
63011	135
63035	135
63058	135
63082	135
63105	135
63128	135
63152	135
63175	135
63199	135
63222	136
63246	136
63269	136
63292	136
63316	136
63351	136
63375	136
63398	136
63421	136
63445	136
63468	136
63492	136
63515	136
63527	136
63550	136
63574	136
63609	136
63621	136
63644	136
63667	136
63691	136
63714	136
63738	136
63761	136
63785	136
63808	136
63832	136
63855	136
63878	136
63902	136
63925	136
63949	136
63972	136
63996	136
64019	136
64042	136
64078	136
64101	136
64125	136
64148	136
64171	136
64195	136
64218	136
64242	136
64265	136
64289	136
64300	136
64324	136
64359	136
64371	136
64394	137
64417	137
64441	137
64464	137
64488	137
64511	137
64535	137
64558	137
64582	137
64605	137
64628	137
64652	137
64675	137
64699	137
64722	137
64746	137
64781	137
64804	137
64828	137
64863	137
64886	137
64910	137
64933	137
64957	137
64980	137
65003	137
65027	137
65039	137
65074	137
65097	137
65121	137
65144	137
65167	137
65191	137
65214	137
65238	137
65261	137
65285	137
65308	137
65332	137
65355	137
65378	137
65402	137
65425	137
65449	137
65472	137
65496	137
65519	137
65542	137
65566	137
65601	138
65625	138
65648	138
65671	138
65695	138
65718	138
65742	138
65765	138
65789	138
65812	138
65835	138
65859	138
65882	138
65906	138
65941	138
65964	138
65988	138
66011	138
66035	138
66058	138
66082	138
66105	138
66128	138
66140	138
66164	138
66187	138
66210	138
66246	138
66269	138
66292	138
66316	138
66339	138
66363	138
66386	138
66410	138
66433	138
66468	138
66492	138
66515	138
66539	138
66562	138
66585	138
66609	138
66632	138
66656	138
66679	138
66714	138
66738	138
66761	138
66785	138
66808	139
66832	139
66855	139
66878	139
66902	139
66925	139
66949	139
66972	139
66996	139
67031	139
67054	139
67089	139
67113	139
67136	139
67160	139
67183	139
67207	139
67242	139
67265	139
67289	139
67312	139
67335	139
67371	139
67394	139
67417	139
67441	139
67476	139
67500	139
67523	139
67546	139
67570	139
67593	139
67617	139
67628	139
67652	139
67675	139
67699	139
67722	139
67746	139
67769	139
67792	139
67816	139
67839	139
67863	139
67898	139
67921	139
67945	139
67968	139
67992	139
68015	139
68039	140
68062	140
68085	140
68121	140
68144	140
68179	140
68203	140
68226	140
68261	140
68285	140
68308	140
68332	140
68355	140
68378	140
68402	140
68425	140
68449	140
68472	140
68507	140
68531	140
68554	140
68578	140
68601	140
68625	140
68648	140
68671	140
68695	140
68718	140
68742	140
68777	140
68800	140
68824	140
68847	140
68871	140
68894	140
68929	140
68964	140
68988	140
69011	140
69035	140
69058	140
69082	140
69117	140
69140	140
69164	140
69187	140
69210	140
69234	140
69257	140
69281	140
69304	141
69339	141
69363	141
69386	141
69410	141
69433	141
69457	141
69480	141
69503	141
69539	141
69562	141
69574	141
69609	141
69632	141
69667	141
69691	141
69726	141
69750	141
69773	141
69796	141
69820	141
69855	141
69878	141
69902	141
69925	141
69949	141
69972	141
69996	141
70019	141
70042	141
70066	141
70089	141
70113	141
70136	141
70160	141
70183	141
70207	141
70230	141
70253	141
70277	141
70300	141
70324	141
70359	141
70382	141
70417	141
70441	141
70476	141
70500	141
70523	141
70546	141
70582	142
70605	142
70640	142
70664	142
70687	142
70710	142
70734	142
70769	142
70792	142
70816	142
70839	142
70863	142
70886	142
70910	142
70933	142
70957	142
70980	142
71003	142
71027	142
71050	142
71074	142
71097	142
71121	142
71144	142
71167	142
71203	142
71226	142
71250	142
71273	142
71296	142
71332	142
71355	142
71378	142
71402	142
71425	142
71449	142
71484	142
71507	142
71531	142
71554	142
71578	142
71601	142
71636	142
71660	142
71683	142
71707	142
71730	142
71753	142
71777	142
71800	142
71824	143
71847	143
71871	143
71906	143
71929	143
71953	143
71988	143
72011	143
72035	143
72058	143
72082	143
72105	143
72140	143
72164	143
72187	143
72210	143
72234	143
72257	143
72281	143
72316	143
72339	143
72363	143
72386	143
72410	143
72433	143
72457	143
72480	143
72503	143
72527	143
72550	143
72574	143
72597	143
72621	143
72644	143
72679	143
72703	143
72726	143
72761	143
72785	143
72808	143
72832	143
72867	143
72890	143
72925	143
72949	143
72972	143
72996	143
73019	143
73054	143
73078	143
73101	144
73136	144
73160	144
73183	144
73207	144
73230	144
73253	144
73277	144
73300	144
73324	144
73347	144
73371	144
73406	144
73429	144
73453	144
73476	144
73511	144
73535	144
73558	144
73582	144
73605	144
73628	144
73652	144
73675	144
73710	144
73734	144
73757	144
73781	144
73804	144
73839	144
73863	144
73886	144
73910	144
73933	144
73968	144
73980	144
74003	144
74027	144
74050	144
74085	144
74109	144
74132	144
74156	144
74179	144
74203	144
74238	144
74261	144
74285	144
74308	144
74332	144
74367	145
74390	145
74414	145
74437	145
74460	145
74496	145
74519	145
74542	145
74578	145
74601	145
74625	145
74660	145
74683	145
74707	145
74730	145
74753	145
74777	145
74800	145
74824	145
74859	145
74882	145
74906	145
74929	145
74953	145
74976	145
75000	145
75035	145
75058	145
75082	145
75105	145
75128	145
75152	145
75175	145
75199	145
75222	145
75257	145
75281	145
75316	145
75339	145
75363	145
75398	145
75421	145
75445	145
75468	145
75492	145
75515	145
75539	145
75562	145
75585	145
75621	145
75644	146
75667	146
75691	146
75714	146
75738	146
75761	146
75796	146
75820	146
75843	146
75867	146
75890	146
75914	146
75949	146
75972	146
75996	146
76031	146
76054	146
76089	146
76113	146
76136	146
76171	146
76195	146
76218	146
76242	146
76265	146
76289	146
76324	146
76347	146
76371	146
76394	146
76417	146
76453	146
76476	146
76500	146
76523	146
76558	146
76582	146
76605	146
76628	146
76664	146
76687	146
76710	146
76734	146
76769	146
76792	146
76828	146
76851	146
76886	146
76910	146
76933	146
76957	147
76980	147
77003	147
77027	147
77050	147
77085	147
77109	147
77132	147
77156	147
77179	147
77203	147
77238	147
77261	147
77285	147
77308	147
77332	147
77355	147
77378	147
77414	147
77437	147
77460	147
77484	147
77519	147
77542	147
77578	147
77601	147
77625	147
77660	147
77683	147
77707	147
77730	147
77765	147
77789	147
77812	147
77835	147
77871	147
77894	147
77917	147
77953	147
77976	147
78000	147
78035	147
78058	147
78082	147
78105	147
78128	147
78164	147
78187	147
78210	147
78234	147
78269	148
78292	148
78328	148
78351	148
78375	148
78410	148
78433	148
78457	148
78480	148
78515	148
78539	148
78562	148
78597	148
78621	148
78644	148
78679	148
78703	148
78726	148
78761	148
78785	148
78808	148
78832	148
78855	148
78890	148
78914	148
78937	148
78960	148
78996	148
79019	148
79042	148
79078	148
79101	148
79136	148
79160	148
79183	148
79218	148
79242	148
79277	148
79300	148
79324	148
79347	148
79382	148
79406	148
79441	148
79464	148
79500	148
79523	148
79546	148
79570	148
79593	148
79617	149
79640	149
79664	149
79699	149
79722	149
79746	149
79769	149
79804	149
79828	149
79851	149
79886	149
79910	149
79933	149
79968	149
79992	149
80027	149
80050	149
80074	149
80097	149
80132	149
80167	149
80203	149
80226	149
80261	149
80285	149
80308	149
80332	149
80367	149
80390	149
80414	149
80449	149
80472	149
80496	149
80519	149
80554	149
80578	149
80601	149
80636	149
80660	149
80683	149
80707	149
80742	149
80765	149
80789	149
80812	149
80847	149
80871	149
80906	149
80941	149
80964	149
81000	150
81023	150
81046	150
81070	150
81105	150
81128	150
81152	150
81187	150
81210	150
81234	150
81257	150
81292	150
81316	150
81339	150
81375	150
81398	150
81421	150
81445	150
81480	150
81503	150
81539	150
81562	150
81585	150
81609	150
81644	150
81679	150
81714	150
81738	150
81773	150
81796	150
81820	150
81855	150
81878	150
81902	150
81925	150
81960	150
81984	150
82007	150
82031	150
82054	150
82089	150
82113	150
82136	150
82171	150
82195	150
82218	150
82242	150
82265	150
82289	150
82324	150
82347	151
82371	151
82406	151
82441	151
82476	151
82511	151
82535	151
82558	151
82593	151
82617	151
82652	151
82675	151
82699	151
82734	151
82757	151
82781	151
82816	151
82839	151
82863	151
82886	151
82921	151
82945	151
82968	151
82992	151
83015	151
83039	151
83062	151
83085	151
83121	151
83144	151
83179	151
83203	151
83238	151
83261	151
83285	151
83308	151
83343	151
83367	151
83402	151
83425	151
83449	151
83484	151
83507	151
83531	151
83566	151
83589	151
83625	151
83648	151
83671	151
83707	151
83730	152
83753	152
83777	152
83800	152
83835	152
83859	152
83882	152
83917	152
83953	152
83976	152
84011	152
84035	152
84058	152
84093	152
84117	152
84140	152
84164	152
84199	152
84222	152
84257	152
84281	152
84304	152
84339	152
84363	152
84386	152
84421	152
84445	152
84468	152
84492	152
84515	152
84539	152
84562	152
84597	152
84621	152
84644	152
84679	152
84703	152
84738	152
84761	152
84796	152
84820	152
84855	152
84878	152
84914	152
84937	152
84972	152
84996	152
85031	152
85054	152
85089	152
85113	153
85148	153
85171	153
85195	153
85230	153
85253	153
85277	153
85300	153
85335	153
85359	153
85382	153
85417	153
85441	153
85476	153
85500	153
85523	153
85558	153
85582	153
85605	153
85640	153
85664	153
85687	153
85722	153
85746	153
85781	153
85804	153
85839	153
85863	153
85898	153
85921	153
85945	153
85980	153
86003	153
86027	153
86050	153
86074	153
86109	153
86132	153
86167	153
86191	153
86214	153
86250	153
86273	153
86308	153
86332	153
86355	153
86390	153
86414	153
86437	153
86472	153
86496	154
86519	154
86554	154
86589	154
86613	154
86648	154
86671	154
86695	154
86730	154
86753	154
86777	154
86800	154
86835	154
86859	154
86882	154
86906	154
86941	154
86964	154
86988	154
87023	154
87046	154
87070	154
87105	154
87128	154
87152	154
87187	154
87210	154
87234	154
87269	154
87304	154
87328	154
87363	154
87386	154
87421	154
87445	154
87468	154
87503	154
87527	154
87550	154
87585	154
87609	154
87632	154
87667	154
87691	154
87714	154
87750	154
87773	154
87808	154
87832	154
87855	154
87890	155
87914	155
87937	155
87972	155
87996	155
88031	155
88066	155
88101	155
88125	155
88160	155
88183	155
88218	155
88242	155
88265	155
88300	155
88324	155
88359	155
88382	155
88406	155
88441	155
88464	155
88488	155
88523	155
88546	155
88582	155
88605	155
88628	155
88664	155
88687	155
88722	155
88746	155
88781	155
88816	155
88839	155
88875	155
88898	155
88933	155
88957	155
88980	155
89003	155
89039	155
89062	155
89085	155
89121	155
89144	155
89167	155
89203	155
89226	155
89261	155
89285	155
89308	156
89343	156
89367	156
89390	156
89425	156
89449	156
89472	156
89507	156
89542	156
89566	156
89601	156
89636	156
89660	156
89683	156
89718	156
89742	156
89777	156
89800	156
89835	156
89859	156
89894	156
89917	156
89953	156
89976	156
90011	156
90046	156
90070	156
90093	156
90128	156
90152	156
90175	156
90210	156
90234	156
90269	156
90304	156
90328	156
90363	156
90386	156
90421	156
90445	156
90480	156
90503	156
90539	156
90562	156
90597	156
90621	156
90656	156
90679	156
90714	156
90738	156
90773	157
90796	157
90832	157
90855	157
90878	157
90914	157
90937	157
90960	157
90996	157
91019	157
91054	157
91089	157
91125	157
91148	157
91171	157
91207	157
91242	157
91277	157
91300	157
91324	157
91359	157
91394	157
91417	157
91453	157
91488	157
91511	157
91546	157
91570	157
91593	157
91617	157
91640	157
91675	157
91699	157
91734	157
91757	157
91792	157
91816	157
91851	157
91875	157
91910	157
91933	157
91968	157
91992	157
92027	157
92062	157
92085	157
92121	157
92156	157
92191	157
92226	157
92250	158
92285	158
92308	158
92343	158
92367	158
92402	158
92425	158
92460	158
92484	158
92507	158
92542	158
92566	158
92601	158
92625	158
92660	158
92683	158
92718	158
92742	158
92777	158
92800	158
92824	158
92859	158
92894	158
92929	158
92964	158
92988	158
93023	158
93046	158
93082	158
93105	158
93140	158
93164	158
93199	158
93222	158
93257	158
93281	158
93316	158
93339	158
93363	158
93398	158
93433	158
93457	158
93480	158
93515	158
93550	158
93574	158
93597	158
93632	158
93667	158
93714	158
93738	159
93773	159
93796	159
93832	159
93855	159
93890	159
93914	159
93949	159
93972	159
94007	159
94031	159
94054	159
94089	159
94113	159
94136	159
94171	159
94207	159
94230	159
94253	159
94289	159
94312	159
94335	159
94371	159
94406	159
94441	159
94476	159
94511	159
94535	159
94570	159
94605	159
94640	159
94664	159
94699	159
94722	159
94757	159
94781	159
94816	159
94839	159
94875	159
94898	159
94933	159
94957	159
94980	159
95003	159
95039	159
95062	159
95097	159
95121	159
95156	159
95191	159
95214	160
95250	160
95273	160
95308	160
95343	160
95367	160
95402	160
95425	160
95460	160
95484	160
95519	160
95554	160
95578	160
95613	160
95636	160
95671	160
95695	160
95730	160
95753	160
95789	160
95812	160
95847	160
95871	160
95906	160
95941	160
95964	160
96000	160
96035	160
96058	160
96093	160
96117	160
96152	160
96175	160
96210	160
96234	160
96269	160
96292	160
96328	160
96351	160
96386	160
96410	160
96445	160
96468	160
96492	160
96515	160
96550	160
96574	160
96609	160
96632	160
96667	160
96703	161
96738	161
96761	161
96796	161
96832	161
96867	161
96902	161
96925	161
96960	161
96984	161
97019	161
97054	161
97089	161
97113	161
97148	161
97183	161
97207	161
97242	161
97265	161
97289	161
97324	161
97347	161
97382	161
97417	161
97441	161
97476	161
97511	161
97535	161
97570	161
97593	161
97628	161
97652	161
97687	161
97710	161
97746	161
97781	161
97804	161
97839	161
97875	161
97898	161
97933	161
97957	161
97992	161
98015	161
98039	161
98074	161
98097	161
98132	161
98156	161
98191	161
98214	162
98250	162
98285	162
98308	162
98343	162
98367	162
98402	162
98425	162
98460	162
98496	162
98519	162
98554	162
98589	162
98625	162
98648	162
98683	162
98718	162
98742	162
98765	162
98800	162
98824	162
98859	162
98894	162
98917	162
98953	162
98976	162
99011	162
99035	162
99070	162
99093	162
99128	162
99164	162
99187	162
99222	162
99246	162
99281	162
99316	162
99351	162
99386	162
99410	162
99445	162
99468	162
99503	162
99527	162
99562	162
99585	162
99621	162
99644	162
99679	162
99703	162
99738	163
99761	163
99796	163
99832	163
99855	163
99890	163
99914	163
99949	163
99972	163
100007	163
100042	163
100078	163
100113	163
100148	163
100171	163
100207	163
100230	163
100265	163
100289	163
100324	163
100347	163
100382	163
100406	163
100441	163
100464	163
100500	163
100535	163
100558	163
100593	163
100628	163
100652	163
100687	163
100710	163
100746	163
100781	163
100816	163
100851	163
100886	163
100910	163
100945	163
100980	163
101003	163
101027	163
101062	163
101097	163
101121	163
101156	163
101179	163
101214	163
101238	163
101273	164
101308	164
101332	164
101367	164
101390	164
101425	164
101449	164
101484	164
101519	164
101554	164
101589	164
101625	164
101648	164
101683	164
101718	164
101742	164
101777	164
101800	164
101835	164
101871	164
101894	164
101929	164
101964	164
102000	164
102023	164
102058	164
102082	164
102117	164
102140	164
102175	164
102199	164
102234	164
102269	164
102304	164
102339	164
102363	164
102398	164
102433	164
102457	164
102492	164
102515	164
102550	164
102585	164
102609	164
102644	164
102679	164
102714	164
102738	164
102773	164
102808	164
102832	165
102867	165
102890	165
102925	165
102960	165
102984	165
103019	165
103054	165
103089	165
103125	165
103148	165
103183	165
103218	165
103253	165
103289	165
103312	165
103347	165
103382	165
103417	165
103453	165
103488	165
103511	165
103546	165
103582	165
103605	165
103628	165
103652	165
103687	165
103722	165
103746	165
103781	165
103816	165
103839	165
103875	165
103910	165
103933	165
103968	165
104003	165
104039	165
104062	165
104097	165
104132	165
104167	165
104203	165
104238	165
104273	165
104296	165
104332	165
104367	165
104390	165
104425	166
104449	166
104484	166
104519	166
104542	166
104578	166
104613	166
104636	166
104671	166
104707	166
104730	166
104765	166
104789	166
104824	166
104847	166
104882	166
104929	166
104964	166
105000	166
105023	166
105058	166
105093	166
105117	166
105152	166
105175	166
105210	166
105246	166
105269	166
105304	166
105339	166
105363	166
105398	166
105433	166
105457	166
105492	166
105527	166
105562	166
105585	166
105621	166
105656	166
105691	166
105738	166
105761	166
105796	166
105832	166
105855	166
105890	166
105914	166
105949	166
105984	166
106007	167
106042	167
106066	167
106101	167
106125	167
106160	167
106195	167
106218	167
106253	167
106277	167
106312	167
106335	167
106371	167
106417	167
106453	167
106488	167
106523	167
106546	167
106582	167
106617	167
106652	167
106687	167
106722	167
106746	167
106781	167
106804	167
106839	167
106875	167
106898	167
106933	167
106957	167
106992	167
107015	167
107039	167
107074	167
107109	167
107132	167
107167	167
107203	167
107238	167
107273	167
107296	167
107332	167
107367	167
107402	167
107437	167
107460	167
107496	167
107531	167
107554	167
107589	168
107625	168
107660	168
107683	168
107718	168
107742	168
107777	168
107800	168
107835	168
107871	168
107906	168
107941	168
107976	168
108000	168
108035	168
108070	168
108093	168
108128	168
108164	168
108187	168
108222	168
108246	168
108281	168
108316	168
108339	168
108375	168
108410	168
108433	168
108468	168
108492	168
108515	168
108550	168
108574	168
108609	168
108644	168
108667	168
108703	168
108738	168
108773	168
108808	168
108832	168
108878	168
108914	168
108937	168
108972	168
109007	168
109042	168
109078	168
109101	168
109136	168
109171	169
109207	169
109230	169
109265	169
109289	169
109324	169
109347	169
109382	169
109417	169
109453	169
109476	169
109511	169
109546	169
109582	169
109605	169
109640	169
109675	169
109699	169
109734	169
109769	169
109804	169
109828	169
109863	169
109898	169
109933	169
109957	169
109980	169
110015	169
110039	169
110074	169
110109	169
110132	169
110167	169
110191	169
110226	169
110261	169
110296	169
110320	169
110355	169
110378	169
110414	169
110449	169
110472	169
110507	169
110542	169
110578	169
110613	169
110648	169
110671	169
110707	169
110730	170
110765	170
110789	170
110824	170
110859	170
110882	170
110917	170
110953	170
110976	170
111011	170
111046	170
111070	170
111105	170
111128	170
111164	170
111199	170
111222	170
111257	170
111292	170
111328	170
111363	170
111398	170
111433	170
111457	170
111492	170
111515	170
111550	170
111574	170
111609	170
111644	170
111667	170
111703	170
111738	170
111761	170
111796	170
111832	170
111855	170
111890	170
111925	170
111949	170
111984	170
112019	170
112054	170
112089	170
112125	170
112160	170
112183	170
112218	170
112253	170
112277	170
112312	171
112335	171
112371	171
112406	171
112429	171
112464	171
112500	171
112523	171
112558	171
112593	171
112617	171
112652	171
112687	171
112710	171
112746	171
112781	171
112816	171
112851	171
112886	171
112921	171
112945	171
112980	171
113003	171
113039	171
113074	171
113097	171
113132	171
113156	171
113191	171
113226	171
113250	171
113285	171
113320	171
113343	171
113378	171
113402	171
113437	171
113472	171
113507	171
113542	171
113578	171
113601	171
113636	171
113671	171
113707	171
113730	171
113765	171
113800	171
113835	171
113859	171
113894	172
113929	172
113964	172
114000	172
114023	172
114058	172
114093	172
114117	172
114152	172
114175	172
114210	172
114246	172
114281	172
114316	172
114351	172
114375	172
114410	172
114445	172
114480	172
114503	172
114539	172
114574	172
114597	172
114632	172
114667	172
114703	172
114738	172
114761	172
114796	172
114832	172
114855	172
114890	172
114914	172
114949	172
114984	172
115019	172
115054	172
115089	172
115113	172
115148	172
115183	172
115218	172
115253	172
115289	172
115312	172
115347	172
115382	172
115417	172
115453	172
115476	172
115511	173
115546	173
115582	173
115605	173
115628	173
115664	173
115687	173
115722	173
115757	173
115781	173
115816	173
115851	173
115875	173
115910	173
115945	173
115980	173
116015	173
116039	173
116074	173
116109	173
116144	173
116179	173
116214	173
116250	173
116285	173
116320	173
116343	173
116378	173
116414	173
116437	173
116472	173
116507	173
116531	173
116566	173
116601	173
116625	173
116660	173
116695	173
116718	173
116753	173
116789	173
116812	173
116847	173
116882	173
116917	173
116953	173
116988	173
117023	173
117058	173
117082	173
117117	174
117152	174
117175	174
117210	174
117246	174
117269	174
117304	174
117339	174
117375	174
117398	174
117433	174
117468	174
117503	174
117527	174
117562	174
117597	174
117621	174
117667	174
117703	174
117738	174
117773	174
117796	174
117832	174
117867	174
117902	174
117925	174
117960	174
117996	174
118019	174
118042	174
118078	174
118101	174
118136	174
118171	174
118207	174
118230	174
118265	174
118289	174
118324	174
118359	174
118394	174
118429	174
118464	174
118500	174
118535	174
118570	174
118605	174
118640	174
118664	174
118699	174
118734	175
118769	175
118792	175
118828	175
118851	175
118886	175
118921	175
118957	175
118980	175
119003	175
119027	175
119062	175
119097	175
119121	175
119156	175
119191	175
119226	175
119261	175
119296	175
119320	175
119355	175
119390	175
119425	175
119449	175
119484	175
119519	175
119542	175
119578	175
119613	175
119648	175
119671	175
119707	175
119730	175
119765	175
119789	175
119824	175
119859	175
119894	175
119917	175
119953	175
119988	175
120023	175
120058	175
120082	175
120117	175
120140	175
120175	175
120210	175
120234	175
120269	175
120304	176
120328	176
120363	176
120398	176
120421	176
120457	176
120480	176
120503	176
120539	176
120562	176
120597	176
120632	176
120656	176
120691	176
120726	176
120761	176
120796	176
120820	176
120867	176
120902	176
120925	176
120960	176
120996	176
121031	176
121066	176
121101	176
121125	176
121160	176
121195	176
121218	176
121253	176
121277	176
121312	176
121347	176
121371	176
121406	176
121441	176
121476	176
121500	176
121535	176
121570	176
121593	176
121628	176
121664	176
121687	176
121722	176
121757	176
121781	176
121816	176
121851	176
121886	177
121910	177
121945	177
121968	177
122003	177
122027	177
122062	177
122085	177
122121	177
122156	177
122179	177
122214	177
122250	177
122273	177
122308	177
122343	177
122367	177
122402	177
122425	177
122460	177
122496	177
122531	177
122566	177
122601	177
122625	177
122660	177
122695	177
122718	177
122753	177
122777	177
122812	177
122835	177
122871	177
122906	177
122929	177
122964	177
123000	177
123023	177
123058	177
123082	177
123117	177
123152	177
123175	177
123210	177
123246	177
123281	177
123316	177
123351	177
123386	177
123410	177
123445	178
123468	178
123503	178
123527	178
123562	178
123597	178
123621	178
123656	178
123679	178
123714	178
123738	178
123773	178
123808	178
123832	178
123867	178
123902	178
123925	178
123960	178
123984	178
124019	178
124054	178
124089	178
124125	178
124160	178
124183	178
124218	178
124242	178
124277	178
124300	178
124335	178
124371	178
124394	178
124429	178
124464	178
124488	178
124523	178
124546	178
124582	178
124617	178
124640	178
124675	178
124710	178
124734	178
124769	178
124804	178
124839	178
124875	178
124910	178
124933	178
124968	178
124992	179
125027	179
125050	179
125085	179
125121	179
125144	179
125179	179
125214	179
125238	179
125273	179
125308	179
125332	179
125367	179
125390	179
125425	179
125449	179
125484	179
125519	179
125554	179
125589	179
125613	179
125648	179
125683	179
125707	179
125742	179
125777	179
125800	179
125835	179
125871	179
125894	179
125929	179
125964	179
125988	179
126023	179
126058	179
126082	179
126117	179
126140	179
126175	179
126199	179
126234	179
126269	179
126292	179
126328	179
126363	179
126398	179
126421	179
126457	179
126492	179
126515	179
126550	180
126574	180
126609	180
126644	180
126679	180
126703	180
126738	180
126773	180
126808	180
126832	180
126867	180
126890	180
126925	180
126949	180
126984	180
127019	180
127054	180
127089	180
127125	180
127148	180
127183	180
127218	180
127253	180
127289	180
127312	180
127347	180
127382	180
127417	180
127453	180
127476	180
127511	180
127546	180
127570	180
127605	180
127628	180
127652	180
127687	180
127722	180
127746	180
127781	180
127804	180
127839	180
127875	180
127898	180
127933	180
127968	180
128003	180
128039	180
128062	180
128097	180
128121	181
128167	181
128203	181
128238	181
128261	181
128296	181
128332	181
128355	181
128390	181
128414	181
128449	181
128484	181
128507	181
128542	181
128566	181
128601	181
128636	181
128660	181
128695	181
128730	181
128753	181
128789	181
128812	181
128847	181
128882	181
128917	181
128953	181
128988	181
129023	181
129046	181
129082	181
129117	181
129140	181
129175	181
129210	181
129234	181
129269	181
129304	181
129328	181
129363	181
129398	181
129421	181
129457	181
129492	181
129527	181
129550	181
129585	181
129621	181
129656	181
129691	181
129726	182
129761	182
129796	182
129820	182
129855	182
129890	182
129914	182
129949	182
129984	182
130007	182
130031	182
130066	182
130089	182
130125	182
130160	182
130183	182
130218	182
130242	182
130277	182
130300	182
130335	182
130371	182
130406	182
130441	182
130476	182
130511	182
130546	182
130570	182
130617	182
130652	182
130675	182
130710	182
130734	182
130769	182
130804	182
130828	182
130863	182
130886	182
130921	182
130957	182
130980	182
131003	182
131027	182
131062	182
131097	182
131121	182
131156	182
131191	182
131226	182
131261	182
131285	183
131320	183
131355	183
131390	183
131414	183
131449	183
131484	183
131507	183
131542	183
131578	183
131613	183
131636	183
131671	183
131707	183
131730	183
131765	183
131789	183
131824	183
131847	183
131882	183
131917	183
131953	183
131988	183
132023	183
132046	183
132082	183
132117	183
132140	183
132175	183
132199	183
132234	183
132269	183
132292	183
132328	183
132363	183
132386	183
132421	183
132457	183
132480	183
132503	183
132527	183
132562	183
132585	183
132621	183
132656	183
132691	183
132714	183
132750	183
132785	183
132808	183
132843	184
132890	184
132914	184
132949	184
132984	184
133007	184
133042	184
133078	184
133113	184
133148	184
133183	184
133207	184
133230	184
133265	184
133289	184
133324	184
133359	184
133382	184
133417	184
133453	184
133488	184
133511	184
133546	184
133582	184
133605	184
133640	184
133675	184
133699	184
133734	184
133769	184
133792	184
133828	184
133863	184
133898	184
133921	184
133957	184
133980	184
134015	184
134039	184
134074	184
134097	184
134132	184
134167	184
134191	184
134226	184
134261	184
134285	184
134320	184
134355	184
134378	184
134414	185
134437	185
134472	185
134507	185
134542	185
134578	185
134613	185
134636	185
134671	185
134707	185
134730	185
134753	185
134789	185
134824	185
134847	185
134882	185
134906	185
134941	185
134976	185
135000	185
135035	185
135070	185
135093	185
135128	185
135152	185
135187	185
135210	185
135246	185
135281	185
135316	185
135351	185
135386	185
135410	185
135445	185
135480	185
135503	185
135527	185
135562	185
135597	185
135621	185
135656	185
135679	185
135714	185
135750	185
135773	185
135808	185
135832	185
135867	185
135902	185
135925	185
135960	186
135996	186
136031	186
136066	186
136101	186
136136	186
136160	186
136195	186
136218	186
136253	186
136277	186
136312	186
136347	186
136371	186
136406	186
136441	186
136464	186
136500	186
136535	186
136558	186
136593	186
136628	186
136652	186
136687	186
136722	186
136757	186
136792	186
136828	186
136863	186
136886	186
136921	186
136957	186
136980	186
137015	186
137039	186
137074	186
137109	186
137132	186
137167	186
137191	186
137226	186
137261	186
137285	186
137320	186
137343	186
137378	186
137402	186
137437	186
137472	186
137496	186
137531	187
137566	187
137601	187
137636	187
137671	187
137695	187
137730	187
137765	187
137789	187
137824	187
137859	187
137882	187
137917	187
137953	187
137988	187
138011	187
138046	187
138082	187
138105	187
138140	187
138164	187
138199	187
138234	187
138257	187
138292	187
138328	187
138363	187
138398	187
138421	187
138457	187
138492	187
138515	187
138550	187
138585	187
138609	187
138644	187
138679	187
138714	187
138750	187
138773	187
138808	187
138843	187
138867	187
138902	187
138925	187
138960	187
138996	187
139031	187
139066	187
139101	187
139136	188
139160	188
139195	188
139230	188
139265	188
139300	188
139335	188
139359	188
139394	188
139429	188
139464	188
139500	188
139535	188
139558	188
139593	188
139617	188
139640	188
139675	188
139710	188
139734	188
139769	188
139792	188
139828	188
139863	188
139886	188
139921	188
139957	188
139992	188
140027	188
140050	188
140085	188
140121	188
140156	188
140191	188
140226	188
140261	188
140296	188
140320	188
140355	188
140390	188
140414	188
140449	188
140484	188
140507	188
140542	188
140578	188
140601	188
140636	188
140671	188
140695	188
140730	189
140765	189
140789	189
140824	189
140859	189
140894	189
140929	189
140964	189
141000	189
141035	189
141058	189
141093	189
141128	189
141152	189
141187	189
141222	189
141246	189
141281	189
141316	189
141339	189
141375	189
141410	189
141445	189
141468	189
141503	189
141539	189
141562	189
141597	189
141632	189
141667	189
141714	189
141750	189
141773	189
141808	189
141843	189
141867	189
141902	189
141925	189
141960	189
141996	189
142019	189
142054	189
142078	189
142113	189
142136	189
142171	189
142207	189
142230	189
142265	189
142289	189
142324	190
142347	190
142382	190
142429	190
142464	190
142500	190
142535	190
142558	190
142593	190
142628	190
142664	190
142699	190
142722	190
142757	190
142792	190
142816	190
142851	190
142875	190
142910	190
142945	190
142968	190
142992	190
143027	190
143050	190
143085	190
143121	190
143144	190
143179	190
143214	190
143250	190
143285	190
143320	190
143343	190
143378	190
143414	190
143449	190
143472	190
143507	190
143542	190
143578	190
143601	190
143636	190
143671	190
143707	190
143730	190
143765	190
143789	190
143824	190
143847	190
143882	190
143917	191
143953	191
143988	191
144023	191
144046	191
144082	191
144117	191
144140	191
144175	191
144210	191
144234	191
144269	191
144304	191
144328	191
144363	191
144386	191
144421	191
144457	191
144480	191
144503	191
144527	191
144562	191
144597	191
144621	191
144656	191
144691	191
144726	191
144761	191
144785	191
144820	191
144855	191
144890	191
144925	191
144960	191
144984	191
145019	191
145054	191
145089	191
145125	191
145160	191
145183	191
145218	191
145242	191
145277	191
145312	191
145335	191
145371	191
145406	191
145441	191
145464	191
145500	192
145535	192
145570	192
145593	192
145628	192
145664	192
145687	192
145722	192
145757	192
145792	192
145828	192
145851	192
145886	192
145921	192
145945	192
145980	192
146003	192
146039	192
146062	192
146097	192
146132	192
146156	192
146191	192
146226	192
146250	192
146285	192
146320	192
146343	192
146378	192
146414	192
146437	192
146472	192
146507	192
146542	192
146578	192
146613	192
146636	192
146671	192
146707	192
146730	192
146765	192
146789	192
146824	192
146847	192
146882	192
146917	192
146941	192
146976	192
147011	192
147035	192
147070	193
147105	193
147128	193
147164	193
147199	193
147222	193
147257	193
147292	193
147328	193
147363	193
147398	193
147433	193
147457	193
147492	193
147515	193
147550	193
147574	193
147609	193
147644	193
147667	193
147703	193
147738	193
147761	193
147796	193
147832	193
147855	193
147890	193
147925	193
147949	193
147984	193
148019	193
148054	193
148089	193
148125	193
148160	193
148195	193
148218	193
148253	193
148277	193
148312	193
148347	193
148371	193
148406	193
148441	193
148464	193
148500	193
148535	193
148558	193
148593	193
148628	193
148664	194
148687	194
148722	194
148757	194
148792	194
148828	194
148863	194
148886	194
148921	194
148957	194
148980	194
149015	194
149039	194
149074	194
149109	194
149132	194
149167	194
149191	194
149226	194
149261	194
149285	194
149320	194
149355	194
149378	194
149414	194
149437	194
149472	194
149507	194
149542	194
149578	194
149613	194
149636	194
149671	194
149707	194
149742	194
149765	194
149800	194
149835	194
149871	194
149894	194
149929	194
149964	194
150000	194
150035	194
150058	194
150093	194
150117	194
150152	194
150187	194
150210	194
150246	195
150281	195
150316	195
150351	195
150386	195
150410	195
150445	195
150480	195
150515	195
150539	195
150574	195
150609	195
150644	195
150667	195
150703	195
150738	195
150773	195
150808	195
150832	195
150867	195
150890	195
150925	195
150949	195
150984	195
151019	195
151054	195
151089	195
151125	195
151148	195
151183	195
151218	195
151253	195
151289	195
151324	195
151347	195
151382	195
151417	195
151453	195
151488	195
151511	195
151546	195
151582	195
151605	195
151628	195
151664	195
151687	195
151722	195
151757	195
151781	195
151816	195
151851	196
151875	196
151910	196
151945	196
151980	196
152015	196
152039	196
152074	196
152109	196
152144	196
152179	196
152214	196
152250	196
152285	196
152320	196
152343	196
152378	196
152414	196
152437	196
152472	196
152507	196
152531	196
152566	196
152601	196
152625	196
152660	196
152695	196
152718	196
152753	196
152789	196
152812	196
152847	196
152882	196
152917	196
152964	196
152988	196
153023	196
153058	196
153093	196
153117	196
153152	196
153187	196
153210	196
153246	196
153269	196
153304	196
153339	196
153363	196
153398	196
153433	196
153457	197
153492	197
153527	197
153562	197
153585	197
153621	197
153656	197
153703	197
153738	197
153761	197
153796	197
153820	197
153855	197
153890	197
153914	197
153949	197
153972	197
154007	197
154031	197
154066	197
154089	197
154125	197
154160	197
154183	197
154218	197
154242	197
154277	197
154300	197
154335	197
154359	197
154394	197
154441	197
154476	197
154511	197
154535	197
154570	197
154605	197
154640	197
154675	197
154699	197
timepoint: 187.56