0	0
0	0
0	0
0	0
0	0
0	0
0	0
0	0
0	0
0	0
0	0
0	0
0	0
0	0
0	0
0	0
0	0
0	0
0	0
0	0
0	0
0	0
0	0
0	0
0	0
0	0
0	0
0	0
0	0
0	0
0	0
0	0
0	0
0	0
0	0
0	0
0	0
0	0
0	0
0	0
0	0
0	0
0	0
0	0
0	0
0	0
0	0
0	0
0	0
0	0
0	1
0	1
0	1
0	1
0	1
0	1
0	1
0	1
0	1
0	1
0	1
0	1
0	1
0	1
0	1
0	1
0	1
0	1
0	1
0	1
0	1
0	1
0	1
0	1
0	1
0	1
0	1
0	1
0	1
0	1
0	1
0	1
0	1
0	1
0	1
0	1
0	1
0	1
0	1
0	1
0	1
0	1
0	1
0	1
0	1
0	1
0	1
0	1
0	1
0	1
0	2
0	2
0	2
0	2
0	2
0	2
0	2
0	2
0	2
0	2
0	2
0	2
0	2
0	2
0	2
0	2
0	2
0	2
0	2
0	2
0	2
0	2
0	2
0	2
0	2
0	2
0	2
0	2
0	2
0	2
0	2
0	2
0	2
0	2
0	2
0	2
0	2
0	2
0	2
0	2
0	2
0	2
0	2
0	2
0	2
0	2
0	2
0	2
0	2
0	2
0	3
0	3
0	3
0	3
0	3
0	3
0	3
0	3
0	3
0	3
0	3
0	3
0	3
0	3
0	3
0	3
0	3
0	3
0	3
0	3
0	3
0	3
0	3
0	3
0	3
0	3
0	3
0	3
0	3
0	3
0	3
0	3
0	3
0	3
0	3
0	3
0	3
0	3
0	3
0	3
0	3
0	3
0	3
0	3
0	3
0	3
0	3
0	3
0	3
0	3
0	4
0	4
0	4
0	4
0	4
0	4
0	4
0	4
0	4
0	4
0	4
0	4
0	4
0	4
0	4
0	4
0	4
0	4
0	4
0	4
0	4
0	4
0	4
0	4
11	4
11	4
11	4
11	4
11	4
11	4
11	4
11	4
11	4
11	4
11	4
23	4
23	4
23	4
23	4
23	4
23	4
23	4
23	4
23	4
23	4
23	4
23	4
23	4
23	4
23	4
23	5
23	5
23	5
23	5
23	5
23	5
23	5
23	5
23	5
23	5
23	5
23	5
23	5
23	5
23	5
23	5
23	5
23	5
23	5
23	5
23	5
23	5
23	5
23	5
23	5
23	5
23	5
23	5
23	5
23	5
23	5
23	5
23	5
23	5
23	5
23	5
23	5
23	5
23	5
23	5
23	5
23	5
23	5
23	5
23	5
23	5
23	5
23	5
23	5
23	5
23	6
35	6
35	6
35	6
35	6
35	6
35	6
35	6
35	6
35	6
35	6
35	6
35	6
35	6
35	6
35	6
35	6
35	6
35	6
35	6
35	6
35	6
35	6
35	6
35	6
35	6
35	6
35	6
35	6
35	6
35	6
35	6
35	6
35	6
35	6
35	6
35	6
35	6
35	6
35	6
35	6
35	6
35	6
35	6
35	6
35	6
35	6
23	6
23	6
23	6
23	7
23	7
23	7
23	7
23	7
23	7
23	7
23	7
23	7
23	7
23	7
23	7
23	7
23	7
23	7
23	7
35	7
35	7
35	7
35	7
35	7
35	7
35	7
35	7
35	7
35	7
35	7
35	7
35	7
35	7
35	7
35	7
35	7
35	7
35	7
35	7
35	7
35	7
35	7
35	7
35	7
46	7
46	7
46	7
46	7
46	7
46	7
46	7
46	7
46	7
46	8
46	8
46	8
35	8
35	8
35	8
35	8
35	8
35	8
35	8
35	8
35	8
35	8
35	8
35	8
35	8
35	8
35	8
35	8
35	8
35	8
35	8
35	8
35	8
35	8
35	8
35	8
35	8
35	8
35	8
35	8
35	8
35	8
35	8
35	8
35	8
35	8
35	8
35	8
35	8
35	8
35	8
35	8
35	8
35	8
35	8
35	8
35	8
35	8
35	8
35	9
35	9
35	9
35	9
35	9
35	9
35	9
35	9
35	9
35	9
35	9
35	9
35	9
35	9
35	9
35	9
35	9
35	9
35	9
46	9
46	9
46	9
46	9
46	9
46	9
46	9
46	9
35	9
35	9
35	9
35	9
35	9
35	9
35	9
35	9
35	9
35	9
35	9
35	9
35	9
35	9
35	9
35	9
35	9
35	9
35	9
35	9
35	9
35	9
35	9
35	10
35	10
35	10
35	10
35	10
35	10
35	10
35	10
35	10
35	10
35	10
35	10
35	10
35	10
35	10
35	10
35	10
35	10
35	10
35	10
35	10
35	10
35	10
35	10
35	10
35	10
35	10
35	10
35	10
35	10
35	10
35	10
35	10
35	10
35	10
35	10
35	10
35	10
35	10
35	10
35	10
35	10
35	10
35	10
35	10
35	10
35	10
35	10
35	10
35	10
35	11
35	11
35	11
35	11
35	11
35	11
35	11
35	11
35	11
35	11
35	11
35	11
35	11
35	11
35	11
35	11
35	11
35	11
35	11
35	11
35	11
35	11
35	11
35	11
35	11
35	11
35	11
35	11
35	11
35	11
35	11
35	11
35	11
35	11
35	11
35	11
35	11
35	11
35	11
35	11
35	11
35	11
35	11
35	11
35	11
35	11
35	11
35	11
35	11
35	11
35	12
35	12
35	12
35	12
35	12
35	12
35	12
35	12
35	12
35	12
35	12
35	12
35	12
35	12
35	12
35	12
35	12
35	12
35	12
35	12
35	12
35	12
35	12
35	12
35	12
35	12
35	12
35	12
35	12
35	12
35	12
35	12
35	12
35	12
35	12
35	12
35	12
35	12
35	12
35	12
35	12
35	12
35	12
35	12
35	12
35	12
35	12
35	12
35	12
35	12
35	13
35	13
35	13
35	13
35	13
35	13
35	13
35	13
35	13
35	13
35	13
35	13
35	13
35	13
35	13
35	13
35	13
35	13
35	13
35	13
35	13
35	13
35	13
35	13
35	13
35	13
35	13
35	13
35	13
35	13
35	13
35	13
35	13
35	13
35	13
35	13
35	13
35	13
35	13
35	13
35	13
35	13
35	13
35	13
35	13
35	13
35	13
35	13
35	13
35	13
35	14
35	14
35	14
35	14
35	14
35	14
35	14
35	14
35	14
35	14
35	14
35	14
35	14
35	14
35	14
35	14
35	14
35	14
35	14
35	14
35	14
35	14
35	14
35	14
35	14
35	14
35	14
35	14
35	14
35	14
35	14
35	14
35	14
35	14
35	14
35	14
35	14
35	14
35	14
35	14
35	14
35	14
35	14
35	14
35	14
35	14
35	14
35	14
35	14
35	14
35	15
35	15
35	15
35	15
35	15
35	15
35	15
35	15
35	15
35	15
35	15
35	15
35	15
35	15
35	15
35	15
35	15
35	15
35	15
35	15
35	15
35	15
35	15
35	15
35	15
35	15
35	15
35	15
35	15
35	15
35	15
35	15
35	15
35	15
35	15
35	15
35	15
35	15
35	15
35	15
35	15
35	15
35	15
35	15
35	15
35	15
35	15
35	15
35	15
35	15
35	16
35	16
35	16
35	16
35	16
35	16
35	16
35	16
35	16
35	16
35	16
35	16
35	16
35	16
35	16
35	16
35	16
35	16
35	16
35	16
35	16
35	16
35	16
35	16
35	16
35	16
35	16
35	16
35	16
35	16
35	16
35	16
35	16
35	16
35	16
35	16
35	16
35	16
35	16
35	16
35	16
35	16
35	16
35	16
35	16
35	16
35	16
35	16
35	16
35	16
35	17
35	17
35	17
35	17
35	17
35	17
35	17
35	17
35	17
35	17
35	17
35	17
35	17
35	17
35	17
35	17
35	17
35	17
35	17
35	17
35	17
35	17
35	17
35	17
35	17
35	17
35	17
35	17
35	17
35	17
35	17
35	17
35	17
35	17
35	17
35	17
35	17
35	17
35	17
35	17
35	17
35	17
35	17
35	17
35	17
35	17
35	17
35	17
35	17
35	17
35	18
35	18
35	18
35	18
35	18
35	18
35	18
35	18
35	18
35	18
35	18
35	18
35	18
35	18
35	18
35	18
35	18
35	18
35	18
35	18
35	18
35	18
35	18
35	18
35	18
35	18
35	18
35	18
35	18
35	18
35	18
35	18
35	18
35	18
35	18
35	18
35	18
35	18
35	18
35	18
35	18
35	18
35	18
35	18
35	18
35	18
35	18
35	18
35	18
35	18
35	19
35	19
35	19
35	19
35	19
35	19
35	19
35	19
35	19
35	19
35	19
35	19
35	19
35	19
35	19
35	19
35	19
35	19
35	19
35	19
35	19
35	19
35	19
35	19
35	19
35	19
35	19
35	19
35	19
35	19
35	19
35	19
35	19
35	19
35	19
35	19
35	19
35	19
35	19
35	19
35	19
35	19
35	19
35	19
35	19
35	19
35	19
35	19
35	19
35	19
35	20
35	20
35	20
35	20
35	20
35	20
35	20
35	20
35	20
35	20
35	20
35	20
35	20
35	20
35	20
35	20
35	20
35	20
35	20
35	20
35	20
35	20
35	20
35	20
35	20
35	20
35	20
35	20
35	20
35	20
35	20
35	20
35	20
35	20
35	20
35	20
35	20
35	20
35	20
35	20
35	20
35	20
35	20
35	20
35	20
35	20
35	20
35	20
35	20
35	20
35	21
35	21
35	21
35	21
35	21
35	21
35	21
35	21
35	21
35	21
35	21
35	21
35	21
35	21
35	21
35	21
35	21
35	21
35	21
35	21
35	21
35	21
35	21
35	21
35	21
35	21
35	21
35	21
35	21
35	21
35	21
35	21
35	21
35	21
35	21
35	21
35	21
35	21
35	21
35	21
35	21
35	21
35	21
35	21
35	21
35	21
35	21
35	21
35	21
35	21
35	22
35	22
35	22
35	22
35	22
35	22
35	22
35	22
35	22
35	22
35	22
35	22
35	22
35	22
35	22
35	22
35	22
35	22
35	22
35	22
35	22
35	22
35	22
35	22
35	22
35	22
35	22
35	22
35	22
35	22
35	22
35	22
35	22
35	22
35	22
35	22
35	22
35	22
35	22
35	22
35	22
35	22
35	22
35	22
35	22
35	22
35	22
35	22
35	22
35	22
35	23
35	23
35	23
35	23
35	23
35	23
35	23
35	23
35	23
35	23
35	23
35	23
35	23
35	23
35	23
35	23
35	23
35	23
35	23
35	23
35	23
35	23
35	23
35	23
35	23
35	23
35	23
35	23
35	23
35	23
35	23
35	23
35	23
35	23
35	23
35	23
35	23
35	23
35	23
35	23
35	23
35	23
35	23
35	23
35	23
35	23
35	23
35	23
35	23
35	23
35	24
35	24
35	24
35	24
35	24
35	24
35	24
35	24
35	24
35	24
35	24
35	24
35	24
35	24
35	24
35	24
35	24
35	24
35	24
35	24
35	24
35	24
35	24
35	24
35	24
35	24
35	24
35	24
35	24
35	24
35	24
35	24
35	24
35	24
35	24
35	24
35	24
35	24
35	24
35	24
35	24
35	24
35	24
35	24
35	24
35	24
35	24
35	24
35	24
35	24
35	25
35	25
35	25
35	25
35	25
35	25
35	25
35	25
35	25
35	25
35	25
35	25
35	25
35	25
35	25
35	25
35	25
35	25
35	25
35	25
35	25
35	25
35	25
35	25
35	25
35	25
35	25
35	25
35	25
35	25
35	25
35	25
35	25
35	25
35	25
35	25
35	25
35	25
35	25
35	25
35	25
35	25
35	25
35	25
35	25
35	25
35	25
35	25
35	25
35	25
35	26
35	26
35	26
35	26
35	26
35	26
35	26
35	26
35	26
35	26
35	26
35	26
35	26
35	26
35	26
35	26
35	26
35	26
35	26
35	26
35	26
35	26
35	26
35	26
35	26
35	26
35	26
35	26
35	26
35	26
35	26
35	26
35	26
35	26
35	26
35	26
35	26
35	26
35	26
35	26
35	26
35	26
35	26
35	26
35	26
35	26
35	26
35	26
35	26
35	26
35	27
35	27
35	27
35	27
35	27
35	27
35	27
35	27
35	27
35	27
35	27
35	27
35	27
35	27
35	27
35	27
35	27
35	27
35	27
35	27
35	27
35	27
35	27
35	27
35	27
35	27
35	27
35	27
35	27
35	27
35	27
35	27
35	27
35	27
35	27
35	27
35	27
35	27
35	27
46	27
46	27
46	27
46	27
46	27
46	27
46	27
46	27
46	27
46	27
46	27
46	28
46	28
46	28
46	28
46	28
46	28
46	28
46	28
46	28
46	28
46	28
46	28
46	28
46	28
46	28
46	28
46	28
46	28
46	28
46	28
46	28
46	28
46	28
46	28
46	28
46	28
46	28
46	28
58	28
58	28
58	28
58	28
58	28
58	28
58	28
58	28
58	28
58	28
58	28
58	28
58	28
58	28
58	28
58	28
58	28
58	28
58	28
58	28
58	28
58	28
58	29
58	29
58	29
58	29
70	29
70	29
70	29
70	29
70	29
70	29
70	29
70	29
70	29
70	29
70	29
70	29
70	29
70	29
82	29
82	29
82	29
82	29
82	29
82	29
82	29
82	29
82	29
82	29
82	29
82	29
82	29
93	29
93	29
93	29
93	29
93	29
93	29
93	29
93	29
93	29
93	29
105	29
105	29
105	29
105	29
105	29
105	29
105	29
105	29
105	29
105	30
105	30
117	30
117	30
117	30
117	30
117	30
117	30
117	30
117	30
117	30
117	30
117	30
117	30
128	30
128	30
128	30
128	30
128	30
128	30
128	30
128	30
128	30
128	30
128	30
128	30
128	30
140	30
140	30
140	30
140	30
140	30
140	30
140	30
140	30
140	30
152	30
152	30
152	30
152	30
152	30
152	30
152	30
152	30
152	30
164	30
164	30
164	30
164	30
164	30
164	31
164	31
164	31
175	31
175	31
175	31
175	31
175	31
175	31
175	31
175	31
187	31
187	31
187	31
187	31
187	31
187	31
187	31
187	31
187	31
199	31
199	31
199	31
199	31
199	31
199	31
199	31
199	31
199	31
210	31
210	31
210	31
210	31
210	31
210	31
210	31
210	31
222	31
222	31
222	31
222	31
222	31
222	31
222	31
222	31
234	31
234	31
234	31
234	31
234	31
234	32
234	32
246	32
246	32
246	32
246	32
246	32
246	32
246	32
257	32
257	32
257	32
257	32
257	32
257	32
269	32
269	32
269	32
269	32
269	32
269	32
269	32
281	32
281	32
281	32
281	32
281	32
281	32
292	32
292	32
292	32
292	32
292	32
292	32
292	32
304	32
304	32
304	32
304	32
304	32
304	32
304	32
316	32
316	32
316	32
316	32
316	32
316	32
316	32
316	32
328	33
328	33
328	33
328	33
328	33
328	33
328	33
328	33
339	33
339	33
339	33
339	33
339	33
339	33
339	33
339	33
351	33
351	33
351	33
351	33
351	33
351	33
351	33
351	33
363	33
363	33
363	33
363	33
363	33
363	33
363	33
375	33
375	33
375	33
375	33
375	33
375	33
386	33
386	33
386	33
386	33
386	33
386	33
398	33
398	33
398	33
398	33
398	33
398	33
410	33
410	34
410	34
410	34
410	34
421	34
421	34
421	34
421	34
421	34
433	34
433	34
433	34
433	34
433	34
433	34
445	34
445	34
445	34
445	34
445	34
457	34
457	34
457	34
457	34
457	34
457	34
468	34
468	34
468	34
468	34
468	34
480	34
480	34
480	34
480	34
480	34
480	34
492	34
492	34
492	34
492	34
492	34
503	34
503	34
503	34
503	34
503	34
515	34
515	34
515	34
515	35
515	35
527	35
527	35
527	35
527	35
527	35
539	35
539	35
539	35
539	35
550	35
550	35
550	35
550	35
550	35
562	35
562	35
562	35
562	35
574	35
574	35
574	35
574	35
574	35
585	35
585	35
585	35
585	35
597	35
597	35
597	35
597	35
597	35
609	35
609	35
609	35
609	35
621	35
621	35
621	35
621	35
621	35
632	35
632	35
632	35
632	35
644	35
644	35
644	35
644	36
644	36
644	36
656	36
656	36
656	36
656	36
667	36
667	36
667	36
667	36
667	36
679	36
679	36
679	36
679	36
691	36
691	36
691	36
691	36
703	36
703	36
703	36
703	36
714	36
714	36
714	36
714	36
726	36
726	36
726	36
726	36
738	36
738	36
738	36
738	36
750	36
750	36
750	36
750	36
761	36
761	36
761	36
761	36
773	36
773	36
773	36
773	36
785	36
785	36
785	37
785	37
785	37
796	37
796	37
796	37
796	37
808	37
808	37
808	37
808	37
808	37
820	37
820	37
820	37
820	37
832	37
832	37
832	37
832	37
843	37
843	37
843	37
843	37
855	37
855	37
855	37
855	37
867	37
867	37
867	37
878	37
878	37
878	37
878	37
890	37
890	37
890	37
890	37
902	37
902	37
902	37
914	37
914	37
914	37
914	37
925	37
925	37
925	37
925	37
937	38
937	38
937	38
937	38
949	38
949	38
949	38
949	38
960	38
960	38
960	38
960	38
972	38
972	38
972	38
972	38
984	38
984	38
984	38
996	38
996	38
996	38
996	38
1007	38
1007	38
1007	38
1007	38
1019	38
1019	38
1019	38
1019	38
1031	38
1031	38
1031	38
1031	38
1042	38
1042	38
1042	38
1042	38
1054	38
1054	38
1054	38
1054	38
1066	38
1066	38
1066	38
1066	38
1078	38
1078	38
1078	38
1078	39
1089	39
1089	39
1089	39
1089	39
1101	39
1101	39
1101	39
1101	39
1113	39
1113	39
1113	39
1113	39
1125	39
1125	39
1125	39
1125	39
1136	39
1136	39
1136	39
1136	39
1136	39
1148	39
1148	39
1148	39
1148	39
1160	39
1160	39
1160	39
1160	39
1171	39
1171	39
1171	39
1183	39
1183	39
1183	39
1183	39
1195	39
1195	39
1195	39
1195	39
1207	39
1207	39
1207	39
1218	39
1218	39
1218	39
1218	39
1230	39
1230	39
1230	40
1230	40
1242	40
1242	40
1242	40
1253	40
1253	40
1253	40
1253	40
1265	40
1265	40
1265	40
1277	40
1277	40
1277	40
1277	40
1289	40
1289	40
1289	40
1300	40
1300	40
1300	40
1312	40
1312	40
1312	40
1312	40
1324	40
1324	40
1324	40
1335	40
1335	40
1335	40
1335	40
1347	40
1347	40
1347	40
1359	40
1359	40
1359	40
1359	40
1371	40
1371	40
1371	40
1382	40
1382	40
1382	40
1382	40
1394	40
1394	40
1394	40
1406	41
1406	41
1406	41
1406	41
1417	41
1417	41
1417	41
1417	41
1429	41
1429	41
1429	41
1441	41
1441	41
1441	41
1441	41
1453	41
1453	41
1453	41
1464	41
1464	41
1464	41
1464	41
1476	41
1476	41
1476	41
1488	41
1488	41
1488	41
1500	41
1500	41
1500	41
1511	41
1511	41
1511	41
1511	41
1523	41
1523	41
1523	41
1535	41
1535	41
1535	41
1535	41
1546	41
1546	41
1546	41
1558	41
1558	41
1558	41
1570	41
1570	41
1570	42
1582	42
1582	42
1582	42
1582	42
1593	42
1593	42
1593	42
1605	42
1605	42
1605	42
1617	42
1617	42
1617	42
1628	42
1628	42
1628	42
1628	42
1640	42
1640	42
1640	42
1652	42
1652	42
1652	42
1664	42
1664	42
1664	42
1675	42
1675	42
1675	42
1687	42
1687	42
1687	42
1699	42
1699	42
1699	42
1710	42
1710	42
1710	42
1722	42
1722	42
1722	42
1734	42
1734	42
1734	42
1746	42
1746	42
1746	42
1746	42
1757	42
1757	43
1757	43
1769	43
1769	43
1769	43
1781	43
1781	43
1781	43
1792	43
1792	43
1792	43
1804	43
1804	43
1804	43
1816	43
1816	43
1816	43
1828	43
1828	43
1828	43
1839	43
1839	43
1839	43
1839	43
1851	43
1851	43
1851	43
1851	43
1863	43
1863	43
1863	43
1875	43
1875	43
1875	43
1886	43
1886	43
1886	43
1886	43
1898	43
1898	43
1898	43
1910	43
1910	43
1910	43
1921	43
1921	43
1921	43
1933	43
1933	43
1933	43
1945	44
1945	44
1945	44
1957	44
1957	44
1968	44
1968	44
1968	44
1980	44
1980	44
1980	44
1992	44
1992	44
1992	44
2003	44
2003	44
2003	44
2015	44
2015	44
2015	44
2027	44
2027	44
2027	44
2039	44
2039	44
2039	44
2050	44
2050	44
2050	44
2062	44
2062	44
2074	44
2074	44
2074	44
2085	44
2085	44
2085	44
2097	44
2097	44
2097	44
2109	44
2109	44
2109	44
2121	44
2121	44
2132	44
2132	44
2132	44
2144	44
2144	44
2144	45
2156	45
2156	45
2167	45
2167	45
2167	45
2179	45
2179	45
2179	45
2191	45
2191	45
2191	45
2203	45
2203	45
2203	45
2214	45
2214	45
2214	45
2226	45
2226	45
2238	45
2238	45
2238	45
2250	45
2250	45
2250	45
2261	45
2261	45
2261	45
2273	45
2273	45
2285	45
2285	45
2285	45
2296	45
2296	45
2296	45
2308	45
2308	45
2308	45
2320	45
2320	45
2332	45
2332	45
2332	45
2343	45
2343	45
2355	45
2355	45
2355	45
2367	46
2367	46
2378	46
2378	46
2390	46
2390	46
2390	46
2402	46
2402	46
2414	46
2414	46
2425	46
2425	46
2437	46
2437	46
2437	46
2449	46
2449	46
2460	46
2460	46
2460	46
2472	46
2472	46
2484	46
2484	46
2496	46
2496	46
2496	46
2507	46
2507	46
2507	46
2519	46
2519	46
2531	46
2531	46
2531	46
2542	46
2542	46
2554	46
2554	46
2554	46
2566	46
2566	46
2566	46
2578	46
2578	46
2589	46
2589	46
2589	46
2601	46
2601	47
2601	47
2613	47
2613	47
2625	47
2625	47
2625	47
2636	47
2636	47
2636	47
2648	47
2648	47
2660	47
2660	47
2660	47
2671	47
2671	47
2683	47
2683	47
2695	47
2695	47
2707	47
2707	47
2707	47
2718	47
2718	47
2730	47
2730	47
2730	47
2742	47
2742	47
2753	47
2753	47
2753	47
2765	47
2765	47
2777	47
2777	47
2777	47
2789	47
2789	47
2800	47
2800	47
2812	47
2812	47
2812	47
2824	47
2824	47
2835	47
2835	47
2835	48
2847	48
2847	48
2859	48
2859	48
2871	48
2871	48
2871	48
2882	48
2882	48
2894	48
2894	48
2906	48
2906	48
2917	48
2917	48
2917	48
2929	48
2929	48
2941	48
2941	48
2941	48
2953	48
2953	48
2964	48
2964	48
2964	48
2976	48
2976	48
2988	48
2988	48
3000	48
3000	48
3011	48
3011	48
3011	48
3023	48
3023	48
3035	48
3035	48
3046	48
3046	48
3046	48
3058	48
3058	48
3070	48
3070	48
3082	48
3082	48
3093	48
3093	49
3105	49
3105	49
3117	49
3117	49
3128	49
3128	49
3140	49
3140	49
3152	49
3152	49
3164	49
3164	49
3175	49
3175	49
3187	49
3187	49
3199	49
3199	49
3210	49
3210	49
3222	49
3222	49
3234	49
3234	49
3246	49
3246	49
3257	49
3257	49
3269	49
3269	49
3269	49
3281	49
3281	49
3292	49
3292	49
3304	49
3304	49
3316	49
3316	49
3328	49
3328	49
3339	49
3339	49
3339	49
3351	49
3351	49
3363	49
3363	49
3375	49
3375	50
3386	50
3386	50
3386	50
3398	50
3398	50
3410	50
3410	50
3421	50
3421	50
3433	50
3433	50
3445	50
3445	50
3457	50
3457	50
3468	50
3468	50
3480	50
3480	50
3492	50
3492	50
3503	50
3503	50
3515	50
3515	50
3527	50
3527	50
3527	50
3539	50
3539	50
3550	50
3550	50
3562	50
3562	50
3574	50
3574	50
3585	50
3585	50
3597	50
3597	50
3609	50
3609	50
3621	50
3621	50
3632	50
3632	50
3644	50
3644	50
3656	50
3656	51
3667	51
3667	51
3679	51
3679	51
3691	51
3691	51
3703	51
3703	51
3714	51
3714	51
3726	51
3726	51
3738	51
3738	51
3750	51
3750	51
3761	51
3761	51
3773	51
3773	51
3785	51
3785	51
3796	51
3796	51
3808	51
3808	51
3820	51
3820	51
3832	51
3832	51
3843	51
3855	51
3855	51
3867	51
3867	51
3878	51
3890	51
3890	51
3902	51
3902	51
3914	51
3925	51
3925	51
3937	51
3949	51
3949	51
3960	51
3960	51
3972	51
3972	52
3984	52
3996	52
3996	52
4007	52
4007	52
4019	52
4019	52
4031	52
4031	52
4042	52
4042	52
4054	52
4054	52
4066	52
4078	52
4078	52
4089	52
4089	52
4101	52
4101	52
4113	52
4113	52
4125	52
4125	52
4136	52
4136	52
4148	52
4148	52
4160	52
4160	52
4171	52
4171	52
4183	52
4195	52
4195	52
4207	52
4207	52
4218	52
4218	52
4230	52
4230	52
4242	52
4242	52
4253	52
4265	52
4265	52
4277	52
4277	52
4289	52
4289	53
4300	53
4300	53
4312	53
4312	53
4324	53
4335	53
4335	53
4347	53
4347	53
4359	53
4359	53
4371	53
4382	53
4382	53
4394	53
4394	53
4406	53
4417	53
4417	53
4429	53
4429	53
4441	53
4441	53
4453	53
4453	53
4464	53
4476	53
4476	53
4488	53
4488	53
4500	53
4511	53
4511	53
4523	53
4523	53
4535	53
4535	53
4546	53
4558	53
4558	53
4570	53
4570	53
4582	53
4582	53
4593	53
4605	53
4605	53
4617	53
4628	53
4628	54
4640	54
4652	54
4652	54
4664	54
4675	54
4675	54
4687	54
4699	54
4699	54
4710	54
4722	54
4722	54
4734	54
4734	54
4746	54
4757	54
4757	54
4769	54
4769	54
4781	54
4781	54
4792	54
4804	54
4804	54
4816	54
4816	54
4828	54
4839	54
4839	54
4851	54
4851	54
4863	54
4863	54
4875	54
4886	54
4886	54
4898	54
4898	54
4910	54
4910	54
4921	54
4933	54
4933	54
4945	54
4957	54
4957	54
4968	54
4968	54
4980	54
4992	55
4992	55
5003	55
5003	55
5015	55
5015	55
5027	55
5039	55
5039	55
5050	55
5050	55
5062	55
5074	55
5074	55
5085	55
5085	55
5097	55
5109	55
5109	55
5121	55
5121	55
5132	55
5144	55
5144	55
5156	55
5167	55
5167	55
5179	55
5179	55
5191	55
5203	55
5203	55
5214	55
5214	55
5226	55
5226	55
5238	55
5250	55
5250	55
5261	55
5261	55
5273	55
5285	55
5285	55
5296	55
5308	55
5308	55
5320	55
5320	55
5332	55
5343	56
5343	56
5355	56
5367	56
5367	56
5378	56
5390	56
5402	56
5402	56
5414	56
5425	56
5425	56
5437	56
5449	56
5449	56
5460	56
5472	56
5484	56
5484	56
5496	56
5496	56
5507	56
5519	56
5519	56
5531	56
5542	56
5542	56
5554	56
5566	56
5566	56
5578	56
5589	56
5589	56
5601	56
5613	56
5613	56
5625	56
5636	56
5636	56
5648	56
5648	56
5660	56
5671	56
5671	56
5683	56
5695	56
5695	56
5707	56
5718	56
5718	56
5730	57
5742	57
5742	57
5753	57
5765	57
5765	57
5777	57
5789	57
5789	57
5800	57
5812	57
5812	57
5824	57
5835	57
5835	57
5847	57
5859	57
5871	57
5871	57
5882	57
5894	57
5894	57
5906	57
5917	57
5917	57
5929	57
5941	57
5941	57
5953	57
5953	57
5964	57
5976	57
5976	57
5988	57
6000	57
6000	57
6011	57
6023	57
6023	57
6035	57
6035	57
6046	57
6058	57
6070	57
6070	57
6082	57
6093	57
6093	57
6105	57
6117	57
6117	58
6128	58
6140	58
6152	58
6152	58
6164	58
6175	58
6187	58
6187	58
6199	58
6210	58
6210	58
6222	58
6234	58
6246	58
6246	58
6257	58
6269	58
6269	58
6281	58
6292	58
6292	58
6304	58
6316	58
6316	58
6328	58
6339	58
6351	58
6351	58
6363	58
6375	58
6375	58
6386	58
6398	58
6398	58
6410	58
6421	58
6421	58
6433	58
6445	58
6457	58
6457	58
6468	58
6480	58
6480	58
6492	58
6503	58
6515	58
6515	58
6527	58
6539	59
6550	59
6550	59
6562	59
6574	59
6585	59
6585	59
6597	59
6609	59
6621	59
6621	59
6632	59
6644	59
6644	59
6656	59
6667	59
6679	59
6679	59
6691	59
6703	59
6703	59
6714	59
6726	59
6726	59
6738	59
6750	59
6750	59
6761	59
6773	59
6773	59
6785	59
6796	59
6808	59
6808	59
6820	59
6832	59
6832	59
6843	59
6855	59
6867	59
6867	59
6878	59
6890	59
6902	59
6914	59
6914	59
6925	59
6937	59
6949	59
6960	59
6960	60
6972	60
6984	60
6996	60
6996	60
7007	60
7019	60
7031	60
7031	60
7042	60
7054	60
7066	60
7066	60
7078	60
7089	60
7101	60
7113	60
7125	60
7136	60
7136	60
7148	60
7160	60
7160	60
7171	60
7183	60
7195	60
7195	60
7207	60
7218	60
7230	60
7242	60
7242	60
7253	60
7265	60
7277	60
7289	60
7289	60
7300	60
7312	60
7324	60
7335	60
7335	60
7347	60
7359	60
7371	60
7371	60
7382	60
7394	60
7406	60
7417	60
7417	61
7429	61
7441	61
7441	61
7453	61
7464	61
7464	61
7476	61
7488	61
7488	61
7500	61
7511	61
7511	61
7523	61
7535	61
7535	61
7546	61
7558	61
7570	61
7582	61
7582	61
7593	61
7605	61
7617	61
7617	61
7628	61
7640	61
7640	61
7652	61
7664	61
7675	61
7687	61
7687	61
7699	61
7710	61
7722	61
7722	61
7734	61
7746	61
7757	61
7769	61
7769	61
7781	61
7792	61
7804	61
7804	61
7816	61
7828	61
7839	61
7851	61
7863	62
7875	62
7875	62
7886	62
7898	62
7910	62
7921	62
7921	62
7933	62
7945	62
7957	62
7957	62
7968	62
7980	62
7992	62
8003	62
8015	62
8027	62
8039	62
8050	62
8062	62
8074	62
8085	62
8085	62
8097	62
8109	62
8121	62
8132	62
8132	62
8144	62
8156	62
8167	62
8179	62
8179	62
8191	62
8203	62
8214	62
8226	62
8238	62
8238	62
8250	62
8261	62
8273	62
8273	62
8285	62
8296	62
8308	62
8320	62
8320	62
8332	62
8343	63
8355	63
8367	63
8367	63
8378	63
8390	63
8402	63
8414	63
8414	63
8425	63
8437	63
8449	63
8460	63
8460	63
8472	63
8484	63
8496	63
8507	63
8519	63
8531	63
8531	63
8542	63
8554	63
8566	63
8578	63
8578	63
8589	63
8601	63
8613	63
8625	63
8636	63
8636	63
8648	63
8660	63
8671	63
8671	63
8683	63
8695	63
8707	63
8718	63
8730	63
8742	63
8753	63
8765	63
8777	63
8789	63
8800	63
8812	63
8824	63
8835	63
8847	64
8847	64
8859	64
8871	64
8882	64
8894	64
8894	64
8906	64
8917	64
8929	64
8941	64
8953	64
8964	64
8976	64
8976	64
8988	64
9000	64
9011	64
9023	64
9035	64
9035	64
9046	64
9058	64
9070	64
9082	64
9093	64
9105	64
9105	64
9117	64
9128	64
9140	64
9152	64
9164	64
9164	64
9175	64
9187	64
9199	64
9210	64
9222	64
9234	64
9234	64
9246	64
9257	64
9269	64
9281	64
9292	64
9304	64
9316	64
9316	64
9328	64
9339	65
9351	65
9363	65
9375	65
9386	65
9398	65
9410	65
9410	65
9421	65
9433	65
9445	65
9457	65
9468	65
9480	65
9492	65
9503	65
9515	65
9527	65
9539	65
9550	65
9562	65
9574	65
9585	65
9597	65
9609	65
9621	65
9632	65
9644	65
9656	65
9656	65
9667	65
9679	65
9691	65
9703	65
9714	65
9726	65
9738	65
9750	65
9750	65
9761	65
9773	65
9785	65
9796	65
9808	65
9820	65
9820	65
9832	65
9843	65
9855	65
9867	65
9878	66
9878	66
9890	66
9902	66
9914	66
9925	66
9925	66
9937	66
9949	66
9960	66
9972	66
9984	66
9996	66
10007	66
10007	66
10019	66
10031	66
10042	66
10054	66
10066	66
10078	66
10078	66
10089	66
10101	66
10113	66
10125	66
10136	66
10148	66
10148	66
10160	66
10171	66
10183	66
10195	66
10207	66
10218	66
10230	66
10242	66
10253	66
10265	66
10277	66
10289	66
10300	66
10312	66
10324	66
10347	66
10359	66
10359	66
10371	66
10382	66
10394	66
10406	67
10417	67
10429	67
10441	67
10453	67
10464	67
10476	67
10488	67
10500	67
10511	67
10523	67
10535	67
10546	67
10546	67
10558	67
10570	67
10582	67
10593	67
10605	67
10617	67
10628	67
10640	67
10652	67
10664	67
10664	67
10675	67
10687	67
10699	67
10710	67
10722	67
10734	67
10746	67
10757	67
10769	67
10781	67
10792	67
10792	67
10804	67
10816	67
10828	67
10839	67
10839	67
10851	67
10863	67
10875	67
10875	67
10886	67
10898	67
10910	67
10921	67
10933	68
10945	68
10957	68
10968	68
10980	68
10992	68
11003	68
11015	68
11027	68
11039	68
11050	68
11062	68
11074	68
11085	68
11097	68
11109	68
11121	68
11121	68
11132	68
11144	68
11156	68
11167	68
11179	68
11191	68
11203	68
11214	68
11226	68
11238	68
11250	68
11261	68
11273	68
11285	68
11296	68
11308	68
11320	68
11332	68
11332	68
11343	68
11355	68
11367	68
11378	68
11390	68
11402	68
11414	68
11425	68
11437	68
11449	68
11460	68
11472	68
11484	68
11496	69
11507	69
11519	69
11531	69
11542	69
11554	69
11554	69
11566	69
11578	69
11589	69
11601	69
11613	69
11625	69
11636	69
11648	69
11660	69
11660	69
11671	69
11683	69
11695	69
11707	69
11718	69
11730	69
11742	69
11753	69
11765	69
11777	69
11789	69
11800	69
11824	69
11835	69
11847	69
11859	69
11871	69
11871	69
11882	69
11894	69
11906	69
11917	69
11929	69
11941	69
11953	69
11964	69
11976	69
11988	69
12000	69
12011	69
12023	69
12035	69
12046	69
12058	70
12070	70
12082	70
12082	70
12093	70
12105	70
12117	70
12128	70
12140	70
12152	70
12164	70
12175	70
12187	70
12199	70
12210	70
12222	70
12234	70
12246	70
12257	70
12269	70
12281	70
12292	70
12304	70
12316	70
12316	70
12328	70
12339	70
12351	70
12363	70
12363	70
12375	70
12386	70
12398	70
12410	70
12421	70
12433	70
12445	70
12457	70
12468	70
12480	70
12492	70
12503	70
12515	70
12527	70
12539	70
12550	70
12562	70
12574	70
12585	70
12597	70
12609	71
12621	71
12632	71
12644	71
12656	71
12667	71
12679	71
12703	71
12714	71
12726	71
12738	71
12750	71
12761	71
12773	71
12785	71
12796	71
12808	71
12820	71
12832	71
12843	71
12855	71
12867	71
12878	71
12902	71
12914	71
12925	71
12937	71
12949	71
12960	71
12972	71
12984	71
12996	71
13007	71
13019	71
13031	71
13042	71
13054	71
13066	71
13078	71
13089	71
13101	71
13113	71
13125	71
13136	71
13148	71
13160	71
13171	71
13183	71
13195	71
13207	71
13218	72
13230	72
13242	72
13253	72
13265	72
13277	72
13289	72
13300	72
13312	72
13324	72
13335	72
13347	72
13359	72
13371	72
13382	72
13394	72
13406	72
13417	72
13429	72
13441	72
13453	72
13464	72
13476	72
13488	72
13500	72
13511	72
13523	72
13535	72
13546	72
13558	72
13570	72
13582	72
13605	72
13617	72
13628	72
13640	72
13652	72
13664	72
13675	72
13687	72
13699	72
13710	72
13722	72
13734	72
13746	72
13757	72
13769	72
13781	72
13792	72
13804	72
13816	73
13828	73
13839	73
13851	73
13863	73
13875	73
13886	73
13898	73
13910	73
13921	73
13933	73
13945	73
13957	73
13968	73
13980	73
13992	73
14003	73
14015	73
14027	73
14039	73
14050	73
14062	73
14074	73
14085	73
14097	73
14109	73
14121	73
14132	73
14144	73
14156	73
14167	73
14179	73
14191	73
14203	73
14214	73
14238	73
14250	73
14261	73
14273	73
14285	73
14296	73
14308	73
14320	73
14332	73
14343	73
14355	73
14367	73
14378	73
14390	73
14414	73
14425	74
14437	74
14449	74
14460	74
14472	74
14484	74
14496	74
14507	74
14519	74
14531	74
14554	74
14566	74
14578	74
14589	74
14601	74
14601	74
14613	74
14625	74
14636	74
14648	74
14660	74
14671	74
14695	74
14707	74
14718	74
14730	74
14742	74
14753	74
14765	74
14777	74
14789	74
14800	74
14812	74
14824	74
14835	74
14847	74
14859	74
14871	74
14882	74
14894	74
14906	74
14917	74
14929	74
14941	74
14953	74
14964	74
14976	74
15000	74
15011	74
15023	74
15035	75
15046	75
15058	75
15070	75
15082	75
15093	75
15105	75
15117	75
15140	75
15152	75
15164	75
15175	75
15199	75
15210	75
15222	75
15234	75
15246	75
15257	75
15269	75
15281	75
15292	75
15304	75
15316	75
15339	75
15339	75
15351	75
15363	75
15375	75
15386	75
15398	75
15421	75
15433	75
15445	75
15457	75
15468	75
15480	75
15492	75
15503	75
15515	75
15527	75
15539	75
15550	75
15562	75
15574	75
15585	75
15597	75
15621	75
15632	75
15644	75
15656	75
15667	76
15679	76
15691	76
15703	76
15714	76
15726	76
15738	76
15761	76
15773	76
15785	76
15796	76
15808	76
15820	76
15832	76
15843	76
15855	76
15867	76
15890	76
15902	76
15914	76
15937	76
15949	76
15960	76
15972	76
15984	76
15996	76
16019	76
16031	76
16042	76
16054	76
16066	76
16078	76
16089	76
16101	76
16113	76
16125	76
16136	76
16148	76
16160	76
16183	76
16195	76
16207	76
16218	76
16230	76
16242	76
16253	76
16265	76
16277	76
16300	76
16312	76
16324	77
16335	77
16347	77
16359	77
16371	77
16382	77
16406	77
16417	77
16429	77
16441	77
16453	77
16464	77
16476	77
16488	77
16511	77
16523	77
16535	77
16546	77
16558	77
16570	77
16582	77
16593	77
16617	77
16628	77
16640	77
16652	77
16675	77
16687	77
16699	77
16722	77
16734	77
16746	77
16757	77
16769	77
16781	77
16792	77
16816	77
16828	77
16839	77
16851	77
16863	77
16875	77
16886	77
16898	77
16910	77
16921	77
16933	77
16957	77
16968	77
16980	77
16992	78
17003	78
17015	78
17027	78
17039	78
17050	78
17074	78
17085	78
17097	78
17109	78
17121	78
17132	78
17144	78
17167	78
17179	78
17191	78
17203	78
17214	78
17226	78
17238	78
17250	78
17261	78
17273	78
17296	78
17308	78
17320	78
17332	78
17343	78
17355	78
17378	78
17390	78
17402	78
17425	78
17437	78
17449	78
17460	78
17484	78
17496	78
17507	78
17519	78
17531	78
17542	78
17566	78
17578	78
17589	78
17601	78
17613	78
17636	78
17648	78
17660	78
17671	79
17683	79
17695	79
17718	79
17730	79
17742	79
17753	79
17765	79
17789	79
17800	79
17812	79
17824	79
17835	79
17859	79
17871	79
17882	79
17894	79
17906	79
17917	79
17941	79
17953	79
17964	79
17976	79
17988	79
18000	79
18011	79
18023	79
18046	79
18058	79
18070	79
18082	79
18093	79
18117	79
18128	79
18140	79
18152	79
18175	79
18187	79
18199	79
18222	79
18234	79
18246	79
18257	79
18269	79
18292	79
18304	79
18316	79
18328	79
18339	79
18363	79
18375	80
18386	80
18398	80
18410	80
18421	80
18445	80
18457	80
18468	80
18480	80
18503	80
18515	80
18527	80
18539	80
18562	80
18574	80
18585	80
18597	80
18621	80
18632	80
18644	80
18656	80
18679	80
18691	80
18703	80
18714	80
18726	80
18738	80
18761	80
18773	80
18785	80
18796	80
18808	80
18832	80
18843	80
18855	80
18867	80
18890	80
18902	80
18914	80
18937	80
18949	80
18960	80
18984	80
18996	80
19007	80
19019	80
19031	80
19054	80
19066	80
19078	80
19101	81
19113	81
19136	81
19148	81
19160	81
19171	81
19183	81
19207	81
19218	81
19230	81
19253	81
19265	81
19277	81
19300	81
19312	81
19324	81
19335	81
19359	81
19371	81
19382	81
19394	81
19417	81
19429	81
19441	81
19453	81
19464	81
19476	81
19488	81
19500	81
19511	81
19535	81
19546	81
19558	81
19570	81
19593	81
19605	81
19617	81
19628	81
19640	81
19664	81
19675	81
19687	81
19699	81
19722	81
19734	81
19746	81
19769	81
19781	81
19792	81
19804	81
19828	82
19839	82
19851	82
19875	82
19886	82
19898	82
19910	82
19933	82
19945	82
19957	82
19980	82
19992	82
20003	82
20027	82
20050	82
20062	82
20074	82
20097	82
20109	82
20121	82
20144	82
20156	82
20167	82
20179	82
20203	82
20214	82
20226	82
20250	82
20261	82
20273	82
20285	82
20296	82
20320	82
20332	82
20343	82
20367	82
20378	82
20390	82
20402	82
20425	82
20437	82
20449	82
20460	82
20484	82
20496	82
20507	82
20531	82
20542	82
20554	82
20566	82
20578	83
20601	83
20613	83
20625	83
20648	83
20660	83
20671	83
20683	83
20707	83
20718	83
20730	83
20753	83
20765	83
20789	83
20800	83
20824	83
20835	83
20859	83
20871	83
20882	83
20906	83
20917	83
20929	83
20953	83
20964	83
20976	83
21000	83
21011	83
21023	83
21035	83
21058	83
21070	83
21082	83
21105	83
21117	83
21128	83
21140	83
21164	83
21175	83
21187	83
21210	83
21222	83
21234	83
21257	83
21269	83
21281	83
21304	83
21316	83
21328	83
21351	83
21363	84
21375	84
21398	84
21410	84
21421	84
21433	84
21457	84
21468	84
21492	84
21503	84
21527	84
21550	84
21562	84
21585	84
21597	84
21621	84
21632	84
21644	84
21667	84
21679	84
21691	84
21714	84
21726	84
21738	84
21761	84
21773	84
21785	84
21796	84
21820	84
21832	84
21855	84
21867	84
21878	84
21890	84
21902	84
21925	84
21937	84
21949	84
21960	84
21984	84
21996	84
22007	84
22031	84
22042	84
22054	84
22078	84
22089	84
22101	84
22113	84
22136	84
22148	85
22160	85
22183	85
22195	85
22207	85
22230	85
22242	85
22265	85
22289	85
22300	85
22324	85
22347	85
22359	85
22371	85
22394	85
22406	85
22417	85
22441	85
22453	85
22476	85
22500	85
22511	85
22523	85
22546	85
22558	85
22570	85
22593	85
22605	85
22617	85
22640	85
22652	85
22664	85
22687	85
22699	85
22710	85
22734	85
22746	85
22769	85
22781	85
22792	85
22816	85
22828	85
22839	85
22851	85
22863	85
22875	85
22886	85
22910	85
22921	85
22945	85
22957	86
22968	86
22992	86
23003	86
23027	86
23039	86
23062	86
23074	86
23097	86
23109	86
23132	86
23144	86
23156	86
23179	86
23191	86
23214	86
23226	86
23250	86
23261	86
23273	86
23296	86
23308	86
23320	86
23343	86
23355	86
23378	86
23390	86
23414	86
23425	86
23437	86
23460	86
23472	86
23496	86
23507	86
23519	86
23542	86
23554	86
23566	86
23589	86
23601	86
23613	86
23636	86
23648	86
23660	86
23683	86
23695	86
23718	86
23730	86
23753	86
23765	86
23789	87
23800	87
23824	87
23835	87
23859	87
23871	87
23882	87
23906	87
23917	87
23929	87
23953	87
23964	87
23988	87
24000	87
24011	87
24035	87
24046	87
24058	87
24082	87
24093	87
24117	87
24128	87
24140	87
24164	87
24175	87
24187	87
24210	87
24222	87
24246	87
24257	87
24269	87
24292	87
24304	87
24316	87
24328	87
24339	87
24363	87
24375	87
24386	87
24398	87
24421	87
24433	87
24457	87
24468	87
24480	87
24503	87
24515	87
24539	87
24550	87
24574	87
24585	88
24609	88
24621	88
24632	88
24656	88
24667	88
24691	88
24703	88
24726	88
24750	88
24761	88
24785	88
24796	88
24808	88
24832	88
24843	88
24867	88
24878	88
24902	88
24914	88
24937	88
24949	88
24972	88
24984	88
25007	88
25019	88
25031	88
25054	88
25066	88
25089	88
25101	88
25113	88
25125	88
25148	88
25160	88
25171	88
25195	88
25207	88
25230	88
25242	88
25265	88
25277	88
25289	88
25312	88
25324	88
25347	88
25359	88
25382	88
25394	88
25406	88
25429	89
25441	89
25464	89
25476	89
25488	89
25511	89
25523	89
25535	89
25558	89
25570	89
25593	89
25605	89
25617	89
25640	89
25652	89
25675	89
25687	89
25710	89
25722	89
25746	89
25757	89
25769	89
25792	89
25804	89
25816	89
25839	89
25851	89
25863	89
25875	89
25898	89
25910	89
25921	89
25945	89
25957	89
25980	89
25992	89
26003	89
26027	89
26039	89
26062	89
26074	89
26085	89
26109	89
26121	89
26144	89
26156	89
26167	89
26191	89
26203	89
26226	89
26238	90
26250	90
26273	90
26285	90
26308	90
26320	90
26332	90
26355	90
26367	90
26390	90
26402	90
26425	90
26449	90
26460	90
26484	90
26496	90
26507	90
26531	90
26542	90
26566	90
26578	90
26589	90
26613	90
26625	90
26636	90
26648	90
26671	90
26683	90
26707	90
26718	90
26742	90
26753	90
26765	90
26789	90
26800	90
26812	90
26835	90
26847	90
26871	90
26882	90
26894	90
26917	90
26929	90
26953	90
26964	90
26976	90
27000	90
27011	90
27023	90
27046	90
27058	91
27082	91
27093	91
27117	91
27128	91
27152	91
27164	91
27187	91
27210	91
27222	91
27246	91
27257	91
27269	91
27292	91
27304	91
27328	91
27339	91
27351	91
27375	91
27386	91
27398	91
27421	91
27433	91
27457	91
27468	91
27492	91
27503	91
27515	91
27539	91
27550	91
27562	91
27585	91
27597	91
27621	91
27632	91
27656	91
27667	91
27679	91
27703	91
27714	91
27726	91
27750	91
27761	91
27785	91
27796	91
27808	91
27832	91
27843	91
27867	91
27890	91
27902	92
27925	92
27949	92
27960	92
27984	92
27996	92
28007	92
28031	92
28042	92
28066	92
28078	92
28089	92
28113	92
28125	92
28148	92
28160	92
28171	92
28195	92
28207	92
28230	92
28242	92
28265	92
28277	92
28289	92
28312	92
28324	92
28347	92
28359	92
28382	92
28394	92
28417	92
28429	92
28441	92
28464	92
28476	92
28500	92
28511	92
28535	92
28546	92
28558	92
28582	92
28605	92
28617	92
28640	92
28652	92
28675	92
28699	92
28710	92
28734	92
28746	92
28769	93
28781	93
28804	93
28816	93
28839	93
28851	93
28863	93
28886	93
28898	93
28910	93
28933	93
28945	93
28968	93
28980	93
29003	93
29015	93
29027	93
29050	93
29062	93
29085	93
29097	93
29121	93
29132	93
29156	93
29167	93
29179	93
29203	93
29214	93
29226	93
29250	93
29261	93
29285	93
29296	93
29320	93
29332	93
29355	93
29367	93
29390	93
29402	93
29425	93
29449	93
29460	93
29484	93
29496	93
29519	93
29531	93
29554	93
29566	93
29589	93
29601	93
29625	94
29636	94
29660	94
29671	94
29695	94
29707	94
29730	94
29742	94
29765	94
29777	94
29800	94
29812	94
29835	94
29847	94
29871	94
29882	94
29906	94
29917	94
29941	94
29953	94
29964	94
29988	94
30000	94
30023	94
30035	94
30058	94
30070	94
30093	94
30105	94
30128	94
30140	94
30164	94
30187	94
30199	94
30222	94
30234	94
30257	94
30269	94
30292	94
30304	94
30328	94
30339	94
30363	94
30375	94
30398	94
30410	94
30433	94
30445	94
30468	94
30480	94
30503	95
30515	95
30539	95
30562	95
30574	95
30597	95
30609	95
30632	95
30644	95
30667	95
30679	95
30703	95
30714	95
30738	95
30750	95
30761	95
30785	95
30796	95
30820	95
30832	95
30855	95
30878	95
30890	95
30914	95
30937	95
30949	95
30972	95
30996	95
31007	95
31031	95
31042	95
31066	95
31078	95
31101	95
31125	95
31148	95
31160	95
31183	95
31195	95
31218	95
31230	95
31253	95
31277	95
31289	95
31312	95
31335	95
31347	95
31371	95
31382	95
31406	95
31417	96
31441	96
31453	96
31464	96
31488	96
31500	96
31511	96
31535	96
31546	96
31570	96
31582	96
31605	96
31617	96
31640	96
31652	96
31675	96
31687	96
31710	96
31722	96
31746	96
31769	96
31781	96
31804	96
31816	96
31839	96
31863	96
31875	96
31898	96
31910	96
31933	96
31945	96
31968	96
31992	96
32003	96
32027	96
32050	96
32074	96
32097	96
32109	96
32132	96
32144	96
32167	96
32179	96
32203	96
32226	96
32238	96
32261	96
32273	96
32296	96
32308	96
32332	97
32343	97
32367	97
32378	97
32402	97
32425	97
32437	97
32460	97
32472	97
32496	97
32507	97
32531	97
32554	97
32566	97
32589	97
32601	97
32625	97
32636	97
32660	97
32671	97
32695	97
32707	97
32730	97
32753	97
32777	97
32800	97
32824	97
32835	97
32859	97
32882	97
32894	97
32917	97
32929	97
32953	97
32964	97
32988	97
33011	97
33023	97
33046	97
33058	97
33082	97
33093	97
33117	97
33128	97
33152	97
33175	97
33187	97
33210	97
33222	97
33246	97
33269	98
33281	98
33304	98
33316	98
33339	98
33363	98
33375	98
33398	98
33410	98
33433	98
33445	98
33468	98
33492	98
33515	98
33539	98
33562	98
33585	98
33609	98
33621	98
33644	98
33656	98
33679	98
33703	98
33714	98
33738	98
33750	98
33773	98
33785	98
33808	98
33832	98
33843	98
33867	98
33878	98
33902	98
33914	98
33937	98
33949	98
33972	98
33984	98
34007	98
34031	98
34042	98
34066	98
34078	98
34101	98
34113	98
34136	98
34148	98
34171	98
34183	98
34207	99
34230	99
34253	99
34277	99
34300	99
34324	99
34347	99
34359	99
34382	99
34394	99
34417	99
34441	99
34464	99
34476	99
34500	99
34523	99
34535	99
34558	99
34582	99
34593	99
34617	99
34628	99
34652	99
34675	99
34687	99
34710	99
34722	99
34746	99
34769	99
34781	99
34804	99
34816	99
34839	99
34851	99
34863	99
34886	99
34898	99
34921	99
34933	99
34957	99
34980	99
34992	99
35015	99
35039	99
35062	99
35085	99
35097	99
35121	99
35144	99
35156	99
35179	100
35203	100
35214	100
35238	100
35261	100
35285	100
35296	100
35320	100
35332	100
35355	100
35378	100
35402	100
35414	100
35437	100
35460	100
35472	100
35496	100
35519	100
35531	100
35554	100
35566	100
35589	100
35613	100
35625	100
35648	100
35660	100
35683	100
35707	100
35718	100
35742	100
35765	100
35789	100
35800	100
35824	100
35847	100
35871	100
35882	100
35906	100
35917	100
35941	100
35964	100
35976	100
36000	100
36023	100
36035	100
36058	100
36082	100
36093	100
36117	100
36128	100
36152	101
36175	101
36187	101
36210	101
36234	101
36246	101
36269	101
36292	101
36304	101
36328	101
36339	101
36351	101
36375	101
36386	101
36410	101
36433	101
36457	101
36468	101
36492	101
36515	101
36527	101
36550	101
36574	101
36597	101
36621	101
36632	101
36656	101
36679	101
36703	101
36726	101
36750	101
36761	101
36785	101
36808	101
36820	101
36843	101
36867	101
36890	101
36914	101
36937	101
36960	101
36972	101
36996	101
37019	101
37031	101
37054	101
37078	101
37089	101
37113	101
37125	101
37148	102
37171	102
37183	102
37207	102
37230	102
37242	102
37265	102
37289	102
37312	102
37324	102
37347	102
37371	102
37394	102
37406	102
37429	102
37453	102
37464	102
37488	102
37511	102
37535	102
37546	102
37570	102
37593	102
37605	102
37628	102
37652	102
37675	102
37699	102
37710	102
37734	102
37757	102
37781	102
37792	102
37816	102
37839	102
37851	102
37875	102
37886	102
37910	102
37933	102
37945	102
37968	102
37992	102
38003	102
38027	102
38050	102
38074	102
38085	102
38109	102
38132	102
38156	103
38167	103
38191	103
38214	103
38226	103
38250	103
38273	103
38296	103
38308	103
38332	103
38355	103
38378	103
38402	103
38425	103
38449	103
38460	103
38484	103
38507	103
38531	103
38542	103
38566	103
38589	103
38601	103
38625	103
38648	103
38660	103
38683	103
38707	103
38730	103
38742	103
38765	103
38777	103
38800	103
38824	103
38847	103
38859	103
38882	103
38906	103
38929	103
38941	103
38964	103
38988	103
39000	103
39023	103
39046	103
39070	103
39082	103
39105	103
39128	103
39152	103
39175	104
39199	104
39222	104
39246	104
39269	104
39281	104
39304	104
39328	104
39351	104
39363	104
39386	104
39398	104
39421	104
39445	104
39468	104
39492	104
39503	104
39527	104
39550	104
39562	104
39585	104
39609	104
39632	104
39644	104
39667	104
39691	104
39714	104
39726	104
39750	104
39773	104
39796	104
39808	104
39832	104
39855	104
39878	104
39902	104
39925	104
39949	104
39972	104
39996	104
40007	104
40031	104
40054	104
40078	104
40089	104
40113	104
40136	104
40148	104
40171	104
40195	104
40218	105
40242	105
40253	105
40277	105
40300	105
40324	105
40335	105
40359	105
40382	105
40406	105
40429	105
40441	105
40464	105
40488	105
40511	105
40523	105
40546	105
40570	105
40593	105
40617	105
40640	105
40664	105
40687	105
40710	105
40734	105
40757	105
40769	105
40792	105
40816	105
40839	105
40851	105
40875	105
40898	105
40910	105
40933	105
40957	105
40980	105
41003	105
41015	105
41039	105
41062	105
41074	105
41097	105
41121	105
41144	105
41167	105
41179	105
41203	105
41226	105
41238	105
41261	106
41285	106
41308	106
41320	106
41343	106
41367	106
41390	106
41414	106
41437	106
41460	106
41484	106
41507	106
41519	106
41542	106
41566	106
41589	106
41613	106
41636	106
41648	106
41671	106
41695	106
41718	106
41742	106
41753	106
41777	106
41800	106
41824	106
41847	106
41871	106
41882	106
41906	106
41929	106
41953	106
41964	106
41988	106
42011	106
42035	106
42046	106
42070	106
42093	106
42117	106
42140	106
42164	106
42187	106
42210	106
42234	106
42246	106
42269	106
42292	106
42316	106
42339	107
42351	107
42375	107
42398	107
42421	107
42445	107
42457	107
42480	107
42503	107
42527	107
42550	107
42574	107
42597	107
42621	107
42644	107
42656	107
42679	107
42703	107
42726	107
42738	107
42761	107
42785	107
42808	107
42832	107
42843	107
42867	107
42890	107
42914	107
42937	107
42960	107
42984	107
43007	107
43031	107
43054	107
43078	107
43101	107
43125	107
43148	107
43160	107
43183	107
43207	107
43230	107
43253	107
43277	107
43300	107
43324	107
43347	107
43371	107
43394	107
43406	107
43429	108
43453	108
43464	108
43488	108
43500	108
43523	108
43546	108
43570	108
43593	108
43617	108
43628	108
43652	108
43675	108
43699	108
43722	108
43746	108
43757	108
43781	108
43804	108
43828	108
43851	108
43875	108
43898	108
43921	108
43945	108
43957	108
43980	108
44015	108
44039	108
44062	108
44085	108
44109	108
44132	108
44156	108
44179	108
44203	108
44226	108
44238	108
44261	108
44285	108
44308	108
44332	108
44355	108
44367	108
44390	108
44414	108
44437	108
44460	108
44484	108
44507	108
44519	109
44542	109
44566	109
44589	109
44613	109
44636	109
44648	109
44671	109
44695	109
44718	109
44742	109
44765	109
44800	109
44824	109
44847	109
44871	109
44894	109
44906	109
44929	109
44953	109
44976	109
45000	109
45023	109
45046	109
45070	109
45093	109
45105	109
45128	109
45152	109
45175	109
45199	109
45222	109
45246	109
45257	109
45281	109
45304	109
45328	109
45351	109
45375	109
45398	109
45421	109
45433	109
45457	109
45480	109
45515	109
45539	109
45574	109
45597	109
45621	109
45644	109
45656	110
45679	110
45703	110
45726	110
45750	110
45773	110
45796	110
45820	110
45832	110
45855	110
45878	110
45902	110
45925	110
45937	110
45960	110
45984	110
46007	110
46031	110
46054	110
46066	110
46089	110
46113	110
46136	110
46160	110
46171	110
46195	110
46218	110
46253	110
46277	110
46300	110
46335	110
46359	110
46382	110
46406	110
46417	110
46453	110
46476	110
46500	110
46523	110
46546	110
46570	110
46593	110
46617	110
46640	110
46652	110
46675	110
46699	110
46722	110
46746	110
46769	110
46792	111
46816	111
46828	111
46851	111
46863	111
46886	111
46910	111
46933	111
46957	111
46980	111
46992	111
47027	111
47050	111
47074	111
47097	111
47121	111
47144	111
47167	111
47179	111
47214	111
47238	111
47261	111
47285	111
47296	111
47320	111
47343	111
47367	111
47390	111
47414	111
47437	111
47460	111
47484	111
47507	111
47531	111
47554	111
47578	111
47589	111
47613	111
47636	111
47660	111
47683	111
47707	111
47730	111
47753	111
47777	111
47800	111
47824	111
47847	111
47871	111
47894	111
47917	112
47941	112
47964	112
47988	112
48011	112
48035	112
48058	112
48082	112
48105	112
48128	112
48152	112
48175	112
48199	112
48210	112
48234	112
48257	112
48281	112
48304	112
48328	112
48339	112
48363	112
48386	112
48410	112
48433	112
48457	112
48468	112
48492	112
48515	112
48550	112
48574	112
48597	112
48621	112
48644	112
48667	112
48691	112
48714	112
48738	112
48761	112
48785	112
48808	112
48832	112
48855	112
48878	112
48902	112
48937	112
48960	112
48984	112
49007	112
49031	112
49054	112
49066	113
49089	113
49113	113
49136	113
49160	113
49183	113
49207	113
49230	113
49253	113
49277	113
49300	113
49324	113
49347	113
49371	113
49394	113
49417	113
49441	113
49464	113
49488	113
49511	113
49535	113
49558	113
49582	113
49605	113
49628	113
49652	113
49675	113
49699	113
49722	113
49746	113
49769	113
49792	113
49816	113
49839	113
49863	113
49886	113
49898	113
49933	113
49957	113
49980	113
50003	113
50015	113
50039	113
50062	113
50085	113
50109	113
50132	113
50167	113
50179	113
50203	113
50226	114
50250	114
50273	114
50296	114
50320	114
50343	114
50367	114
50402	114
50425	114
50449	114
50472	114
50496	114
50519	114
50542	114
50566	114
50589	114
50613	114
50625	114
50648	114
50671	114
50695	114
50718	114
50742	114
50765	114
50789	114
50812	114
50835	114
50859	114
50882	114
50906	114
50929	114
50953	114
50976	114
51000	114
51023	114
51035	114
51058	114
51082	114
51117	114
51140	114
51164	114
51187	114
51222	114
51246	114
51269	114
51292	114
51316	114
51339	114
51363	114
51375	114
51398	115
51421	115
51457	115
51480	115
51492	115
51515	115
51539	115
51562	115
51585	115
51609	115
51632	115
51667	115
51679	115
51703	115
51726	115
51750	115
51773	115
51796	115
51820	115
51855	115
51878	115
51902	115
51937	115
51960	115
51984	115
52007	115
52031	115
52054	115
52078	115
52101	115
52125	115
52148	115
52171	115
52195	115
52218	115
52242	115
52265	115
52289	115
52312	115
52335	115
52359	115
52382	115
52406	115
52429	115
52453	115
52476	115
52500	115
52523	115
52546	115
52570	115
52593	116
52617	116
52640	116
52664	116
52699	116
52722	116
52746	116
52769	116
52792	116
52816	116
52839	116
52863	116
52886	116
52910	116
52933	116
52957	116
52980	116
53003	116
53027	116
53050	116
53074	116
53097	116
53121	116
53144	116
53167	116
53191	116
53214	116
53238	116
53261	116
53285	116
53308	116
53332	116
53355	116
53378	116
53414	116
53437	116
53460	116
53484	116
53519	116
53542	116
53566	116
53589	116
53613	116
53636	116
53660	116
53683	116
53707	116
53730	116
53753	116
53777	116
53800	117
53835	117
53859	117
53882	117
53906	117
53929	117
53953	117
53976	117
54000	117
54023	117
54046	117
54070	117
54093	117
54117	117
54140	117
54164	117
54187	117
54222	117
54246	117
54269	117
54292	117
54316	117
54339	117
54363	117
54386	117
54410	117
54433	117
54457	117
54480	117
54503	117
54539	117
54562	117
54585	117
54609	117
54632	117
54656	117
54679	117
54703	117
54726	117
54750	117
54773	117
54796	117
54820	117
54855	117
54878	117
54902	117
54925	117
54960	117
54984	117
55007	117
55031	118
55054	118
55089	118
55113	118
55136	118
55160	118
55183	118
55218	118
55242	118
55265	118
55289	118
55324	118
55347	118
55371	118
55394	118
55417	118
55441	118
55464	118
55488	118
55500	118
55523	118
55546	118
55582	118
55605	118
55628	118
55652	118
55675	118
55699	118
55722	118
55746	118
55769	118
55792	118
55816	118
55851	118
55875	118
55898	118
55921	118
55945	118
55968	118
56003	118
56027	118
56062	118
56085	118
56109	118
56132	118
56156	118
56179	118
56214	118
56238	118
56261	118
56285	119
56308	119
56332	119
56355	119
56378	119
56402	119
56425	119
56449	119
56484	119
56507	119
56531	119
56554	119
56578	119
56601	119
56625	119
56648	119
56671	119
56695	119
56730	119
56753	119
56789	119
56812	119
56847	119
56871	119
56894	119
56917	119
56941	119
56964	119
57000	119
57023	119
57046	119
57070	119
57093	119
57117	119
57140	119
57164	119
57187	119
57222	119
57246	119
57269	119
57292	119
57316	119
57339	119
57375	119
57398	119
57421	119
57445	119
57468	119
57503	119
57527	119
57562	120
57585	120
57621	120
57644	120
57667	120
57691	120
57714	120
57738	120
57761	120
57785	120
57820	120
57843	120
57867	120
57890	120
57914	120
57937	120
57960	120
57984	120
58007	120
58031	120
58054	120
58078	120
58101	120
58125	120
58148	120
58171	120
58195	120
58230	120
58253	120
58289	120
58324	120
58347	120
58371	120
58394	120
58429	120
58453	120
58488	120
58511	120
58535	120
58558	120
58593	120
58617	120
58640	120
58664	120
58687	120
58710	120
58734	120
58769	120
58792	120
58816	120
58839	121
58851	121
58875	121
58898	121
58921	121
58957	121
58980	121
59003	121
59027	121
59062	121
59085	121
59109	121
59132	121
59167	121
59191	121
59214	121
59238	121
59273	121
59296	121
59320	121
59343	121
59367	121
59402	121
59425	121
59449	121
59472	121
59496	121
59531	121
59554	121
59578	121
59601	121
59625	121
59648	121
59671	121
59695	121
59718	121
59753	121
59777	121
59800	121
59835	121
59859	121
59882	121
59906	121
59941	121
59964	121
59988	121
60011	121
60035	121
60058	121
60093	121
60117	122
60140	122
60164	122
60187	122
60210	122
60246	122
60269	122
60292	122
60316	122
60339	122
60363	122
60386	122
60410	122
60433	122
60457	122
60480	122
60515	122
60539	122
60574	122
60597	122
60621	122
60644	122
60679	122
60703	122
60738	122
60761	122
60785	122
60808	122
60843	122
60867	122
60902	122
60925	122
60949	122
60984	122
61007	122
61031	122
61054	122
61078	122
61101	122
61136	122
61160	122
61183	122
61207	122
61230	122
61253	122
61289	122
61312	122
61335	122
61371	122
61394	122
61417	123
61441	123
61464	123
61500	123
61523	123
61546	123
61570	123
61593	123
61628	123
61652	123
61675	123
61710	123
61734	123
61757	123
61781	123
61816	123
61839	123
61851	123
61875	123
61910	123
61933	123
61957	123
61980	123
62003	123
62039	123
62062	123
62085	123
62109	123
62144	123
62167	123
62191	123
62214	123
62250	123
62273	123
62296	123
62320	123
62355	123
62378	123
62414	123
62437	123
62460	123
62496	123
62519	123
62542	123
62566	123
62601	123
62625	123
62648	123
62671	123
62695	123
62730	124
62753	124
62777	124
62800	124
62824	124
62847	124
62882	124
62906	124
62929	124
62953	124
62976	124
63011	124
63035	124
63058	124
63082	124
63117	124
63140	124
63175	124
63199	124
63234	124
63257	124
63281	124
63304	124
63328	124
63351	124
63386	124
63410	124
63433	124
63457	124
63480	124
63503	124
63539	124
63562	124
63585	124
63609	124
63644	124
63667	124
63691	124
63714	124
63738	124
63773	124
63796	124
63820	124
63843	124
63878	124
63914	124
63937	124
63972	124
63996	124
64019	124
64054	125
64078	125
64101	125
64125	125
64148	125
64183	125
64207	125
64230	125
64265	125
64289	125
64312	125
64335	125
64371	125
64394	125
64417	125
64453	125
64476	125
64500	125
64535	125
64558	125
64582	125
64605	125
64640	125
64675	125
64699	125
64734	125
64757	125
64781	125
64816	125
64839	125
64863	125
64886	125
64910	125
64945	125
64968	125
64992	125
65015	125
65039	125
65074	125
65097	125
65121	125
65156	125
65179	125
65203	125
65226	125
65250	125
65273	125
65308	125
65332	125
65355	125
65390	126
65414	126
65449	126
65472	126
65507	126
65531	126
65554	126
65589	126
65613	126
65636	126
65671	126
65695	126
65718	126
65753	126
65777	126
65800	126
65835	126
65859	126
65882	126
65917	126
65941	126
65964	126
65988	126
66023	126
66046	126
66070	126
66105	126
66128	126
66152	126
66187	126
66210	126
66246	126
66269	126
66304	126
66328	126
66351	126
66386	126
66410	126
66433	126
66468	126
66492	126
66515	126
66550	126
66574	126
66609	126
66632	126
66656	126
66691	126
66714	126
66738	126
66761	127
66796	127
66820	127
66843	127
66878	127
66902	127
66937	127
66960	127
66996	127
67019	127
67054	127
67078	127
67113	127
67136	127
67171	127
67195	127
67218	127
67253	127
67277	127
67312	127
67335	127
67371	127
67394	127
67417	127
67441	127
67464	127
67488	127
67523	127
67546	127
67570	127
67605	127
67628	127
67652	127
67675	127
67710	127
67734	127
67769	127
67792	127
67816	127
67851	127
67875	127
67910	127
67933	127
67957	127
67992	127
68027	127
68062	127
68085	127
68121	127
68144	127
68167	128
68203	128
68226	128
68261	128
68285	128
68308	128
68343	128
68367	128
68390	128
68425	128
68449	128
68472	128
68507	128
68531	128
68566	128
68589	128
68613	128
68648	128
68671	128
68695	128
68730	128
68753	128
68789	128
68824	128
68859	128
68882	128
68906	128
68941	128
68964	128
69000	128
69023	128
69046	128
69082	128
69105	128
69128	128
69164	128
69187	128
69210	128
69246	128
69269	128
69304	128
69328	128
69351	128
69386	128
69410	128
69433	128
69468	128
69503	128
69539	128
69562	128
69597	129
69632	129
69656	129
69679	129
69714	129
69738	129
69761	129
69796	129
69820	129
69843	129
69878	129
69902	129
69925	129
69949	129
69972	129
70007	129
70042	129
70066	129
70089	129
70113	129
70136	129
70171	129
70195	129
70218	129
70253	129
70289	129
70324	129
70359	129
70382	129
70417	129
70441	129
70476	129
70511	129
70535	129
70570	129
70593	129
70628	129
70652	129
70675	129
70710	129
70734	129
70757	129
70792	129
70816	129
70839	129
70863	129
70886	129
70910	129
70945	129
70968	129
71003	130
71027	130
71062	130
71097	130
71121	130
71144	130
71179	130
71203	130
71238	130
71261	130
71296	130
71320	130
71355	130
71378	130
71414	130
71437	130
71472	130
71496	130
71519	130
71554	130
71578	130
71601	130
71636	130
71660	130
71683	130
71718	130
71742	130
71777	130
71800	130
71835	130
71871	130
71894	130
71917	130
71953	130
71976	130
72011	130
72035	130
72058	130
72093	130
72117	130
72152	130
72175	130
72199	130
72234	130
72257	130
72292	130
72316	130
72339	130
72363	130
72386	130
72421	131
72445	131
72468	131
72503	131
72539	131
72562	131
72597	131
72621	131
72656	131
72679	131
72714	131
72750	131
72785	131
72808	131
72832	131
72867	131
72902	131
72925	131
72960	131
72996	131
73019	131
73054	131
73078	131
73101	131
73125	131
73160	131
73183	131
73218	131
73242	131
73277	131
73300	131
73335	131
73359	131
73394	131
73417	131
73441	131
73476	131
73500	131
73535	131
73558	131
73593	131
73617	131
73652	131
73675	131
73710	131
73734	131
73769	131
73792	131
73816	131
73851	131
73875	132
73898	132
73933	132
73957	132
73980	132
74015	132
74039	132
74074	132
74097	132
74132	132
74156	132
74191	132
74214	132
74238	132
74273	132
74296	132
74332	132
74355	132
74390	132
74425	132
74460	132
74484	132
74519	132
74542	132
74578	132
74601	132
74625	132
74648	132
74683	132
74718	132
74742	132
74765	132
74800	132
74824	132
74859	132
74882	132
74917	132
74941	132
74964	132
75000	132
75023	132
75058	132
75082	132
75117	132
75152	132
75175	132
75210	132
75246	132
75269	132
75304	132
75328	133
75351	133
75386	133
75410	133
75445	133
75468	133
75492	133
75527	133
75550	133
75574	133
75609	133
75644	133
75667	133
75691	133
75726	133
75750	133
75785	133
75808	133
75843	133
75867	133
75902	133
75937	133
75972	133
75996	133
76031	133
76054	133
76089	133
76113	133
76136	133
76171	133
76195	133
76230	133
76253	133
76289	133
76312	133
76347	133
76371	133
76406	133
76429	133
76464	133
76488	133
76523	133
76546	133
76582	133
76605	133
76640	133
76675	133
76710	133
76746	133
76769	133
76804	134
76828	134
76851	134
76886	134
76910	134
76945	134
76968	134
77003	134
77027	134
77050	134
77085	134
77109	134
77144	134
77179	134
77203	134
77226	134
77261	134
77285	134
77320	134
77343	134
77378	134
77414	134
77437	134
77472	134
77507	134
77531	134
77566	134
77589	134
77625	134
77648	134
77683	134
77707	134
77742	134
77765	134
77800	134
77835	134
77859	134
77894	134
77917	134
77953	134
77976	134
78000	134
78035	134
78058	134
78093	134
78117	134
78152	134
78187	134
78222	134
78246	134
78281	135
78304	135
78339	135
78363	135
78398	135
78421	135
78457	135
78480	135
78515	135
78550	135
78585	135
78609	135
78644	135
78667	135
78703	135
78726	135
78761	135
78785	135
78820	135
78843	135
78878	135
78914	135
78949	135
78972	135
79007	135
79042	135
79066	135
79101	135
79136	135
79171	135
79195	135
79230	135
79265	135
79289	135
79324	135
79359	135
79382	135
79417	135
79441	135
79464	135
79500	135
79523	135
79558	135
79582	135
79617	135
79640	135
79675	135
79699	135
79734	135
79757	135
79792	136
79816	136
79851	136
79886	136
79921	136
79945	136
79980	136
80015	136
80050	136
80085	136
80109	136
80144	136
80179	136
80203	136
80238	136
80261	136
80296	136
80320	136
80355	136
80378	136
80414	136
80437	136
80472	136
80507	136
80531	136
80566	136
80589	136
80625	136
80648	136
80683	136
80707	136
80742	136
80777	136
80824	136
80847	136
80882	136
80906	136
80941	136
80976	136
81000	136
81035	136
81070	136
81093	136
81128	136
81152	136
81187	136
81210	136
81246	136
81281	136
81304	136
81339	137
81375	137
81398	137
81433	137
81457	137
81492	137
81539	137
81574	137
81609	137
81632	137
81667	137
81703	137
81726	137
81761	137
81785	137
81820	137
81855	137
81878	137
81902	137
81937	137
81960	137
81996	137
82019	137
82054	137
82078	137
82113	137
82136	137
82171	137
82195	137
82230	137
82265	137
82300	137
82347	137
82371	137
82406	137
82441	137
82476	137
82511	137
82535	137
82570	137
82593	137
82628	137
82664	137
82687	137
82722	137
82746	137
82781	137
82804	137
82839	137
82863	137
82886	138
82921	138
82945	138
82980	138
83015	138
83050	138
83074	138
83109	138
83144	138
83167	138
83203	138
83238	138
83273	138
83296	138
83332	138
83367	138
83390	138
83425	138
83460	138
83484	138
83519	138
83554	138
83578	138
83613	138
83636	138
83671	138
83695	138
83730	138
83765	138
83800	138
83835	138
83859	138
83894	138
83929	138
83953	138
83988	138
84011	138
84046	138
84082	138
84105	138
84140	138
84164	138
84199	138
84222	138
84257	138
84292	138
84316	138
84339	138
84363	138
84398	138
84433	139
84457	139
84492	139
84527	139
84550	139
84585	139
84621	139
84656	139
84679	139
84714	139
84761	139
84785	139
84820	139
84843	139
84878	139
84914	139
84949	139
84984	139
85019	139
85042	139
85078	139
85101	139
85136	139
85160	139
85195	139
85230	139
85253	139
85289	139
85324	139
85359	139
85382	139
85417	139
85453	139
85476	139
85511	139
85546	139
85570	139
85605	139
85640	139
85675	139
85699	139
85734	139
85769	139
85804	139
85828	139
85851	139
85886	139
85910	139
85945	139
85980	139
86003	140
86039	140
86074	140
86097	140
86132	140
86167	140
86191	140
86226	140
86250	140
86285	140
86320	140
86343	140
86378	140
86414	140
86449	140
86484	140
86519	140
86542	140
86578	140
86601	140
86636	140
86660	140
86695	140
86730	140
86753	140
86789	140
86824	140
86847	140
86882	140
86917	140
86941	140
86976	140
87011	140
87035	140
87070	140
87105	140
87140	140
87175	140
87210	140
87246	140
87269	140
87304	140
87339	140
87363	140
87386	140
87421	140
87457	140
87492	140
87515	140
87550	140
87574	141
87609	141
87644	141
87667	141
87703	141
87738	141
87761	141
87796	141
87832	141
87855	141
87890	141
87937	141
87972	141
87996	141
88031	141
88066	141
88089	141
88125	141
88148	141
88183	141
88218	141
88242	141
88277	141
88312	141
88335	141
88371	141
88406	141
88441	141
88464	141
88500	141
88535	141
88558	141
88593	141
88628	141
88664	141
88699	141
88734	141
88769	141
88804	141
88828	141
88863	141
88886	141
88921	141
88957	141
88992	141
89015	141
89050	141
89074	141
89109	141
89144	141
89179	142
89203	142
89238	142
89261	142
89296	142
89332	142
89355	142
89390	142
89437	142
89460	142
89496	142
89531	142
89566	142
89601	142
89625	142
89660	142
89695	142
89718	142
89753	142
89789	142
89824	142
89859	142
89882	142
89917	142
89953	142
89976	142
90011	142
90035	142
90070	142
90105	142
90140	142
90175	142
90210	142
90246	142
90269	142
90304	142
90339	142
90375	142
90398	142
90433	142
90468	142
90503	142
90539	142
90562	142
90597	142
90632	142
90667	142
90691	142
90726	142
90761	142
90785	143
90820	143
90855	143
90890	143
90925	143
90960	143
90996	143
91019	143
91054	143
91089	143
91136	143
91160	143
91195	143
91230	143
91265	143
91300	143
91335	143
91371	143
91394	143
91429	143
91464	143
91488	143
91511	143
91546	143
91582	143
91605	143
91640	143
91675	143
91699	143
91734	143
91769	143
91804	143
91839	143
91875	143
91910	143
91933	143
91968	143
92003	143
92050	143
92085	143
92121	143
92144	143
92179	143
92214	143
92250	143
92273	143
92308	143
92343	143
92378	143
92402	143
92437	144
92472	144
92496	144
92531	144
92566	144
92601	144
92625	144
92660	144
92695	144
92730	144
92765	144
92800	144
92835	144
92871	144
92906	144
92941	144
92964	144
93000	144
93035	144
93070	144
93093	144
93128	144
93164	144
93187	144
93222	144
93257	144
93292	144
93316	144
93351	144
93386	144
93421	144
93457	144
93492	144
93527	144
93562	144
93609	144
93632	144
93667	144
93703	144
93738	144
93761	144
93796	144
93832	144
93855	144
93890	144
93914	144
93949	144
93984	144
94019	144
94042	144
94078	145
94101	145
94136	145
94171	145
94195	145
94230	145
94277	145
94312	145
94359	145
94382	145
94417	145
94453	145
94488	145
94523	145
94558	145
94593	145
94617	145
94652	145
94687	145
94710	145
94746	145
94781	145
94816	145
94839	145
94863	145
94898	145
94921	145
94957	145
94992	145
95027	145
95062	145
95097	145
95132	145
95156	145
95191	145
95226	145
95261	145
95296	145
95332	145
95355	145
95390	145
95425	145
95460	145
95496	145
95519	145
95554	145
95589	145
95613	145
95648	145
95683	145
95707	146
95742	146
95777	146
95812	146
95847	146
95882	146
95917	146
95941	146
95976	146
96011	146
96046	146
96070	146
96105	146
96140	146
96175	146
96199	146
96234	146
96269	146
96304	146
96328	146
96351	146
96386	146
96410	146
96445	146
96480	146
96515	146
96550	146
96585	146
96609	146
96644	146
96679	146
96714	146
96750	146
96785	146
96820	146
96855	146
96890	146
96925	146
96960	146
96996	146
97031	146
97054	146
97089	146
97113	146
97148	146
97183	146
97218	146
97242	146
97277	146
97312	146
97347	147
97382	147
97406	147
97441	147
97476	147
97511	147
97535	147
97570	147
97605	147
97640	147
97675	147
97699	147
97734	147
97769	147
97804	147
97828	147
97863	147
97886	147
97921	147
97957	147
97980	147
98015	147
98050	147
98074	147
98109	147
98144	147
98179	147
98203	147
98238	147
98273	147
98308	147
98332	147
98367	147
98402	147
98437	147
98472	147
98507	147
98542	147
98578	147
98601	147
98636	147
98660	147
98695	147
98730	147
98765	147
98789	147
98824	147
98859	147
98882	147
98917	147
98953	148
98988	148
99011	148
99046	148
99082	148
99117	148
99152	148
99187	148
99222	148
99257	148
99281	148
99316	148
99351	148
99375	148
99410	148
99445	148
99468	148
99503	148
99539	148
99562	148
99597	148
99632	148
99667	148
99691	148
99726	148
99761	148
99785	148
99820	148
99855	148
99890	148
99925	148
99960	148
99996	148
100031	148
100054	148
100089	148
100125	148
100148	148
100183	148
100218	148
100242	148
100277	148
100312	148
100335	148
100371	148
100406	148
100441	148
100464	148
100500	148
100535	148
100570	149
100593	149
100628	149
100675	149
100710	149
100746	149
100769	149
100804	149
100839	149
100863	149
100898	149
100933	149
100957	149
100992	149
101027	149
101050	149
101085	149
101121	149
101156	149
101179	149
101214	149
101238	149
101273	149
101308	149
101343	149
101378	149
101414	149
101449	149
101484	149
101507	149
101542	149
101578	149
101613	149
101648	149
101671	149
101707	149
101742	149
101777	149
101812	149
101835	149
101871	149
101906	149
101941	149
101964	149
102000	149
102023	149
102058	149
102093	149
102128	149
102152	149
102187	150
102222	150
102257	150
102292	150
102316	150
102351	150
102386	150
102421	150
102445	150
102480	150
102515	150
102550	150
102585	150
102621	150
102644	150
102679	150
102714	150
102738	150
102773	150
102796	150
102832	150
102867	150
102902	150
102937	150
102972	150
103007	150
103031	150
103066	150
103113	150
103148	150
103171	150
103207	150
103242	150
103277	150
103312	150
103347	150
103382	150
103406	150
103441	150
103464	150
103500	150
103523	150
103558	150
103593	150
103617	150
103652	150
103687	150
103710	150
103746	150
103781	150
103816	151
103851	151
103886	151
103910	151
103945	151
103980	151
104015	151
104050	151
104097	151
104121	151
104156	151
104191	151
104214	151
104250	151
104285	151
104308	151
104343	151
104378	151
104402	151
104437	151
104472	151
104507	151
104531	151
104566	151
104601	151
104625	151
104660	151
104695	151
104730	151
104765	151
104800	151
104835	151
104871	151
104906	151
104929	151
104964	151
105000	151
105023	151
105058	151
105093	151
105128	151
105152	151
105187	151
105222	151
105246	151
105281	151
105316	151
105351	151
105386	151
105410	151
105445	152
105480	152
105515	152
105562	152
105597	152
105632	152
105656	152
105691	152
105726	152
105750	152
105785	152
105820	152
105843	152
105878	152
105902	152
105937	152
105960	152
105996	152
106031	152
106066	152
106089	152
106125	152
106148	152
106183	152
106218	152
106253	152
106289	152
106324	152
106359	152
106394	152
106429	152
106464	152
106500	152
106535	152
106558	152
106593	152
106628	152
106652	152
106687	152
106710	152
106746	152
106781	152
106816	152
106839	152
106863	152
106886	152
106921	152
106957	152
106980	152
107015	152
107050	153
107085	153
107121	153
107156	153
107179	153
107214	153
107250	153
107285	153
107308	153
107343	153
107378	153
107414	153
107437	153
107472	153
107507	153
107542	153
107566	153
107601	153
107625	153
107660	153
107695	153
107718	153
107753	153
107789	153
107824	153
107859	153
107894	153
107917	153
107953	153
107988	153
108011	153
108046	153
108082	153
108105	153
108140	153
108175	153
108199	153
108234	153
108269	153
108304	153
108328	153
108351	153
108375	153
108410	153
108433	153
108468	153
108503	153
108539	153
108574	153
108597	153
108632	154
108667	154
108703	154
108738	154
108773	154
108796	154
108832	154
108867	154
108902	154
108937	154
108972	154
108996	154
109031	154
109066	154
109089	154
109125	154
109148	154
109183	154
109218	154
109242	154
109277	154
109312	154
109335	154
109371	154
109406	154
109441	154
109464	154
109500	154
109535	154
109558	154
109593	154
109628	154
109652	154
109687	154
109722	154
109757	154
109781	154
109816	154
109839	154
109875	154
109898	154
109933	154
109957	154
109992	154
110027	154
110050	154
110085	154
110121	154
110144	154
110179	154
110214	155
110238	155
110273	155
110308	155
110332	155
110367	155
110402	155
110437	155
110472	155
110507	155
110531	155
110566	155
110589	155
110625	155
110648	155
110683	155
110718	155
110742	155
110777	155
110800	155
110835	155
110871	155
110894	155
110929	155
110964	155
110988	155
111023	155
111046	155
111082	155
111117	155
111152	155
111187	155
111222	155
111257	155
111281	155
111316	155
111339	155
111375	155
111398	155
111433	155
111457	155
111492	155
111515	155
111550	155
111585	155
111609	155
111644	155
111679	155
111703	155
111738	155
111761	156
111796	156
111832	156
111855	156
111890	156
111925	156
111960	156
111996	156
112031	156
112054	156
112089	156
112113	156
112148	156
112183	156
112207	156
112242	156
112265	156
112300	156
112335	156
112359	156
112394	156
112429	156
112453	156
112488	156
112523	156
112546	156
112582	156
112617	156
112652	156
112687	156
112722	156
112757	156
112781	156
112816	156
112839	156
112875	156
112898	156
112933	156
112968	156
112992	156
113027	156
113050	156
113085	156
113121	156
113144	156
113179	156
113203	156
113238	156
113261	156
113296	156
113332	157
113355	157
113390	157
113425	157
113460	157
113496	157
113519	157
113554	157
113589	157
113613	157
113648	157
113671	157
113707	157
113742	157
113777	157
113800	157
113835	157
113871	157
113894	157
113929	157
113953	157
113988	157
114011	157
114046	157
114082	157
114105	157
114140	157
114175	157
114210	157
114246	157
114269	157
114304	157
114339	157
114363	157
114398	157
114421	157
114457	157
114492	157
114527	157
114550	157
114585	157
114621	157
114656	157
114679	157
114714	157
114738	157
114773	157
114796	157
114832	157
114867	157
114902	158
114937	158
114960	158
114996	158
115031	158
115066	158
115101	158
115136	158
115160	158
115195	158
115230	158
115253	158
115289	158
115324	158
115359	158
115394	158
115417	158
115453	158
115476	158
115500	158
115523	158
115558	158
115593	158
115617	158
115652	158
115675	158
115710	158
115746	158
115769	158
115804	158
115839	158
115875	158
115898	158
115933	158
115968	158
116003	158
116039	158
116074	158
116109	158
116132	158
116167	158
116191	158
116226	158
116261	158
116285	158
116320	158
116343	158
116378	158
116414	158
116437	158
116472	159
116496	159
116531	159
116566	159
116589	159
116625	159
116648	159
116683	159
116718	159
116753	159
116789	159
116824	159
116859	159
116882	159
116917	159
116953	159
116976	159
117011	159
117035	159
117070	159
117105	159
117128	159
117164	159
117199	159
117222	159
117257	159
117292	159
117316	159
117351	159
117386	159
117410	159
117445	159
117480	159
117515	159
117550	159
117585	159
117621	159
117656	159
117679	159
117714	159
117750	159
117773	159
117808	159
117832	159
117867	159
117890	159
117925	159
117949	159
117984	159
118007	159
118042	160
118066	160
118101	160
118125	160
118160	160
118183	160
118218	160
118253	160
118289	160
118335	160
118371	160
118394	160
118429	160
118464	160
118500	160
118523	160
118558	160
118593	160
118617	160
118652	160
118675	160
118710	160
118734	160
118769	160
118804	160
118828	160
118851	160
118875	160
118910	160
118933	160
118968	160
119003	160
119039	160
119062	160
119097	160
119132	160
119167	160
119191	160
119226	160
119261	160
119285	160
119320	160
119355	160
119378	160
119414	160
119449	160
119472	160
119507	160
119542	160
119566	160
119601	161
119625	161
119660	161
119683	161
119718	161
119753	161
119789	161
119824	161
119847	161
119882	161
119917	161
119941	161
119976	161
120000	161
120035	161
120070	161
120093	161
120128	161
120152	161
120187	161
120210	161
120246	161
120281	161
120304	161
120328	161
120351	161
120386	161
120410	161
120445	161
120468	161
120503	161
120539	161
120574	161
120597	161
120632	161
120667	161
120691	161
120738	161
120761	161
120796	161
120832	161
120855	161
120890	161
120925	161
120960	161
120996	161
121019	161
121054	161
121078	161
121113	161
121136	162
121171	162
121207	162
121230	162
121265	162
121300	162
121324	162
121359	162
121394	162
121417	162
121453	162
121488	162
121511	162
121546	162
121570	162
121605	162
121640	162
121675	162
121699	162
121734	162
121769	162
121804	162
121828	162
121851	162
121886	162
121910	162
121945	162
121968	162
122003	162
122039	162
122062	162
122097	162
122121	162
122156	162
122191	162
122214	162
122250	162
122285	162
122308	162
122343	162
122378	162
122414	162
122437	162
122472	162
122507	162
122542	162
122566	162
122589	162
122625	162
122648	162
122683	163
122718	163
122742	163
122777	163
122800	163
122835	163
122859	163
122894	163
122929	163
122953	163
122988	163
123011	163
123046	163
123070	163
123105	163
123140	163
123175	163
123210	163
123246	163
123269	163
123304	163
123328	163
123363	163
123386	163
123421	163
123445	163
123480	163
123503	163
123539	163
123562	163
123597	163
123632	163
123656	163
123691	163
123714	163
123750	163
123785	163
123808	163
123843	163
123878	163
123914	163
123949	163
123984	163
124007	163
124042	163
124078	163
124101	163
124136	163
124160	163
124195	163
124218	164
124253	164
124289	164
124312	164
124347	164
124382	164
124406	164
124441	164
124464	164
124500	164
124535	164
124558	164
124593	164
124628	164
124664	164
124699	164
124734	164
124769	164
124792	164
124828	164
124851	164
124886	164
124910	164
124945	164
124980	164
125003	164
125039	164
125062	164
125097	164
125132	164
125156	164
125191	164
125214	164
125250	164
125273	164
125308	164
125343	164
125367	164
125402	164
125437	164
125472	164
125507	164
125531	164
125566	164
125601	164
125625	164
125660	164
125695	164
125718	164
125753	164
125789	165
125812	165
125847	165
125882	165
125917	165
125941	165
125964	165
126000	165
126035	165
126058	165
126093	165
126128	165
126164	165
126187	165
126222	165
126257	165
126292	165
126316	165
126351	165
126386	165
126410	165
126445	165
126480	165
126503	165
126539	165
126574	165
126609	165
126644	165
126667	165
126703	165
126726	165
126761	165
126796	165
126820	165
126855	165
126890	165
126925	165
126960	165
126996	165
127019	165
127054	165
127089	165
127125	165
127160	165
127183	165
127218	165
127253	165
127289	165
127324	165
127347	165
127382	166
127417	166
127441	166
127464	166
127500	166
127523	166
127558	166
127582	166
127617	166
127652	166
127675	166
127710	166
127746	166
127769	166
127804	166
127839	166
127875	166
127898	166
127933	166
127957	166
127992	166
128039	166
128074	166
128109	166
128132	166
128167	166
128203	166
128226	166
128261	166
128285	166
128320	166
128355	166
128378	166
128414	166
128449	166
128472	166
128507	166
128542	166
128566	166
128601	166
128636	166
128660	166
128695	166
128730	166
128765	166
128800	166
128835	166
128871	166
128906	166
128929	166
128964	167
129000	167
129023	167
129058	167
129093	167
129128	167
129152	167
129187	167
129222	167
129246	167
129281	167
129316	167
129351	167
129386	167
129410	167
129445	167
129480	167
129515	167
129550	167
129585	167
129621	167
129656	167
129679	167
129714	167
129750	167
129773	167
129808	167
129843	167
129867	167
129902	167
129925	167
129960	167
129984	167
130019	167
130054	167
130078	167
130113	167
130136	167
130171	167
130195	167
130230	167
130277	167
130312	167
130347	167
130382	167
130406	167
130441	167
130476	167
130511	167
130546	167
130582	168
130605	168
130640	168
130664	168
130699	168
130734	168
130757	168
130792	168
130816	168
130851	168
130875	168
130898	168
130933	168
130968	168
131003	168
131039	168
131074	168
131097	168
131132	168
131167	168
131203	168
131226	168
131261	168
131296	168
131332	168
131355	168
131390	168
131425	168
131460	168
131484	168
131519	168
131554	168
131578	168
131613	168
131648	168
131671	168
131707	168
131742	168
131777	168
131800	168
131835	168
131871	168
131906	168
131941	168
131964	168
132000	168
132023	168
132058	168
132093	168
132128	168
132152	169
132187	169
132210	169
132246	169
132281	169
132304	169
132339	169
132363	169
132386	169
132421	169
132445	169
132480	169
132515	169
132550	169
132585	169
132609	169
132644	169
132679	169
132714	169
132750	169
132785	169
132808	169
132843	169
132878	169
132914	169
132949	169
132984	169
133007	169
133042	169
133078	169
133101	169
133125	169
133160	169
133195	169
133218	169
133253	169
133289	169
133324	169
133347	169
133382	169
133417	169
133441	169
133476	169
133511	169
133546	169
133570	169
133605	169
133640	169
133675	169
133699	169
133734	170
133769	170
133804	170
133828	170
133851	170
133886	170
133910	170
133945	170
133980	170
134003	170
134039	170
134074	170
134097	170
134132	170
134167	170
134191	170
134226	170
134261	170
134285	170
134320	170
134355	170
134378	170
134414	170
134449	170
134484	170
134519	170
134542	170
134578	170
134601	170
134636	170
134660	170
134695	170
134730	170
134753	170
134789	170
134812	170
134847	170
134882	170
134906	170
134941	170
134964	170
135000	170
135035	170
135058	170
135093	170
135128	170
135164	170
135199	170
135234	170
135257	170
135292	171
135328	171
135351	171
135375	171
135410	171
135445	171
135468	171
135503	171
135527	171
135562	171
135585	171
135621	171
135656	171
135679	171
135714	171
135750	171
135773	171
135808	171
135832	171
135867	171
135902	171
135949	171
135972	171
136007	171
136042	171
136066	171
136101	171
136125	171
136160	171
136195	171
136218	171
136253	171
136277	171
136312	171
136347	171
136371	171
136406	171
136441	171
136464	171
136500	171
136535	171
136558	171
136593	171
136628	171
136664	171
136699	171
136734	171
136757	171
136792	171
136828	171
136851	172
136886	172
136910	172
136945	172
136968	172
137003	172
137027	172
137062	172
137097	172
137121	172
137156	172
137179	172
137214	172
137238	172
137273	172
137308	172
137332	172
137367	172
137402	172
137437	172
137472	172
137496	172
137531	172
137566	172
137589	172
137625	172
137660	172
137683	172
137718	172
137753	172
137777	172
137812	172
137847	172
137871	172
137906	172
137941	172
137964	172
138000	172
138023	172
138058	172
138093	172
138117	172
138152	172
138187	172
138222	172
138257	172
138281	172
138316	172
138351	172
138375	172
138410	173
138445	173
138468	173
138503	173
138539	173
138574	173
138597	173
138632	173
138667	173
138691	173
138726	173
138750	173
138785	173
138820	173
138843	173
138878	173
138914	173
138949	173
138984	173
139019	173
139042	173
139078	173
139113	173
139148	173
139183	173
139207	173
139242	173
139277	173
139312	173
139347	173
139371	173
139406	173
139441	173
139464	173
139488	173
139523	173
139546	173
139582	173
139605	173
139640	173
139675	173
139699	173
139734	173
139769	173
139792	173
139828	173
139863	173
139898	173
139921	173
139957	173
139992	174
140027	174
140062	174
140097	174
140132	174
140156	174
140191	174
140226	174
140250	174
140285	174
140320	174
140343	174
140378	174
140402	174
140437	174
140472	174
140496	174
140531	174
140566	174
140589	174
140625	174
140660	174
140683	174
140718	174
140753	174
140789	174
140824	174
140859	174
140894	174
140929	174
140953	174
140988	174
141023	174
141046	174
141082	174
141117	174
141140	174
141175	174
141199	174
141234	174
141269	174
141304	174
141328	174
141363	174
141398	174
141433	174
141457	174
141492	174
141539	174
141574	174
141609	175
141644	175
141667	175
141703	175
141738	175
141761	175
141796	175
141820	175
141855	175
141878	175
141914	175
141937	175
141972	175
142007	175
142031	175
142066	175
142089	175
142125	175
142148	175
142183	175
142218	175
142253	175
142289	175
142324	175
142359	175
142394	175
142417	175
142464	175
142500	175
142523	175
142558	175
142593	175
142617	175
142652	175
142687	175
142710	175
142746	175
142781	175
142804	175
142828	175
142863	175
142886	175
142921	175
142945	175
142980	175
143015	175
143050	175
143085	175
143121	175
143144	175
143179	176
143214	176
143250	176
143273	176
143308	176
143343	176
143378	176
143402	176
143437	176
143472	176
143507	176
143531	176
143566	176
143589	176
143625	176
143648	176
143683	176
143718	176
143753	176
143789	176
143824	176
143847	176
143882	176
143917	176
143941	176
143976	176
144011	176
144035	176
144070	176
144105	176
144128	176
144164	176
144187	176
144222	176
144257	176
144292	176
144316	176
144339	176
144363	176
144398	176
144421	176
144457	176
144492	176
144515	176
144550	176
144585	176
144621	176
144656	176
144679	176
144714	176
144761	177
144785	177
144820	177
144855	177
144890	177
144925	177
144960	177
144984	177
145019	177
145054	177
145078	177
145113	177
145136	177
145171	177
145207	177
145230	177
145265	177
145300	177
145335	177
145371	177
145394	177
145429	177
145464	177
145488	177
145523	177
145558	177
145582	177
145617	177
145652	177
145687	177
145722	177
145746	177
145781	177
145816	177
145839	177
145863	177
145898	177
145933	177
145957	177
145992	177
146027	177
146050	177
146085	177
146121	177
146144	177
146179	177
146214	177
146238	177
146273	177
146308	177
146332	178
146367	178
146402	178
146437	178
146472	178
146507	178
146531	178
146566	178
146601	178
146625	178
146648	178
146683	178
146718	178
146742	178
146777	178
146812	178
146835	178
146871	178
146906	178
146929	178
146964	178
147000	178
147023	178
147058	178
147093	178
147128	178
147164	178
147199	178
147234	178
147257	178
147292	178
147328	178
147351	178
147386	178
147410	178
147445	178
147480	178
147503	178
147539	178
147562	178
147597	178
147632	178
147667	178
147691	178
147726	178
147761	178
147785	178
147820	178
147855	178
147890	178
147925	179
147960	179
147996	179
148019	179
148054	179
148089	179
148113	179
148148	179
148171	179
148207	179
148242	179
148265	179
148300	179
148335	179
148359	179
148394	179
148429	179
148453	179
148488	179
148523	179
148546	179
148582	179
148617	179
148652	179
148687	179
148722	179
148757	179
148781	179
148816	179
148839	179
148875	179
148898	179
148933	179
148968	179
148992	179
149027	179
149062	179
149085	179
149121	179
149156	179
149179	179
149214	179
149238	179
149273	179
149296	179
149332	179
149367	179
149402	179
149437	179
149472	179
149507	180
149531	180
149566	180
149601	180
149636	180
149660	180
149695	180
149730	180
149753	180
149789	180
149824	180
149859	180
149894	180
149917	180
149953	180
149976	180
150011	180
150046	180
150082	180
150105	180
150140	180
150175	180
150210	180
150246	180
150269	180
150304	180
150339	180
150375	180
150398	180
150433	180
150468	180
150492	180
150527	180
150562	180
150597	180
150632	180
150656	180
150691	180
150726	180
150750	180
150785	180
150808	180
150843	180
150878	180
150914	180
150949	180
150984	180
151007	180
151042	180
151078	180
151113	181
151148	181
151183	181
151207	181
151242	181
151277	181
151312	181
151347	181
151371	181
151406	181
151441	181
151464	181
151488	181
151523	181
151546	181
151582	181
151617	181
151640	181
151675	181
151710	181
151734	181
151769	181
151804	181
151839	181
151875	181
151898	181
151933	181
151968	181
152003	181
152039	181
152074	181
152109	181
152144	181
152179	181
152203	181
152238	181
152273	181
152296	181
152332	181
152367	181
152390	181
152425	181
152460	181
timepoint: 173.62