0	0
0	0
0	0
0	0
0	0
0	0
0	0
0	0
0	0
0	0
0	0
0	0
0	0
0	0
0	0
0	0
0	0
0	0
0	0
0	0
0	0
0	0
0	0
0	0
0	0
0	0
0	0
0	0
0	0
0	0
0	0
0	0
0	0
0	0
0	0
0	0
0	0
0	0
0	0
0	0
0	0
0	0
0	0
0	0
0	0
0	0
0	0
0	0
0	0
0	0
0	1
0	1
0	1
0	1
0	1
0	1
0	1
0	1
0	1
0	1
0	1
0	1
0	1
0	1
0	1
0	1
0	1
0	1
0	1
0	1
0	1
0	1
0	1
0	1
0	1
0	1
0	1
0	1
0	1
0	1
0	1
0	1
0	1
0	1
0	1
0	1
0	1
0	1
0	1
0	1
0	1
0	1
0	1
0	1
0	1
0	1
0	1
0	1
0	1
0	1
0	2
0	2
0	2
0	2
0	2
0	2
0	2
0	2
0	2
0	2
0	2
0	2
0	2
0	2
0	2
0	2
0	2
0	2
0	2
0	2
0	2
0	2
0	2
0	2
0	2
0	2
0	2
0	2
0	2
0	2
0	2
0	2
0	2
0	2
0	2
0	2
0	2
0	2
0	2
0	2
0	2
0	2
0	2
0	2
0	2
0	2
0	2
0	2
0	2
0	2
0	3
0	3
0	3
0	3
0	3
0	3
0	3
0	3
0	3
0	3
0	3
0	3
0	3
0	3
0	3
0	3
0	3
0	3
0	3
0	3
0	3
0	3
0	3
0	3
0	3
0	3
0	3
0	3
0	3
0	3
0	3
0	3
0	3
0	3
0	3
0	3
0	3
0	3
0	3
0	3
0	3
0	3
0	3
0	3
0	3
0	3
0	3
0	3
0	3
0	3
0	4
0	4
0	4
0	4
0	4
0	4
0	4
0	4
0	4
0	4
0	4
0	4
0	4
0	4
0	4
0	4
0	4
0	4
0	4
0	4
0	4
0	4
0	4
0	4
0	4
0	4
0	4
0	4
0	4
0	4
0	4
0	4
0	4
0	4
0	4
0	4
0	4
0	4
0	4
0	4
0	4
0	4
0	4
0	4
0	4
0	4
0	4
0	4
0	4
0	4
0	5
0	5
0	5
0	5
0	5
0	5
0	5
0	5
0	5
0	5
0	5
0	5
0	5
0	5
0	5
0	5
0	5
0	5
0	5
0	5
0	5
0	5
0	5
0	5
0	5
0	5
0	5
0	5
0	5
0	5
0	5
0	5
0	5
0	5
0	5
0	5
0	5
11	5
11	5
11	5
11	5
11	5
11	5
11	5
11	5
11	5
11	5
23	5
23	5
23	5
23	6
23	6
23	6
23	6
23	6
23	6
23	6
23	6
35	6
35	6
35	6
35	6
35	6
35	6
35	6
35	6
35	6
35	6
35	6
35	6
35	6
35	6
35	6
35	6
35	6
35	6
35	6
35	6
35	6
35	6
35	6
23	6
23	6
23	6
23	6
23	6
23	6
23	6
23	6
23	6
23	6
23	6
23	6
23	6
23	6
23	6
23	6
23	6
23	6
23	6
23	7
23	7
23	7
23	7
23	7
23	7
23	7
23	7
23	7
23	7
23	7
23	7
23	7
35	7
35	7
35	7
35	7
35	7
35	7
35	7
35	7
35	7
35	7
35	7
35	7
35	7
35	7
46	7
46	7
46	7
46	7
46	7
46	7
46	7
46	7
46	7
46	7
46	7
46	7
46	7
46	7
46	7
46	7
46	7
46	7
46	7
46	7
46	7
35	7
35	7
35	8
35	8
35	8
35	8
35	8
35	8
35	8
35	8
35	8
35	8
35	8
35	8
35	8
35	8
35	8
35	8
35	8
35	8
35	8
35	8
35	8
35	8
35	8
35	8
35	8
35	8
35	8
35	8
35	8
35	8
35	8
35	8
35	8
35	8
35	8
35	8
35	8
35	8
35	8
35	8
35	8
35	8
35	8
35	8
35	8
46	8
46	8
46	8
46	8
46	8
46	9
46	9
46	9
46	9
46	9
46	9
46	9
46	9
46	9
46	9
46	9
46	9
46	9
46	9
46	9
46	9
46	9
46	9
46	9
46	9
46	9
46	9
46	9
46	9
46	9
46	9
46	9
46	9
46	9
35	9
35	9
35	9
35	9
35	9
35	9
35	9
35	9
35	9
35	9
35	9
35	9
35	9
35	9
35	9
35	9
35	9
35	9
35	9
35	9
35	9
35	10
35	10
35	10
35	10
35	10
35	10
35	10
35	10
35	10
35	10
35	10
35	10
35	10
35	10
35	10
46	10
46	10
46	10
46	10
46	10
46	10
46	10
46	10
46	10
46	10
46	10
46	10
46	10
46	10
46	10
46	10
46	10
46	10
46	10
46	10
46	10
46	10
46	10
46	10
46	10
46	10
46	10
46	10
46	10
46	10
46	10
46	10
46	10
46	10
46	10
46	11
46	11
46	11
46	11
46	11
46	11
46	11
46	11
35	11
35	11
35	11
35	11
35	11
35	11
35	11
35	11
35	11
35	11
35	11
35	11
35	11
35	11
35	11
35	11
35	11
35	11
35	11
35	11
35	11
35	11
35	11
35	11
35	11
35	11
46	11
46	11
46	11
46	11
46	11
46	11
46	11
46	11
46	11
46	11
46	11
46	11
46	11
46	11
46	11
46	11
46	12
46	12
46	12
46	12
46	12
46	12
46	12
46	12
46	12
46	12
46	12
46	12
46	12
46	12
46	12
46	12
46	12
46	12
46	12
46	12
46	12
46	12
35	12
35	12
35	12
35	12
35	12
35	12
35	12
35	12
35	12
35	12
35	12
35	12
35	12
46	12
46	12
46	12
46	12
46	12
46	12
46	12
46	12
46	12
46	12
46	12
46	12
46	12
46	12
46	12
46	13
46	13
46	13
46	13
46	13
46	13
46	13
46	13
46	13
46	13
46	13
46	13
46	13
46	13
46	13
46	13
46	13
46	13
46	13
46	13
46	13
46	13
46	13
46	13
46	13
46	13
46	13
46	13
46	13
46	13
46	13
46	13
46	13
46	13
46	13
46	13
46	13
46	13
46	13
46	13
46	13
46	13
46	13
46	13
46	13
46	13
46	13
46	13
46	13
46	13
46	14
46	14
46	14
46	14
46	14
46	14
46	14
46	14
46	14
46	14
46	14
46	14
46	14
46	14
46	14
46	14
46	14
46	14
46	14
46	14
46	14
46	14
46	14
46	14
46	14
46	14
46	14
46	14
46	14
46	14
46	14
46	14
46	14
46	14
46	14
46	14
46	14
46	14
46	14
46	14
46	14
46	14
46	14
46	14
46	14
46	14
46	14
46	14
46	14
46	14
46	15
46	15
46	15
46	15
46	15
46	15
46	15
46	15
46	15
46	15
46	15
46	15
46	15
46	15
46	15
46	15
46	15
46	15
46	15
46	15
46	15
46	15
46	15
46	15
46	15
46	15
46	15
46	15
46	15
46	15
46	15
46	15
46	15
46	15
46	15
46	15
46	15
46	15
46	15
46	15
46	15
46	15
46	15
46	15
46	15
46	15
46	15
46	15
46	15
46	15
46	16
46	16
46	16
46	16
46	16
46	16
46	16
46	16
46	16
46	16
46	16
46	16
46	16
46	16
46	16
46	16
46	16
46	16
46	16
46	16
46	16
46	16
46	16
46	16
46	16
46	16
46	16
46	16
46	16
46	16
46	16
46	16
46	16
46	16
46	16
46	16
46	16
46	16
46	16
46	16
46	16
46	16
46	16
46	16
46	16
46	16
46	16
46	16
46	16
46	16
46	17
46	17
46	17
46	17
46	17
46	17
46	17
46	17
46	17
46	17
46	17
46	17
46	17
46	17
46	17
46	17
46	17
46	17
46	17
46	17
46	17
46	17
46	17
46	17
46	17
46	17
46	17
46	17
46	17
46	17
46	17
46	17
46	17
46	17
46	17
46	17
46	17
46	17
46	17
46	17
46	17
46	17
46	17
46	17
46	17
46	17
46	17
46	17
46	17
46	17
46	18
46	18
46	18
46	18
46	18
46	18
46	18
46	18
46	18
46	18
46	18
46	18
46	18
46	18
46	18
46	18
46	18
46	18
46	18
46	18
46	18
46	18
46	18
46	18
46	18
46	18
46	18
46	18
46	18
46	18
46	18
46	18
46	18
46	18
46	18
46	18
46	18
46	18
46	18
46	18
46	18
46	18
46	18
46	18
46	18
46	18
46	18
46	18
46	18
46	18
46	19
46	19
46	19
46	19
46	19
46	19
46	19
46	19
46	19
46	19
46	19
46	19
46	19
46	19
46	19
46	19
46	19
46	19
46	19
46	19
46	19
46	19
46	19
46	19
46	19
46	19
46	19
46	19
46	19
46	19
46	19
46	19
46	19
46	19
46	19
46	19
46	19
46	19
46	19
46	19
46	19
46	19
46	19
46	19
46	19
46	19
46	19
46	19
46	19
46	19
46	20
46	20
46	20
46	20
46	20
46	20
46	20
46	20
46	20
46	20
46	20
46	20
46	20
46	20
46	20
46	20
46	20
46	20
46	20
46	20
46	20
46	20
46	20
46	20
46	20
46	20
46	20
46	20
46	20
46	20
46	20
46	20
46	20
46	20
46	20
46	20
46	20
46	20
46	20
46	20
46	20
46	20
46	20
46	20
46	20
46	20
46	20
46	20
46	20
46	20
46	21
46	21
46	21
46	21
46	21
46	21
46	21
46	21
46	21
46	21
46	21
46	21
46	21
46	21
46	21
46	21
46	21
46	21
46	21
46	21
46	21
46	21
46	21
46	21
46	21
46	21
46	21
46	21
46	21
46	21
46	21
46	21
46	21
46	21
46	21
46	21
46	21
46	21
46	21
46	21
46	21
46	21
46	21
46	21
46	21
46	21
46	21
46	21
46	21
46	21
46	22
46	22
46	22
46	22
46	22
46	22
46	22
46	22
46	22
46	22
46	22
46	22
46	22
46	22
46	22
46	22
46	22
46	22
46	22
46	22
46	22
46	22
46	22
46	22
46	22
46	22
46	22
46	22
46	22
46	22
46	22
46	22
46	22
46	22
46	22
46	22
46	22
46	22
46	22
46	22
46	22
46	22
46	22
46	22
46	22
46	22
46	22
46	22
46	22
46	22
46	23
46	23
46	23
46	23
46	23
46	23
46	23
46	23
46	23
46	23
46	23
46	23
46	23
46	23
46	23
46	23
46	23
46	23
46	23
46	23
46	23
46	23
46	23
46	23
46	23
46	23
46	23
46	23
46	23
46	23
46	23
46	23
46	23
46	23
46	23
46	23
46	23
46	23
46	23
46	23
46	23
46	23
46	23
46	23
46	23
46	23
46	23
46	23
46	23
46	23
46	24
46	24
46	24
46	24
46	24
46	24
46	24
46	24
46	24
46	24
46	24
46	24
46	24
46	24
46	24
46	24
46	24
46	24
46	24
46	24
46	24
46	24
46	24
46	24
46	24
46	24
46	24
46	24
46	24
46	24
46	24
46	24
46	24
46	24
46	24
46	24
46	24
46	24
46	24
46	24
46	24
46	24
46	24
46	24
46	24
46	24
46	24
46	24
46	24
46	24
46	25
46	25
46	25
46	25
46	25
46	25
46	25
46	25
46	25
46	25
46	25
46	25
46	25
46	25
46	25
46	25
46	25
46	25
46	25
46	25
46	25
46	25
46	25
46	25
46	25
46	25
46	25
46	25
46	25
46	25
46	25
46	25
46	25
46	25
46	25
46	25
46	25
46	25
46	25
46	25
46	25
46	25
46	25
46	25
46	25
46	25
46	25
46	25
46	25
46	25
46	26
46	26
46	26
46	26
46	26
46	26
46	26
46	26
46	26
46	26
46	26
46	26
46	26
46	26
46	26
46	26
46	26
46	26
46	26
46	26
46	26
46	26
46	26
46	26
46	26
46	26
46	26
46	26
46	26
46	26
46	26
46	26
46	26
46	26
46	26
46	26
46	26
46	26
46	26
46	26
46	26
46	26
46	26
46	26
46	26
46	26
46	26
46	26
46	26
46	26
46	27
46	27
46	27
46	27
46	27
46	27
46	27
46	27
46	27
46	27
46	27
46	27
46	27
46	27
46	27
46	27
46	27
46	27
46	27
46	27
46	27
46	27
46	27
46	27
46	27
46	27
46	27
46	27
46	27
46	27
46	27
46	27
46	27
46	27
46	27
46	27
46	27
46	27
46	27
46	27
46	27
46	27
46	27
46	27
46	27
46	27
46	27
46	27
46	27
46	27
46	28
46	28
46	28
46	28
58	28
58	28
58	28
58	28
58	28
58	28
58	28
58	28
58	28
58	28
58	28
58	28
58	28
58	28
58	28
58	28
58	28
58	28
58	28
58	28
58	28
58	28
58	28
58	28
58	28
58	28
58	28
58	28
58	28
58	28
58	28
58	28
58	28
58	28
70	28
70	28
70	28
70	28
70	28
70	28
70	28
70	28
70	28
70	28
70	28
70	28
70	29
70	29
70	29
70	29
70	29
70	29
82	29
82	29
82	29
82	29
82	29
82	29
82	29
82	29
82	29
82	29
82	29
82	29
82	29
82	29
82	29
93	29
93	29
93	29
93	29
93	29
93	29
93	29
93	29
93	29
93	29
93	29
93	29
105	29
105	29
105	29
105	29
105	29
105	29
105	29
105	29
105	29
105	29
117	29
117	29
117	29
117	29
117	29
117	29
117	29
117	30
117	30
117	30
117	30
117	30
117	30
128	30
128	30
128	30
128	30
128	30
128	30
128	30
128	30
128	30
140	30
140	30
140	30
140	30
140	30
140	30
140	30
140	30
140	30
140	30
140	30
140	30
152	30
152	30
152	30
152	30
152	30
152	30
152	30
152	30
152	30
152	30
164	30
164	30
164	30
164	30
164	30
164	30
164	30
164	30
164	30
175	30
175	30
175	30
175	30
175	31
175	31
175	31
175	31
175	31
187	31
187	31
187	31
187	31
187	31
187	31
187	31
187	31
187	31
199	31
199	31
199	31
199	31
199	31
199	31
199	31
199	31
210	31
210	31
210	31
210	31
210	31
210	31
210	31
210	31
210	31
222	31
222	31
222	31
222	31
222	31
222	31
222	31
222	31
234	31
234	31
234	31
234	31
234	31
234	31
234	31
234	31
246	31
246	31
246	31
246	32
246	32
246	32
246	32
246	32
257	32
257	32
257	32
257	32
257	32
257	32
257	32
269	32
269	32
269	32
269	32
269	32
269	32
281	32
281	32
281	32
281	32
281	32
281	32
281	32
292	32
292	32
292	32
292	32
292	32
292	32
304	32
304	32
304	32
304	32
304	32
304	32
316	32
316	32
316	32
316	32
316	32
316	32
328	32
328	32
328	32
328	32
328	32
328	32
328	32
339	33
339	33
339	33
339	33
339	33
339	33
351	33
351	33
351	33
351	33
351	33
351	33
363	33
363	33
363	33
363	33
363	33
363	33
375	33
375	33
375	33
375	33
375	33
386	33
386	33
386	33
386	33
386	33
386	33
398	33
398	33
398	33
398	33
398	33
410	33
410	33
410	33
410	33
410	33
421	33
421	33
421	33
421	33
421	33
433	33
433	33
433	33
433	33
433	33
433	33
445	34
445	34
445	34
445	34
445	34
457	34
457	34
457	34
457	34
457	34
468	34
468	34
468	34
468	34
468	34
468	34
480	34
480	34
480	34
480	34
480	34
480	34
492	34
492	34
492	34
492	34
492	34
503	34
503	34
503	34
503	34
503	34
515	34
515	34
515	34
515	34
515	34
515	34
527	34
527	34
527	34
527	34
527	34
539	34
539	34
539	34
539	34
539	34
550	34
550	34
550	35
550	35
550	35
550	35
562	35
562	35
562	35
562	35
562	35
574	35
574	35
574	35
574	35
574	35
585	35
585	35
585	35
585	35
585	35
597	35
597	35
597	35
597	35
597	35
609	35
609	35
609	35
609	35
609	35
621	35
621	35
621	35
621	35
621	35
621	35
632	35
632	35
632	35
632	35
644	35
644	35
644	35
644	35
644	35
656	35
656	35
656	35
656	35
656	35
667	35
667	36
667	36
667	36
679	36
679	36
679	36
679	36
679	36
691	36
691	36
691	36
691	36
691	36
703	36
703	36
703	36
703	36
703	36
714	36
714	36
714	36
714	36
726	36
726	36
726	36
726	36
726	36
738	36
738	36
738	36
738	36
738	36
750	36
750	36
750	36
750	36
761	36
761	36
761	36
761	36
761	36
773	36
773	36
773	36
773	36
773	36
785	36
785	36
785	36
785	36
796	37
796	37
796	37
796	37
796	37
808	37
808	37
808	37
808	37
820	37
820	37
820	37
820	37
832	37
832	37
832	37
832	37
832	37
843	37
843	37
843	37
843	37
855	37
855	37
855	37
855	37
867	37
867	37
867	37
867	37
878	37
878	37
878	37
878	37
878	37
890	37
890	37
890	37
890	37
902	37
902	37
902	37
902	37
902	37
902	37
914	37
914	37
914	37
914	37
914	37
925	38
925	38
925	38
925	38
925	38
937	38
937	38
937	38
937	38
937	38
949	38
949	38
949	38
949	38
949	38
960	38
960	38
960	38
960	38
960	38
972	38
972	38
972	38
972	38
984	38
984	38
984	38
984	38
996	38
996	38
996	38
996	38
1007	38
1007	38
1007	38
1007	38
1019	38
1019	38
1019	38
1019	38
1031	38
1031	38
1031	38
1031	38
1042	38
1042	38
1042	38
1042	38
1054	38
1054	38
1054	39
1054	39
1066	39
1066	39
1066	39
1066	39
1066	39
1078	39
1078	39
1078	39
1089	39
1089	39
1089	39
1089	39
1101	39
1101	39
1101	39
1101	39
1113	39
1113	39
1113	39
1113	39
1125	39
1125	39
1125	39
1136	39
1136	39
1136	39
1136	39
1148	39
1148	39
1148	39
1160	39
1160	39
1160	39
1160	39
1171	39
1171	39
1171	39
1183	39
1183	39
1183	39
1183	39
1195	39
1195	39
1195	39
1207	39
1207	39
1207	39
1207	39
1218	40
1218	40
1218	40
1218	40
1230	40
1230	40
1230	40
1230	40
1242	40
1242	40
1242	40
1242	40
1253	40
1253	40
1253	40
1253	40
1265	40
1265	40
1265	40
1277	40
1277	40
1277	40
1277	40
1289	40
1289	40
1289	40
1300	40
1300	40
1300	40
1312	40
1312	40
1312	40
1324	40
1324	40
1324	40
1335	40
1335	40
1335	40
1347	40
1347	40
1347	40
1347	40
1359	40
1359	40
1359	40
1371	40
1371	40
1371	40
1371	40
1382	40
1382	41
1382	41
1382	41
1394	41
1394	41
1394	41
1394	41
1406	41
1406	41
1406	41
1417	41
1417	41
1417	41
1417	41
1429	41
1429	41
1429	41
1441	41
1441	41
1441	41
1453	41
1453	41
1453	41
1464	41
1464	41
1464	41
1464	41
1476	41
1476	41
1476	41
1488	41
1488	41
1488	41
1500	41
1500	41
1500	41
1511	41
1511	41
1511	41
1523	41
1523	41
1523	41
1535	41
1535	41
1535	41
1535	41
1546	41
1546	41
1546	41
1558	41
1558	42
1558	42
1570	42
1570	42
1570	42
1582	42
1582	42
1582	42
1582	42
1593	42
1593	42
1593	42
1605	42
1605	42
1605	42
1617	42
1617	42
1617	42
1617	42
1628	42
1628	42
1628	42
1640	42
1640	42
1640	42
1652	42
1652	42
1652	42
1652	42
1664	42
1664	42
1664	42
1675	42
1675	42
1675	42
1675	42
1687	42
1687	42
1687	42
1699	42
1699	42
1699	42
1699	42
1710	42
1710	42
1710	42
1722	42
1722	42
1722	42
1722	42
1734	43
1734	43
1734	43
1746	43
1746	43
1746	43
1757	43
1757	43
1757	43
1757	43
1769	43
1769	43
1769	43
1781	43
1781	43
1781	43
1792	43
1792	43
1792	43
1804	43
1804	43
1804	43
1816	43
1816	43
1816	43
1828	43
1828	43
1828	43
1839	43
1839	43
1839	43
1839	43
1851	43
1851	43
1863	43
1863	43
1863	43
1875	43
1875	43
1875	43
1886	43
1886	43
1886	43
1898	43
1898	43
1898	43
1910	43
1910	43
1910	43
1921	43
1921	44
1921	44
1933	44
1933	44
1933	44
1945	44
1945	44
1945	44
1957	44
1957	44
1957	44
1968	44
1968	44
1968	44
1980	44
1980	44
1980	44
1992	44
1992	44
1992	44
2003	44
2003	44
2003	44
2015	44
2015	44
2015	44
2027	44
2027	44
2027	44
2039	44
2039	44
2039	44
2050	44
2050	44
2050	44
2062	44
2062	44
2074	44
2074	44
2074	44
2085	44
2085	44
2085	44
2097	44
2097	44
2097	44
2109	44
2109	44
2109	44
2121	44
2121	45
2121	45
2132	45
2132	45
2132	45
2144	45
2144	45
2144	45
2156	45
2156	45
2167	45
2167	45
2167	45
2179	45
2179	45
2179	45
2191	45
2191	45
2191	45
2203	45
2203	45
2214	45
2214	45
2214	45
2226	45
2226	45
2238	45
2238	45
2238	45
2250	45
2250	45
2250	45
2261	45
2261	45
2273	45
2273	45
2273	45
2285	45
2285	45
2296	45
2296	45
2296	45
2308	45
2308	45
2308	45
2320	45
2320	45
2332	45
2332	45
2332	45
2343	46
2343	46
2355	46
2355	46
2355	46
2367	46
2367	46
2367	46
2378	46
2378	46
2390	46
2390	46
2390	46
2402	46
2402	46
2402	46
2414	46
2414	46
2414	46
2425	46
2425	46
2425	46
2437	46
2437	46
2437	46
2449	46
2449	46
2449	46
2460	46
2460	46
2460	46
2472	46
2472	46
2484	46
2484	46
2484	46
2496	46
2496	46
2496	46
2507	46
2507	46
2519	46
2519	46
2519	46
2531	46
2531	46
2542	46
2542	46
2554	46
2554	46
2554	47
2566	47
2566	47
2566	47
2578	47
2578	47
2589	47
2589	47
2589	47
2601	47
2601	47
2613	47
2613	47
2613	47
2625	47
2625	47
2636	47
2636	47
2636	47
2648	47
2648	47
2660	47
2660	47
2660	47
2671	47
2671	47
2683	47
2683	47
2683	47
2695	47
2695	47
2707	47
2707	47
2718	47
2718	47
2718	47
2730	47
2730	47
2742	47
2742	47
2753	47
2753	47
2753	47
2765	47
2765	47
2777	47
2777	47
2777	47
2789	47
2789	47
2800	48
2800	48
2800	48
2812	48
2812	48
2824	48
2824	48
2835	48
2835	48
2835	48
2847	48
2847	48
2859	48
2859	48
2871	48
2871	48
2871	48
2882	48
2882	48
2894	48
2894	48
2894	48
2906	48
2906	48
2917	48
2917	48
2929	48
2929	48
2941	48
2941	48
2953	48
2953	48
2953	48
2964	48
2964	48
2976	48
2976	48
2988	48
2988	48
3000	48
3000	48
3011	48
3011	48
3023	48
3023	48
3035	48
3035	48
3046	48
3046	48
3058	48
3058	49
3070	49
3070	49
3082	49
3082	49
3082	49
3093	49
3093	49
3105	49
3105	49
3117	49
3117	49
3128	49
3128	49
3128	49
3140	49
3140	49
3152	49
3152	49
3164	49
3164	49
3175	49
3175	49
3175	49
3187	49
3187	49
3199	49
3199	49
3199	49
3210	49
3210	49
3222	49
3222	49
3234	49
3234	49
3234	49
3246	49
3246	49
3257	49
3257	49
3269	49
3269	49
3281	49
3281	49
3292	49
3292	49
3304	49
3304	49
3316	49
3316	49
3316	50
3328	50
3328	50
3339	50
3339	50
3351	50
3351	50
3363	50
3363	50
3363	50
3375	50
3375	50
3386	50
3386	50
3398	50
3398	50
3410	50
3410	50
3421	50
3421	50
3433	50
3433	50
3445	50
3445	50
3457	50
3457	50
3457	50
3468	50
3480	50
3480	50
3480	50
3492	50
3492	50
3503	50
3503	50
3515	50
3515	50
3527	50
3527	50
3539	50
3539	50
3550	50
3550	50
3550	50
3562	50
3562	50
3574	50
3574	50
3585	50
3585	50
3597	51
3597	51
3609	51
3609	51
3621	51
3621	51
3632	51
3632	51
3644	51
3644	51
3656	51
3656	51
3667	51
3667	51
3679	51
3679	51
3691	51
3691	51
3703	51
3703	51
3714	51
3714	51
3726	51
3738	51
3738	51
3750	51
3750	51
3761	51
3761	51
3773	51
3785	51
3785	51
3796	51
3796	51
3808	51
3808	51
3820	51
3820	51
3832	51
3832	51
3843	51
3843	51
3855	51
3855	51
3867	51
3867	51
3878	51
3878	51
3890	51
3890	51
3902	52
3902	52
3914	52
3914	52
3925	52
3925	52
3937	52
3937	52
3949	52
3949	52
3960	52
3960	52
3972	52
3972	52
3984	52
3984	52
3996	52
3996	52
4007	52
4007	52
4019	52
4019	52
4031	52
4031	52
4042	52
4042	52
4054	52
4054	52
4066	52
4066	52
4078	52
4078	52
4089	52
4089	52
4101	52
4101	52
4113	52
4113	52
4125	52
4125	52
4136	52
4136	52
4148	52
4148	52
4160	52
4160	52
4171	52
4171	52
4183	52
4183	52
4195	53
4195	53
4207	53
4218	53
4218	53
4230	53
4230	53
4242	53
4242	53
4253	53
4253	53
4265	53
4265	53
4277	53
4277	53
4289	53
4289	53
4300	53
4300	53
4312	53
4312	53
4324	53
4335	53
4335	53
4347	53
4347	53
4359	53
4359	53
4371	53
4371	53
4382	53
4382	53
4394	53
4394	53
4406	53
4406	53
4417	53
4429	53
4429	53
4441	53
4441	53
4453	53
4453	53
4464	53
4476	53
4476	53
4488	53
4500	53
4500	53
4511	53
4523	54
4523	54
4535	54
4535	54
4546	54
4558	54
4558	54
4570	54
4570	54
4582	54
4582	54
4593	54
4605	54
4605	54
4617	54
4617	54
4628	54
4628	54
4640	54
4652	54
4652	54
4664	54
4664	54
4675	54
4675	54
4687	54
4687	54
4699	54
4699	54
4710	54
4710	54
4722	54
4734	54
4734	54
4746	54
4746	54
4757	54
4757	54
4769	54
4769	54
4781	54
4792	54
4792	54
4804	54
4804	54
4816	54
4816	54
4828	54
4839	54
4839	54
4851	55
4851	55
4863	55
4863	55
4875	55
4875	55
4886	55
4898	55
4898	55
4910	55
4910	55
4921	55
4921	55
4933	55
4945	55
4945	55
4957	55
4957	55
4968	55
4980	55
4980	55
4992	55
4992	55
5003	55
5015	55
5015	55
5027	55
5027	55
5039	55
5039	55
5050	55
5062	55
5062	55
5074	55
5074	55
5085	55
5097	55
5097	55
5109	55
5109	55
5121	55
5132	55
5132	55
5144	55
5144	55
5156	55
5167	55
5167	55
5179	55
5179	55
5191	56
5203	56
5203	56
5214	56
5226	56
5226	56
5238	56
5250	56
5261	56
5261	56
5273	56
5285	56
5285	56
5296	56
5308	56
5308	56
5320	56
5332	56
5332	56
5343	56
5343	56
5355	56
5355	56
5367	56
5378	56
5378	56
5390	56
5402	56
5402	56
5414	56
5414	56
5425	56
5425	56
5437	56
5449	56
5449	56
5460	56
5460	56
5472	56
5472	56
5484	56
5496	56
5496	56
5507	56
5519	56
5519	56
5531	56
5531	56
5542	56
5554	56
5554	57
5566	57
5578	57
5578	57
5589	57
5589	57
5601	57
5613	57
5613	57
5625	57
5625	57
5636	57
5648	57
5648	57
5660	57
5660	57
5671	57
5683	57
5683	57
5695	57
5707	57
5707	57
5718	57
5730	57
5730	57
5742	57
5753	57
5753	57
5765	57
5765	57
5777	57
5789	57
5789	57
5800	57
5800	57
5812	57
5824	57
5824	57
5835	57
5847	57
5847	57
5859	57
5859	57
5871	57
5882	57
5882	57
5894	57
5906	57
5906	57
5917	57
5929	58
5929	58
5941	58
5953	58
5953	58
5964	58
5976	58
5976	58
5988	58
6000	58
6011	58
6011	58
6023	58
6035	58
6046	58
6046	58
6058	58
6070	58
6070	58
6082	58
6093	58
6093	58
6105	58
6117	58
6117	58
6128	58
6140	58
6140	58
6152	58
6164	58
6164	58
6175	58
6187	58
6187	58
6199	58
6210	58
6222	58
6222	58
6234	58
6234	58
6246	58
6257	58
6257	58
6269	58
6281	58
6292	58
6292	58
6304	58
6316	58
6316	58
6328	59
6339	59
6339	59
6351	59
6363	59
6375	59
6375	59
6386	59
6398	59
6398	59
6410	59
6421	59
6421	59
6433	59
6445	59
6457	59
6457	59
6468	59
6480	59
6480	59
6492	59
6503	59
6503	59
6515	59
6527	59
6527	59
6539	59
6550	59
6550	59
6562	59
6574	59
6574	59
6585	59
6597	59
6597	59
6609	59
6621	59
6621	59
6632	59
6644	59
6644	59
6656	59
6667	59
6667	59
6679	59
6691	59
6703	59
6703	59
6714	59
6726	59
6738	60
6738	60
6750	60
6761	60
6773	60
6785	60
6785	60
6796	60
6808	60
6820	60
6820	60
6832	60
6843	60
6843	60
6855	60
6867	60
6878	60
6878	60
6890	60
6902	60
6902	60
6914	60
6925	60
6937	60
6937	60
6949	60
6960	60
6972	60
6972	60
6984	60
6996	60
6996	60
7007	60
7019	60
7031	60
7031	60
7042	60
7054	60
7066	60
7066	60
7078	60
7089	60
7101	60
7101	60
7113	60
7125	60
7136	60
7136	60
7148	60
7160	60
7171	61
7171	61
7183	61
7195	61
7207	61
7207	61
7218	61
7230	61
7242	61
7242	61
7253	61
7265	61
7277	61
7277	61
7289	61
7300	61
7300	61
7312	61
7324	61
7324	61
7335	61
7347	61
7359	61
7359	61
7371	61
7382	61
7394	61
7394	61
7406	61
7417	61
7429	61
7429	61
7441	61
7453	61
7464	61
7476	61
7476	61
7488	61
7500	61
7511	61
7523	61
7535	61
7546	61
7546	61
7558	61
7570	61
7582	61
7582	61
7593	61
7605	61
7617	62
7617	62
7628	62
7640	62
7652	62
7664	62
7675	62
7675	62
7687	62
7699	62
7710	62
7722	62
7734	62
7734	62
7746	62
7757	62
7769	62
7769	62
7781	62
7792	62
7804	62
7816	62
7816	62
7828	62
7839	62
7851	62
7863	62
7875	62
7875	62
7886	62
7898	62
7910	62
7921	62
7933	62
7933	62
7945	62
7957	62
7968	62
7968	62
7980	62
7992	62
8003	62
8015	62
8015	62
8027	62
8039	62
8039	62
8050	62
8062	62
8062	62
8074	63
8085	63
8085	63
8097	63
8109	63
8121	63
8121	63
8132	63
8144	63
8156	63
8167	63
8179	63
8179	63
8191	63
8203	63
8214	63
8214	63
8226	63
8238	63
8250	63
8250	63
8261	63
8273	63
8285	63
8296	63
8296	63
8308	63
8320	63
8332	63
8343	63
8355	63
8355	63
8367	63
8378	63
8390	63
8402	63
8402	63
8414	63
8425	63
8437	63
8449	63
8460	63
8472	63
8472	63
8484	63
8496	63
8507	63
8507	63
8519	63
8531	63
8542	64
8554	64
8566	64
8578	64
8578	64
8589	64
8601	64
8613	64
8625	64
8636	64
8648	64
8660	64
8671	64
8683	64
8695	64
8707	64
8718	64
8718	64
8730	64
8742	64
8753	64
8765	64
8765	64
8777	64
8789	64
8800	64
8812	64
8824	64
8824	64
8835	64
8847	64
8859	64
8871	64
8871	64
8882	64
8894	64
8906	64
8917	64
8929	64
8929	64
8941	64
8953	64
8964	64
8976	64
8976	64
8988	64
9000	64
9011	64
9023	64
9035	64
9035	65
9046	65
9058	65
9070	65
9082	65
9082	65
9093	65
9105	65
9117	65
9128	65
9140	65
9140	65
9152	65
9164	65
9175	65
9187	65
9199	65
9199	65
9210	65
9222	65
9234	65
9246	65
9246	65
9257	65
9269	65
9281	65
9292	65
9304	65
9316	65
9316	65
9328	65
9339	65
9351	65
9363	65
9375	65
9386	65
9398	65
9410	65
9421	65
9433	65
9445	65
9457	65
9468	65
9480	65
9480	65
9492	65
9503	65
9515	65
9527	65
9539	65
9550	66
9562	66
9562	66
9574	66
9585	66
9597	66
9609	66
9621	66
9621	66
9632	66
9644	66
9656	66
9667	66
9679	66
9691	66
9691	66
9703	66
9714	66
9726	66
9738	66
9738	66
9750	66
9761	66
9773	66
9785	66
9796	66
9796	66
9808	66
9820	66
9832	66
9843	66
9855	66
9867	66
9867	66
9878	66
9890	66
9902	66
9914	66
9925	66
9937	66
9949	66
9949	66
9960	66
9972	66
9984	66
9996	66
10007	66
10019	66
10019	66
10031	66
10042	67
10054	67
10066	67
10078	67
10089	67
10101	67
10113	67
10125	67
10136	67
10148	67
10171	67
10183	67
10183	67
10195	67
10207	67
10218	67
10230	67
10242	67
10253	67
10253	67
10265	67
10277	67
10289	67
10300	67
10312	67
10324	67
10335	67
10347	67
10347	67
10359	67
10371	67
10382	67
10394	67
10406	67
10417	67
10417	67
10429	67
10441	67
10453	67
10464	67
10476	67
10476	67
10488	67
10500	67
10511	67
10523	67
10523	67
10535	67
10546	67
10558	67
10570	68
10582	68
10582	68
10593	68
10605	68
10617	68
10628	68
10640	68
10652	68
10652	68
10664	68
10675	68
10687	68
10699	68
10699	68
10710	68
10722	68
10734	68
10746	68
10757	68
10769	68
10781	68
10781	68
10792	68
10804	68
10816	68
10828	68
10839	68
10863	68
10875	68
10886	68
10898	68
10910	68
10921	68
10933	68
10945	68
10957	68
10968	68
10980	68
10980	68
10992	68
11003	68
11015	68
11027	68
11039	68
11050	68
11074	68
11085	68
11085	68
11097	68
11109	69
11121	69
11132	69
11144	69
11156	69
11167	69
11179	69
11191	69
11191	69
11203	69
11214	69
11226	69
11238	69
11250	69
11261	69
11273	69
11273	69
11285	69
11296	69
11308	69
11320	69
11332	69
11343	69
11355	69
11367	69
11378	69
11378	69
11390	69
11402	69
11414	69
11414	69
11425	69
11437	69
11449	69
11449	69
11460	69
11472	69
11484	69
11496	69
11507	69
11519	69
11531	69
11542	69
11542	69
11554	69
11566	69
11578	69
11589	69
11601	69
11613	69
11625	70
11636	70
11648	70
11660	70
11671	70
11683	70
11695	70
11707	70
11718	70
11730	70
11742	70
11753	70
11765	70
11777	70
11789	70
11800	70
11812	70
11824	70
11835	70
11847	70
11859	70
11859	70
11871	70
11882	70
11894	70
11906	70
11917	70
11929	70
11941	70
11953	70
11964	70
11976	70
11988	70
12000	70
12011	70
12023	70
12035	70
12035	70
12046	70
12058	70
12070	70
12082	70
12093	70
12105	70
12117	70
12128	70
12140	70
12152	70
12164	70
12175	70
12175	71
12187	71
12199	71
12210	71
12222	71
12234	71
12246	71
12257	71
12269	71
12281	71
12292	71
12304	71
12316	71
12328	71
12339	71
12351	71
12363	71
12375	71
12386	71
12398	71
12410	71
12421	71
12433	71
12445	71
12457	71
12468	71
12480	71
12492	71
12503	71
12503	71
12515	71
12527	71
12539	71
12550	71
12562	71
12574	71
12585	71
12597	71
12609	71
12621	71
12632	71
12644	71
12656	71
12667	71
12679	71
12691	71
12703	71
12714	71
12714	71
12726	71
12738	72
12750	72
12761	72
12773	72
12785	72
12796	72
12808	72
12820	72
12832	72
12843	72
12855	72
12867	72
12878	72
12890	72
12902	72
12914	72
12914	72
12925	72
12937	72
12949	72
12949	72
12960	72
12972	72
12984	72
12996	72
13007	72
13019	72
13031	72
13042	72
13054	72
13066	72
13078	72
13089	72
13101	72
13113	72
13125	72
13136	72
13148	72
13160	72
13171	72
13183	72
13195	72
13207	72
13218	72
13230	72
13242	72
13253	72
13265	72
13289	72
13300	72
13312	73
13324	73
13335	73
13347	73
13359	73
13371	73
13382	73
13394	73
13406	73
13417	73
13429	73
13441	73
13453	73
13476	73
13488	73
13500	73
13511	73
13523	73
13535	73
13546	73
13558	73
13570	73
13582	73
13593	73
13605	73
13617	73
13628	73
13640	73
13652	73
13664	73
13675	73
13687	73
13699	73
13710	73
13722	73
13734	73
13746	73
13757	73
13769	73
13781	73
13792	73
13804	73
13816	73
13828	73
13839	73
13851	73
13863	73
13875	73
13886	73
13898	73
13910	74
13921	74
13933	74
13945	74
13957	74
13968	74
13980	74
13992	74
14003	74
14015	74
14027	74
14039	74
14050	74
14062	74
14074	74
14085	74
14097	74
14109	74
14121	74
14132	74
14144	74
14156	74
14167	74
14179	74
14191	74
14214	74
14226	74
14238	74
14250	74
14261	74
14273	74
14285	74
14296	74
14308	74
14320	74
14332	74
14343	74
14355	74
14367	74
14378	74
14390	74
14402	74
14414	74
14425	74
14437	74
14449	74
14460	74
14472	74
14484	74
14496	74
14507	75
14519	75
14531	75
14542	75
14554	75
14566	75
14578	75
14589	75
14601	75
14613	75
14625	75
14636	75
14648	75
14660	75
14671	75
14683	75
14695	75
14707	75
14718	75
14730	75
14742	75
14753	75
14765	75
14777	75
14789	75
14800	75
14812	75
14824	75
14835	75
14847	75
14871	75
14882	75
14894	75
14906	75
14917	75
14929	75
14941	75
14953	75
14964	75
14976	75
14988	75
15011	75
15023	75
15035	75
15046	75
15058	75
15070	75
15082	75
15093	75
15105	75
15117	76
15128	76
15140	76
15152	76
15175	76
15175	76
15187	76
15199	76
15210	76
15222	76
15234	76
15246	76
15257	76
15281	76
15292	76
15304	76
15316	76
15328	76
15339	76
15351	76
15363	76
15375	76
15386	76
15398	76
15410	76
15421	76
15433	76
15445	76
15457	76
15468	76
15480	76
15492	76
15503	76
15515	76
15527	76
15539	76
15550	76
15574	76
15585	76
15597	76
15609	76
15621	76
15632	76
15644	76
15656	76
15667	76
15679	76
15691	76
15703	76
15726	76
15738	77
15750	77
15761	77
15785	77
15796	77
15808	77
15820	77
15832	77
15843	77
15855	77
15867	77
15878	77
15890	77
15902	77
15925	77
15937	77
15949	77
15960	77
15972	77
15984	77
15996	77
16007	77
16019	77
16031	77
16042	77
16054	77
16066	77
16078	77
16089	77
16101	77
16113	77
16125	77
16136	77
16148	77
16160	77
16183	77
16195	77
16207	77
16218	77
16230	77
16242	77
16253	77
16265	77
16277	77
16289	77
16300	77
16312	77
16335	77
16347	77
16359	77
16371	78
16382	78
16394	78
16406	78
16417	78
16429	78
16441	78
16464	78
16476	78
16488	78
16511	78
16523	78
16535	78
16546	78
16558	78
16582	78
16593	78
16605	78
16617	78
16628	78
16640	78
16652	78
16664	78
16675	78
16687	78
16699	78
16710	78
16734	78
16746	78
16757	78
16769	78
16781	78
16792	78
16804	78
16816	78
16828	78
16839	78
16863	78
16875	78
16886	78
16898	78
16910	78
16921	78
16933	78
16945	78
16968	78
16980	78
16992	78
17003	78
17015	78
17027	79
17039	79
17050	79
17074	79
17085	79
17097	79
17109	79
17121	79
17132	79
17144	79
17156	79
17167	79
17191	79
17203	79
17214	79
17238	79
17250	79
17261	79
17273	79
17296	79
17308	79
17320	79
17332	79
17343	79
17355	79
17378	79
17390	79
17402	79
17414	79
17425	79
17437	79
17449	79
17460	79
17472	79
17484	79
17496	79
17519	79
17531	79
17542	79
17554	79
17566	79
17578	79
17589	79
17601	79
17613	79
17636	79
17648	79
17660	79
17671	79
17683	79
17695	80
17707	80
17730	80
17742	80
17753	80
17765	80
17777	80
17789	80
17800	80
17812	80
17824	80
17847	80
17859	80
17871	80
17882	80
17894	80
17906	80
17917	80
17941	80
17953	80
17964	80
17976	80
18000	80
18011	80
18023	80
18046	80
18058	80
18070	80
18082	80
18093	80
18105	80
18128	80
18140	80
18152	80
18164	80
18175	80
18199	80
18210	80
18222	80
18234	80
18246	80
18257	80
18281	80
18292	80
18304	80
18316	80
18328	80
18339	80
18363	80
18375	80
18386	81
18398	81
18410	81
18433	81
18445	81
18457	81
18468	81
18480	81
18503	81
18515	81
18527	81
18539	81
18550	81
18562	81
18574	81
18585	81
18609	81
18621	81
18632	81
18644	81
18656	81
18679	81
18691	81
18703	81
18714	81
18726	81
18750	81
18761	81
18773	81
18796	81
18808	81
18820	81
18832	81
18855	81
18867	81
18878	81
18890	81
18902	81
18925	81
18937	81
18949	81
18960	81
18972	81
18996	81
19007	81
19019	81
19031	81
19042	81
19066	81
19078	81
19089	82
19101	82
19125	82
19136	82
19148	82
19160	82
19183	82
19195	82
19207	82
19218	82
19242	82
19253	82
19265	82
19277	82
19289	82
19300	82
19324	82
19335	82
19347	82
19359	82
19371	82
19394	82
19406	82
19417	82
19429	82
19441	82
19464	82
19476	82
19488	82
19511	82
19523	82
19535	82
19558	82
19570	82
19582	82
19593	82
19617	82
19628	82
19640	82
19664	82
19675	82
19687	82
19710	82
19722	82
19734	82
19746	82
19769	82
19781	82
19792	82
19804	82
19828	83
19839	83
19851	83
19875	83
19886	83
19910	83
19921	83
19933	83
19945	83
19957	83
19980	83
19992	83
20003	83
20015	83
20039	83
20050	83
20062	83
20074	83
20085	83
20097	83
20109	83
20121	83
20144	83
20156	83
20167	83
20179	83
20191	83
20214	83
20226	83
20238	83
20250	83
20273	83
20285	83
20296	83
20308	83
20332	83
20343	83
20355	83
20367	83
20390	83
20402	83
20414	83
20437	83
20449	83
20460	83
20484	83
20496	83
20507	83
20519	83
20542	83
20554	84
20566	84
20589	84
20601	84
20625	84
20636	84
20660	84
20671	84
20695	84
20707	84
20718	84
20730	84
20753	84
20765	84
20777	84
20789	84
20812	84
20824	84
20835	84
20847	84
20871	84
20882	84
20894	84
20906	84
20929	84
20941	84
20953	84
20964	84
20988	84
21000	84
21011	84
21035	84
21046	84
21058	84
21070	84
21093	84
21105	84
21117	84
21140	84
21152	84
21164	84
21175	84
21199	84
21210	84
21222	84
21234	84
21257	84
21269	84
21281	84
21292	84
21316	85
21328	85
21351	85
21363	85
21386	85
21410	85
21421	85
21433	85
21457	85
21468	85
21480	85
21492	85
21515	85
21527	85
21550	85
21562	85
21574	85
21597	85
21609	85
21621	85
21632	85
21656	85
21667	85
21679	85
21703	85
21714	85
21726	85
21738	85
21761	85
21773	85
21785	85
21808	85
21820	85
21832	85
21855	85
21867	85
21878	85
21890	85
21914	85
21925	85
21949	85
21960	85
21972	85
21996	85
22007	85
22019	85
22031	85
22054	85
22066	85
22089	85
22113	86
22125	86
22148	86
22160	86
22183	86
22195	86
22218	86
22230	86
22242	86
22265	86
22277	86
22289	86
22312	86
22324	86
22335	86
22359	86
22371	86
22382	86
22406	86
22417	86
22429	86
22453	86
22464	86
22476	86
22488	86
22500	86
22523	86
22535	86
22546	86
22558	86
22582	86
22593	86
22617	86
22628	86
22640	86
22652	86
22675	86
22687	86
22699	86
22710	86
22734	86
22746	86
22757	86
22781	86
22792	86
22804	86
22828	86
22851	86
22863	86
22886	86
22910	87
22921	87
22945	87
22957	87
22980	87
22992	87
23003	87
23027	87
23039	87
23062	87
23074	87
23097	87
23109	87
23121	87
23144	87
23156	87
23179	87
23191	87
23203	87
23226	87
23238	87
23250	87
23273	87
23285	87
23296	87
23320	87
23332	87
23343	87
23367	87
23378	87
23390	87
23414	87
23425	87
23437	87
23449	87
23460	87
23472	87
23496	87
23507	87
23531	87
23542	87
23554	87
23578	87
23589	87
23613	87
23625	87
23648	87
23660	87
23683	87
23695	87
23718	88
23730	88
23742	88
23765	88
23777	88
23800	88
23812	88
23835	88
23847	88
23859	88
23882	88
23894	88
23917	88
23929	88
23941	88
23964	88
23976	88
24000	88
24011	88
24023	88
24046	88
24058	88
24082	88
24093	88
24117	88
24128	88
24140	88
24164	88
24175	88
24187	88
24199	88
24222	88
24234	88
24257	88
24269	88
24281	88
24304	88
24316	88
24339	88
24351	88
24375	88
24386	88
24410	88
24421	88
24445	88
24457	88
24480	88
24492	88
24503	88
24527	88
24539	89
24562	89
24574	89
24585	89
24609	89
24621	89
24632	89
24656	89
24667	89
24691	89
24703	89
24714	89
24738	89
24750	89
24773	89
24785	89
24796	89
24820	89
24832	89
24855	89
24867	89
24890	89
24902	89
24914	89
24925	89
24937	89
24949	89
24972	89
24984	89
24996	89
25019	89
25031	89
25042	89
25066	89
25078	89
25101	89
25113	89
25136	89
25148	89
25171	89
25183	89
25207	89
25218	89
25230	89
25253	89
25265	89
25289	89
25312	89
25324	89
25347	89
25359	90
25382	90
25394	90
25406	90
25429	90
25441	90
25464	90
25476	90
25500	90
25523	90
25535	90
25558	90
25570	90
25593	90
25605	90
25617	90
25640	90
25652	90
25664	90
25687	90
25699	90
25710	90
25734	90
25746	90
25757	90
25781	90
25792	90
25816	90
25828	90
25851	90
25863	90
25886	90
25898	90
25910	90
25933	90
25945	90
25968	90
25980	90
26003	90
26015	90
26027	90
26050	90
26062	90
26074	90
26097	90
26109	90
26132	90
26144	90
26156	90
26179	90
26191	91
26214	91
26226	91
26250	91
26261	91
26285	91
26296	91
26308	91
26332	91
26343	91
26367	91
26378	91
26390	91
26414	91
26425	91
26437	91
26449	91
26472	91
26484	91
26496	91
26519	91
26531	91
26554	91
26566	91
26578	91
26601	91
26613	91
26625	91
26648	91
26660	91
26683	91
26695	91
26718	91
26730	91
26742	91
26765	91
26777	91
26800	91
26812	91
26824	91
26847	91
26859	91
26882	91
26894	91
26906	91
26929	91
26941	91
26964	91
26976	91
27000	91
27023	92
27035	92
27058	92
27070	92
27082	92
27105	92
27117	92
27140	92
27152	92
27164	92
27187	92
27199	92
27210	92
27234	92
27246	92
27257	92
27281	92
27292	92
27316	92
27328	92
27339	92
27363	92
27375	92
27398	92
27410	92
27421	92
27445	92
27457	92
27480	92
27492	92
27503	92
27527	92
27539	92
27550	92
27574	92
27585	92
27609	92
27621	92
27632	92
27656	92
27667	92
27691	92
27703	92
27726	92
27750	92
27761	92
27785	92
27796	92
27820	92
27832	92
27855	93
27867	93
27890	93
27902	93
27914	93
27937	93
27949	93
27960	93
27984	93
27996	93
28007	93
28031	93
28042	93
28066	93
28078	93
28089	93
28113	93
28125	93
28148	93
28160	93
28171	93
28195	93
28207	93
28230	93
28242	93
28265	93
28277	93
28289	93
28312	93
28324	93
28347	93
28359	93
28371	93
28394	93
28406	93
28429	93
28441	93
28464	93
28476	93
28500	93
28523	93
28535	93
28558	93
28570	93
28593	93
28605	93
28628	93
28640	93
28664	93
28675	93
28687	94
28710	94
28722	94
28734	94
28757	94
28769	94
28792	94
28804	94
28828	94
28839	94
28851	94
28875	94
28886	94
28910	94
28921	94
28933	94
28957	94
28968	94
28992	94
29003	94
29027	94
29039	94
29062	94
29074	94
29097	94
29109	94
29121	94
29144	94
29156	94
29179	94
29191	94
29214	94
29238	94
29250	94
29273	94
29296	94
29308	94
29332	94
29343	94
29367	94
29378	94
29402	94
29414	94
29425	94
29449	94
29460	94
29472	94
29496	94
29507	94
29531	94
29542	95
29566	95
29578	95
29589	95
29613	95
29625	95
29648	95
29660	95
29671	95
29695	95
29707	95
29730	95
29742	95
29765	95
29777	95
29789	95
29812	95
29824	95
29847	95
29859	95
29871	95
29894	95
29906	95
29929	95
29941	95
29964	95
29988	95
30000	95
30023	95
30035	95
30058	95
30070	95
30093	95
30105	95
30128	95
30140	95
30164	95
30175	95
30199	95
30210	95
30234	95
30246	95
30269	95
30281	95
30304	95
30316	95
30339	95
30351	95
30375	95
30386	95
30410	96
30421	96
30445	96
30457	96
30480	96
30492	96
30515	96
30527	96
30550	96
30562	96
30574	96
30597	96
30609	96
30632	96
30644	96
30667	96
30679	96
30703	96
30714	96
30738	96
30761	96
30773	96
30796	96
30808	96
30832	96
30843	96
30867	96
30878	96
30902	96
30914	96
30937	96
30949	96
30972	96
30984	96
31007	96
31019	96
31042	96
31054	96
31078	96
31089	96
31113	96
31136	96
31148	96
31171	96
31183	96
31207	96
31218	96
31242	96
31253	96
31277	96
31289	97
31312	97
31324	97
31347	97
31359	97
31382	97
31394	97
31417	97
31429	97
31453	97
31464	97
31488	97
31511	97
31523	97
31546	97
31570	97
31582	97
31605	97
31617	97
31640	97
31652	97
31675	97
31699	97
31722	97
31734	97
31757	97
31769	97
31792	97
31804	97
31828	97
31851	97
31863	97
31886	97
31910	97
31921	97
31945	97
31957	97
31980	97
31992	97
32015	97
32027	97
32050	97
32062	97
32074	97
32085	97
32109	97
32121	97
32144	97
32167	97
32179	97
32191	98
32214	98
32226	98
32250	98
32261	98
32285	98
32308	98
32320	98
32343	98
32355	98
32378	98
32390	98
32414	98
32425	98
32449	98
32472	98
32484	98
32507	98
32519	98
32542	98
32554	98
32578	98
32601	98
32625	98
32648	98
32671	98
32683	98
32707	98
32718	98
32742	98
32753	98
32777	98
32800	98
32812	98
32835	98
32847	98
32871	98
32882	98
32906	98
32917	98
32941	98
32953	98
32976	98
32988	98
33011	98
33035	98
33046	98
33070	98
33082	98
33105	98
33128	99
33140	99
33152	99
33175	99
33199	99
33210	99
33234	99
33246	99
33269	99
33281	99
33304	99
33328	99
33339	99
33363	99
33386	99
33410	99
33433	99
33457	99
33468	99
33492	99
33503	99
33527	99
33539	99
33562	99
33585	99
33597	99
33621	99
33632	99
33656	99
33667	99
33691	99
33714	99
33726	99
33750	99
33761	99
33785	99
33796	99
33820	99
33832	99
33855	99
33878	99
33890	99
33914	99
33925	99
33949	99
33972	99
33984	99
34007	99
34019	99
34042	99
34066	100
34089	100
34113	100
34136	100
34160	100
34171	100
34195	100
34218	100
34230	100
34253	100
34265	100
34289	100
34312	100
34324	100
34347	100
34359	100
34382	100
34406	100
34417	100
34441	100
34453	100
34476	100
34488	100
34511	100
34523	100
34546	100
34558	100
34582	100
34605	100
34617	100
34640	100
34652	100
34675	100
34687	100
34710	100
34722	100
34746	100
34757	100
34781	100
34792	100
34816	100
34839	100
34863	100
34886	100
34910	100
34933	100
34957	100
34968	100
34992	100
35003	100
35027	101
35050	101
35074	101
35097	101
35109	101
35132	101
35144	101
35167	101
35191	101
35203	101
35226	101
35238	101
35261	101
35285	101
35296	101
35320	101
35332	101
35355	101
35378	101
35390	101
35414	101
35425	101
35437	101
35449	101
35472	101
35496	101
35507	101
35531	101
35542	101
35566	101
35589	101
35613	101
35625	101
35648	101
35671	101
35695	101
35707	101
35730	101
35753	101
35765	101
35789	101
35812	101
35835	101
35847	101
35871	101
35882	101
35906	101
35929	101
35941	101
35964	101
35988	102
36011	102
36023	102
36046	102
36070	102
36082	102
36105	102
36128	102
36140	102
36164	102
36175	102
36199	102
36210	102
36234	102
36257	102
36269	102
36292	102
36316	102
36328	102
36351	102
36375	102
36398	102
36410	102
36433	102
36457	102
36480	102
36492	102
36515	102
36527	102
36550	102
36574	102
36585	102
36609	102
36632	102
36644	102
36667	102
36691	102
36703	102
36726	102
36738	102
36761	102
36785	102
36796	102
36820	102
36843	102
36855	102
36878	102
36902	102
36914	102
36925	102
36949	103
36960	103
36984	103
36996	103
37019	103
37042	103
37054	103
37078	103
37101	103
37125	103
37136	103
37160	103
37183	103
37207	103
37218	103
37242	103
37265	103
37289	103
37312	103
37335	103
37359	103
37371	103
37394	103
37417	103
37429	103
37453	103
37476	103
37500	103
37523	103
37546	103
37570	103
37582	103
37605	103
37628	103
37640	103
37664	103
37687	103
37699	103
37722	103
37734	103
37757	103
37781	103
37792	103
37816	103
37839	103
37863	103
37875	103
37898	103
37921	103
37945	103
37957	104
37980	104
38003	104
38015	104
38039	104
38062	104
38074	104
38097	104
38121	104
38132	104
38156	104
38179	104
38203	104
38214	104
38238	104
38261	104
38285	104
38308	104
38320	104
38343	104
38367	104
38390	104
38402	104
38425	104
38437	104
38460	104
38472	104
38496	104
38519	104
38542	104
38554	104
38578	104
38601	104
38613	104
38636	104
38660	104
38683	104
38695	104
38718	104
38742	104
38765	104
38777	104
38800	104
38824	104
38835	104
38859	104
38882	104
38906	104
38917	104
38941	104
38964	105
38988	105
39011	105
39035	105
39058	105
39070	105
39093	105
39117	105
39140	105
39152	105
39175	105
39199	105
39210	105
39234	105
39246	105
39269	105
39292	105
39316	105
39328	105
39351	105
39375	105
39386	105
39410	105
39433	105
39457	105
39468	105
39492	105
39515	105
39539	105
39550	105
39574	105
39597	105
39609	105
39632	105
39656	105
39679	105
39691	105
39714	105
39738	105
39761	105
39785	105
39808	105
39832	105
39855	105
39878	105
39890	105
39914	105
39937	105
39949	105
39972	105
39996	106
40007	106
40031	106
40054	106
40078	106
40089	106
40113	106
40136	106
40148	106
40171	106
40195	106
40218	106
40242	106
40253	106
40277	106
40300	106
40312	106
40335	106
40359	106
40382	106
40394	106
40417	106
40441	106
40464	106
40488	106
40511	106
40535	106
40558	106
40582	106
40605	106
40628	106
40640	106
40664	106
40687	106
40710	106
40722	106
40746	106
40769	106
40792	106
40804	106
40828	106
40851	106
40863	106
40886	106
40910	106
40933	106
40945	106
40968	106
40992	106
41015	106
41039	107
41050	107
41074	107
41097	107
41121	107
41132	107
41156	107
41179	107
41203	107
41226	107
41250	107
41273	107
41296	107
41320	107
41343	107
41367	107
41378	107
41402	107
41425	107
41449	107
41460	107
41484	107
41507	107
41519	107
41542	107
41566	107
41589	107
41613	107
41625	107
41648	107
41671	107
41695	107
41707	107
41730	107
41753	107
41777	107
41789	107
41812	107
41835	107
41859	107
41871	107
41894	107
41917	107
41941	107
41964	107
41988	107
42011	107
42035	107
42058	107
42082	107
42093	108
42117	108
42140	108
42164	108
42187	108
42199	108
42222	108
42246	108
42269	108
42292	108
42304	108
42328	108
42351	108
42375	108
42398	108
42421	108
42433	108
42457	108
42480	108
42503	108
42527	108
42539	108
42562	108
42585	108
42597	108
42621	108
42644	108
42667	108
42691	108
42714	108
42726	108
42750	108
42773	108
42796	108
42820	108
42843	108
42867	108
42890	108
42902	108
42925	108
42949	108
42972	108
42996	108
43007	108
43031	108
43054	108
43078	108
43101	108
43125	108
43148	108
43171	109
43195	109
43207	109
43230	109
43253	109
43277	109
43300	109
43312	109
43335	109
43359	109
43382	109
43406	109
43417	109
43441	109
43464	109
43488	109
43511	109
43535	109
43558	109
43582	109
43605	109
43628	109
43652	109
43675	109
43699	109
43722	109
43746	109
43769	109
43781	109
43804	109
43828	109
43851	109
43875	109
43898	109
43921	109
43945	109
43968	109
43992	109
44015	109
44027	109
44050	109
44062	109
44085	109
44109	109
44121	109
44144	109
44167	109
44191	109
44214	109
44238	109
44250	110
44273	110
44296	110
44320	110
44343	110
44367	110
44390	110
44402	110
44425	110
44460	110
44484	110
44496	110
44519	110
44542	110
44566	110
44589	110
44613	110
44648	110
44671	110
44695	110
44718	110
44730	110
44753	110
44777	110
44800	110
44824	110
44847	110
44871	110
44882	110
44906	110
44929	110
44953	110
44976	110
45000	110
45023	110
45035	110
45058	110
45082	110
45105	110
45128	110
45152	110
45175	110
45187	110
45210	110
45234	110
45257	110
45281	110
45304	110
45328	110
45351	110
45375	111
45410	111
45433	111
45457	111
45480	111
45492	111
45515	111
45539	111
45562	111
45585	111
45609	111
45632	111
45656	111
45679	111
45691	111
45714	111
45738	111
45761	111
45785	111
45808	111
45832	111
45855	111
45878	111
45890	111
45914	111
45937	111
45960	111
45984	111
46007	111
46031	111
46054	111
46078	111
46101	111
46136	111
46160	111
46183	111
46207	111
46230	111
46253	111
46277	111
46300	111
46324	111
46335	111
46359	111
46382	111
46406	111
46429	111
46453	111
46476	111
46488	111
46511	112
46535	112
46558	112
46570	112
46593	112
46617	112
46640	112
46664	112
46687	112
46699	112
46722	112
46746	112
46769	112
46792	112
46816	112
46839	112
46875	112
46898	112
46921	112
46945	112
46968	112
46992	112
47015	112
47039	112
47074	112
47097	112
47121	112
47144	112
47167	112
47191	112
47203	112
47226	112
47250	112
47273	112
47296	112
47320	112
47343	112
47367	112
47390	112
47402	112
47425	112
47437	112
47460	112
47484	112
47507	112
47531	112
47554	112
47578	112
47601	112
47625	112
47648	113
47671	113
47695	113
47718	113
47742	113
47765	113
47789	113
47812	113
47835	113
47859	113
47882	113
47906	113
47929	113
47953	113
47976	113
48000	113
48023	113
48046	113
48070	113
48093	113
48117	113
48128	113
48152	113
48175	113
48199	113
48222	113
48246	113
48269	113
48281	113
48304	113
48328	113
48363	113
48386	113
48410	113
48433	113
48457	113
48480	113
48503	113
48527	113
48550	113
48574	113
48597	113
48609	113
48632	113
48656	113
48679	113
48703	113
48726	113
48750	113
48773	113
48796	114
48820	114
48843	114
48867	114
48890	114
48914	114
48925	114
48949	114
48972	114
48984	114
49007	114
49031	114
49054	114
49078	114
49101	114
49136	114
49160	114
49183	114
49207	114
49230	114
49253	114
49277	114
49300	114
49324	114
49359	114
49371	114
49394	114
49417	114
49441	114
49476	114
49500	114
49523	114
49546	114
49570	114
49593	114
49617	114
49640	114
49664	114
49687	114
49699	114
49722	114
49746	114
49769	114
49792	114
49816	114
49839	114
49863	114
49886	114
49910	114
49933	114
49957	115
49980	115
50003	115
50027	115
50050	115
50074	115
50097	115
50121	115
50144	115
50167	115
50191	115
50214	115
50238	115
50261	115
50285	115
50308	115
50332	115
50355	115
50378	115
50402	115
50425	115
50449	115
50460	115
50484	115
50507	115
50531	115
50554	115
50578	115
50601	115
50625	115
50648	115
50671	115
50695	115
50718	115
50742	115
50765	115
50789	115
50812	115
50835	115
50859	115
50882	115
50906	115
50929	115
50953	115
50988	115
51011	115
51035	115
51058	115
51082	115
51105	115
51128	116
51152	116
51175	116
51199	116
51222	116
51234	116
51257	116
51281	116
51304	116
51328	116
51351	116
51375	116
51398	116
51421	116
51445	116
51468	116
51492	116
51515	116
51539	116
51562	116
51574	116
51597	116
51621	116
51644	116
51667	116
51691	116
51726	116
51750	116
51773	116
51796	116
51820	116
51843	116
51867	116
51890	116
51914	116
51937	116
51960	116
51984	116
52007	116
52031	116
52054	116
52078	116
52101	116
52125	116
52148	116
52171	116
52195	116
52218	116
52242	116
52265	116
52289	117
52312	117
52335	117
52359	117
52382	117
52406	117
52429	117
52453	117
52476	117
52511	117
52535	117
52558	117
52582	117
52605	117
52628	117
52652	117
52675	117
52699	117
52722	117
52746	117
52769	117
52792	117
52816	117
52839	117
52863	117
52886	117
52910	117
52933	117
52957	117
52980	117
53003	117
53027	117
53050	117
53074	117
53097	117
53121	117
53144	117
53167	117
53191	117
53214	117
53250	117
53273	117
53296	117
53320	117
53343	117
53367	117
53390	117
53414	117
53437	117
53460	117
53484	118
53507	118
53531	118
53554	118
53578	118
53601	118
53625	118
53648	118
53671	118
53695	118
53718	118
53742	118
53765	118
53789	118
53800	118
53824	118
53847	118
53871	118
53894	118
53929	118
53953	118
53976	118
54000	118
54035	118
54058	118
54082	118
54105	118
54128	118
54152	118
54175	118
54199	118
54222	118
54246	118
54269	118
54292	118
54316	118
54351	118
54375	118
54398	118
54421	118
54445	118
54468	118
54492	118
54515	118
54539	118
54562	118
54585	118
54609	118
54632	118
54656	118
54679	119
54703	119
54726	119
54750	119
54773	119
54808	119
54832	119
54855	119
54878	119
54902	119
54925	119
54949	119
54972	119
54996	119
55019	119
55042	119
55066	119
55089	119
55113	119
55136	119
55160	119
55195	119
55218	119
55242	119
55265	119
55289	119
55312	119
55335	119
55359	119
55382	119
55406	119
55429	119
55453	119
55476	119
55500	119
55535	119
55558	119
55582	119
55605	119
55628	119
55652	119
55687	119
55710	119
55734	119
55757	119
55781	119
55816	119
55839	119
55863	119
55886	119
55921	120
55945	120
55968	120
55992	120
56015	120
56039	120
56062	120
56074	120
56097	120
56121	120
56144	120
56167	120
56191	120
56214	120
56238	120
56261	120
56285	120
56320	120
56343	120
56367	120
56390	120
56414	120
56437	120
56460	120
56496	120
56507	120
56531	120
56566	120
56589	120
56625	120
56648	120
56671	120
56707	120
56730	120
56753	120
56777	120
56800	120
56824	120
56847	120
56871	120
56894	120
56917	120
56941	120
56964	120
56988	120
57011	120
57035	120
57058	120
57082	120
57117	120
57140	121
57164	121
57187	121
57210	121
57234	121
57257	121
57281	121
57304	121
57328	121
57363	121
57386	121
57421	121
57445	121
57468	121
57492	121
57527	121
57550	121
57574	121
57597	121
57621	121
57644	121
57667	121
57691	121
57726	121
57750	121
57773	121
57796	121
57820	121
57843	121
57867	121
57890	121
57914	121
57949	121
57972	121
57996	121
58019	121
58042	121
58066	121
58101	121
58136	121
58160	121
58195	121
58218	121
58242	121
58265	121
58289	121
58312	121
58335	121
58359	121
58382	121
58406	122
58429	122
58453	122
58476	122
58500	122
58523	122
58546	122
58570	122
58593	122
58628	122
58652	122
58664	122
58687	122
58710	122
58746	122
58769	122
58792	122
58816	122
58839	122
58875	122
58910	122
58933	122
58957	122
58980	122
59015	122
59039	122
59074	122
59097	122
59121	122
59144	122
59167	122
59203	122
59226	122
59250	122
59273	122
59296	122
59320	122
59343	122
59378	122
59402	122
59414	122
59437	122
59460	122
59484	122
59507	122
59531	122
59554	122
59589	122
59613	122
59636	122
59671	123
59695	123
59718	123
59742	123
59765	123
59800	123
59824	123
59847	123
59871	123
59894	123
59929	123
59953	123
59976	123
60000	123
60023	123
60058	123
60082	123
60105	123
60128	123
60152	123
60175	123
60199	123
60222	123
60246	123
60269	123
60292	123
60328	123
60351	123
60375	123
60410	123
60433	123
60457	123
60480	123
60515	123
60539	123
60562	123
60585	123
60609	123
60632	123
60656	123
60691	123
60714	123
60738	123
60761	123
60785	123
60808	123
60832	123
60867	123
60890	123
60914	123
60925	124
60949	124
60972	124
60996	124
61031	124
61054	124
61078	124
61101	124
61136	124
61160	124
61183	124
61207	124
61242	124
61265	124
61289	124
61324	124
61347	124
61382	124
61406	124
61429	124
61453	124
61488	124
61511	124
61546	124
61570	124
61593	124
61617	124
61640	124
61675	124
61687	124
61722	124
61746	124
61769	124
61792	124
61816	124
61839	124
61875	124
61898	124
61921	124
61945	124
61980	124
62003	124
62027	124
62050	124
62074	124
62097	124
62132	124
62156	124
62179	124
62203	124
62238	125
62261	125
62285	125
62308	125
62343	125
62367	125
62390	125
62414	125
62437	125
62460	125
62484	125
62507	125
62531	125
62566	125
62589	125
62613	125
62636	125
62660	125
62683	125
62718	125
62742	125
62765	125
62789	125
62824	125
62847	125
62871	125
62894	125
62917	125
62953	125
62976	125
63011	125
63035	125
63058	125
63093	125
63117	125
63140	125
63164	125
63187	125
63210	125
63246	125
63269	125
63292	125
63316	125
63339	125
63375	125
63398	125
63421	125
63445	125
63468	125
63503	125
63527	126
63550	126
63574	126
63597	126
63632	126
63656	126
63679	126
63703	126
63738	126
63761	126
63796	126
63820	126
63843	126
63878	126
63902	126
63925	126
63949	126
63972	126
63996	126
64031	126
64054	126
64078	126
64101	126
64125	126
64148	126
64171	126
64207	126
64230	126
64253	126
64277	126
64300	126
64335	126
64359	126
64382	126
64406	126
64441	126
64464	126
64500	126
64523	126
64558	126
64582	126
64605	126
64640	126
64664	126
64687	126
64710	126
64734	126
64769	126
64792	126
64816	126
64839	127
64863	127
64898	127
64921	127
64945	127
64980	127
65003	127
65027	127
65050	127
65085	127
65109	127
65132	127
65156	127
65191	127
65214	127
65250	127
65285	127
65308	127
65332	127
65367	127
65390	127
65414	127
65437	127
65460	127
65496	127
65519	127
65542	127
65566	127
65601	127
65625	127
65648	127
65671	127
65695	127
65730	127
65753	127
65777	127
65800	127
65824	127
65859	127
65882	127
65906	127
65929	127
65964	127
65988	127
66023	127
66046	127
66082	127
66105	127
66128	127
66152	127
66187	128
66210	128
66234	128
66269	128
66292	128
66316	128
66339	128
66375	128
66398	128
66433	128
66457	128
66480	128
66515	128
66539	128
66562	128
66585	128
66609	128
66644	128
66667	128
66691	128
66726	128
66750	128
66785	128
66808	128
66832	128
66867	128
66890	128
66914	128
66949	128
66972	128
66996	128
67031	128
67054	128
67078	128
67113	128
67136	128
67171	128
67195	128
67230	128
67253	128
67277	128
67300	128
67335	128
67359	128
67382	128
67406	128
67441	128
67464	128
67500	128
67523	128
67558	129
67582	129
67605	129
67640	129
67664	129
67699	129
67734	129
67757	129
67781	129
67804	129
67839	129
67863	129
67898	129
67921	129
67957	129
67980	129
68003	129
68027	129
68050	129
68074	129
68097	129
68132	129
68156	129
68179	129
68214	129
68238	129
68261	129
68285	129
68320	129
68343	129
68378	129
68402	129
68425	129
68460	129
68484	129
68519	129
68542	129
68578	129
68601	129
68636	129
68671	129
68695	129
68730	129
68753	129
68777	129
68812	129
68835	129
68859	129
68894	129
68917	129
68953	130
68976	130
69000	130
69023	130
69058	130
69082	130
69117	130
69140	130
69164	130
69187	130
69222	130
69246	130
69269	130
69304	130
69328	130
69363	130
69398	130
69433	130
69457	130
69480	130
69515	130
69539	130
69574	130
69597	130
69621	130
69656	130
69679	130
69703	130
69738	130
69761	130
69785	130
69820	130
69843	130
69867	130
69902	130
69925	130
69949	130
69984	130
70007	130
70031	130
70066	130
70101	130
70136	130
70171	130
70195	130
70218	130
70253	130
70277	130
70312	130
70335	130
70359	131
70382	131
70417	131
70441	131
70464	131
70500	131
70523	131
70546	131
70570	131
70605	131
70628	131
70652	131
70675	131
70710	131
70734	131
70757	131
70792	131
70816	131
70851	131
70886	131
70921	131
70957	131
70980	131
71015	131
71039	131
71074	131
71109	131
71132	131
71156	131
71191	131
71214	131
71250	131
71273	131
71296	131
71332	131
71355	131
71378	131
71414	131
71425	131
71449	131
71484	131
71507	131
71531	131
71566	131
71589	131
71625	131
71660	131
71683	131
71707	131
71742	131
71765	132
71800	132
71824	132
71859	132
71882	132
71906	132
71941	132
71964	132
72000	132
72023	132
72058	132
72082	132
72105	132
72140	132
72164	132
72187	132
72222	132
72246	132
72269	132
72304	132
72328	132
72363	132
72386	132
72421	132
72445	132
72480	132
72503	132
72539	132
72562	132
72585	132
72621	132
72644	132
72679	132
72703	132
72726	132
72761	132
72785	132
72808	132
72843	132
72867	132
72902	132
72925	132
72949	132
72972	132
72996	132
73031	132
73054	132
73078	132
73113	132
73148	132
73171	133
73207	133
73230	133
73265	133
73289	133
73324	133
73359	133
73382	133
73417	133
73441	133
73476	133
73511	133
73535	133
73570	133
73593	133
73628	133
73652	133
73675	133
73710	133
73734	133
73757	133
73792	133
73816	133
73851	133
73875	133
73910	133
73933	133
73968	133
73992	133
74015	133
74050	133
74074	133
74109	133
74132	133
74156	133
74191	133
74214	133
74250	133
74273	133
74308	133
74332	133
74367	133
74390	133
74425	133
74449	133
74472	133
74496	133
74531	133
74554	133
74578	133
74613	134
74636	134
74671	134
74695	134
74730	134
74753	134
74789	134
74812	134
74835	134
74871	134
74894	134
74929	134
74953	134
74988	134
75023	134
75058	134
75082	134
75117	134
75140	134
75164	134
75199	134
75222	134
75246	134
75281	134
75304	134
75339	134
75363	134
75386	134
75421	134
75445	134
75480	134
75503	134
75539	134
75562	134
75597	134
75621	134
75644	134
75679	134
75703	134
75738	134
75773	134
75808	134
75832	134
75867	134
75890	134
75925	134
75949	134
75972	134
75996	134
76031	134
76066	135
76089	135
76113	135
76136	135
76171	135
76195	135
76230	135
76253	135
76289	135
76312	135
76347	135
76371	135
76394	135
76429	135
76464	135
76488	135
76523	135
76558	135
76582	135
76617	135
76640	135
76675	135
76699	135
76722	135
76757	135
76792	135
76816	135
76839	135
76875	135
76898	135
76933	135
76957	135
76992	135
77015	135
77050	135
77074	135
77109	135
77132	135
77167	135
77191	135
77226	135
77261	135
77296	135
77320	135
77355	135
77378	135
77414	135
77437	135
77460	135
77496	135
77519	136
77554	136
77578	136
77613	136
77636	136
77660	136
77695	136
77730	136
77753	136
77777	136
77812	136
77835	136
77871	136
77894	136
77917	136
77953	136
77988	136
78023	136
78046	136
78082	136
78105	136
78140	136
78175	136
78199	136
78234	136
78257	136
78292	136
78316	136
78351	136
78375	136
78410	136
78433	136
78468	136
78503	136
78527	136
78550	136
78585	136
78609	136
78644	136
78667	136
78703	136
78726	136
78761	136
78796	136
78820	136
78855	136
78878	136
78914	136
78937	136
78972	136
78996	137
79031	137
79054	137
79089	137
79125	137
79148	137
79183	137
79207	137
79242	137
79277	137
79300	137
79324	137
79359	137
79382	137
79417	137
79441	137
79476	137
79511	137
79546	137
79570	137
79605	137
79628	137
79664	137
79699	137
79734	137
79757	137
79792	137
79816	137
79851	137
79886	137
79921	137
79945	137
79980	137
80003	137
80039	137
80062	137
80085	137
80109	137
80144	137
80179	137
80203	137
80238	137
80261	137
80296	137
80320	137
80355	137
80378	137
80414	137
80449	137
80484	137
80507	138
80542	138
80566	138
80601	138
80636	138
80671	138
80707	138
80730	138
80765	138
80800	138
80824	138
80859	138
80882	138
80917	138
80941	138
80976	138
81000	138
81035	138
81058	138
81093	138
81128	138
81152	138
81175	138
81210	138
81234	138
81269	138
81292	138
81328	138
81363	138
81398	138
81433	138
81468	138
81492	138
81527	138
81562	138
81585	138
81621	138
81644	138
81679	138
81703	138
81738	138
81761	138
81796	138
81832	138
81855	138
81890	138
81914	138
81949	138
81984	138
82007	138
82042	139
82078	139
82113	139
82148	139
82183	139
82218	139
82242	139
82277	139
82312	139
82335	139
82371	139
82394	139
82429	139
82453	139
82488	139
82511	139
82535	139
82570	139
82605	139
82628	139
82664	139
82687	139
82710	139
82746	139
82769	139
82804	139
82839	139
82875	139
82921	139
82945	139
82980	139
83003	139
83039	139
83085	139
83109	139
83144	139
83167	139
83203	139
83226	139
83261	139
83285	139
83320	139
83355	139
83378	139
83414	139
83437	139
83460	139
83484	139
83519	139
83542	139
83578	140
83613	140
83648	140
83671	140
83707	140
83742	140
83765	140
83800	140
83835	140
83871	140
83894	140
83929	140
83953	140
83988	140
84023	140
84046	140
84082	140
84117	140
84140	140
84175	140
84199	140
84234	140
84257	140
84292	140
84328	140
84351	140
84386	140
84421	140
84457	140
84480	140
84515	140
84550	140
84574	140
84609	140
84632	140
84667	140
84703	140
84726	140
84761	140
84785	140
84820	140
84855	140
84878	140
84914	140
84937	140
84960	140
84984	140
85019	140
85054	140
85078	140
85113	141
85148	141
85183	141
85207	141
85242	141
85277	141
85312	141
85347	141
85371	141
85406	141
85441	141
85476	141
85511	141
85535	141
85570	141
85605	141
85628	141
85664	141
85687	141
85722	141
85746	141
85781	141
85816	141
85839	141
85875	141
85910	141
85933	141
85968	141
86003	141
86027	141
86062	141
86097	141
86121	141
86156	141
86191	141
86214	141
86250	141
86285	141
86320	141
86343	141
86378	141
86414	141
86437	141
86460	141
86496	141
86519	141
86554	141
86589	141
86613	141
86648	141
86683	142
86707	142
86742	142
86777	142
86800	142
86835	142
86859	142
86894	142
86929	142
86964	142
87000	142
87035	142
87058	142
87093	142
87128	142
87152	142
87187	142
87210	142
87246	142
87281	142
87304	142
87339	142
87363	142
87398	142
87433	142
87457	142
87492	142
87527	142
87550	142
87585	142
87609	142
87644	142
87679	142
87703	142
87750	142
87785	142
87808	142
87843	142
87878	142
87902	142
87937	142
87960	142
87996	142
88031	142
88054	142
88089	142
88113	142
88148	142
88171	142
88207	142
88242	143
88277	143
88300	143
88335	143
88359	143
88394	143
88429	143
88464	143
88500	143
88535	143
88570	143
88605	143
88628	143
88664	143
88699	143
88722	143
88757	143
88781	143
88816	143
88851	143
88875	143
88910	143
88945	143
88980	143
89003	143
89039	143
89074	143
89097	143
89132	143
89167	143
89203	143
89238	143
89273	143
89308	143
89343	143
89367	143
89402	143
89437	143
89460	143
89496	143
89519	143
89554	143
89589	143
89613	143
89648	143
89683	143
89707	143
89742	143
89777	143
89800	143
89835	144
89859	144
89894	144
89929	144
89964	144
90000	144
90035	144
90070	144
90093	144
90128	144
90164	144
90199	144
90222	144
90257	144
90292	144
90316	144
90351	144
90386	144
90421	144
90445	144
90480	144
90515	144
90539	144
90574	144
90597	144
90632	144
90667	144
90691	144
90726	144
90761	144
90796	144
90832	144
90867	144
90890	144
90925	144
90960	144
90996	144
91019	144
91054	144
91089	144
91125	144
91160	144
91183	144
91218	144
91253	144
91289	144
91312	144
91347	144
91371	144
91406	144
91441	145
91476	145
91511	145
91546	145
91582	145
91617	145
91640	145
91687	145
91722	145
91757	145
91781	145
91816	145
91851	145
91886	145
91921	145
91957	145
91992	145
92015	145
92050	145
92074	145
92097	145
92132	145
92167	145
92203	145
92226	145
92261	145
92296	145
92320	145
92355	145
92390	145
92425	145
92460	145
92496	145
92519	145
92554	145
92589	145
92625	145
92660	145
92695	145
92730	145
92765	145
92789	145
92824	145
92859	145
92882	145
92917	145
92953	145
92976	145
93011	145
93046	145
93070	146
93105	146
93140	146
93175	146
93199	146
93234	146
93269	146
93292	146
93328	146
93375	146
93410	146
93445	146
93480	146
93503	146
93539	146
93574	146
93609	146
93632	146
93667	146
93703	146
93738	146
93761	146
93796	146
93832	146
93867	146
93890	146
93925	146
93960	146
93996	146
94031	146
94066	146
94101	146
94136	146
94183	146
94218	146
94242	146
94277	146
94312	146
94335	146
94371	146
94406	146
94441	146
94464	146
94500	146
94523	146
94558	146
94593	146
94628	146
94652	146
94675	146
94710	147
94746	147
94769	147
94804	147
94839	147
94886	147
94921	147
94957	147
94992	147
95015	147
95062	147
95097	147
95121	147
95156	147
95191	147
95226	147
95250	147
95285	147
95308	147
95343	147
95378	147
95402	147
95437	147
95460	147
95484	147
95519	147
95554	147
95589	147
95625	147
95660	147
95695	147
95718	147
95753	147
95789	147
95824	147
95859	147
95882	147
95917	147
95953	147
95988	147
96023	147
96046	147
96082	147
96117	147
96152	147
96175	147
96210	147
96246	147
96269	147
96304	147
96339	148
96375	148
96410	148
96445	148
96480	148
96515	148
96539	148
96574	148
96609	148
96632	148
96667	148
96703	148
96738	148
96761	148
96796	148
96832	148
96867	148
96890	148
96925	148
96949	148
96972	148
97007	148
97042	148
97066	148
97101	148
97136	148
97171	148
97207	148
97242	148
97277	148
97312	148
97347	148
97382	148
97406	148
97441	148
97476	148
97511	148
97546	148
97582	148
97617	148
97640	148
97675	148
97699	148
97734	148
97769	148
97804	148
97828	148
97863	148
97898	148
97933	148
97968	149
97992	149
98027	149
98062	149
98097	149
98121	149
98156	149
98191	149
98226	149
98261	149
98285	149
98320	149
98355	149
98390	149
98414	149
98449	149
98472	149
98507	149
98542	149
98566	149
98601	149
98636	149
98671	149
98695	149
98730	149
98765	149
98800	149
98835	149
98859	149
98894	149
98929	149
98964	149
99000	149
99035	149
99070	149
99105	149
99128	149
99164	149
99187	149
99222	149
99257	149
99281	149
99316	149
99351	149
99375	149
99410	149
99445	149
99468	149
99503	149
99539	149
99562	150
99597	150
99632	150
99656	150
99691	150
99726	150
99761	150
99796	150
99832	150
99867	150
99902	150
99925	150
99960	150
99984	150
100019	150
100054	150
100078	150
100113	150
100136	150
100171	150
100207	150
100242	150
100265	150
100300	150
100335	150
100359	150
100394	150
100429	150
100464	150
100500	150
100535	150
100570	150
100605	150
100640	150
100664	150
100699	150
100734	150
100757	150
100792	150
100828	150
100863	150
100886	150
100921	150
100957	150
100992	150
101015	150
101050	150
101085	150
101121	150
101144	150
101179	151
101214	151
101261	151
101296	151
101332	151
101355	151
101390	151
101425	151
101449	151
101484	151
101519	151
101542	151
101578	151
101613	151
101636	151
101671	151
101707	151
101730	151
101765	151
101800	151
101824	151
101859	151
101882	151
101917	151
101953	151
101988	151
102023	151
102058	151
102093	151
102117	151
102152	151
102187	151
102222	151
102246	151
102281	151
102316	151
102351	151
102375	151
102410	151
102445	151
102480	151
102515	151
102539	151
102574	151
102597	151
102632	151
102667	151
102691	151
102726	151
102761	151
102796	152
102832	152
102867	152
102902	152
102937	152
102960	152
102996	152
103031	152
103066	152
103101	152
103136	152
103160	152
103195	152
103230	152
103265	152
103300	152
103324	152
103359	152
103394	152
103417	152
103453	152
103488	152
103523	152
103558	152
103593	152
103628	152
103664	152
103699	152
103734	152
103769	152
103792	152
103828	152
103863	152
103898	152
103933	152
103968	152
104003	152
104027	152
104050	152
104085	152
104109	152
104144	152
104179	152
104203	152
104238	152
104273	152
104296	152
104332	152
104367	152
104402	152
104437	153
104472	153
104496	153
104531	153
104566	153
104601	153
104636	153
104671	153
104707	153
104742	153
104777	153
104800	153
104835	153
104859	153
104894	153
104929	153
104964	153
104988	153
105023	153
105058	153
105093	153
105117	153
105152	153
105187	153
105222	153
105246	153
105281	153
105316	153
105351	153
105386	153
105421	153
105457	153
105492	153
105527	153
105562	153
105585	153
105621	153
105656	153
105691	153
105714	153
105750	153
105785	153
105808	153
105843	153
105878	153
105914	153
105949	153
105984	153
106007	153
106042	153
106078	154
106113	154
106160	154
106195	154
106230	154
106253	154
106289	154
106324	154
106347	154
106382	154
106417	154
106441	154
106476	154
106500	154
106535	154
106558	154
106593	154
106628	154
106652	154
106687	154
106710	154
106746	154
106781	154
106804	154
106851	154
106886	154
106921	154
106957	154
106992	154
107015	154
107062	154
107097	154
107121	154
107156	154
107191	154
107214	154
107250	154
107285	154
107308	154
107343	154
107378	154
107402	154
107425	154
107460	154
107484	154
107519	154
107554	154
107578	154
107613	154
107648	154
107683	155
107718	155
107753	155
107777	155
107812	155
107847	155
107882	155
107917	155
107941	155
107976	155
108011	155
108046	155
108082	155
108105	155
108140	155
108175	155
108199	155
108234	155
108257	155
108292	155
108328	155
108363	155
108398	155
108433	155
108468	155
108492	155
108527	155
108562	155
108585	155
108621	155
108656	155
108691	155
108714	155
108750	155
108773	155
108808	155
108843	155
108878	155
108902	155
108925	155
108949	155
108984	155
109007	155
109042	155
109078	155
109113	155
109136	155
109171	155
109207	155
109242	155
109265	156
109312	156
109347	156
109371	156
109406	156
109441	156
109476	156
109511	156
109546	156
109582	156
109605	156
109640	156
109664	156
109699	156
109722	156
109757	156
109792	156
109816	156
109851	156
109886	156
109921	156
109945	156
109980	156
110015	156
110050	156
110074	156
110109	156
110144	156
110167	156
110203	156
110238	156
110273	156
110308	156
110332	156
110367	156
110402	156
110425	156
110449	156
110484	156
110507	156
110542	156
110578	156
110601	156
110636	156
110671	156
110707	156
110730	156
110765	156
110800	156
110824	156
110859	157
110894	157
110917	157
110953	157
110988	157
111023	157
111058	157
111093	157
111117	157
111152	157
111175	157
111210	157
111234	157
111269	157
111304	157
111328	157
111363	157
111386	157
111421	157
111457	157
111480	157
111515	157
111539	157
111574	157
111609	157
111632	157
111667	157
111703	157
111738	157
111773	157
111808	157
111843	157
111867	157
111902	157
111925	157
111960	157
111984	157
112019	157
112054	157
112078	157
112113	157
112136	157
112171	157
112207	157
112230	157
112265	157
112289	157
112324	157
112359	157
112382	157
112417	158
112453	158
112488	158
112523	158
112558	158
112593	158
112617	158
112652	158
112687	158
112710	158
112746	158
112769	158
112804	158
112839	158
112863	158
112898	158
112921	158
112957	158
112992	158
113015	158
113050	158
113085	158
113109	158
113144	158
113179	158
113214	158
113250	158
113285	158
113320	158
113343	158
113378	158
113402	158
113437	158
113460	158
113496	158
113531	158
113554	158
113589	158
113613	158
113648	158
113671	158
113707	158
113742	158
113765	158
113800	158
113824	158
113859	158
113882	158
113917	158
113953	158
113988	159
114023	159
114058	159
114082	159
114117	159
114152	159
114175	159
114210	159
114246	159
114269	159
114304	159
114339	159
114363	159
114398	159
114433	159
114457	159
114492	159
114527	159
114550	159
114585	159
114609	159
114644	159
114679	159
114703	159
114738	159
114773	159
114808	159
114843	159
114867	159
114902	159
114937	159
114960	159
114996	159
115031	159
115054	159
115089	159
115125	159
115160	159
115183	159
115218	159
115253	159
115277	159
115312	159
115335	159
115371	159
115406	159
115429	159
115464	159
115500	159
115535	159
115570	160
115593	160
115628	160
115664	160
115699	160
115734	160
115757	160
115792	160
115828	160
115863	160
115886	160
115921	160
115957	160
115992	160
116015	160
116039	160
116074	160
116097	160
116121	160
116156	160
116191	160
116214	160
116250	160
116273	160
116308	160
116343	160
116367	160
116402	160
116437	160
116472	160
116496	160
116531	160
116566	160
116601	160
116636	160
116671	160
116707	160
116730	160
116765	160
116800	160
116824	160
116859	160
116894	160
116917	160
116953	160
116976	160
117011	160
117046	160
117070	160
117105	160
117140	161
117164	161
117199	161
117234	161
117257	161
117292	161
117328	161
117363	161
117398	161
117433	161
117468	161
117492	161
117527	161
117562	161
117585	161
117621	161
117644	161
117679	161
117703	161
117738	161
117773	161
117796	161
117832	161
117867	161
117890	161
117925	161
117960	161
117996	161
118019	161
118054	161
118089	161
118125	161
118160	161
118195	161
118230	161
118253	161
118289	161
118324	161
118347	161
118371	161
118406	161
118441	161
118464	161
118500	161
118523	161
118558	161
118582	161
118617	161
118640	161
118675	161
118699	162
118734	162
118757	162
118792	162
118828	162
118863	162
118910	162
118945	162
118968	162
119003	162
119039	162
119074	162
119109	162
119132	162
119167	162
119203	162
119226	162
119261	162
119285	162
119320	162
119355	162
119378	162
119414	162
119437	162
119460	162
119484	162
119519	162
119554	162
119578	162
119613	162
119648	162
119683	162
119718	162
119742	162
119777	162
119812	162
119847	162
119871	162
119906	162
119929	162
119964	162
120000	162
120035	162
120058	162
120093	162
120128	162
120152	162
120175	162
120210	162
120234	162
120269	163
120304	163
120328	163
120363	163
120398	163
120433	163
120457	163
120492	163
120527	163
120550	163
120585	163
120609	163
120644	163
120667	163
120703	163
120738	163
120761	163
120796	163
120820	163
120855	163
120890	163
120914	163
120937	163
120960	163
120984	163
121019	163
121054	163
121078	163
121113	163
121148	163
121183	163
121207	163
121242	163
121277	163
121312	163
121347	163
121371	163
121406	163
121441	163
121476	163
121511	163
121546	163
121570	163
121605	163
121640	163
121664	163
121699	163
121722	163
121757	163
121781	163
121816	164
121839	164
121875	164
121910	164
121945	164
121968	164
122003	164
122039	164
122062	164
122097	164
122121	164
122156	164
122191	164
122214	164
122250	164
122285	164
122320	164
122343	164
122378	164
122402	164
122437	164
122460	164
122484	164
122519	164
122554	164
122578	164
122613	164
122636	164
122671	164
122707	164
122730	164
122765	164
122789	164
122824	164
122859	164
122882	164
122917	164
122953	164
122976	164
123011	164
123046	164
123082	164
123105	164
123140	164
123175	164
123199	164
123222	164
123257	164
123292	164
123316	164
123351	165
123375	165
123410	165
123433	165
123468	165
123503	165
123527	165
123550	165
123585	165
123621	165
123644	165
123679	165
123714	165
123750	165
123785	165
123808	165
123843	165
123878	165
123902	165
123937	165
123960	165
123996	165
124019	165
124054	165
124078	165
124113	165
124136	165
124171	165
124207	165
124230	165
124265	165
124289	165
124324	165
124359	165
124382	165
124417	165
124453	165
124488	165
124523	165
124558	165
124582	165
124617	165
124652	165
124675	165
124710	165
124734	165
124769	165
124792	165
124828	165
124863	165
124886	166
124921	166
124945	166
124980	166
125015	166
125039	166
125074	166
125109	166
125132	166
125167	166
125203	166
125238	166
125273	166
125308	166
125332	166
125367	166
125402	166
125425	166
125449	166
125484	166
125519	166
125542	166
125578	166
125601	166
125636	166
125660	166
125695	166
125730	166
125753	166
125789	166
125812	166
125847	166
125871	166
125906	166
125941	166
125976	166
126011	166
126035	166
126070	166
126105	166
126140	166
126164	166
126199	166
126234	166
126257	166
126292	166
126328	166
126351	166
126386	166
126421	166
126457	167
126480	167
126515	167
126539	167
126574	167
126597	167
126632	167
126667	167
126691	167
126726	167
126761	167
126796	167
126832	167
126855	167
126890	167
126925	167
126949	167
126984	167
127019	167
127042	167
127078	167
127113	167
127148	167
127171	167
127207	167
127242	167
127277	167
127300	167
127335	167
127359	167
127394	167
127417	167
127453	167
127488	167
127523	167
127558	167
127593	167
127617	167
127652	167
127687	167
127722	167
127757	167
127781	167
127816	167
127851	167
127886	167
127921	167
127945	167
127980	167
128015	167
128039	168
128062	168
128085	168
128121	168
128156	168
128179	168
128214	168
128238	168
128273	168
128308	168
128332	168
128367	168
128402	168
128437	168
128472	168
128496	168
128531	168
128566	168
128601	168
128636	168
128671	168
128707	168
128730	168
128765	168
128800	168
128824	168
128859	168
128894	168
128917	168
128953	168
128988	168
129011	168
129046	168
129082	168
129105	168
129140	168
129175	168
129199	168
129234	168
129269	168
129292	168
129328	168
129363	168
129410	168
129433	168
129468	168
129503	168
129539	168
129562	168
129597	168
129632	169
129656	169
129691	169
129726	169
129750	169
129785	169
129820	169
129843	169
129878	169
129914	169
129949	169
129972	169
130007	169
130031	169
130066	169
130113	169
130148	169
130183	169
130218	169
130242	169
130277	169
130312	169
130335	169
130371	169
130394	169
130429	169
130464	169
130488	169
130511	169
130546	169
130582	169
130605	169
130640	169
130664	169
130699	169
130722	169
130757	169
130792	169
130816	169
130863	169
130898	169
130933	169
130968	169
130992	169
131027	169
131074	169
131097	169
131132	169
131167	169
131191	169
131226	170
131261	170
131285	170
131320	170
131355	170
131378	170
131414	170
131437	170
131460	170
131496	170
131531	170
131554	170
131589	170
131625	170
131660	170
131695	170
131718	170
131753	170
131789	170
131824	170
131859	170
131882	170
131917	170
131953	170
131988	170
132011	170
132046	170
132082	170
132117	170
132140	170
132175	170
132199	170
132234	170
132257	170
132292	170
132328	170
132363	170
132398	170
132421	170
132457	170
132492	170
132515	170
132550	170
132585	170
132609	170
132644	170
132679	170
132703	170
132738	170
132773	170
132796	171
132832	171
132867	171
132890	171
132914	171
132937	171
132972	171
132996	171
133031	171
133066	171
133089	171
133125	171
133160	171
133195	171
133218	171
133253	171
133289	171
133324	171
133359	171
133394	171
133417	171
133453	171
133488	171
133523	171
133558	171
133593	171
133628	171
133652	171
133687	171
133710	171
133746	171
133769	171
133804	171
133839	171
133863	171
133898	171
133933	171
133968	171
133992	171
134027	171
134062	171
134085	171
134121	171
134156	171
134179	171
134214	171
134250	171
134285	171
134320	171
134343	171
134378	172
134402	172
134437	172
134460	172
134496	172
134519	172
134554	172
134578	172
134613	172
134648	172
134671	172
134707	172
134742	172
134765	172
134800	172
134824	172
134859	172
134882	172
134917	172
134953	172
134988	172
135023	172
135046	172
135082	172
135117	172
135140	172
135175	172
135199	172
135222	172
135257	172
135292	172
135316	172
135351	172
135375	172
135410	172
135433	172
135468	172
135503	172
135527	172
135562	172
135597	172
135621	172
135656	172
135679	172
135714	172
135750	172
135785	172
135820	172
135855	172
135878	172
135914	173
135937	173
135972	173
135996	173
136031	173
136066	173
136089	173
136125	173
136148	173
136183	173
136218	173
136242	173
136277	173
136300	173
136335	173
136371	173
136394	173
136429	173
136464	173
136500	173
136535	173
136570	173
136593	173
136628	173
136664	173
136687	173
136710	173
136746	173
136781	173
136804	173
136839	173
136863	173
136898	173
136921	173
136957	173
136992	173
137015	173
137050	173
137085	173
137109	173
137144	173
137167	173
137203	173
137238	173
137273	173
137308	173
137343	173
137367	173
137402	173
137425	173
137460	174
137484	174
137519	174
137542	174
137578	174
137601	174
137636	174
137660	174
137695	174
137730	174
137753	174
137789	174
137812	174
137847	174
137871	174
137906	174
137941	174
137964	174
138000	174
138035	174
138070	174
138105	174
138128	174
138164	174
138199	174
138222	174
138257	174
138292	174
138316	174
138351	174
138386	174
138421	174
138445	174
138480	174
138515	174
138539	174
138574	174
138597	174
138632	174
138656	174
138691	174
138726	174
138761	174
138785	174
138820	174
138855	174
138878	174
138914	174
138949	174
138972	174
139007	175
139031	175
139066	175
139101	175
139136	175
139160	175
139195	175
139230	175
139253	175
139289	175
139312	175
139347	175
139371	175
139406	175
139429	175
139464	175
139500	175
139535	175
139558	175
139593	175
139628	175
139664	175
139699	175
139734	175
139757	175
139792	175
139816	175
139851	175
139886	175
139921	175
139957	175
139980	175
140015	175
140039	175
140062	175
140097	175
140121	175
140156	175
140191	175
140214	175
140250	175
140273	175
140308	175
140343	175
140367	175
140402	175
140437	175
140472	175
140496	175
140531	175
140566	176
140601	176
140636	176
140671	176
140707	176
140742	176
140765	176
140800	176
140824	176
140859	176
140894	176
140917	176
140953	176
140976	176
141011	176
141046	176
141070	176
141105	176
141140	176
141164	176
141199	176
141222	176
141257	176
141281	176
141316	176
141351	176
141386	176
141421	176
141457	176
141492	176
141515	176
141550	176
141585	176
141609	176
141644	176
141667	176
141703	176
141726	176
141761	176
141796	176
141820	176
141855	176
141890	176
141914	176
141949	176
141984	176
142007	176
142042	176
142078	176
142113	176
142148	177
142183	177
142218	177
142253	177
142277	177
142312	177
142347	177
142371	177
142406	177
142441	177
142464	177
142488	177
142523	177
142546	177
142582	177
142617	177
142640	177
142675	177
142699	177
142734	177
142757	177
142792	177
142828	177
142863	177
142910	177
142945	177
142968	177
143003	177
143039	177
143074	177
143109	177
143132	177
143167	177
143203	177
143226	177
143261	177
143296	177
143320	177
143355	177
143390	177
143414	177
143437	177
143460	177
143496	177
143519	177
143554	177
143589	177
143625	177
143648	177
143683	177
143718	178
143742	178
143777	178
143812	178
143847	178
143871	178
143906	178
143941	178
143964	178
144000	178
144035	178
144058	178
144093	178
144128	178
144152	178
144175	178
144210	178
144246	178
144269	178
144304	178
144339	178
144363	178
144398	178
144433	178
144468	178
144492	178
144527	178
144562	178
144585	178
144621	178
144656	178
144679	178
144714	178
144750	178
144773	178
144808	178
144843	178
144867	178
144902	178
144925	178
144949	178
144984	178
145007	178
145042	178
145078	178
145101	178
145136	178
145171	178
145207	178
145242	178
145265	179
145312	179
145347	179
145371	179
145406	179
145441	179
145476	179
145511	179
145546	179
145570	179
145605	179
145640	179
145664	179
145699	179
145722	179
145757	179
145781	179
145816	179
145851	179
145875	179
145910	179
145945	179
145980	179
146003	179
146039	179
146074	179
146097	179
146132	179
146156	179
146191	179
146226	179
146261	179
146285	179
146320	179
146355	179
146378	179
146414	179
146437	179
146460	179
146496	179
146531	179
146554	179
146589	179
146625	179
146648	179
146683	179
146718	179
146742	179
146777	179
146800	179
146835	180
146871	180
146894	180
146929	180
146964	180
147000	180
147035	180
147070	180
147105	180
147128	180
147164	180
147187	180
147222	180
147246	180
147281	180
147316	180
147339	180
147375	180
147398	180
147433	180
147468	180
147503	180
147527	180
147562	180
147585	180
147621	180
147644	180
147679	180
147714	180
147750	180
147785	180
147820	180
147855	180
147878	180
147914	180
147937	180
147972	180
147996	180
148031	180
148066	180
148089	180
148125	180
148148	180
148183	180
148207	180
148242	180
148277	180
148300	180
148335	180
148359	180
148394	181
148429	181
148464	181
148500	181
148535	181
148558	181
148593	181
148628	181
148652	181
148687	181
148710	181
148746	181
148781	181
148804	181
148839	181
148863	181
148898	181
148933	181
148957	181
148992	181
149027	181
149050	181
149085	181
149121	181
149144	181
149179	181
149214	181
149250	181
149285	181
149320	181
149355	181
149378	181
149414	181
149449	181
149472	181
149507	181
149531	181
149566	181
149601	181
149625	181
149660	181
149683	181
149718	181
149753	181
149777	181
149812	181
149835	181
149871	181
149906	181
149929	181
149964	182
150000	182
150035	182
150070	182
150105	182
150128	182
150164	182
150199	182
150222	182
150257	182
150281	182
150316	182
150351	182
150386	182
150410	182
150445	182
150480	182
150503	182
150539	182
150562	182
150597	182
150621	182
150656	182
150691	182
150714	182
150750	182
150785	182
150820	182
150843	182
150878	182
150914	182
150937	182
150972	182
151007	182
151031	182
151066	182
151101	182
151136	182
151160	182
151195	182
151230	182
151253	182
151289	182
151324	182
151347	182
151382	182
151406	182
151441	182
151476	182
151511	182
151546	183
151582	183
151605	183
151640	183
151675	183
151710	183
151746	183
151781	183
151804	183
151839	183
151875	183
151910	183
151945	183
151980	183
152003	183
152039	183
152062	183
152085	183
152121	183
152156	183
152179	183
152214	183
152238	183
152273	183
152308	183
152332	183
152367	183
152402	183
152437	183
152472	183
152496	183
152531	183
152566	183
152601	183
152636	183
152671	183
timepoint: 174.04