0	0
0	0
0	0
0	0
0	0
0	0
0	0
0	0
0	0
0	0
0	0
0	0
0	0
0	0
0	0
0	0
0	0
0	0
0	0
0	0
0	0
0	0
0	0
0	0
0	0
0	0
0	0
0	0
0	0
0	0
0	0
0	0
0	0
0	0
0	0
0	0
0	0
0	0
0	0
0	0
0	0
0	0
0	0
0	0
0	0
0	0
0	0
0	0
0	0
0	0
0	1
0	1
0	1
0	1
0	1
0	1
0	1
0	1
0	1
0	1
0	1
0	1
0	1
0	1
0	1
0	1
0	1
0	1
0	1
0	1
0	1
0	1
0	1
0	1
0	1
0	1
0	1
0	1
0	1
0	1
0	1
0	1
0	1
0	1
0	1
0	1
0	1
0	1
0	1
0	1
0	1
0	1
0	1
0	1
0	1
0	1
0	1
0	1
0	1
0	1
0	2
0	2
0	2
0	2
0	2
0	2
0	2
0	2
0	2
0	2
0	2
0	2
0	2
0	2
0	2
0	2
0	2
0	2
0	2
0	2
0	2
0	2
0	2
0	2
0	2
0	2
0	2
0	2
0	2
0	2
0	2
0	2
0	2
0	2
0	2
0	2
0	2
0	2
0	2
0	2
0	2
0	2
0	2
0	2
0	2
0	2
0	2
0	2
0	2
0	2
0	3
0	3
0	3
0	3
0	3
0	3
0	3
0	3
0	3
0	3
0	3
0	3
0	3
0	3
0	3
0	3
0	3
0	3
0	3
0	3
0	3
0	3
0	3
0	3
0	3
0	3
0	3
0	3
0	3
0	3
0	3
0	3
0	3
0	3
0	3
0	3
0	3
0	3
0	3
0	3
0	3
0	3
0	3
0	3
0	3
0	3
0	3
0	3
0	3
0	3
0	4
0	4
0	4
0	4
0	4
0	4
0	4
0	4
0	4
0	4
0	4
0	4
0	4
0	4
0	4
0	4
0	4
0	4
0	4
0	4
0	4
0	4
0	4
0	4
0	4
0	4
0	4
0	4
0	4
0	4
0	4
0	4
0	4
0	4
0	4
0	4
0	4
0	4
0	4
0	4
0	4
0	4
0	4
0	4
0	4
0	4
0	4
0	4
0	4
0	4
0	5
0	5
0	5
0	5
0	5
0	5
0	5
0	5
0	5
0	5
0	5
0	5
0	5
0	5
0	5
0	5
0	5
0	5
0	5
0	5
0	5
0	5
0	5
0	5
0	5
0	5
0	5
0	5
0	5
11	5
11	5
11	5
11	5
11	5
11	5
11	5
11	5
11	5
11	5
11	5
23	5
23	5
23	5
23	5
23	5
23	5
23	5
23	5
23	5
23	5
23	6
23	6
23	6
23	6
23	6
23	6
23	6
23	6
23	6
23	6
23	6
23	6
23	6
23	6
23	6
23	6
23	6
23	6
23	6
23	6
23	6
23	6
23	6
23	6
23	6
23	6
23	6
23	6
23	6
23	6
23	6
23	6
23	6
23	6
23	6
23	6
23	6
23	6
23	6
23	6
23	6
23	6
23	6
23	6
23	6
23	6
23	6
35	6
35	6
35	6
35	7
35	7
35	7
35	7
35	7
35	7
35	7
46	7
46	7
46	7
46	7
46	7
46	7
46	7
46	7
46	7
46	7
46	7
46	7
46	7
58	7
58	7
58	7
58	7
58	7
58	7
58	7
58	7
58	7
58	7
58	7
58	7
58	7
58	7
58	7
58	7
46	7
46	7
46	7
46	7
46	7
46	7
46	7
46	7
46	7
46	7
46	7
46	7
46	7
46	7
46	8
46	8
46	8
46	8
46	8
46	8
46	8
46	8
46	8
46	8
46	8
46	8
46	8
46	8
46	8
46	8
46	8
46	8
46	8
46	8
46	8
46	8
46	8
58	8
58	8
58	8
58	8
58	8
58	8
58	8
58	8
58	8
58	8
58	8
58	8
58	8
58	8
58	8
58	8
58	8
58	8
58	8
58	8
58	8
58	8
58	8
58	8
58	8
58	8
58	8
58	9
58	9
58	9
58	9
58	9
58	9
58	9
58	9
58	9
58	9
58	9
58	9
58	9
58	9
58	9
58	9
58	9
58	9
58	9
58	9
46	9
46	9
46	9
46	9
46	9
46	9
46	9
46	9
46	9
46	9
46	9
46	9
46	9
46	9
46	9
46	9
46	9
46	9
46	9
46	9
46	9
46	9
46	9
46	9
58	9
58	9
58	9
58	9
58	9
58	9
58	10
58	10
58	10
58	10
58	10
58	10
58	10
58	10
58	10
58	10
58	10
58	10
58	10
58	10
58	10
58	10
58	10
58	10
58	10
58	10
58	10
58	10
58	10
58	10
58	10
58	10
58	10
58	10
58	10
58	10
58	10
58	10
58	10
58	10
58	10
58	10
58	10
58	10
58	10
58	10
58	10
58	10
58	10
58	10
58	10
58	10
58	10
58	10
58	10
58	10
46	11
46	11
46	11
46	11
46	11
46	11
46	11
46	11
46	11
46	11
46	11
46	11
46	11
46	11
46	11
46	11
46	11
46	11
58	11
58	11
58	11
58	11
58	11
58	11
58	11
58	11
58	11
58	11
58	11
58	11
58	11
58	11
58	11
58	11
58	11
58	11
58	11
58	11
58	11
58	11
58	11
58	11
58	11
58	11
58	11
58	11
58	11
58	11
58	11
58	11
58	12
58	12
58	12
58	12
58	12
58	12
58	12
58	12
58	12
58	12
58	12
58	12
58	12
58	12
58	12
58	12
58	12
58	12
58	12
58	12
58	12
58	12
58	12
58	12
58	12
58	12
58	12
58	12
58	12
58	12
58	12
58	12
46	12
46	12
46	12
46	12
46	12
46	12
46	12
46	12
58	12
58	12
58	12
58	12
58	12
58	12
58	12
58	12
58	12
58	12
58	13
58	13
58	13
58	13
58	13
58	13
58	13
58	13
58	13
58	13
58	13
58	13
58	13
58	13
58	13
58	13
58	13
58	13
58	13
58	13
58	13
58	13
58	13
58	13
58	13
58	13
58	13
58	13
58	13
58	13
58	13
58	13
58	13
58	13
58	13
58	13
58	13
58	13
58	13
58	13
58	13
58	13
58	13
58	13
58	13
58	13
58	13
58	13
58	13
58	13
58	14
58	14
58	14
58	14
58	14
58	14
58	14
58	14
58	14
58	14
58	14
58	14
58	14
58	14
58	14
58	14
58	14
58	14
58	14
58	14
58	14
58	14
58	14
58	14
58	14
58	14
58	14
58	14
58	14
58	14
58	14
58	14
58	14
58	14
58	14
58	14
58	14
58	14
58	14
58	14
58	14
58	14
58	14
58	14
58	14
58	14
58	14
58	14
58	14
58	14
58	15
58	15
58	15
58	15
58	15
58	15
58	15
58	15
58	15
58	15
58	15
58	15
58	15
58	15
58	15
58	15
58	15
58	15
58	15
58	15
58	15
58	15
58	15
58	15
58	15
58	15
58	15
58	15
58	15
58	15
58	15
58	15
58	15
58	15
58	15
58	15
58	15
58	15
58	15
58	15
58	15
58	15
58	15
58	15
58	15
58	15
58	15
58	15
58	15
58	15
58	16
58	16
58	16
58	16
58	16
58	16
58	16
58	16
58	16
58	16
58	16
58	16
58	16
58	16
58	16
58	16
58	16
58	16
58	16
58	16
58	16
58	16
58	16
58	16
58	16
58	16
58	16
58	16
58	16
58	16
58	16
58	16
58	16
58	16
58	16
58	16
58	16
58	16
58	16
58	16
58	16
58	16
58	16
58	16
58	16
58	16
58	16
58	16
58	16
58	16
58	17
58	17
58	17
58	17
58	17
58	17
58	17
58	17
58	17
58	17
58	17
58	17
58	17
58	17
58	17
58	17
58	17
58	17
58	17
58	17
58	17
58	17
58	17
58	17
58	17
58	17
58	17
58	17
58	17
58	17
58	17
58	17
58	17
58	17
58	17
58	17
58	17
58	17
58	17
58	17
58	17
58	17
58	17
58	17
58	17
58	17
58	17
58	17
58	17
58	17
58	18
58	18
58	18
58	18
58	18
58	18
58	18
58	18
58	18
58	18
58	18
58	18
58	18
58	18
58	18
58	18
58	18
58	18
58	18
58	18
58	18
58	18
58	18
58	18
58	18
58	18
58	18
58	18
58	18
58	18
58	18
58	18
58	18
58	18
58	18
58	18
58	18
58	18
58	18
58	18
58	18
58	18
58	18
58	18
58	18
58	18
58	18
58	18
58	18
58	18
58	19
58	19
58	19
58	19
58	19
58	19
58	19
58	19
58	19
58	19
58	19
58	19
58	19
58	19
58	19
58	19
58	19
58	19
58	19
58	19
58	19
58	19
58	19
58	19
58	19
58	19
58	19
58	19
58	19
58	19
58	19
58	19
58	19
58	19
58	19
58	19
58	19
58	19
58	19
58	19
58	19
58	19
58	19
58	19
58	19
58	19
58	19
58	19
58	19
58	19
58	20
58	20
58	20
58	20
58	20
58	20
58	20
58	20
58	20
58	20
58	20
58	20
58	20
58	20
58	20
58	20
58	20
58	20
58	20
58	20
58	20
58	20
58	20
58	20
58	20
58	20
58	20
58	20
58	20
58	20
58	20
58	20
58	20
58	20
58	20
58	20
58	20
58	20
58	20
58	20
58	20
58	20
58	20
58	20
58	20
58	20
58	20
58	20
58	20
58	20
58	21
58	21
58	21
58	21
58	21
58	21
58	21
58	21
58	21
58	21
58	21
58	21
58	21
58	21
58	21
58	21
58	21
58	21
58	21
58	21
58	21
58	21
58	21
58	21
58	21
58	21
58	21
58	21
58	21
58	21
58	21
58	21
58	21
58	21
58	21
58	21
58	21
58	21
58	21
58	21
58	21
58	21
58	21
58	21
58	21
58	21
58	21
58	21
58	21
58	21
58	22
58	22
58	22
58	22
58	22
58	22
58	22
58	22
58	22
58	22
58	22
58	22
58	22
58	22
58	22
58	22
58	22
58	22
58	22
58	22
58	22
58	22
58	22
58	22
58	22
58	22
58	22
58	22
58	22
58	22
58	22
58	22
58	22
58	22
58	22
58	22
58	22
58	22
58	22
58	22
58	22
58	22
58	22
58	22
58	22
58	22
58	22
58	22
58	22
58	22
58	23
58	23
58	23
58	23
58	23
58	23
58	23
58	23
58	23
58	23
58	23
58	23
58	23
58	23
58	23
58	23
58	23
58	23
58	23
58	23
58	23
58	23
58	23
58	23
58	23
58	23
58	23
58	23
58	23
58	23
58	23
58	23
58	23
58	23
58	23
58	23
58	23
58	23
58	23
58	23
58	23
58	23
58	23
58	23
58	23
58	23
58	23
58	23
58	23
58	23
58	24
58	24
58	24
58	24
58	24
58	24
58	24
58	24
58	24
58	24
58	24
58	24
58	24
58	24
58	24
58	24
58	24
58	24
58	24
58	24
58	24
58	24
58	24
58	24
58	24
58	24
58	24
58	24
58	24
58	24
58	24
58	24
58	24
58	24
58	24
58	24
58	24
58	24
58	24
58	24
58	24
58	24
58	24
58	24
58	24
58	24
58	24
58	24
58	24
58	24
58	25
58	25
58	25
58	25
58	25
58	25
58	25
58	25
58	25
58	25
58	25
58	25
58	25
58	25
58	25
58	25
58	25
58	25
58	25
58	25
58	25
58	25
58	25
58	25
58	25
58	25
58	25
58	25
58	25
58	25
58	25
58	25
58	25
58	25
58	25
58	25
58	25
58	25
58	25
58	25
58	25
58	25
58	25
58	25
58	25
58	25
58	25
58	25
58	25
58	25
58	26
58	26
58	26
58	26
58	26
58	26
58	26
58	26
58	26
58	26
58	26
58	26
58	26
58	26
58	26
58	26
58	26
58	26
58	26
58	26
58	26
58	26
58	26
58	26
58	26
58	26
58	26
58	26
58	26
58	26
58	26
58	26
58	26
58	26
58	26
58	26
58	26
58	26
58	26
58	26
58	26
58	26
58	26
58	26
58	26
58	26
58	26
58	26
58	26
58	26
58	27
58	27
58	27
58	27
58	27
58	27
58	27
58	27
58	27
58	27
58	27
58	27
58	27
58	27
58	27
58	27
58	27
58	27
58	27
58	27
58	27
58	27
58	27
58	27
58	27
58	27
58	27
58	27
58	27
58	27
58	27
58	27
70	27
70	27
70	27
70	27
70	27
70	27
70	27
70	27
70	27
70	27
70	27
70	27
70	27
70	27
70	27
70	27
70	27
70	27
70	28
70	28
70	28
70	28
70	28
70	28
70	28
70	28
70	28
70	28
70	28
70	28
70	28
70	28
70	28
70	28
70	28
70	28
70	28
82	28
82	28
82	28
82	28
82	28
82	28
82	28
82	28
82	28
82	28
82	28
82	28
82	28
82	28
82	28
82	28
82	28
82	28
82	28
82	28
82	28
82	28
82	28
82	28
82	28
82	28
93	28
93	28
93	28
93	28
93	28
93	29
93	29
93	29
93	29
93	29
93	29
93	29
93	29
93	29
93	29
93	29
93	29
93	29
105	29
105	29
105	29
105	29
105	29
105	29
105	29
105	29
105	29
105	29
105	29
105	29
105	29
105	29
105	29
117	29
117	29
117	29
117	29
117	29
117	29
117	29
117	29
117	29
117	29
117	29
117	29
117	29
117	29
128	29
128	29
128	29
128	29
128	29
128	29
128	29
128	29
128	30
128	30
128	30
128	30
128	30
128	30
128	30
140	30
140	30
140	30
140	30
140	30
140	30
140	30
140	30
140	30
140	30
140	30
140	30
140	30
152	30
152	30
152	30
152	30
152	30
152	30
152	30
152	30
152	30
152	30
152	30
164	30
164	30
164	30
164	30
164	30
164	30
164	30
164	30
164	30
175	30
175	30
175	30
175	30
175	30
175	30
175	30
175	30
175	30
187	30
187	31
187	31
187	31
187	31
187	31
187	31
187	31
199	31
199	31
199	31
199	31
199	31
199	31
199	31
199	31
199	31
210	31
210	31
210	31
210	31
210	31
210	31
210	31
210	31
222	31
222	31
222	31
222	31
222	31
222	31
222	31
222	31
234	31
234	31
234	31
234	31
234	31
234	31
234	31
246	31
246	31
246	31
246	31
246	31
246	31
246	31
246	31
257	31
257	31
257	31
257	32
257	32
257	32
257	32
269	32
269	32
269	32
269	32
269	32
269	32
269	32
281	32
281	32
281	32
281	32
281	32
281	32
292	32
292	32
292	32
292	32
292	32
292	32
304	32
304	32
304	32
304	32
304	32
304	32
316	32
316	32
316	32
316	32
316	32
316	32
328	32
328	32
328	32
328	32
328	32
328	32
339	32
339	32
339	32
339	32
339	32
339	32
351	32
351	32
351	32
351	33
351	33
351	33
363	33
363	33
363	33
363	33
363	33
363	33
375	33
375	33
375	33
375	33
375	33
386	33
386	33
386	33
386	33
386	33
386	33
398	33
398	33
398	33
398	33
398	33
410	33
410	33
410	33
410	33
410	33
410	33
421	33
421	33
421	33
421	33
421	33
433	33
433	33
433	33
433	33
433	33
433	33
445	33
445	33
445	33
445	33
445	33
445	33
457	33
457	33
457	34
457	34
457	34
468	34
468	34
468	34
468	34
468	34
480	34
480	34
480	34
480	34
480	34
492	34
492	34
492	34
492	34
492	34
503	34
503	34
503	34
503	34
503	34
515	34
515	34
515	34
515	34
515	34
527	34
527	34
527	34
527	34
527	34
539	34
539	34
539	34
539	34
539	34
550	34
550	34
550	34
550	34
550	34
562	34
562	34
562	34
562	34
562	34
574	34
574	34
574	35
574	35
574	35
585	35
585	35
585	35
585	35
585	35
597	35
597	35
597	35
597	35
597	35
609	35
609	35
609	35
609	35
621	35
621	35
621	35
621	35
621	35
632	35
632	35
632	35
632	35
644	35
644	35
644	35
644	35
644	35
656	35
656	35
656	35
656	35
656	35
667	35
667	35
667	35
667	35
679	35
679	35
679	35
679	35
679	35
691	35
691	35
691	35
691	35
703	35
703	36
703	36
703	36
703	36
714	36
714	36
714	36
714	36
726	36
726	36
726	36
726	36
738	36
738	36
738	36
738	36
738	36
750	36
750	36
750	36
750	36
761	36
761	36
761	36
761	36
761	36
773	36
773	36
773	36
773	36
785	36
785	36
785	36
785	36
796	36
796	36
796	36
796	36
808	36
808	36
808	36
808	36
820	36
820	36
820	36
820	36
832	36
832	36
832	36
832	36
832	37
843	37
843	37
843	37
843	37
855	37
855	37
855	37
855	37
867	37
867	37
867	37
867	37
867	37
878	37
878	37
878	37
878	37
890	37
890	37
890	37
890	37
890	37
902	37
902	37
902	37
902	37
914	37
914	37
914	37
914	37
925	37
925	37
925	37
925	37
937	37
937	37
937	37
937	37
949	37
949	37
949	37
949	37
960	37
960	37
960	37
960	37
972	37
972	37
972	37
972	38
984	38
984	38
984	38
984	38
996	38
996	38
996	38
996	38
1007	38
1007	38
1007	38
1007	38
1019	38
1019	38
1019	38
1031	38
1031	38
1031	38
1031	38
1042	38
1042	38
1042	38
1042	38
1054	38
1054	38
1054	38
1066	38
1066	38
1066	38
1078	38
1078	38
1078	38
1078	38
1089	38
1089	38
1089	38
1101	38
1101	38
1101	38
1113	38
1113	38
1113	38
1113	38
1125	38
1125	38
1125	38
1136	38
1136	38
1136	38
1136	39
1148	39
1148	39
1148	39
1148	39
1160	39
1160	39
1160	39
1171	39
1171	39
1171	39
1171	39
1183	39
1183	39
1183	39
1183	39
1195	39
1195	39
1195	39
1207	39
1207	39
1207	39
1207	39
1218	39
1218	39
1218	39
1218	39
1230	39
1230	39
1230	39
1242	39
1242	39
1242	39
1242	39
1253	39
1253	39
1253	39
1265	39
1265	39
1265	39
1265	39
1277	39
1277	39
1277	39
1289	39
1289	39
1289	39
1289	39
1300	39
1300	39
1300	40
1300	40
1312	40
1312	40
1312	40
1324	40
1324	40
1324	40
1324	40
1335	40
1335	40
1335	40
1347	40
1347	40
1347	40
1347	40
1359	40
1359	40
1359	40
1371	40
1371	40
1371	40
1382	40
1382	40
1382	40
1382	40
1394	40
1394	40
1394	40
1406	40
1406	40
1406	40
1406	40
1417	40
1417	40
1417	40
1429	40
1429	40
1429	40
1429	40
1441	40
1441	40
1441	40
1453	40
1453	40
1453	40
1464	40
1464	40
1464	40
1464	40
1476	41
1476	41
1476	41
1488	41
1488	41
1488	41
1488	41
1500	41
1500	41
1500	41
1511	41
1511	41
1511	41
1511	41
1523	41
1523	41
1523	41
1535	41
1535	41
1535	41
1546	41
1546	41
1546	41
1558	41
1558	41
1558	41
1570	41
1570	41
1570	41
1582	41
1582	41
1582	41
1582	41
1593	41
1593	41
1593	41
1605	41
1605	41
1605	41
1605	41
1617	41
1617	41
1617	41
1617	41
1628	41
1628	41
1628	41
1628	41
1640	41
1640	41
1640	42
1640	42
1652	42
1652	42
1652	42
1652	42
1664	42
1664	42
1664	42
1675	42
1675	42
1675	42
1675	42
1687	42
1687	42
1687	42
1699	42
1699	42
1699	42
1710	42
1710	42
1710	42
1722	42
1722	42
1722	42
1734	42
1734	42
1734	42
1746	42
1746	42
1746	42
1757	42
1757	42
1757	42
1769	42
1769	42
1769	42
1781	42
1781	42
1781	42
1792	42
1792	42
1792	42
1804	42
1804	42
1804	42
1816	42
1816	42
1816	42
1828	42
1828	43
1839	43
1839	43
1839	43
1851	43
1851	43
1851	43
1863	43
1863	43
1863	43
1875	43
1875	43
1886	43
1886	43
1886	43
1898	43
1898	43
1898	43
1910	43
1910	43
1910	43
1921	43
1921	43
1921	43
1933	43
1933	43
1933	43
1945	43
1945	43
1945	43
1957	43
1957	43
1957	43
1968	43
1968	43
1980	43
1980	43
1980	43
1992	43
1992	43
2003	43
2003	43
2003	43
2015	43
2015	43
2027	43
2027	43
2027	43
2039	43
2039	43
2050	44
2050	44
2050	44
2062	44
2062	44
2062	44
2074	44
2074	44
2074	44
2085	44
2085	44
2085	44
2097	44
2097	44
2109	44
2109	44
2109	44
2121	44
2121	44
2121	44
2132	44
2132	44
2144	44
2144	44
2144	44
2156	44
2156	44
2167	44
2167	44
2167	44
2179	44
2179	44
2191	44
2191	44
2203	44
2203	44
2203	44
2214	44
2214	44
2226	44
2226	44
2238	44
2238	44
2238	44
2250	44
2250	44
2250	44
2261	44
2261	44
2273	44
2273	45
2273	45
2285	45
2285	45
2285	45
2296	45
2296	45
2308	45
2308	45
2308	45
2320	45
2320	45
2332	45
2332	45
2332	45
2343	45
2343	45
2343	45
2355	45
2355	45
2355	45
2367	45
2367	45
2378	45
2378	45
2378	45
2390	45
2390	45
2390	45
2402	45
2402	45
2402	45
2414	45
2414	45
2425	45
2425	45
2425	45
2437	45
2437	45
2437	45
2449	45
2449	45
2460	45
2460	45
2460	45
2472	45
2472	45
2484	45
2484	45
2484	45
2496	46
2496	46
2507	46
2507	46
2519	46
2519	46
2519	46
2531	46
2531	46
2542	46
2542	46
2542	46
2554	46
2554	46
2566	46
2566	46
2566	46
2578	46
2578	46
2589	46
2589	46
2601	46
2601	46
2613	46
2613	46
2613	46
2625	46
2625	46
2636	46
2636	46
2636	46
2648	46
2648	46
2660	46
2660	46
2671	46
2671	46
2671	46
2683	46
2683	46
2695	46
2695	46
2695	46
2707	46
2707	46
2718	46
2718	46
2730	46
2730	46
2730	46
2742	47
2742	47
2753	47
2753	47
2753	47
2765	47
2765	47
2777	47
2777	47
2789	47
2789	47
2789	47
2800	47
2800	47
2812	47
2812	47
2824	47
2824	47
2824	47
2835	47
2835	47
2847	47
2847	47
2859	47
2859	47
2859	47
2871	47
2871	47
2882	47
2882	47
2894	47
2894	47
2906	47
2906	47
2917	47
2917	47
2929	47
2929	47
2929	47
2941	47
2941	47
2953	47
2953	47
2964	47
2964	47
2976	47
2976	47
2988	47
2988	47
3000	47
3000	48
3000	48
3011	48
3011	48
3023	48
3023	48
3035	48
3035	48
3046	48
3046	48
3058	48
3058	48
3058	48
3070	48
3070	48
3082	48
3082	48
3093	48
3093	48
3105	48
3105	48
3105	48
3117	48
3117	48
3128	48
3128	48
3140	48
3140	48
3140	48
3152	48
3152	48
3164	48
3164	48
3164	48
3175	48
3175	48
3187	48
3187	48
3199	48
3199	48
3199	48
3210	48
3210	48
3222	48
3222	48
3234	48
3234	48
3246	48
3246	48
3257	48
3257	49
3269	49
3269	49
3281	49
3281	49
3292	49
3292	49
3292	49
3304	49
3304	49
3316	49
3316	49
3328	49
3328	49
3339	49
3339	49
3351	49
3351	49
3363	49
3363	49
3375	49
3375	49
3386	49
3386	49
3398	49
3398	49
3410	49
3410	49
3421	49
3421	49
3433	49
3433	49
3433	49
3445	49
3445	49
3457	49
3457	49
3468	49
3468	49
3480	49
3480	49
3492	49
3492	49
3503	49
3503	49
3515	49
3515	49
3527	49
3527	49
3539	49
3539	50
3550	50
3550	50
3562	50
3562	50
3574	50
3574	50
3585	50
3585	50
3597	50
3597	50
3609	50
3609	50
3621	50
3621	50
3632	50
3632	50
3644	50
3644	50
3656	50
3656	50
3667	50
3667	50
3679	50
3691	50
3691	50
3703	50
3703	50
3714	50
3714	50
3726	50
3726	50
3738	50
3750	50
3750	50
3761	50
3761	50
3773	50
3773	50
3785	50
3785	50
3796	50
3796	50
3808	50
3808	50
3820	50
3820	50
3832	50
3832	50
3843	50
3843	51
3855	51
3855	51
3867	51
3867	51
3878	51
3878	51
3890	51
3890	51
3902	51
3902	51
3914	51
3914	51
3925	51
3925	51
3937	51
3937	51
3949	51
3949	51
3960	51
3960	51
3972	51
3972	51
3984	51
3984	51
3996	51
3996	51
4007	51
4019	51
4019	51
4031	51
4031	51
4042	51
4042	51
4054	51
4054	51
4066	51
4066	51
4078	51
4078	51
4089	51
4089	51
4101	51
4101	51
4113	51
4113	51
4125	51
4125	51
4136	51
4136	51
4148	52
4160	52
4160	52
4171	52
4171	52
4183	52
4183	52
4195	52
4195	52
4207	52
4207	52
4218	52
4230	52
4230	52
4242	52
4242	52
4253	52
4253	52
4265	52
4265	52
4277	52
4277	52
4289	52
4289	52
4300	52
4300	52
4312	52
4312	52
4324	52
4335	52
4335	52
4347	52
4347	52
4359	52
4359	52
4371	52
4371	52
4382	52
4394	52
4394	52
4406	52
4406	52
4417	52
4429	52
4429	52
4441	52
4453	52
4453	52
4464	52
4476	52
4476	53
4488	53
4488	53
4500	53
4511	53
4511	53
4523	53
4523	53
4535	53
4546	53
4546	53
4558	53
4558	53
4570	53
4570	53
4582	53
4593	53
4593	53
4605	53
4605	53
4617	53
4617	53
4628	53
4640	53
4640	53
4652	53
4652	53
4664	53
4664	53
4675	53
4675	53
4687	53
4687	53
4699	53
4699	53
4710	53
4722	53
4722	53
4734	53
4746	53
4746	53
4757	53
4757	53
4769	53
4769	53
4781	53
4781	53
4792	53
4804	53
4804	53
4816	54
4816	54
4828	54
4828	54
4839	54
4851	54
4851	54
4863	54
4863	54
4875	54
4875	54
4886	54
4898	54
4898	54
4910	54
4910	54
4921	54
4933	54
4933	54
4945	54
4957	54
4957	54
4968	54
4968	54
4980	54
4980	54
4992	54
5003	54
5003	54
5015	54
5015	54
5027	54
5039	54
5039	54
5050	54
5062	54
5062	54
5074	54
5074	54
5085	54
5097	54
5097	54
5109	54
5109	54
5121	54
5132	54
5132	54
5144	54
5156	54
5156	54
5167	55
5179	55
5191	55
5191	55
5203	55
5214	55
5214	55
5226	55
5238	55
5250	55
5250	55
5261	55
5273	55
5273	55
5285	55
5285	55
5296	55
5308	55
5308	55
5320	55
5332	55
5332	55
5343	55
5343	55
5355	55
5367	55
5367	55
5378	55
5390	55
5390	55
5402	55
5402	55
5414	55
5425	55
5425	55
5437	55
5437	55
5449	55
5460	55
5460	55
5472	55
5484	55
5484	55
5496	55
5507	55
5507	55
5519	55
5519	55
5531	55
5542	55
5542	56
5554	56
5566	56
5566	56
5578	56
5578	56
5589	56
5601	56
5601	56
5613	56
5625	56
5625	56
5636	56
5648	56
5648	56
5660	56
5671	56
5671	56
5683	56
5695	56
5695	56
5707	56
5718	56
5718	56
5730	56
5742	56
5742	56
5753	56
5765	56
5765	56
5777	56
5789	56
5789	56
5800	56
5812	56
5812	56
5824	56
5824	56
5835	56
5847	56
5847	56
5859	56
5871	56
5871	56
5882	56
5894	56
5906	56
5906	56
5917	56
5929	56
5941	57
5941	57
5953	57
5964	57
5976	57
5988	57
5988	57
6000	57
6011	57
6011	57
6023	57
6035	57
6046	57
6046	57
6058	57
6070	57
6070	57
6082	57
6093	57
6093	57
6105	57
6117	57
6117	57
6128	57
6140	57
6140	57
6152	57
6164	57
6164	57
6175	57
6175	57
6187	57
6199	57
6199	57
6210	57
6222	57
6234	57
6234	57
6246	57
6257	57
6257	57
6269	57
6281	57
6281	57
6292	57
6304	57
6304	57
6316	57
6328	57
6328	57
6339	58
6351	58
6351	58
6363	58
6375	58
6375	58
6386	58
6398	58
6410	58
6410	58
6421	58
6433	58
6433	58
6445	58
6457	58
6468	58
6468	58
6480	58
6492	58
6492	58
6503	58
6503	58
6515	58
6527	58
6527	58
6539	58
6550	58
6562	58
6562	58
6574	58
6585	58
6585	58
6597	58
6609	58
6621	58
6621	58
6632	58
6644	58
6656	58
6656	58
6667	58
6679	58
6691	58
6703	58
6703	58
6714	58
6726	58
6738	58
6750	58
6750	58
6761	59
6773	59
6785	59
6785	59
6796	59
6808	59
6808	59
6820	59
6832	59
6843	59
6843	59
6855	59
6867	59
6878	59
6878	59
6890	59
6902	59
6914	59
6914	59
6925	59
6937	59
6949	59
6949	59
6960	59
6972	59
6984	59
6984	59
6996	59
7007	59
7019	59
7019	59
7031	59
7042	59
7054	59
7054	59
7066	59
7078	59
7089	59
7089	59
7101	59
7113	59
7125	59
7136	59
7136	59
7148	59
7160	59
7171	59
7171	59
7183	59
7195	59
7207	60
7207	60
7218	60
7230	60
7230	60
7242	60
7253	60
7265	60
7265	60
7277	60
7289	60
7300	60
7300	60
7312	60
7324	60
7324	60
7335	60
7347	60
7359	60
7371	60
7371	60
7382	60
7394	60
7406	60
7406	60
7417	60
7429	60
7441	60
7453	60
7464	60
7464	60
7476	60
7488	60
7500	60
7511	60
7511	60
7523	60
7535	60
7546	60
7558	60
7558	60
7570	60
7582	60
7593	60
7593	60
7605	60
7617	60
7628	60
7640	60
7640	60
7652	61
7664	61
7675	61
7687	61
7687	61
7699	61
7710	61
7722	61
7722	61
7734	61
7746	61
7757	61
7769	61
7769	61
7781	61
7792	61
7804	61
7816	61
7828	61
7828	61
7839	61
7851	61
7863	61
7875	61
7886	61
7886	61
7898	61
7910	61
7921	61
7933	61
7933	61
7945	61
7957	61
7968	61
7980	61
7980	61
7992	61
8003	61
8015	61
8015	61
8027	61
8039	61
8050	61
8062	61
8062	61
8074	61
8085	61
8097	61
8109	61
8109	61
8121	62
8132	62
8144	62
8156	62
8167	62
8167	62
8179	62
8191	62
8203	62
8214	62
8226	62
8238	62
8250	62
8261	62
8261	62
8273	62
8285	62
8296	62
8308	62
8320	62
8320	62
8332	62
8343	62
8355	62
8367	62
8378	62
8390	62
8402	62
8414	62
8425	62
8437	62
8437	62
8449	62
8460	62
8472	62
8484	62
8484	62
8496	62
8507	62
8519	62
8531	62
8542	62
8554	62
8566	62
8578	62
8589	62
8589	62
8601	62
8613	62
8625	62
8636	63
8648	63
8660	63
8660	63
8671	63
8683	63
8695	63
8707	63
8718	63
8718	63
8730	63
8742	63
8753	63
8753	63
8765	63
8777	63
8789	63
8789	63
8800	63
8812	63
8824	63
8835	63
8835	63
8847	63
8859	63
8871	63
8882	63
8894	63
8906	63
8906	63
8917	63
8929	63
8941	63
8953	63
8964	63
8964	63
8976	63
8988	63
9000	63
9011	63
9023	63
9035	63
9046	63
9046	63
9058	63
9070	63
9082	63
9093	63
9105	63
9117	63
9128	64
9128	64
9140	64
9152	64
9164	64
9175	64
9187	64
9199	64
9210	64
9222	64
9222	64
9234	64
9246	64
9257	64
9269	64
9281	64
9292	64
9304	64
9316	64
9328	64
9339	64
9363	64
9375	64
9375	64
9386	64
9398	64
9410	64
9421	64
9433	64
9445	64
9457	64
9468	64
9468	64
9480	64
9492	64
9503	64
9515	64
9527	64
9539	64
9550	64
9562	64
9562	64
9574	64
9585	64
9597	64
9609	64
9621	64
9632	64
9644	64
9656	64
9656	65
9667	65
9679	65
9691	65
9703	65
9714	65
9726	65
9738	65
9738	65
9750	65
9761	65
9773	65
9785	65
9796	65
9808	65
9820	65
9832	65
9843	65
9855	65
9855	65
9867	65
9878	65
9890	65
9902	65
9914	65
9925	65
9937	65
9949	65
9960	65
9960	65
9972	65
9984	65
9996	65
10007	65
10019	65
10031	65
10042	65
10054	65
10066	65
10089	65
10101	65
10113	65
10125	65
10136	65
10148	65
10160	65
10171	65
10183	65
10183	65
10195	65
10207	66
10218	66
10230	66
10242	66
10253	66
10265	66
10277	66
10289	66
10300	66
10312	66
10324	66
10335	66
10335	66
10347	66
10359	66
10371	66
10382	66
10394	66
10406	66
10417	66
10429	66
10441	66
10453	66
10464	66
10476	66
10488	66
10500	66
10500	66
10511	66
10523	66
10535	66
10546	66
10558	66
10570	66
10582	66
10593	66
10605	66
10617	66
10628	66
10640	66
10652	66
10664	66
10675	66
10687	66
10699	66
10710	66
10722	66
10734	66
10746	66
10757	66
10769	67
10781	67
10792	67
10804	67
10816	67
10839	67
10851	67
10863	67
10875	67
10886	67
10898	67
10910	67
10921	67
10933	67
10945	67
10957	67
10968	67
10980	67
10992	67
11003	67
11015	67
11027	67
11039	67
11050	67
11050	67
11062	67
11074	67
11085	67
11097	67
11109	67
11121	67
11132	67
11144	67
11156	67
11167	67
11179	67
11191	67
11203	67
11203	67
11214	67
11226	67
11238	67
11250	67
11261	67
11273	67
11285	67
11296	67
11308	67
11320	67
11332	67
11343	68
11355	68
11355	68
11367	68
11378	68
11390	68
11402	68
11414	68
11425	68
11437	68
11449	68
11460	68
11472	68
11484	68
11484	68
11496	68
11519	68
11531	68
11542	68
11554	68
11566	68
11578	68
11601	68
11613	68
11625	68
11636	68
11648	68
11660	68
11671	68
11683	68
11695	68
11707	68
11718	68
11730	68
11742	68
11753	68
11765	68
11777	68
11789	68
11800	68
11812	68
11824	68
11835	68
11847	68
11859	68
11871	68
11882	68
11894	68
11906	68
11917	68
11929	69
11941	69
11953	69
11964	69
11976	69
11988	69
12000	69
12011	69
12023	69
12035	69
12046	69
12058	69
12070	69
12082	69
12093	69
12093	69
12105	69
12117	69
12128	69
12140	69
12140	69
12152	69
12164	69
12175	69
12187	69
12199	69
12210	69
12222	69
12234	69
12246	69
12257	69
12269	69
12281	69
12292	69
12304	69
12316	69
12328	69
12339	69
12351	69
12363	69
12386	69
12398	69
12410	69
12421	69
12433	69
12433	69
12445	69
12457	69
12480	69
12492	69
12503	70
12515	70
12527	70
12539	70
12550	70
12562	70
12574	70
12585	70
12597	70
12609	70
12621	70
12632	70
12644	70
12656	70
12667	70
12679	70
12691	70
12703	70
12714	70
12726	70
12738	70
12750	70
12761	70
12773	70
12785	70
12796	70
12808	70
12820	70
12832	70
12843	70
12855	70
12867	70
12878	70
12890	70
12902	70
12914	70
12925	70
12937	70
12949	70
12960	70
12972	70
12984	70
12996	70
13007	70
13019	70
13031	70
13042	70
13054	70
13066	70
13078	70
13089	71
13113	71
13125	71
13136	71
13148	71
13160	71
13171	71
13183	71
13195	71
13207	71
13218	71
13230	71
13242	71
13253	71
13265	71
13277	71
13289	71
13300	71
13312	71
13324	71
13335	71
13347	71
13359	71
13371	71
13382	71
13394	71
13406	71
13417	71
13429	71
13441	71
13453	71
13464	71
13476	71
13488	71
13500	71
13511	71
13523	71
13535	71
13546	71
13558	71
13570	71
13582	71
13593	71
13605	71
13617	71
13628	71
13628	71
13640	71
13652	71
13664	71
13675	72
13687	72
13699	72
13710	72
13722	72
13734	72
13746	72
13757	72
13769	72
13781	72
13792	72
13804	72
13828	72
13839	72
13851	72
13863	72
13875	72
13886	72
13898	72
13910	72
13921	72
13933	72
13945	72
13957	72
13968	72
13992	72
14003	72
14015	72
14027	72
14050	72
14062	72
14074	72
14085	72
14097	72
14109	72
14121	72
14132	72
14144	72
14156	72
14167	72
14179	72
14203	72
14214	72
14226	72
14238	72
14250	72
14261	72
14273	72
14285	72
14296	72
14308	73
14332	73
14343	73
14355	73
14367	73
14378	73
14390	73
14402	73
14414	73
14425	73
14437	73
14449	73
14460	73
14472	73
14484	73
14496	73
14507	73
14519	73
14531	73
14542	73
14554	73
14566	73
14578	73
14601	73
14613	73
14625	73
14636	73
14648	73
14660	73
14671	73
14683	73
14695	73
14707	73
14718	73
14730	73
14742	73
14765	73
14777	73
14789	73
14800	73
14812	73
14824	73
14835	73
14847	73
14859	73
14871	73
14882	73
14894	73
14906	73
14929	73
14941	74
14953	74
14964	74
14976	74
14988	74
15000	74
15011	74
15035	74
15046	74
15058	74
15070	74
15082	74
15093	74
15105	74
15117	74
15128	74
15140	74
15152	74
15164	74
15175	74
15187	74
15199	74
15210	74
15222	74
15234	74
15246	74
15257	74
15269	74
15281	74
15292	74
15304	74
15316	74
15339	74
15351	74
15363	74
15375	74
15386	74
15398	74
15410	74
15421	74
15433	74
15445	74
15468	74
15480	74
15492	74
15503	74
15515	74
15527	74
15539	74
15550	74
15562	75
15574	75
15585	75
15597	75
15609	75
15632	75
15644	75
15656	75
15667	75
15679	75
15703	75
15714	75
15726	75
15738	75
15750	75
15773	75
15785	75
15796	75
15808	75
15820	75
15832	75
15843	75
15855	75
15867	75
15878	75
15890	75
15902	75
15914	75
15925	75
15937	75
15949	75
15972	75
15984	75
15996	75
16007	75
16019	75
16031	75
16042	75
16054	75
16066	75
16078	75
16089	75
16113	75
16125	75
16136	75
16148	75
16160	75
16171	75
16183	75
16195	75
16218	76
16230	76
16242	76
16253	76
16265	76
16277	76
16289	76
16300	76
16312	76
16324	76
16335	76
16359	76
16371	76
16382	76
16394	76
16406	76
16429	76
16441	76
16453	76
16464	76
16488	76
16500	76
16511	76
16523	76
16535	76
16558	76
16570	76
16582	76
16593	76
16605	76
16617	76
16628	76
16640	76
16652	76
16664	76
16675	76
16687	76
16710	76
16722	76
16734	76
16746	76
16757	76
16769	76
16781	76
16804	76
16816	76
16828	76
16839	76
16851	76
16863	76
16875	77
16886	77
16898	77
16921	77
16933	77
16945	77
16957	77
16968	77
16980	77
16992	77
17003	77
17027	77
17039	77
17050	77
17062	77
17074	77
17085	77
17097	77
17121	77
17132	77
17144	77
17156	77
17179	77
17191	77
17203	77
17226	77
17238	77
17250	77
17273	77
17285	77
17296	77
17308	77
17320	77
17332	77
17355	77
17367	77
17378	77
17390	77
17402	77
17414	77
17425	77
17437	77
17449	77
17472	77
17484	77
17496	77
17507	77
17519	77
17531	77
17554	77
17566	78
17578	78
17589	78
17601	78
17613	78
17636	78
17648	78
17660	78
17671	78
17683	78
17707	78
17718	78
17730	78
17742	78
17753	78
17765	78
17789	78
17800	78
17812	78
17824	78
17835	78
17847	78
17871	78
17882	78
17894	78
17906	78
17929	78
17941	78
17953	78
17976	78
17988	78
18000	78
18023	78
18035	78
18046	78
18058	78
18070	78
18093	78
18105	78
18117	78
18128	78
18140	78
18152	78
18164	78
18175	78
18199	78
18210	78
18222	78
18234	78
18257	78
18269	79
18281	79
18292	79
18304	79
18316	79
18328	79
18351	79
18363	79
18375	79
18386	79
18398	79
18421	79
18433	79
18445	79
18457	79
18468	79
18480	79
18503	79
18515	79
18527	79
18539	79
18550	79
18562	79
18574	79
18597	79
18609	79
18621	79
18632	79
18656	79
18667	79
18679	79
18703	79
18714	79
18726	79
18750	79
18761	79
18773	79
18785	79
18808	79
18820	79
18832	79
18843	79
18867	79
18878	79
18890	79
18902	79
18925	79
18937	79
18949	79
18960	79
18972	80
18996	80
19007	80
19019	80
19031	80
19042	80
19066	80
19078	80
19089	80
19113	80
19125	80
19136	80
19148	80
19171	80
19183	80
19195	80
19207	80
19218	80
19242	80
19253	80
19265	80
19277	80
19289	80
19300	80
19324	80
19335	80
19347	80
19359	80
19382	80
19394	80
19406	80
19417	80
19441	80
19453	80
19476	80
19488	80
19500	80
19511	80
19535	80
19546	80
19558	80
19570	80
19593	80
19605	80
19617	80
19628	80
19652	80
19664	80
19675	80
19687	80
19710	81
19722	81
19734	81
19746	81
19769	81
19781	81
19792	81
19816	81
19828	81
19839	81
19863	81
19875	81
19886	81
19910	81
19921	81
19933	81
19945	81
19968	81
19980	81
19992	81
20003	81
20015	81
20039	81
20050	81
20062	81
20074	81
20097	81
20109	81
20121	81
20132	81
20156	81
20167	81
20179	81
20203	81
20214	81
20238	81
20250	81
20261	81
20285	81
20296	81
20308	81
20320	81
20343	81
20355	81
20378	81
20390	81
20414	81
20425	81
20437	81
20449	81
20472	82
20484	82
20496	82
20519	82
20531	82
20542	82
20566	82
20578	82
20589	82
20613	82
20625	82
20636	82
20660	82
20671	82
20683	82
20707	82
20718	82
20730	82
20742	82
20753	82
20765	82
20777	82
20800	82
20812	82
20824	82
20835	82
20859	82
20871	82
20882	82
20894	82
20917	82
20929	82
20941	82
20953	82
20976	82
20988	82
21000	82
21023	82
21035	82
21046	82
21070	82
21082	82
21093	82
21117	82
21128	82
21140	82
21164	82
21175	82
21199	82
21210	82
21222	83
21234	83
21257	83
21269	83
21292	83
21304	83
21328	83
21339	83
21363	83
21375	83
21398	83
21410	83
21421	83
21445	83
21457	83
21468	83
21492	83
21503	83
21515	83
21539	83
21550	83
21562	83
21574	83
21597	83
21609	83
21621	83
21644	83
21656	83
21667	83
21691	83
21703	83
21714	83
21726	83
21750	83
21761	83
21773	83
21796	83
21808	83
21832	83
21843	83
21855	83
21867	83
21890	83
21902	83
21914	83
21937	83
21949	83
21960	83
21972	83
21996	83
22007	84
22031	84
22042	84
22066	84
22078	84
22101	84
22125	84
22136	84
22148	84
22171	84
22183	84
22195	84
22218	84
22230	84
22253	84
22265	84
22277	84
22300	84
22312	84
22324	84
22347	84
22359	84
22371	84
22394	84
22406	84
22417	84
22441	84
22453	84
22464	84
22488	84
22500	84
22511	84
22535	84
22546	84
22570	84
22582	84
22593	84
22617	84
22628	84
22640	84
22664	84
22675	84
22699	84
22710	84
22722	84
22746	84
22757	84
22781	84
22792	84
22816	84
22839	85
22851	85
22875	85
22886	85
22910	85
22921	85
22933	85
22957	85
22968	85
22992	85
23003	85
23027	85
23039	85
23050	85
23062	85
23085	85
23097	85
23121	85
23132	85
23144	85
23167	85
23179	85
23191	85
23203	85
23226	85
23238	85
23250	85
23273	85
23285	85
23296	85
23320	85
23332	85
23355	85
23367	85
23378	85
23390	85
23414	85
23425	85
23437	85
23460	85
23472	85
23484	85
23507	85
23519	85
23542	85
23566	85
23589	85
23601	85
23625	85
23648	85
23660	86
23671	86
23695	86
23707	86
23730	86
23742	86
23765	86
23777	86
23800	86
23812	86
23835	86
23847	86
23871	86
23882	86
23894	86
23917	86
23929	86
23941	86
23964	86
23976	86
23988	86
24011	86
24023	86
24046	86
24058	86
24082	86
24093	86
24105	86
24117	86
24128	86
24152	86
24164	86
24175	86
24187	86
24210	86
24222	86
24246	86
24257	86
24281	86
24292	86
24316	86
24328	86
24351	86
24363	86
24386	86
24398	86
24421	86
24433	86
24457	86
24468	86
24492	87
24503	87
24527	87
24539	87
24562	87
24574	87
24585	87
24609	87
24621	87
24644	87
24656	87
24679	87
24691	87
24714	87
24726	87
24750	87
24761	87
24785	87
24796	87
24820	87
24832	87
24843	87
24867	87
24878	87
24890	87
24914	87
24925	87
24949	87
24960	87
24972	87
24996	87
25007	87
25031	87
25042	87
25066	87
25089	87
25101	87
25125	87
25136	87
25160	87
25171	87
25195	87
25207	87
25230	87
25242	87
25253	87
25277	87
25289	87
25312	87
25324	87
25335	88
25359	88
25371	88
25394	88
25406	88
25429	88
25441	88
25464	88
25476	88
25488	88
25511	88
25523	88
25546	88
25558	88
25582	88
25593	88
25605	88
25628	88
25640	88
25652	88
25664	88
25675	88
25699	88
25710	88
25734	88
25746	88
25769	88
25781	88
25804	88
25816	88
25839	88
25851	88
25875	88
25898	88
25910	88
25933	88
25945	88
25957	88
25980	88
26003	88
26015	88
26039	88
26062	88
26074	88
26085	88
26109	88
26121	88
26144	88
26156	88
26179	88
26203	89
26214	89
26238	89
26261	89
26273	89
26296	89
26308	89
26320	89
26343	89
26355	89
26378	89
26390	89
26402	89
26425	89
26437	89
26460	89
26472	89
26496	89
26507	89
26519	89
26542	89
26554	89
26578	89
26589	89
26613	89
26625	89
26648	89
26660	89
26683	89
26695	89
26718	89
26730	89
26753	89
26765	89
26789	89
26800	89
26824	89
26835	89
26847	89
26871	89
26882	89
26906	89
26917	89
26941	89
26964	89
26976	89
27000	89
27011	89
27035	89
27046	89
27070	90
27082	90
27093	90
27117	90
27128	90
27140	90
27164	90
27175	90
27187	90
27210	90
27222	90
27246	90
27257	90
27281	90
27292	90
27304	90
27328	90
27339	90
27363	90
27375	90
27398	90
27410	90
27433	90
27445	90
27468	90
27480	90
27492	90
27515	90
27527	90
27550	90
27562	90
27585	90
27597	90
27609	90
27632	90
27644	90
27667	90
27691	90
27703	90
27726	90
27750	90
27761	90
27785	90
27796	90
27808	90
27832	90
27843	90
27867	90
27878	90
27890	90
27914	91
27925	91
27949	91
27960	91
27984	91
27996	91
28019	91
28031	91
28042	91
28066	91
28078	91
28101	91
28113	91
28125	91
28148	91
28160	91
28183	91
28207	91
28218	91
28230	91
28253	91
28265	91
28289	91
28300	91
28312	91
28335	91
28347	91
28371	91
28382	91
28406	91
28429	91
28441	91
28464	91
28488	91
28500	91
28523	91
28535	91
28558	91
28570	91
28593	91
28605	91
28628	91
28640	91
28652	91
28675	91
28687	91
28699	91
28722	91
28746	91
28757	91
28769	92
28792	92
28804	92
28828	92
28839	92
28851	92
28875	92
28886	92
28910	92
28921	92
28945	92
28957	92
28980	92
28992	92
29015	92
29027	92
29050	92
29062	92
29074	92
29097	92
29109	92
29132	92
29144	92
29167	92
29191	92
29214	92
29226	92
29250	92
29261	92
29285	92
29296	92
29320	92
29332	92
29355	92
29367	92
29390	92
29402	92
29425	92
29437	92
29449	92
29472	92
29484	92
29507	92
29519	92
29542	92
29554	92
29578	92
29589	92
29613	92
29625	92
29648	93
29660	93
29683	93
29695	93
29718	93
29730	93
29753	93
29765	93
29789	93
29800	93
29824	93
29835	93
29847	93
29871	93
29894	93
29906	93
29929	93
29953	93
29964	93
29988	93
30011	93
30023	93
30046	93
30058	93
30082	93
30093	93
30117	93
30128	93
30140	93
30164	93
30175	93
30199	93
30210	93
30234	93
30246	93
30269	93
30281	93
30292	93
30316	93
30328	93
30351	93
30363	93
30386	93
30398	93
30421	93
30433	93
30457	93
30468	93
30492	93
30503	93
30515	94
30539	94
30550	94
30574	94
30585	94
30609	94
30621	94
30644	94
30656	94
30679	94
30703	94
30726	94
30738	94
30761	94
30773	94
30796	94
30808	94
30832	94
30843	94
30867	94
30890	94
30902	94
30925	94
30937	94
30960	94
30972	94
30996	94
31007	94
31031	94
31042	94
31066	94
31078	94
31101	94
31125	94
31136	94
31160	94
31171	94
31195	94
31207	94
31230	94
31242	94
31253	94
31277	94
31289	94
31312	94
31324	94
31347	94
31359	94
31382	94
31394	94
31417	95
31441	95
31453	95
31476	95
31500	95
31511	95
31535	95
31546	95
31570	95
31582	95
31605	95
31617	95
31640	95
31664	95
31675	95
31699	95
31710	95
31734	95
31746	95
31769	95
31781	95
31804	95
31828	95
31839	95
31863	95
31886	95
31898	95
31921	95
31933	95
31957	95
31968	95
31992	95
32003	95
32027	95
32039	95
32062	95
32074	95
32097	95
32109	95
32132	95
32144	95
32167	95
32191	95
32214	95
32226	95
32250	95
32273	95
32285	95
32308	95
32320	95
32343	96
32367	96
32378	96
32402	96
32425	96
32449	96
32460	96
32484	96
32496	96
32519	96
32531	96
32554	96
32578	96
32601	96
32613	96
32636	96
32648	96
32671	96
32695	96
32707	96
32730	96
32742	96
32753	96
32777	96
32789	96
32800	96
32824	96
32835	96
32859	96
32882	96
32894	96
32917	96
32929	96
32953	96
32964	96
32988	96
33000	96
33023	96
33046	96
33058	96
33082	96
33093	96
33117	96
33140	96
33164	96
33175	96
33199	96
33210	96
33234	96
33246	96
33269	97
33292	97
33316	97
33339	97
33363	97
33386	97
33398	97
33421	97
33433	97
33457	97
33480	97
33492	97
33515	97
33527	97
33550	97
33562	97
33585	97
33609	97
33621	97
33644	97
33656	97
33679	97
33703	97
33714	97
33738	97
33750	97
33773	97
33785	97
33808	97
33832	97
33843	97
33867	97
33878	97
33902	97
33925	97
33937	97
33960	97
33972	97
33996	97
34007	97
34031	97
34054	97
34078	97
34101	97
34125	97
34148	97
34160	97
34183	97
34195	97
34218	97
34242	98
34253	98
34277	98
34300	98
34312	98
34335	98
34347	98
34371	98
34394	98
34406	98
34429	98
34441	98
34464	98
34488	98
34500	98
34523	98
34546	98
34558	98
34582	98
34593	98
34617	98
34640	98
34664	98
34675	98
34699	98
34710	98
34734	98
34757	98
34781	98
34804	98
34828	98
34851	98
34875	98
34886	98
34910	98
34933	98
34945	98
34968	98
34992	98
35003	98
35027	98
35050	98
35062	98
35085	98
35097	98
35121	98
35144	98
35156	98
35179	98
35191	98
35214	99
35226	99
35250	99
35261	99
35285	99
35308	99
35332	99
35343	99
35355	99
35378	99
35390	99
35414	99
35437	99
35449	99
35472	99
35484	99
35507	99
35531	99
35554	99
35578	99
35601	99
35625	99
35648	99
35671	99
35683	99
35707	99
35730	99
35753	99
35777	99
35789	99
35812	99
35835	99
35847	99
35871	99
35894	99
35906	99
35929	99
35953	99
35964	99
35988	99
36000	99
36023	99
36046	99
36070	99
36082	99
36105	99
36117	99
36128	99
36152	99
36164	99
36187	100
36199	100
36222	100
36246	100
36269	100
36281	100
36304	100
36328	100
36351	100
36375	100
36386	100
36410	100
36433	100
36445	100
36468	100
36492	100
36515	100
36527	100
36550	100
36574	100
36585	100
36609	100
36632	100
36656	100
36667	100
36691	100
36714	100
36738	100
36750	100
36773	100
36796	100
36808	100
36832	100
36855	100
36867	100
36890	100
36902	100
36925	100
36949	100
36960	100
36984	100
37007	100
37031	100
37042	100
37066	100
37089	100
37113	100
37136	100
37148	100
37171	100
37195	101
37218	101
37230	101
37253	101
37277	101
37289	101
37312	101
37335	101
37347	101
37371	101
37394	101
37406	101
37429	101
37453	101
37464	101
37488	101
37511	101
37535	101
37546	101
37570	101
37593	101
37605	101
37628	101
37640	101
37652	101
37675	101
37699	101
37710	101
37734	101
37757	101
37769	101
37792	101
37816	101
37839	101
37863	101
37886	101
37898	101
37921	101
37945	101
37968	101
37992	101
38015	101
38039	101
38050	101
38074	101
38097	101
38121	101
38132	101
38156	101
38179	101
38203	102
38226	102
38250	102
38273	102
38285	102
38308	102
38332	102
38355	102
38367	102
38390	102
38402	102
38425	102
38449	102
38472	102
38484	102
38507	102
38531	102
38554	102
38566	102
38589	102
38613	102
38636	102
38660	102
38671	102
38695	102
38718	102
38742	102
38753	102
38777	102
38800	102
38824	102
38835	102
38859	102
38882	102
38906	102
38917	102
38941	102
38964	102
38988	102
39011	102
39035	102
39046	102
39070	102
39093	102
39117	102
39128	102
39152	102
39164	102
39187	102
39210	102
39222	103
39246	103
39269	103
39292	103
39304	103
39328	103
39351	103
39375	103
39386	103
39410	103
39433	103
39457	103
39480	103
39492	103
39515	103
39539	103
39562	103
39574	103
39597	103
39621	103
39644	103
39667	103
39679	103
39703	103
39726	103
39750	103
39773	103
39796	103
39820	103
39843	103
39855	103
39878	103
39902	103
39914	103
39937	103
39960	103
39972	103
39996	103
40019	103
40042	103
40054	103
40078	103
40101	103
40125	103
40136	103
40160	103
40183	103
40207	103
40230	103
40242	103
40265	104
40289	104
40312	104
40324	104
40347	104
40371	104
40394	104
40417	104
40441	104
40464	104
40488	104
40511	104
40535	104
40558	104
40570	104
40593	104
40617	104
40640	104
40652	104
40675	104
40699	104
40710	104
40734	104
40757	104
40781	104
40804	104
40816	104
40839	104
40863	104
40886	104
40898	104
40921	104
40945	104
40968	104
40992	104
41003	104
41027	104
41050	104
41074	104
41097	104
41109	104
41132	104
41156	104
41179	104
41214	104
41238	104
41261	104
41273	104
41296	104
41320	104
41343	105
41367	105
41378	105
41402	105
41425	105
41449	105
41460	105
41484	105
41507	105
41531	105
41554	105
41566	105
41589	105
41613	105
41636	105
41660	105
41671	105
41695	105
41718	105
41742	105
41765	105
41789	105
41800	105
41824	105
41847	105
41871	105
41894	105
41917	105
41941	105
41964	105
41988	105
42011	105
42035	105
42058	105
42082	105
42093	105
42117	105
42140	105
42164	105
42175	105
42199	105
42222	105
42246	105
42269	105
42281	105
42304	105
42328	105
42351	105
42375	105
42386	105
42410	106
42433	106
42457	106
42480	106
42492	106
42515	106
42539	106
42562	106
42585	106
42597	106
42621	106
42644	106
42667	106
42691	106
42714	106
42738	106
42761	106
42785	106
42808	106
42832	106
42855	106
42878	106
42902	106
42914	106
42937	106
42960	106
42984	106
43007	106
43031	106
43042	106
43066	106
43089	106
43113	106
43136	106
43160	106
43183	106
43207	106
43230	106
43242	106
43265	106
43289	106
43312	106
43324	106
43347	106
43371	106
43394	106
43417	106
43441	106
43464	106
43488	106
43511	107
43535	107
43558	107
43582	107
43593	107
43617	107
43640	107
43664	107
43687	107
43710	107
43734	107
43746	107
43769	107
43792	107
43816	107
43839	107
43863	107
43886	107
43910	107
43933	107
43957	107
43980	107
43992	107
44015	107
44039	107
44062	107
44085	107
44109	107
44121	107
44144	107
44167	107
44191	107
44214	107
44250	107
44273	107
44285	107
44308	107
44332	107
44355	107
44378	107
44414	107
44437	107
44449	107
44472	107
44496	107
44519	107
44542	107
44566	107
44589	107
44613	107
44636	108
44660	108
44683	108
44707	108
44730	108
44742	108
44765	108
44789	108
44800	108
44824	108
44847	108
44871	108
44894	108
44917	108
44941	108
44953	108
44976	108
45000	108
45023	108
45046	108
45070	108
45093	108
45117	108
45140	108
45164	108
45187	108
45210	108
45234	108
45257	108
45281	108
45304	108
45328	108
45363	108
45386	108
45410	108
45433	108
45445	108
45468	108
45492	108
45515	108
45539	108
45562	108
45585	108
45609	108
45632	108
45656	108
45667	108
45691	108
45714	108
45738	108
45761	109
45785	109
45808	109
45832	109
45855	109
45878	109
45890	109
45914	109
45937	109
45960	109
45984	109
46007	109
46031	109
46054	109
46089	109
46113	109
46136	109
46160	109
46183	109
46207	109
46230	109
46253	109
46277	109
46300	109
46324	109
46347	109
46371	109
46394	109
46406	109
46429	109
46453	109
46476	109
46500	109
46523	109
46546	109
46570	109
46593	109
46617	109
46640	109
46664	109
46687	109
46710	109
46734	109
46757	109
46781	109
46804	109
46839	109
46863	109
46886	109
46910	109
46933	110
46957	110
46980	110
47003	110
47027	110
47050	110
47074	110
47097	110
47121	110
47144	110
47167	110
47179	110
47203	110
47226	110
47250	110
47273	110
47296	110
47320	110
47343	110
47355	110
47378	110
47402	110
47425	110
47449	110
47472	110
47496	110
47519	110
47542	110
47578	110
47601	110
47625	110
47648	110
47671	110
47695	110
47718	110
47753	110
47777	110
47800	110
47824	110
47847	110
47871	110
47894	110
47917	110
47941	110
47964	110
47988	110
48000	110
48023	110
48058	110
48082	110
48093	111
48117	111
48140	111
48152	111
48175	111
48199	111
48222	111
48246	111
48269	111
48292	111
48316	111
48339	111
48375	111
48398	111
48421	111
48445	111
48468	111
48492	111
48515	111
48539	111
48562	111
48585	111
48609	111
48632	111
48656	111
48679	111
48703	111
48726	111
48750	111
48773	111
48796	111
48820	111
48843	111
48867	111
48890	111
48914	111
48937	111
48960	111
48984	111
49007	111
49031	111
49054	111
49078	111
49101	111
49125	111
49148	111
49171	111
49195	111
49218	111
49242	111
49265	112
49289	112
49312	112
49335	112
49359	112
49382	112
49406	112
49429	112
49453	112
49476	112
49500	112
49523	112
49546	112
49570	112
49593	112
49617	112
49640	112
49652	112
49675	112
49699	112
49722	112
49746	112
49769	112
49792	112
49816	112
49839	112
49875	112
49898	112
49921	112
49945	112
49968	112
49992	112
50027	112
50050	112
50074	112
50097	112
50121	112
50144	112
50167	112
50191	112
50226	112
50250	112
50273	112
50296	112
50320	112
50343	112
50367	112
50390	112
50414	112
50437	112
50460	113
50484	113
50507	113
50531	113
50554	113
50578	113
50601	113
50625	113
50648	113
50683	113
50707	113
50730	113
50753	113
50777	113
50800	113
50824	113
50847	113
50871	113
50894	113
50917	113
50941	113
50964	113
50988	113
51023	113
51046	113
51070	113
51093	113
51117	113
51128	113
51152	113
51175	113
51199	113
51222	113
51246	113
51269	113
51292	113
51316	113
51339	113
51363	113
51386	113
51410	113
51445	113
51468	113
51492	113
51515	113
51539	113
51562	113
51585	113
51609	113
51632	113
51656	114
51679	114
51714	114
51738	114
51761	114
51785	114
51808	114
51832	114
51855	114
51878	114
51902	114
51925	114
51949	114
51972	114
51996	114
52019	114
52042	114
52066	114
52089	114
52113	114
52136	114
52160	114
52183	114
52207	114
52230	114
52253	114
52277	114
52300	114
52324	114
52347	114
52382	114
52406	114
52429	114
52464	114
52488	114
52511	114
52535	114
52558	114
52582	114
52605	114
52628	114
52652	114
52675	114
52699	114
52722	114
52757	114
52769	114
52792	114
52816	114
52839	114
52863	115
52886	115
52921	115
52945	115
52968	115
52992	115
53015	115
53039	115
53062	115
53085	115
53109	115
53132	115
53156	115
53191	115
53214	115
53250	115
53273	115
53296	115
53320	115
53343	115
53367	115
53390	115
53414	115
53437	115
53460	115
53484	115
53507	115
53531	115
53554	115
53578	115
53601	115
53625	115
53660	115
53683	115
53707	115
53730	115
53753	115
53777	115
53800	115
53824	115
53847	115
53871	115
53906	115
53929	115
53964	115
53988	115
54011	115
54035	115
54058	115
54093	115
54117	116
54140	116
54164	116
54187	116
54210	116
54234	116
54257	116
54281	116
54304	116
54328	116
54351	116
54375	116
54398	116
54421	116
54445	116
54468	116
54492	116
54515	116
54539	116
54562	116
54597	116
54621	116
54644	116
54667	116
54691	116
54726	116
54750	116
54773	116
54796	116
54832	116
54855	116
54878	116
54902	116
54925	116
54949	116
54972	116
54996	116
55019	116
55054	116
55078	116
55101	116
55125	116
55148	116
55183	116
55207	116
55230	116
55253	116
55277	116
55300	116
55324	116
55347	117
55371	117
55394	117
55417	117
55453	117
55476	117
55500	117
55523	117
55546	117
55582	117
55605	117
55628	117
55652	117
55675	117
55699	117
55722	117
55757	117
55781	117
55804	117
55828	117
55863	117
55886	117
55910	117
55933	117
55957	117
55980	117
56003	117
56027	117
56050	117
56074	117
56109	117
56132	117
56156	117
56179	117
56214	117
56238	117
56261	117
56296	117
56320	117
56343	117
56367	117
56402	117
56425	117
56449	117
56472	117
56507	117
56531	117
56554	117
56578	117
56613	117
56636	118
56660	118
56683	118
56707	118
56730	118
56753	118
56777	118
56800	118
56824	118
56847	118
56871	118
56894	118
56917	118
56953	118
56976	118
57000	118
57023	118
57046	118
57070	118
57105	118
57128	118
57152	118
57175	118
57210	118
57234	118
57257	118
57281	118
57316	118
57339	118
57375	118
57398	118
57421	118
57445	118
57480	118
57503	118
57527	118
57550	118
57574	118
57597	118
57632	118
57656	118
57679	118
57703	118
57726	118
57750	118
57773	118
57808	118
57832	118
57855	118
57878	118
57902	119
57925	119
57960	119
57984	119
58007	119
58031	119
58066	119
58089	119
58125	119
58148	119
58171	119
58207	119
58230	119
58253	119
58277	119
58300	119
58335	119
58359	119
58382	119
58406	119
58429	119
58453	119
58488	119
58511	119
58535	119
58558	119
58582	119
58617	119
58640	119
58664	119
58687	119
58710	119
58746	119
58769	119
58804	119
58828	119
58863	119
58886	119
58921	119
58945	119
58968	119
58992	119
59015	119
59050	119
59074	119
59097	119
59121	119
59144	119
59167	119
59191	119
59214	120
59238	120
59261	120
59296	120
59320	120
59343	120
59367	120
59390	120
59414	120
59437	120
59460	120
59496	120
59519	120
59554	120
59578	120
59613	120
59648	120
59671	120
59695	120
59718	120
59753	120
59789	120
59812	120
59835	120
59859	120
59882	120
59917	120
59941	120
59964	120
59988	120
60011	120
60035	120
60070	120
60093	120
60117	120
60140	120
60152	120
60175	120
60210	120
60234	120
60257	120
60281	120
60316	120
60339	120
60375	120
60398	120
60421	120
60445	120
60480	120
60503	120
60539	121
60562	121
60585	121
60609	121
60632	121
60667	121
60691	121
60714	121
60750	121
60773	121
60796	121
60820	121
60855	121
60878	121
60902	121
60925	121
60949	121
60972	121
60996	121
61031	121
61054	121
61089	121
61113	121
61136	121
61171	121
61195	121
61218	121
61242	121
61277	121
61300	121
61324	121
61347	121
61382	121
61406	121
61429	121
61453	121
61476	121
61511	121
61535	121
61558	121
61593	121
61605	121
61628	121
61652	121
61675	121
61699	121
61734	121
61757	121
61781	121
61804	121
61839	122
61863	122
61898	122
61921	122
61945	122
61980	122
62003	122
62039	122
62062	122
62085	122
62121	122
62144	122
62179	122
62203	122
62238	122
62261	122
62285	122
62320	122
62343	122
62367	122
62390	122
62414	122
62437	122
62472	122
62496	122
62519	122
62542	122
62578	122
62601	122
62636	122
62660	122
62683	122
62707	122
62742	122
62765	122
62789	122
62824	122
62847	122
62871	122
62894	122
62929	122
62953	122
62988	122
63011	122
63035	122
63070	122
63093	122
63117	122
63140	122
63164	122
63187	123
63210	123
63246	123
63269	123
63292	123
63316	123
63351	123
63375	123
63398	123
63433	123
63457	123
63480	123
63503	123
63539	123
63562	123
63585	123
63621	123
63644	123
63667	123
63703	123
63738	123
63761	123
63785	123
63820	123
63843	123
63867	123
63890	123
63914	123
63949	123
63972	123
63996	123
64019	123
64054	123
64078	123
64101	123
64125	123
64160	123
64183	123
64207	123
64242	123
64265	123
64289	123
64312	123
64347	123
64371	123
64394	123
64429	123
64464	123
64488	123
64523	123
64546	124
64570	124
64605	124
64628	124
64652	124
64675	124
64699	124
64734	124
64757	124
64781	124
64804	124
64839	124
64863	124
64886	124
64910	124
64945	124
64968	124
64992	124
65027	124
65050	124
65074	124
65109	124
65132	124
65156	124
65191	124
65226	124
65250	124
65285	124
65308	124
65343	124
65367	124
65390	124
65414	124
65449	124
65472	124
65496	124
65531	124
65554	124
65578	124
65601	124
65636	124
65660	124
65695	124
65718	124
65742	124
65765	124
65800	124
65824	124
65847	124
65882	124
65906	125
65941	125
65976	125
66000	125
66035	125
66058	125
66093	125
66117	125
66140	125
66164	125
66187	125
66222	125
66246	125
66269	125
66304	125
66328	125
66351	125
66375	125
66410	125
66433	125
66468	125
66492	125
66515	125
66539	125
66562	125
66597	125
66621	125
66656	125
66679	125
66714	125
66738	125
66773	125
66796	125
66832	125
66855	125
66878	125
66914	125
66937	125
66960	125
66996	125
67019	125
67054	125
67078	125
67113	125
67136	125
67160	125
67195	125
67218	125
67242	125
67277	125
67300	126
67324	126
67359	126
67382	126
67406	126
67441	126
67476	126
67500	126
67535	126
67558	126
67582	126
67617	126
67640	126
67675	126
67699	126
67722	126
67757	126
67781	126
67816	126
67839	126
67875	126
67898	126
67933	126
67957	126
67980	126
68003	126
68039	126
68062	126
68085	126
68121	126
68144	126
68179	126
68203	126
68238	126
68273	126
68296	126
68320	126
68355	126
68390	126
68414	126
68449	126
68472	126
68507	126
68531	126
68566	126
68589	126
68625	126
68648	126
68683	126
68707	126
68730	127
68753	127
68777	127
68812	127
68835	127
68859	127
68894	127
68917	127
68941	127
68976	127
69000	127
69035	127
69058	127
69082	127
69117	127
69152	127
69175	127
69199	127
69234	127
69257	127
69292	127
69328	127
69363	127
69398	127
69421	127
69445	127
69480	127
69503	127
69539	127
69562	127
69585	127
69621	127
69644	127
69679	127
69703	127
69726	127
69761	127
69785	127
69820	127
69843	127
69867	127
69902	127
69925	127
69960	127
69984	127
70007	127
70042	127
70078	127
70113	127
70148	127
70171	128
70195	128
70230	128
70265	128
70289	128
70312	128
70347	128
70371	128
70406	128
70429	128
70453	128
70488	128
70511	128
70546	128
70570	128
70605	128
70628	128
70664	128
70687	128
70722	128
70746	128
70781	128
70816	128
70851	128
70886	128
70910	128
70945	128
70968	128
71003	128
71027	128
71050	128
71085	128
71109	128
71144	128
71167	128
71191	128
71226	128
71250	128
71273	128
71308	128
71332	128
71355	128
71390	128
71414	128
71449	128
71472	128
71496	128
71531	128
71566	128
71601	128
71636	129
71671	129
71695	129
71730	129
71765	129
71789	129
71824	129
71847	129
71882	129
71906	129
71941	129
71964	129
71988	129
72023	129
72046	129
72082	129
72105	129
72128	129
72152	129
72175	129
72210	129
72234	129
72269	129
72292	129
72328	129
72363	129
72386	129
72421	129
72445	129
72480	129
72503	129
72539	129
72574	129
72597	129
72621	129
72656	129
72679	129
72714	129
72738	129
72773	129
72808	129
72832	129
72855	129
72890	129
72914	129
72937	129
72972	129
72996	129
73031	129
73066	129
73089	130
73125	130
73160	130
73183	130
73218	130
73242	130
73277	130
73300	130
73324	130
73359	130
73382	130
73417	130
73441	130
73476	130
73500	130
73535	130
73558	130
73593	130
73617	130
73640	130
73664	130
73699	130
73722	130
73757	130
73781	130
73816	130
73851	130
73875	130
73910	130
73933	130
73968	130
74003	130
74039	130
74062	130
74097	130
74121	130
74156	130
74191	130
74226	130
74250	130
74285	130
74320	130
74343	130
74367	130
74402	130
74425	130
74460	130
74484	130
74519	130
74542	130
74578	131
74601	131
74636	131
74660	131
74695	131
74718	131
74753	131
74777	131
74812	131
74835	131
74871	131
74894	131
74929	131
74964	131
74988	131
75023	131
75046	131
75082	131
75105	131
75140	131
75164	131
75187	131
75222	131
75246	131
75281	131
75304	131
75339	131
75363	131
75398	131
75421	131
75457	131
75480	131
75515	131
75539	131
75574	131
75597	131
75632	131
75667	131
75691	131
75726	131
75761	131
75796	131
75820	131
75855	131
75878	131
75902	131
75937	131
75960	131
75996	131
76031	131
76054	132
76078	132
76113	132
76136	132
76171	132
76207	132
76230	132
76265	132
76289	132
76324	132
76347	132
76382	132
76406	132
76441	132
76476	132
76511	132
76546	132
76570	132
76605	132
76628	132
76652	132
76687	132
76710	132
76746	132
76769	132
76804	132
76828	132
76863	132
76886	132
76921	132
76945	132
76980	132
77003	132
77039	132
77062	132
77097	132
77121	132
77156	132
77191	132
77226	132
77261	132
77285	132
77320	132
77343	132
77378	132
77402	132
77437	132
77460	132
77496	132
77519	132
77554	133
77578	133
77613	133
77636	133
77671	133
77707	133
77730	133
77765	133
77800	133
77824	133
77859	133
77882	133
77917	133
77953	133
77988	133
78023	133
78046	133
78082	133
78117	133
78140	133
78164	133
78199	133
78234	133
78257	133
78292	133
78316	133
78351	133
78375	133
78410	133
78433	133
78468	133
78492	133
78527	133
78550	133
78585	133
78609	133
78644	133
78679	133
78714	133
78750	133
78773	133
78808	133
78832	133
78867	133
78902	133
78925	133
78960	133
78984	133
79019	133
79054	133
79078	134
79113	134
79136	134
79171	134
79207	134
79230	134
79265	134
79289	134
79312	134
79347	134
79382	134
79406	134
79441	134
79476	134
79511	134
79535	134
79570	134
79605	134
79628	134
79664	134
79687	134
79722	134
79757	134
79781	134
79816	134
79851	134
79886	134
79910	134
79945	134
79968	134
80003	134
80027	134
80062	134
80097	134
80121	134
80156	134
80191	134
80226	134
80261	134
80285	134
80320	134
80355	134
80390	134
80425	134
80449	134
80484	134
80519	134
80554	134
80589	134
80613	134
80648	135
80683	135
80707	135
80742	135
80765	135
80789	135
80824	135
80847	135
80882	135
80906	135
80941	135
80976	135
81000	135
81035	135
81070	135
81093	135
81128	135
81164	135
81187	135
81222	135
81257	135
81281	135
81328	135
81363	135
81398	135
81421	135
81457	135
81480	135
81515	135
81550	135
81574	135
81609	135
81632	135
81667	135
81703	135
81726	135
81761	135
81785	135
81820	135
81855	135
81878	135
81914	135
81949	135
81972	135
82007	135
82042	135
82078	135
82113	135
82148	135
82183	135
82207	136
82242	136
82277	136
82300	136
82335	136
82371	136
82394	136
82429	136
82464	136
82488	136
82523	136
82558	136
82582	136
82617	136
82652	136
82687	136
82710	136
82746	136
82781	136
82816	136
82863	136
82898	136
82921	136
82957	136
82992	136
83015	136
83050	136
83085	136
83109	136
83144	136
83167	136
83203	136
83226	136
83261	136
83296	136
83320	136
83355	136
83378	136
83414	136
83437	136
83472	136
83507	136
83542	136
83578	136
83613	136
83648	136
83683	136
83707	136
83742	136
83789	136
83812	137
83847	137
83882	137
83906	137
83941	137
83976	137
84000	137
84035	137
84070	137
84093	137
84117	137
84140	137
84175	137
84199	137
84234	137
84269	137
84304	137
84339	137
84375	137
84410	137
84433	137
84468	137
84503	137
84539	137
84562	137
84597	137
84632	137
84667	137
84691	137
84726	137
84761	137
84796	137
84832	137
84855	137
84890	137
84914	137
84949	137
84984	137
85007	137
85042	137
85078	137
85113	137
85148	137
85183	137
85218	137
85242	137
85277	137
85312	137
85335	137
85371	137
85406	138
85429	138
85464	138
85500	138
85523	138
85558	138
85593	138
85617	138
85640	138
85675	138
85699	138
85734	138
85769	138
85792	138
85828	138
85863	138
85898	138
85933	138
85957	138
85992	138
86039	138
86062	138
86097	138
86132	138
86167	138
86203	138
86238	138
86261	138
86296	138
86332	138
86367	138
86390	138
86425	138
86449	138
86484	138
86519	138
86542	138
86578	138
86613	138
86648	138
86683	138
86707	138
86742	138
86777	138
86800	138
86835	138
86871	138
86906	138
86941	138
86964	138
87000	139
87035	139
87070	139
87105	139
87128	139
87152	139
87187	139
87222	139
87257	139
87281	139
87316	139
87351	139
87375	139
87410	139
87445	139
87480	139
87503	139
87539	139
87574	139
87597	139
87632	139
87667	139
87703	139
87738	139
87773	139
87808	139
87843	139
87867	139
87902	139
87925	139
87960	139
87996	139
88019	139
88054	139
88089	139
88113	139
88148	139
88183	139
88207	139
88242	139
88277	139
88300	139
88335	139
88371	139
88406	139
88441	139
88476	139
88511	139
88546	139
88570	139
88605	140
88640	140
88664	140
88699	140
88722	140
88757	140
88792	140
88816	140
88851	140
88886	140
88910	140
88945	140
88980	140
89015	140
89039	140
89074	140
89109	140
89144	140
89179	140
89214	140
89250	140
89285	140
89320	140
89355	140
89378	140
89414	140
89437	140
89472	140
89507	140
89542	140
89566	140
89601	140
89636	140
89671	140
89707	140
89730	140
89765	140
89800	140
89835	140
89859	140
89894	140
89929	140
89964	140
90011	140
90035	140
90070	140
90105	140
90128	140
90164	140
90199	140
90222	141
90257	141
90292	141
90316	141
90351	141
90386	141
90421	141
90445	141
90480	141
90515	141
90539	141
90574	141
90609	141
90632	141
90667	141
90703	141
90738	141
90773	141
90808	141
90843	141
90878	141
90902	141
90937	141
90972	141
91007	141
91031	141
91066	141
91101	141
91136	141
91171	141
91195	141
91230	141
91265	141
91289	141
91324	141
91359	141
91394	141
91417	141
91464	141
91500	141
91523	141
91558	141
91593	141
91628	141
91664	141
91687	141
91722	141
91757	141
91792	141
91828	141
91863	142
91898	142
91933	142
91957	142
91992	142
92027	142
92050	142
92085	142
92121	142
92156	142
92191	142
92226	142
92261	142
92296	142
92332	142
92367	142
92402	142
92437	142
92472	142
92496	142
92531	142
92566	142
92601	142
92636	142
92671	142
92707	142
92730	142
92765	142
92789	142
92824	142
92847	142
92882	142
92917	142
92941	142
92976	142
93011	142
93046	142
93082	142
93105	142
93140	142
93175	142
93210	142
93246	142
93281	142
93316	142
93351	142
93386	142
93421	142
93457	142
93492	142
93515	143
93550	143
93585	143
93621	143
93644	143
93679	143
93714	143
93750	143
93773	143
93808	143
93843	143
93878	143
93914	143
93937	143
93972	143
94007	143
94042	143
94078	143
94125	143
94160	143
94183	143
94218	143
94253	143
94289	143
94324	143
94347	143
94382	143
94417	143
94453	143
94488	143
94511	143
94546	143
94582	143
94617	143
94652	143
94687	143
94710	143
94746	143
94781	143
94828	143
94863	143
94898	143
94933	143
94968	143
95003	143
95027	143
95062	143
95097	143
95132	143
95156	143
95191	144
95214	144
95250	144
95285	144
95320	144
95343	144
95378	144
95402	144
95437	144
95472	144
95507	144
95542	144
95578	144
95625	144
95660	144
95683	144
95718	144
95753	144
95800	144
95824	144
95859	144
95894	144
95929	144
95953	144
95988	144
96023	144
96046	144
96082	144
96117	144
96140	144
96164	144
96199	144
96234	144
96269	144
96292	144
96328	144
96363	144
96398	144
96433	144
96468	144
96503	144
96539	144
96574	144
96597	144
96632	144
96667	144
96703	144
96738	144
96773	144
96808	144
96832	145
96867	145
96902	145
96925	145
96960	145
96996	145
97031	145
97066	145
97101	145
97136	145
97171	145
97195	145
97230	145
97265	145
97300	145
97324	145
97359	145
97394	145
97429	145
97453	145
97488	145
97523	145
97558	145
97593	145
97617	145
97640	145
97664	145
97699	145
97734	145
97769	145
97792	145
97828	145
97863	145
97898	145
97933	145
97968	145
98003	145
98039	145
98074	145
98109	145
98144	145
98179	145
98214	145
98250	145
98285	145
98308	145
98343	145
98378	145
98402	145
98437	145
98460	146
98496	146
98531	146
98566	146
98601	146
98636	146
98660	146
98695	146
98730	146
98765	146
98789	146
98824	146
98859	146
98894	146
98929	146
98964	146
98988	146
99023	146
99058	146
99093	146
99117	146
99152	146
99175	146
99210	146
99246	146
99269	146
99304	146
99339	146
99375	146
99398	146
99433	146
99468	146
99503	146
99527	146
99562	146
99597	146
99632	146
99667	146
99703	146
99738	146
99773	146
99796	146
99832	146
99867	146
99890	146
99925	146
99949	146
99984	146
100019	146
100054	146
100078	147
100113	147
100148	147
100183	147
100207	147
100242	147
100277	147
100300	147
100335	147
100371	147
100406	147
100441	147
100476	147
100511	147
100546	147
100570	147
100605	147
100640	147
100664	147
100699	147
100734	147
100757	147
100792	147
100816	147
100851	147
100886	147
100921	147
100945	147
100980	147
101015	147
101039	147
101074	147
101109	147
101144	147
101179	147
101214	147
101250	147
101285	147
101320	147
101343	147
101378	147
101402	147
101437	147
101472	147
101507	147
101531	147
101566	147
101601	147
101625	147
101660	147
101695	148
101730	148
101753	148
101789	148
101824	148
101847	148
101882	148
101917	148
101953	148
102000	148
102023	148
102058	148
102093	148
102128	148
102152	148
102187	148
102210	148
102246	148
102281	148
102304	148
102339	148
102375	148
102398	148
102433	148
102468	148
102492	148
102527	148
102562	148
102585	148
102621	148
102656	148
102691	148
102726	148
102761	148
102796	148
102820	148
102855	148
102890	148
102925	148
102949	148
102984	148
103019	148
103054	148
103078	148
103113	148
103148	148
103183	148
103207	148
103242	148
103265	148
103300	149
103335	149
103359	149
103394	149
103429	149
103464	149
103500	149
103535	149
103558	149
103593	149
103628	149
103664	149
103687	149
103722	149
103757	149
103792	149
103828	149
103851	149
103886	149
103921	149
103957	149
103980	149
104015	149
104039	149
104074	149
104109	149
104144	149
104167	149
104203	149
104238	149
104273	149
104308	149
104343	149
104378	149
104414	149
104449	149
104472	149
104507	149
104542	149
104578	149
104613	149
104648	149
104683	149
104707	149
104742	149
104765	149
104789	149
104824	149
104859	149
104882	149
104917	150
104941	150
104976	150
105011	150
105046	150
105070	150
105105	150
105140	150
105175	150
105210	150
105234	150
105269	150
105304	150
105351	150
105386	150
105410	150
105445	150
105480	150
105503	150
105539	150
105574	150
105597	150
105632	150
105667	150
105691	150
105726	150
105761	150
105785	150
105820	150
105855	150
105878	150
105914	150
105949	150
105972	150
106007	150
106042	150
106078	150
106125	150
106148	150
106183	150
106218	150
106253	150
106277	150
106312	150
106335	150
106371	150
106406	150
106441	150
106464	150
106500	150
106535	151
106558	151
106593	151
106628	151
106664	151
106699	151
106722	151
106757	151
106792	151
106828	151
106875	151
106910	151
106933	151
106968	151
107003	151
107027	151
107062	151
107085	151
107121	151
107156	151
107179	151
107214	151
107238	151
107273	151
107308	151
107332	151
107367	151
107390	151
107425	151
107449	151
107484	151
107519	151
107554	151
107589	151
107636	151
107660	151
107695	151
107730	151
107765	151
107800	151
107824	151
107859	151
107894	151
107917	151
107953	151
107988	151
108011	151
108046	151
108082	151
108105	151
108128	152
108152	152
108187	152
108222	152
108246	152
108281	152
108316	152
108351	152
108386	152
108410	152
108445	152
108480	152
108515	152
108550	152
108574	152
108609	152
108644	152
108667	152
108703	152
108738	152
108773	152
108796	152
108832	152
108867	152
108890	152
108925	152
108949	152
108984	152
109019	152
109042	152
109078	152
109113	152
109148	152
109183	152
109207	152
109242	152
109277	152
109300	152
109335	152
109371	152
109394	152
109429	152
109464	152
109488	152
109523	152
109546	152
109582	152
109617	152
109640	152
109664	152
109687	153
109722	153
109757	153
109781	153
109816	153
109851	153
109886	153
109910	153
109945	153
109980	153
110015	153
110050	153
110085	153
110109	153
110144	153
110179	153
110214	153
110250	153
110285	153
110308	153
110343	153
110378	153
110402	153
110425	153
110460	153
110496	153
110519	153
110554	153
110589	153
110625	153
110648	153
110683	153
110718	153
110742	153
110777	153
110812	153
110835	153
110871	153
110906	153
110941	153
110964	153
111000	153
111035	153
111070	153
111093	153
111128	153
111152	153
111175	153
111210	153
111246	153
111269	154
111304	154
111328	154
111363	154
111398	154
111421	154
111457	154
111492	154
111515	154
111550	154
111574	154
111609	154
111644	154
111679	154
111714	154
111738	154
111773	154
111808	154
111843	154
111867	154
111890	154
111925	154
111949	154
111984	154
112019	154
112042	154
112078	154
112101	154
112136	154
112171	154
112195	154
112230	154
112253	154
112289	154
112324	154
112347	154
112382	154
112417	154
112453	154
112488	154
112523	154
112546	154
112582	154
112605	154
112640	154
112664	154
112699	154
112722	154
112757	154
112792	154
112816	155
112851	155
112875	155
112910	155
112945	155
112968	155
113003	155
113027	155
113062	155
113097	155
113121	155
113156	155
113191	155
113226	155
113261	155
113296	155
113332	155
113355	155
113390	155
113414	155
113449	155
113472	155
113507	155
113542	155
113566	155
113601	155
113625	155
113660	155
113695	155
113718	155
113753	155
113789	155
113812	155
113847	155
113882	155
113906	155
113941	155
113988	155
114011	155
114046	155
114082	155
114105	155
114140	155
114164	155
114199	155
114222	155
114257	155
114281	155
114316	155
114351	155
114375	156
114410	156
114433	156
114468	156
114492	156
114527	156
114562	156
114585	156
114621	156
114644	156
114679	156
114714	156
114750	156
114785	156
114820	156
114843	156
114878	156
114914	156
114937	156
114972	156
115007	156
115031	156
115066	156
115101	156
115125	156
115160	156
115195	156
115218	156
115253	156
115277	156
115312	156
115347	156
115371	156
115406	156
115441	156
115476	156
115500	156
115535	156
115570	156
115593	156
115628	156
115664	156
115699	156
115722	156
115757	156
115792	156
115816	156
115851	156
115886	156
115921	156
115945	157
115980	157
116003	157
116039	157
116062	157
116097	157
116132	157
116156	157
116191	157
116226	157
116261	157
116296	157
116320	157
116355	157
116390	157
116425	157
116460	157
116496	157
116519	157
116554	157
116589	157
116625	157
116660	157
116683	157
116718	157
116742	157
116765	157
116800	157
116824	157
116859	157
116894	157
116917	157
116953	157
116976	157
117011	157
117046	157
117070	157
117105	157
117140	157
117175	157
117199	157
117234	157
117269	157
117304	157
117339	157
117375	157
117410	157
117433	157
117468	157
117503	157
117527	158
117562	158
117585	158
117621	158
117656	158
117679	158
117714	158
117750	158
117773	158
117808	158
117843	158
117867	158
117902	158
117937	158
117960	158
117996	158
118031	158
118066	158
118101	158
118136	158
118171	158
118195	158
118230	158
118265	158
118289	158
118324	158
118347	158
118382	158
118417	158
118441	158
118476	158
118511	158
118535	158
118570	158
118605	158
118628	158
118664	158
118699	158
118722	158
118757	158
118792	158
118828	158
118875	158
118910	158
118933	158
118968	158
118992	158
119027	158
119062	158
119085	158
119121	159
119144	159
119179	159
119203	159
119238	159
119261	159
119296	159
119332	159
119355	159
119390	159
119414	159
119449	159
119472	159
119507	159
119542	159
119578	159
119625	159
119660	159
119683	159
119718	159
119753	159
119789	159
119812	159
119847	159
119882	159
119906	159
119941	159
119976	159
120000	159
120035	159
120070	159
120093	159
120117	159
120140	159
120175	159
120199	159
120234	159
120269	159
120292	159
120328	159
120363	159
120398	159
120433	159
120457	159
120492	159
120527	159
120562	159
120585	159
120621	159
120656	159
120679	160
120714	160
120750	160
120773	160
120808	160
120843	160
120867	160
120902	160
120925	160
120960	160
120984	160
121019	160
121054	160
121089	160
121125	160
121148	160
121183	160
121218	160
121242	160
121277	160
121312	160
121335	160
121371	160
121394	160
121429	160
121464	160
121488	160
121523	160
121558	160
121582	160
121617	160
121640	160
121664	160
121687	160
121722	160
121757	160
121781	160
121816	160
121851	160
121886	160
121921	160
121945	160
121980	160
122015	160
122050	160
122085	160
122121	160
122144	160
122179	160
122214	160
122250	161
122285	161
122320	161
122343	161
122378	161
122402	161
122437	161
122460	161
122496	161
122531	161
122554	161
122589	161
122625	161
122660	161
122683	161
122718	161
122753	161
122777	161
122812	161
122847	161
122871	161
122906	161
122941	161
122976	161
123000	161
123035	161
123070	161
123093	161
123128	161
123152	161
123175	161
123210	161
123246	161
123269	161
123304	161
123339	161
123363	161
123398	161
123433	161
123457	161
123492	161
123527	161
123550	161
123585	161
123609	161
123644	161
123679	161
123714	161
123750	161
123785	161
123808	162
123843	162
123878	162
123902	162
123937	162
123960	162
123996	162
124031	162
124054	162
124089	162
124113	162
124148	162
124183	162
124207	162
124242	162
124277	162
124300	162
124335	162
124371	162
124394	162
124429	162
124464	162
124500	162
124535	162
124570	162
124605	162
124628	162
124652	162
124687	162
124722	162
124746	162
124781	162
124804	162
124839	162
124875	162
124898	162
124933	162
124968	162
124992	162
125027	162
125062	162
125085	162
125121	162
125156	162
125191	162
125226	162
125261	162
125285	162
125320	162
125355	162
125378	163
125414	163
125437	163
125472	163
125507	163
125531	163
125566	163
125589	163
125625	163
125660	163
125683	163
125718	163
125753	163
125777	163
125812	163
125847	163
125871	163
125906	163
125941	163
125976	163
126011	163
126046	163
126082	163
126105	163
126140	163
126164	163
126199	163
126222	163
126257	163
126292	163
126316	163
126351	163
126375	163
126410	163
126445	163
126480	163
126503	163
126539	163
126562	163
126597	163
126632	163
126656	163
126691	163
126726	163
126761	163
126796	163
126832	163
126855	163
126890	163
126925	163
126960	164
126984	164
127019	164
127054	164
127089	164
127113	164
127148	164
127183	164
127207	164
127242	164
127265	164
127300	164
127335	164
127359	164
127394	164
127429	164
127464	164
127500	164
127523	164
127558	164
127593	164
127617	164
127652	164
127687	164
127710	164
127746	164
127781	164
127816	164
127851	164
127875	164
127910	164
127945	164
127968	164
128003	164
128027	164
128062	164
128097	164
128121	164
128156	164
128191	164
128226	164
128261	164
128296	164
128320	164
128355	164
128390	164
128425	164
128460	164
128496	164
128519	164
128554	165
128589	165
128625	165
128660	165
128683	165
128718	165
128742	165
128777	165
128800	165
128835	165
128871	165
128894	165
128929	165
128953	165
128988	165
129023	165
129058	165
129082	165
129117	165
129152	165
129187	165
129210	165
129246	165
129281	165
129316	165
129363	165
129398	165
129421	165
129457	165
129492	165
129515	165
129550	165
129585	165
129609	165
129644	165
129679	165
129703	165
129738	165
129773	165
129796	165
129832	165
129867	165
129890	165
129925	165
129960	165
129984	165
130019	165
130054	165
130089	165
130136	165
130160	166
130195	166
130230	166
130253	166
130289	166
130324	166
130347	166
130382	166
130417	166
130441	166
130476	166
130511	166
130535	166
130570	166
130605	166
130640	166
130675	166
130699	166
130734	166
130769	166
130804	166
130839	166
130875	166
130910	166
130945	166
130968	166
131003	166
131039	166
131062	166
131097	166
131132	166
131156	166
131191	166
131214	166
131250	166
131285	166
131308	166
131343	166
131367	166
131402	166
131437	166
131460	166
131496	166
131531	166
131566	166
131613	166
131648	166
131671	166
131707	166
131742	166
131777	167
131812	167
131847	167
131871	167
131906	167
131941	167
131964	167
132000	167
132035	167
132058	167
132093	167
132117	167
132140	167
132175	167
132199	167
132234	167
132269	167
132304	167
132339	167
132363	167
132398	167
132433	167
132468	167
132492	167
132527	167
132562	167
132597	167
132621	167
132656	167
132691	167
132714	167
132750	167
132785	167
132820	167
132843	167
132878	167
132902	167
132937	167
132960	167
132996	167
133031	167
133066	167
133101	167
133125	167
133160	167
133195	167
133230	167
133253	167
133289	167
133312	167
133347	168
133382	168
133417	168
133441	168
133476	168
133500	168
133535	168
133570	168
133605	168
133628	168
133652	168
133675	168
133710	168
133746	168
133769	168
133804	168
133839	168
133875	168
133910	168
133933	168
133968	168
134003	168
134039	168
134074	168
134109	168
134132	168
134167	168
134203	168
134238	168
134273	168
134308	168
134332	168
134367	168
134390	168
134425	168
134449	168
134484	168
134519	168
134542	168
134578	168
134613	168
134648	168
134671	168
134707	168
134742	168
134765	168
134800	168
134835	168
134859	168
134894	168
134929	169
134953	169
134988	169
135023	169
135058	169
135082	169
135117	169
135140	169
135164	169
135199	169
135222	169
135257	169
135292	169
135316	169
135351	169
135375	169
135410	169
135445	169
135468	169
135503	169
135539	169
135562	169
135597	169
135632	169
135656	169
135691	169
135726	169
135761	169
135796	169
135832	169
135855	169
135890	169
135914	169
135949	169
135972	169
136007	169
136042	169
136066	169
136101	169
136125	169
136160	169
136195	169
136218	169
136253	169
136277	169
136312	169
136347	169
136371	169
136406	169
136441	169
136476	170
136511	170
136546	170
136582	170
136605	170
136640	170
136664	170
136699	170
136722	170
136757	170
136781	170
136816	170
136839	170
136875	170
136910	170
136933	170
136968	170
137003	170
137027	170
137062	170
137085	170
137121	170
137156	170
137191	170
137226	170
137261	170
137285	170
137320	170
137355	170
137378	170
137414	170
137437	170
137472	170
137507	170
137531	170
137566	170
137589	170
137625	170
137660	170
137683	170
137718	170
137742	170
137777	170
137812	170
137835	170
137871	170
137906	170
137941	170
137976	170
138011	170
138046	171
138070	171
138105	171
138128	171
138164	171
138187	171
138222	171
138257	171
138281	171
138316	171
138339	171
138375	171
138410	171
138433	171
138468	171
138492	171
138527	171
138550	171
138585	171
138621	171
138644	171
138679	171
138714	171
138750	171
138785	171
138808	171
138843	171
138878	171
138914	171
138937	171
138972	171
139007	171
139031	171
139066	171
139101	171
139125	171
139160	171
139195	171
139218	171
139253	171
139277	171
139312	171
139335	171
139371	171
139406	171
139429	171
139464	171
139500	171
139535	171
139570	171
139593	172
139628	172
139664	172
139687	172
139722	172
139746	172
139781	172
139816	172
139851	172
139886	172
139910	172
139945	172
139980	172
140003	172
140039	172
140062	172
140097	172
140132	172
140156	172
140191	172
140226	172
140261	172
140296	172
140320	172
140355	172
140390	172
140425	172
140460	172
140496	172
140519	172
140554	172
140589	172
140625	172
140660	172
140683	172
140718	172
140742	172
140777	172
140800	172
140835	172
140859	172
140894	172
140917	172
140953	172
140988	172
141011	172
141046	172
141082	172
141117	172
141140	172
141175	173
141210	173
141234	173
141269	173
141304	173
141351	173
141386	173
141410	173
141445	173
141480	173
141503	173
141539	173
141562	173
141597	173
141632	173
141656	173
141691	173
141726	173
141750	173
141785	173
141820	173
141843	173
141878	173
141902	173
141937	173
141972	173
141996	173
142031	173
142066	173
142113	173
142148	173
142171	173
142207	173
142242	173
142265	173
142300	173
142335	173
142359	173
142394	173
142429	173
142453	173
142488	173
142523	173
142546	173
142582	173
142617	173
142652	173
142675	173
142710	173
142746	173
142781	174
142816	174
142851	174
142886	174
142921	174
142957	174
142980	174
143015	174
143050	174
143074	174
143109	174
143144	174
143167	174
143203	174
143226	174
143261	174
143285	174
143320	174
143355	174
143378	174
143414	174
143437	174
143472	174
143496	174
143531	174
143578	174
143613	174
143648	174
143683	174
143707	174
143742	174
143777	174
143812	174
143847	174
143882	174
143906	174
143941	174
143964	174
144000	174
144035	174
144058	174
144093	174
144117	174
144140	174
144175	174
144199	174
144234	174
144269	174
144304	174
144339	174
144363	175
144398	175
144433	175
144468	175
144492	175
144527	175
144562	175
144597	175
144632	175
144656	175
144691	175
144726	175
144750	175
144785	175
144820	175
144855	175
144878	175
144914	175
144937	175
144972	175
145007	175
145031	175
145066	175
145101	175
145136	175
145171	175
145207	175
145230	175
145265	175
145300	175
145324	175
145359	175
145394	175
145417	175
145453	175
145488	175
145511	175
145546	175
145582	175
145605	175
145628	175
145652	175
145687	175
145722	175
145746	175
145781	175
145816	175
145851	175
145886	175
145910	175
145945	176
145980	176
146015	176
146050	176
146085	176
146109	176
146144	176
146179	176
146214	176
146250	176
146285	176
146320	176
146343	176
146378	176
146402	176
146437	176
146460	176
146496	176
146531	176
146566	176
146589	176
146625	176
146660	176
146695	176
146718	176
146753	176
146789	176
146824	176
146847	176
146882	176
146917	176
146953	176
146976	176
147011	176
147046	176
147082	176
147105	176
147140	176
147164	176
147187	176
147222	176
147257	176
147292	176
147316	176
147351	176
147386	176
147410	176
147445	176
147480	176
147503	176
147539	177
147574	177
147609	177
147632	177
147667	177
147703	177
147738	177
147773	177
147808	177
147832	177
147867	177
147890	177
147925	177
147949	177
147984	177
148019	177
148054	177
148078	177
148113	177
148136	177
148171	177
148207	177
148230	177
148265	177
148300	177
148324	177
148359	177
148394	177
148429	177
148464	177
148500	177
148535	177
148558	177
148593	177
148628	177
148652	177
148687	177
148710	177
148746	177
148781	177
148804	177
148839	177
148863	177
148898	177
148933	177
148968	177
148992	177
149027	177
149062	177
149085	177
149121	178
149156	178
149191	178
149226	178
149261	178
149296	178
149320	178
149355	178
149390	178
149414	178
149449	178
149472	178
149507	178
149542	178
149566	178
149601	178
149636	178
149671	178
149695	178
149730	178
149765	178
149800	178
149824	178
149859	178
149894	178
149929	178
149964	178
150000	178
150035	178
150058	178
150093	178
150128	178
150152	178
150187	178
150210	178
150246	178
150281	178
150304	178
150339	178
150375	178
150398	178
150433	178
150468	178
150492	178
150527	178
150562	178
150585	178
150621	178
150656	178
150691	178
150726	179
150761	179
150785	179
150820	179
150855	179
150890	179
150914	179
150949	179
150984	179
151007	179
151042	179
151078	179
151113	179
151148	179
151171	179
151207	179
151242	179
151265	179
151300	179
151324	179
151359	179
151394	179
151429	179
151464	179
151500	179
151523	179
151558	179
151593	179
151628	179
151652	179
151687	179
151722	179
151757	179
151781	179
151816	179
151851	179
151886	179
151921	179
151957	179
151980	179
152015	179
152039	179
152074	179
152109	179
152144	179
152167	179
152214	179
152250	179
152273	179
152308	179
152343	180
152378	180
152414	180
152449	180
152484	180
152507	180
152542	180
152578	180
152613	180
152648	180
152683	180
152718	180
152742	180
152765	180
152800	180
152824	180
152859	180
152894	180
152917	180
152953	180
152988	180
153011	180
153046	180
153082	180
timepoint: 170.76