0	0
0	0
0	0
0	0
0	0
0	0
0	0
0	0
0	0
0	0
0	0
0	0
0	0
0	0
0	0
0	0
0	0
0	0
0	0
0	0
0	0
0	0
0	0
0	0
0	0
0	0
0	0
0	0
0	0
0	0
0	0
0	0
0	0
0	0
0	0
0	0
0	0
0	0
0	0
0	0
0	0
0	0
0	0
0	0
0	0
0	0
0	0
0	0
0	0
0	0
0	1
0	1
0	1
0	1
0	1
0	1
0	1
0	1
0	1
0	1
0	1
0	1
0	1
0	1
0	1
0	1
0	1
0	1
0	1
0	1
0	1
0	1
0	1
0	1
0	1
0	1
0	1
0	1
0	1
0	1
0	1
0	1
0	1
0	1
0	1
0	1
0	1
0	1
0	1
0	1
0	1
0	1
0	1
0	1
0	1
0	1
0	1
0	1
0	1
0	1
0	2
0	2
0	2
0	2
0	2
0	2
0	2
0	2
0	2
0	2
0	2
0	2
0	2
0	2
0	2
0	2
0	2
0	2
0	2
0	2
0	2
0	2
0	2
0	2
0	2
0	2
0	2
0	2
0	2
0	2
0	2
0	2
0	2
0	2
0	2
0	2
0	2
0	2
0	2
0	2
0	2
0	2
0	2
0	2
0	2
0	2
0	2
0	2
0	2
0	2
0	3
0	3
0	3
0	3
0	3
0	3
0	3
0	3
0	3
0	3
0	3
0	3
0	3
0	3
0	3
0	3
0	3
0	3
0	3
0	3
0	3
0	3
0	3
0	3
0	3
0	3
0	3
0	3
0	3
0	3
0	3
0	3
0	3
0	3
0	3
0	3
0	3
0	3
0	3
0	3
0	3
0	3
0	3
0	3
0	3
0	3
0	3
0	3
0	3
0	3
0	4
0	4
0	4
0	4
0	4
0	4
0	4
0	4
0	4
0	4
0	4
0	4
0	4
0	4
0	4
0	4
0	4
0	4
0	4
0	4
0	4
0	4
0	4
0	4
0	4
0	4
0	4
0	4
0	4
0	4
0	4
0	4
0	4
0	4
0	4
0	4
0	4
0	4
0	4
0	4
0	4
0	4
0	4
0	4
0	4
0	4
0	4
0	4
0	4
0	4
0	5
0	5
0	5
0	5
0	5
0	5
0	5
0	5
0	5
0	5
0	5
0	5
0	5
0	5
0	5
0	5
0	5
0	5
0	5
0	5
0	5
0	5
0	5
0	5
0	5
0	5
0	5
0	5
0	5
0	5
0	5
0	5
0	5
0	5
0	5
0	5
0	5
0	5
0	5
0	5
0	5
0	5
0	5
0	5
0	5
0	5
0	5
0	5
0	5
0	5
0	6
0	6
11	6
11	6
11	6
11	6
11	6
11	6
11	6
11	6
11	6
11	6
11	6
11	6
11	6
11	6
11	6
11	6
11	6
11	6
11	6
11	6
11	6
11	6
11	6
11	6
11	6
11	6
11	6
11	6
11	6
11	6
11	6
11	6
11	6
11	6
11	6
11	6
11	6
11	6
11	6
11	6
11	6
11	6
11	6
11	6
11	6
11	6
11	6
11	6
11	7
11	7
11	7
11	7
11	7
0	7
0	7
0	7
0	7
0	7
0	7
0	7
0	7
0	7
0	7
0	7
0	7
0	7
0	7
0	7
0	7
0	7
0	7
0	7
0	7
11	7
11	7
11	7
11	7
11	7
11	7
11	7
11	7
11	7
11	7
11	7
11	7
11	7
11	7
11	7
11	7
11	7
11	7
11	7
11	7
11	7
11	7
11	7
11	7
11	7
11	8
11	8
11	8
11	8
11	8
11	8
11	8
11	8
11	8
11	8
11	8
11	8
11	8
11	8
11	8
11	8
11	8
11	8
11	8
11	8
11	8
11	8
11	8
11	8
11	8
11	8
11	8
11	8
11	8
11	8
11	8
11	8
11	8
11	8
11	8
11	8
11	8
11	8
11	8
11	8
11	8
11	8
11	8
11	8
11	8
11	8
11	8
11	8
11	8
11	8
23	9
23	9
23	9
23	9
23	9
23	9
23	9
23	9
35	9
35	9
35	9
35	9
35	9
35	9
35	9
35	9
35	9
46	9
46	9
46	9
46	9
46	9
46	9
46	9
46	9
46	9
46	9
46	9
46	9
46	9
46	9
46	9
46	9
46	9
35	9
35	9
35	9
35	9
35	9
35	9
35	9
35	9
35	9
35	9
35	9
23	9
23	9
23	9
23	9
23	9
23	10
23	10
23	10
23	10
23	10
23	10
23	10
23	10
23	10
23	10
23	10
23	10
23	10
23	10
23	10
23	10
23	10
23	10
23	10
23	10
23	10
23	10
23	10
23	10
35	10
35	10
35	10
35	10
35	10
35	10
35	10
35	10
35	10
35	10
46	10
46	10
46	10
46	10
46	10
46	10
46	10
46	10
46	10
46	10
46	10
46	10
46	10
46	10
46	10
46	10
46	11
46	11
46	11
46	11
46	11
46	11
46	11
46	11
46	11
46	11
46	11
46	11
46	11
46	11
46	11
46	11
46	11
46	11
46	11
35	11
35	11
35	11
35	11
35	11
35	11
35	11
35	11
35	11
35	11
35	11
35	11
35	11
35	11
35	11
35	11
35	11
35	11
35	11
35	11
35	11
35	11
35	11
35	11
46	11
46	11
46	11
46	11
46	11
46	11
46	11
46	12
46	12
46	12
46	12
46	12
46	12
46	12
58	12
58	12
58	12
58	12
58	12
58	12
58	12
58	12
58	12
58	12
58	12
58	12
58	12
58	12
58	12
58	12
58	12
58	12
58	12
58	12
58	12
58	12
58	12
58	12
58	12
58	12
58	12
58	12
58	12
58	12
46	12
46	12
46	12
46	12
46	12
46	12
46	12
46	12
46	12
46	12
46	12
46	12
46	12
46	13
46	13
46	13
46	13
46	13
46	13
46	13
46	13
46	13
46	13
46	13
46	13
46	13
46	13
46	13
46	13
46	13
46	13
46	13
46	13
46	13
58	13
58	13
58	13
58	13
58	13
58	13
58	13
58	13
58	13
58	13
58	13
58	13
58	13
58	13
58	13
58	13
58	13
58	13
58	13
58	13
58	13
58	13
58	13
58	13
58	13
58	13
58	13
58	13
58	13
58	14
58	14
58	14
58	14
58	14
58	14
58	14
58	14
58	14
58	14
58	14
58	14
58	14
58	14
58	14
58	14
58	14
58	14
58	14
58	14
58	14
58	14
58	14
58	14
46	14
46	14
46	14
46	14
46	14
46	14
46	14
46	14
46	14
46	14
46	14
58	14
58	14
58	14
58	14
58	14
58	14
58	14
58	14
58	14
58	14
58	14
58	14
58	14
58	14
58	14
58	15
58	15
58	15
58	15
58	15
58	15
58	15
58	15
58	15
58	15
58	15
58	15
58	15
58	15
58	15
58	15
58	15
58	15
58	15
58	15
58	15
58	15
58	15
58	15
58	15
58	15
58	15
58	15
58	15
58	15
58	15
58	15
58	15
58	15
58	15
58	15
58	15
58	15
58	15
58	15
58	15
58	15
58	15
58	15
58	15
58	15
58	15
58	15
58	15
58	15
58	16
58	16
58	16
58	16
58	16
58	16
58	16
58	16
58	16
58	16
58	16
58	16
58	16
58	16
58	16
58	16
58	16
58	16
58	16
58	16
58	16
58	16
58	16
58	16
58	16
58	16
58	16
58	16
58	16
58	16
58	16
58	16
58	16
58	16
58	16
58	16
58	16
58	16
58	16
58	16
58	16
58	16
58	16
58	16
58	16
58	16
58	16
58	16
58	16
58	16
58	17
58	17
58	17
58	17
58	17
58	17
58	17
58	17
58	17
58	17
58	17
58	17
58	17
58	17
58	17
58	17
58	17
58	17
58	17
58	17
58	17
58	17
58	17
58	17
58	17
58	17
58	17
58	17
58	17
58	17
58	17
58	17
58	17
58	17
58	17
58	17
58	17
58	17
58	17
58	17
58	17
58	17
58	17
58	17
58	17
58	17
58	17
58	17
58	17
58	17
58	18
58	18
58	18
58	18
58	18
58	18
58	18
58	18
58	18
58	18
58	18
58	18
58	18
58	18
58	18
58	18
58	18
58	18
58	18
58	18
58	18
58	18
58	18
58	18
58	18
58	18
58	18
58	18
58	18
58	18
58	18
58	18
58	18
58	18
58	18
58	18
58	18
58	18
58	18
58	18
58	18
58	18
58	18
58	18
58	18
58	18
58	18
58	18
58	18
58	18
58	19
58	19
58	19
58	19
58	19
58	19
58	19
58	19
58	19
58	19
58	19
58	19
58	19
58	19
58	19
58	19
58	19
58	19
58	19
58	19
58	19
58	19
58	19
58	19
58	19
58	19
58	19
58	19
58	19
58	19
58	19
58	19
58	19
58	19
58	19
58	19
58	19
58	19
58	19
58	19
58	19
58	19
58	19
58	19
58	19
58	19
58	19
58	19
58	19
58	19
58	20
58	20
58	20
58	20
58	20
58	20
58	20
58	20
58	20
58	20
58	20
58	20
58	20
58	20
58	20
58	20
58	20
58	20
58	20
58	20
58	20
58	20
58	20
58	20
58	20
58	20
58	20
58	20
58	20
58	20
58	20
58	20
58	20
58	20
58	20
58	20
58	20
58	20
58	20
58	20
58	20
58	20
58	20
58	20
58	20
58	20
58	20
58	20
58	20
58	20
58	21
58	21
58	21
58	21
58	21
58	21
58	21
58	21
58	21
58	21
58	21
58	21
58	21
58	21
58	21
58	21
58	21
58	21
58	21
58	21
58	21
58	21
58	21
58	21
58	21
58	21
58	21
58	21
58	21
58	21
58	21
58	21
58	21
58	21
58	21
58	21
58	21
58	21
58	21
58	21
58	21
58	21
58	21
58	21
58	21
58	21
58	21
58	21
58	21
58	21
58	22
58	22
58	22
58	22
58	22
58	22
58	22
58	22
58	22
58	22
58	22
58	22
58	22
58	22
58	22
58	22
58	22
58	22
58	22
58	22
58	22
58	22
58	22
58	22
58	22
58	22
58	22
58	22
58	22
58	22
58	22
58	22
58	22
58	22
58	22
58	22
58	22
58	22
58	22
58	22
58	22
58	22
58	22
58	22
58	22
58	22
58	22
58	22
58	22
58	22
58	23
58	23
58	23
58	23
58	23
58	23
58	23
58	23
58	23
58	23
58	23
58	23
58	23
58	23
58	23
58	23
58	23
58	23
58	23
58	23
58	23
58	23
58	23
58	23
58	23
58	23
58	23
58	23
58	23
58	23
58	23
58	23
58	23
58	23
58	23
58	23
58	23
58	23
58	23
58	23
58	23
58	23
58	23
58	23
58	23
58	23
58	23
58	23
58	23
58	23
58	24
58	24
58	24
58	24
58	24
58	24
58	24
58	24
58	24
58	24
58	24
58	24
58	24
58	24
58	24
58	24
58	24
58	24
58	24
58	24
58	24
58	24
58	24
58	24
58	24
58	24
58	24
58	24
58	24
58	24
58	24
58	24
58	24
58	24
58	24
58	24
58	24
58	24
58	24
58	24
58	24
58	24
58	24
58	24
58	24
58	24
58	24
58	24
58	24
58	24
58	25
58	25
58	25
58	25
58	25
58	25
58	25
58	25
58	25
58	25
58	25
58	25
58	25
58	25
58	25
58	25
58	25
58	25
58	25
58	25
58	25
58	25
58	25
58	25
58	25
58	25
58	25
58	25
58	25
58	25
58	25
58	25
58	25
58	25
58	25
58	25
58	25
58	25
58	25
58	25
58	25
58	25
58	25
58	25
58	25
58	25
58	25
58	25
58	25
58	25
58	26
58	26
58	26
58	26
58	26
58	26
58	26
58	26
58	26
58	26
58	26
58	26
58	26
58	26
58	26
58	26
58	26
58	26
58	26
58	26
58	26
58	26
58	26
58	26
58	26
58	26
58	26
58	26
58	26
58	26
58	26
58	26
58	26
58	26
58	26
58	26
58	26
58	26
58	26
58	26
58	26
58	26
58	26
58	26
58	26
58	26
58	26
58	26
58	26
58	26
58	27
58	27
58	27
58	27
58	27
58	27
58	27
58	27
58	27
58	27
58	27
58	27
58	27
58	27
58	27
58	27
58	27
58	27
58	27
58	27
58	27
58	27
58	27
58	27
58	27
58	27
58	27
58	27
58	27
58	27
58	27
58	27
58	27
58	27
58	27
58	27
58	27
58	27
58	27
58	27
58	27
58	27
58	27
58	27
58	27
58	27
58	27
58	27
58	27
58	27
58	28
58	28
58	28
58	28
58	28
58	28
58	28
58	28
58	28
58	28
58	28
58	28
58	28
58	28
58	28
58	28
58	28
58	28
58	28
58	28
58	28
58	28
58	28
58	28
58	28
58	28
58	28
58	28
58	28
58	28
58	28
58	28
58	28
58	28
58	28
58	28
58	28
58	28
58	28
58	28
58	28
58	28
58	28
58	28
58	28
58	28
58	28
58	28
58	28
58	28
58	29
58	29
58	29
58	29
58	29
58	29
58	29
58	29
58	29
58	29
58	29
58	29
58	29
58	29
58	29
58	29
58	29
58	29
58	29
58	29
58	29
58	29
58	29
58	29
58	29
58	29
58	29
58	29
58	29
58	29
58	29
58	29
58	29
58	29
58	29
58	29
58	29
58	29
58	29
58	29
58	29
58	29
58	29
58	29
58	29
58	29
58	29
58	29
58	29
58	29
58	30
58	30
58	30
58	30
58	30
58	30
58	30
58	30
58	30
58	30
58	30
58	30
58	30
58	30
58	30
58	30
58	30
58	30
58	30
58	30
58	30
58	30
58	30
58	30
58	30
58	30
58	30
58	30
58	30
58	30
58	30
58	30
58	30
58	30
58	30
58	30
58	30
58	30
58	30
58	30
58	30
58	30
58	30
58	30
58	30
58	30
58	30
58	30
58	30
58	30
58	31
58	31
58	31
58	31
58	31
58	31
58	31
58	31
58	31
58	31
58	31
58	31
58	31
58	31
58	31
58	31
58	31
58	31
58	31
70	31
70	31
70	31
70	31
70	31
70	31
70	31
70	31
70	31
70	31
70	31
70	31
70	31
70	31
70	31
70	31
70	31
70	31
70	31
70	31
70	31
70	31
70	31
70	31
70	31
70	31
70	31
70	31
70	31
70	31
70	31
70	32
82	32
82	32
82	32
82	32
82	32
82	32
82	32
82	32
82	32
82	32
82	32
82	32
82	32
82	32
82	32
82	32
82	32
82	32
82	32
82	32
82	32
82	32
82	32
82	32
93	32
93	32
93	32
93	32
93	32
93	32
93	32
93	32
93	32
93	32
93	32
93	32
93	32
93	32
93	32
93	32
93	32
93	32
105	32
105	32
105	32
105	32
105	32
105	32
105	32
105	33
105	33
105	33
105	33
105	33
105	33
117	33
117	33
117	33
117	33
117	33
117	33
117	33
117	33
117	33
117	33
117	33
117	33
128	33
128	33
128	33
128	33
128	33
128	33
128	33
128	33
128	33
128	33
128	33
128	33
140	33
140	33
140	33
140	33
140	33
140	33
140	33
140	33
140	33
152	33
152	33
152	33
152	33
152	33
152	33
152	33
152	33
152	33
152	33
152	33
164	34
164	34
164	34
164	34
164	34
164	34
164	34
164	34
175	34
175	34
175	34
175	34
175	34
175	34
175	34
175	34
187	34
187	34
187	34
187	34
187	34
187	34
187	34
187	34
199	34
199	34
199	34
199	34
199	34
199	34
210	34
210	34
210	34
210	34
210	34
210	34
210	34
222	34
222	34
222	34
222	34
222	34
222	34
222	34
234	34
234	34
234	34
234	34
234	34
246	34
246	35
246	35
246	35
246	35
246	35
246	35
246	35
257	35
257	35
257	35
257	35
257	35
257	35
269	35
269	35
269	35
269	35
269	35
269	35
269	35
281	35
281	35
281	35
281	35
281	35
281	35
292	35
292	35
292	35
292	35
292	35
292	35
292	35
304	35
304	35
304	35
304	35
304	35
304	35
316	35
316	35
316	35
316	35
316	35
316	35
328	35
328	35
328	35
328	35
328	35
328	36
339	36
339	36
339	36
339	36
339	36
339	36
351	36
351	36
351	36
351	36
351	36
351	36
363	36
363	36
363	36
363	36
363	36
363	36
375	36
375	36
375	36
375	36
375	36
386	36
386	36
386	36
386	36
386	36
386	36
386	36
398	36
398	36
398	36
398	36
398	36
398	36
398	36
410	36
410	36
410	36
410	36
410	36
410	36
421	36
421	36
421	36
421	36
421	36
421	36
421	37
433	37
433	37
433	37
433	37
433	37
433	37
445	37
445	37
445	37
445	37
445	37
445	37
457	37
457	37
457	37
457	37
457	37
457	37
468	37
468	37
468	37
468	37
468	37
480	37
480	37
480	37
480	37
480	37
492	37
492	37
492	37
492	37
492	37
503	37
503	37
503	37
503	37
503	37
515	37
515	37
515	37
515	37
527	37
527	37
527	37
527	37
527	37
539	37
539	37
539	38
539	38
539	38
550	38
550	38
550	38
550	38
550	38
550	38
562	38
562	38
562	38
562	38
562	38
574	38
574	38
574	38
574	38
574	38
585	38
585	38
585	38
585	38
585	38
597	38
597	38
597	38
597	38
597	38
609	38
609	38
609	38
609	38
621	38
621	38
621	38
621	38
621	38
632	38
632	38
632	38
632	38
632	38
644	38
644	38
644	38
644	38
656	38
656	38
656	38
656	39
656	39
667	39
667	39
667	39
667	39
679	39
679	39
679	39
679	39
679	39
691	39
691	39
691	39
691	39
703	39
703	39
703	39
703	39
714	39
714	39
714	39
714	39
714	39
726	39
726	39
726	39
726	39
738	39
738	39
738	39
738	39
738	39
750	39
750	39
750	39
750	39
750	39
761	39
761	39
761	39
761	39
773	39
773	39
773	39
773	39
785	39
785	39
785	39
785	39
796	40
796	40
796	40
796	40
808	40
808	40
808	40
808	40
820	40
820	40
820	40
820	40
832	40
832	40
832	40
832	40
843	40
843	40
843	40
843	40
843	40
855	40
855	40
855	40
855	40
867	40
867	40
867	40
867	40
867	40
878	40
878	40
878	40
878	40
890	40
890	40
890	40
890	40
902	40
902	40
902	40
902	40
914	40
914	40
914	40
914	40
925	40
925	40
925	40
925	40
937	41
937	41
937	41
937	41
949	41
949	41
949	41
960	41
960	41
960	41
972	41
972	41
972	41
972	41
984	41
984	41
984	41
996	41
996	41
996	41
996	41
1007	41
1007	41
1007	41
1019	41
1019	41
1019	41
1019	41
1031	41
1031	41
1031	41
1031	41
1042	41
1042	41
1042	41
1042	41
1054	41
1054	41
1054	41
1054	41
1066	41
1066	41
1066	41
1066	41
1078	41
1078	41
1078	41
1078	41
1078	41
1089	41
1089	42
1089	42
1089	42
1089	42
1101	42
1101	42
1101	42
1101	42
1113	42
1113	42
1113	42
1113	42
1113	42
1125	42
1125	42
1125	42
1125	42
1136	42
1136	42
1136	42
1136	42
1136	42
1148	42
1148	42
1148	42
1148	42
1160	42
1160	42
1160	42
1160	42
1171	42
1171	42
1171	42
1171	42
1183	42
1183	42
1183	42
1183	42
1195	42
1195	42
1195	42
1195	42
1207	42
1207	42
1207	42
1207	42
1218	42
1218	42
1218	42
1218	42
1230	43
1230	43
1230	43
1230	43
1242	43
1242	43
1242	43
1242	43
1253	43
1253	43
1253	43
1253	43
1265	43
1265	43
1265	43
1265	43
1277	43
1277	43
1277	43
1277	43
1277	43
1289	43
1289	43
1289	43
1289	43
1300	43
1300	43
1300	43
1300	43
1300	43
1312	43
1312	43
1312	43
1312	43
1312	43
1324	43
1324	43
1324	43
1324	43
1324	43
1335	43
1335	43
1335	43
1335	43
1347	43
1347	43
1347	43
1347	43
1359	43
1359	43
1359	44
1359	44
1359	44
1371	44
1371	44
1371	44
1371	44
1382	44
1382	44
1382	44
1382	44
1394	44
1394	44
1394	44
1394	44
1406	44
1406	44
1406	44
1406	44
1417	44
1417	44
1417	44
1417	44
1429	44
1429	44
1429	44
1441	44
1441	44
1441	44
1441	44
1453	44
1453	44
1453	44
1453	44
1464	44
1464	44
1464	44
1464	44
1476	44
1476	44
1476	44
1476	44
1488	44
1488	44
1488	44
1488	44
1488	44
1500	44
1500	44
1500	44
1500	45
1500	45
1511	45
1511	45
1511	45
1511	45
1511	45
1523	45
1523	45
1523	45
1523	45
1523	45
1535	45
1535	45
1535	45
1535	45
1546	45
1546	45
1546	45
1546	45
1558	45
1558	45
1558	45
1558	45
1558	45
1570	45
1570	45
1570	45
1570	45
1582	45
1582	45
1582	45
1582	45
1593	45
1593	45
1593	45
1593	45
1605	45
1605	45
1605	45
1605	45
1617	45
1617	45
1617	45
1617	45
1628	45
1628	45
1628	45
1628	45
1640	45
1640	46
1640	46
1640	46
1652	46
1652	46
1652	46
1652	46
1664	46
1664	46
1664	46
1664	46
1675	46
1675	46
1675	46
1687	46
1687	46
1687	46
1687	46
1699	46
1699	46
1699	46
1699	46
1710	46
1710	46
1710	46
1722	46
1722	46
1722	46
1722	46
1734	46
1734	46
1734	46
1734	46
1746	46
1746	46
1746	46
1746	46
1757	46
1757	46
1757	46
1769	46
1769	46
1769	46
1769	46
1781	46
1781	46
1781	46
1781	46
1792	46
1792	46
1792	47
1792	47
1804	47
1804	47
1804	47
1804	47
1816	47
1816	47
1816	47
1816	47
1828	47
1828	47
1828	47
1828	47
1839	47
1839	47
1839	47
1839	47
1851	47
1851	47
1851	47
1851	47
1863	47
1863	47
1863	47
1863	47
1875	47
1875	47
1875	47
1886	47
1886	47
1886	47
1886	47
1898	47
1898	47
1898	47
1898	47
1910	47
1910	47
1910	47
1910	47
1921	47
1921	47
1921	47
1921	47
1933	47
1933	47
1933	47
1933	47
1945	47
1945	48
1945	48
1945	48
1945	48
1957	48
1957	48
1957	48
1957	48
1968	48
1968	48
1968	48
1968	48
1968	48
1980	48
1980	48
1980	48
1980	48
1992	48
1992	48
1992	48
1992	48
2003	48
2003	48
2003	48
2003	48
2015	48
2015	48
2015	48
2027	48
2027	48
2027	48
2027	48
2039	48
2039	48
2039	48
2039	48
2050	48
2050	48
2050	48
2050	48
2062	48
2062	48
2062	48
2074	48
2074	48
2074	48
2074	48
2085	48
2085	48
2085	48
2097	49
2097	49
2097	49
2097	49
2109	49
2109	49
2109	49
2109	49
2121	49
2121	49
2121	49
2132	49
2132	49
2132	49
2132	49
2144	49
2144	49
2144	49
2144	49
2156	49
2156	49
2156	49
2156	49
2167	49
2167	49
2167	49
2179	49
2179	49
2179	49
2179	49
2191	49
2191	49
2191	49
2191	49
2203	49
2203	49
2203	49
2214	49
2214	49
2214	49
2214	49
2226	49
2226	49
2226	49
2238	49
2238	49
2238	49
2238	49
2250	49
2250	49
2250	50
2261	50
2261	50
2261	50
2261	50
2273	50
2273	50
2273	50
2285	50
2285	50
2285	50
2296	50
2296	50
2296	50
2308	50
2308	50
2308	50
2320	50
2320	50
2320	50
2332	50
2332	50
2332	50
2343	50
2343	50
2343	50
2343	50
2355	50
2355	50
2355	50
2367	50
2367	50
2367	50
2367	50
2378	50
2378	50
2378	50
2390	50
2390	50
2390	50
2390	50
2402	50
2402	50
2402	50
2414	50
2414	50
2414	50
2425	50
2425	50
2425	50
2437	51
2437	51
2437	51
2449	51
2449	51
2460	51
2460	51
2460	51
2472	51
2472	51
2472	51
2484	51
2484	51
2496	51
2496	51
2496	51
2507	51
2507	51
2519	51
2519	51
2519	51
2531	51
2531	51
2531	51
2542	51
2542	51
2542	51
2554	51
2554	51
2566	51
2566	51
2566	51
2566	51
2578	51
2578	51
2578	51
2589	51
2589	51
2589	51
2601	51
2601	51
2601	51
2613	51
2613	51
2613	51
2625	51
2625	51
2625	51
2636	51
2636	51
2648	52
2648	52
2648	52
2660	52
2660	52
2660	52
2671	52
2671	52
2671	52
2683	52
2683	52
2683	52
2695	52
2695	52
2695	52
2707	52
2707	52
2707	52
2718	52
2718	52
2718	52
2730	52
2730	52
2730	52
2742	52
2742	52
2742	52
2753	52
2753	52
2753	52
2765	52
2765	52
2777	52
2777	52
2777	52
2789	52
2789	52
2789	52
2800	52
2800	52
2800	52
2812	52
2812	52
2812	52
2824	52
2824	52
2824	52
2835	52
2835	52
2835	52
2847	53
2847	53
2847	53
2859	53
2859	53
2859	53
2871	53
2871	53
2871	53
2882	53
2882	53
2894	53
2894	53
2894	53
2906	53
2906	53
2906	53
2917	53
2917	53
2917	53
2929	53
2929	53
2941	53
2941	53
2941	53
2953	53
2953	53
2964	53
2964	53
2964	53
2976	53
2976	53
2988	53
2988	53
2988	53
3000	53
3000	53
3000	53
3011	53
3011	53
3011	53
3023	53
3023	53
3023	53
3035	53
3035	53
3035	53
3046	53
3046	53
3058	53
3058	54
3058	54
3070	54
3070	54
3082	54
3082	54
3082	54
3093	54
3093	54
3093	54
3105	54
3105	54
3117	54
3117	54
3117	54
3128	54
3128	54
3128	54
3140	54
3140	54
3152	54
3152	54
3164	54
3164	54
3164	54
3175	54
3175	54
3187	54
3187	54
3199	54
3199	54
3210	54
3210	54
3222	54
3222	54
3234	54
3246	54
3246	54
3257	54
3257	54
3269	54
3269	54
3281	54
3281	54
3292	54
3292	54
3292	54
3304	54
3304	54
3316	54
3316	55
3328	55
3328	55
3328	55
3339	55
3339	55
3351	55
3351	55
3351	55
3363	55
3363	55
3375	55
3375	55
3386	55
3386	55
3398	55
3398	55
3410	55
3410	55
3421	55
3421	55
3433	55
3433	55
3445	55
3445	55
3457	55
3457	55
3457	55
3468	55
3468	55
3480	55
3480	55
3480	55
3492	55
3492	55
3503	55
3503	55
3515	55
3515	55
3515	55
3527	55
3527	55
3539	55
3539	55
3550	55
3550	55
3562	55
3562	55
3562	55
3574	55
3574	56
3585	56
3585	56
3597	56
3597	56
3597	56
3609	56
3609	56
3621	56
3621	56
3632	56
3632	56
3644	56
3644	56
3644	56
3656	56
3656	56
3667	56
3667	56
3679	56
3679	56
3691	56
3691	56
3691	56
3703	56
3703	56
3714	56
3714	56
3726	56
3726	56
3738	56
3738	56
3750	56
3750	56
3750	56
3761	56
3761	56
3773	56
3773	56
3773	56
3785	56
3785	56
3785	56
3796	56
3796	56
3796	56
3808	56
3808	56
3820	56
3820	56
3832	57
3832	57
3832	57
3843	57
3843	57
3855	57
3855	57
3867	57
3867	57
3878	57
3878	57
3890	57
3890	57
3890	57
3902	57
3902	57
3914	57
3914	57
3925	57
3925	57
3937	57
3937	57
3949	57
3949	57
3960	57
3960	57
3972	57
3972	57
3984	57
3996	57
3996	57
4007	57
4007	57
4019	57
4019	57
4031	57
4031	57
4042	57
4042	57
4054	57
4054	57
4066	57
4066	57
4078	57
4078	57
4089	57
4089	57
4101	57
4101	57
4113	57
4113	58
4125	58
4125	58
4136	58
4136	58
4148	58
4148	58
4160	58
4160	58
4171	58
4171	58
4183	58
4183	58
4195	58
4195	58
4207	58
4207	58
4218	58
4218	58
4230	58
4230	58
4242	58
4242	58
4253	58
4253	58
4265	58
4265	58
4277	58
4277	58
4289	58
4289	58
4300	58
4300	58
4312	58
4312	58
4324	58
4324	58
4335	58
4335	58
4347	58
4347	58
4359	58
4359	58
4371	58
4371	58
4382	58
4394	58
4394	58
4406	58
4406	58
4417	59
4417	59
4429	59
4429	59
4441	59
4441	59
4453	59
4453	59
4464	59
4464	59
4476	59
4476	59
4488	59
4488	59
4500	59
4500	59
4511	59
4511	59
4523	59
4523	59
4535	59
4535	59
4546	59
4546	59
4558	59
4558	59
4570	59
4570	59
4582	59
4582	59
4593	59
4593	59
4605	59
4605	59
4617	59
4617	59
4628	59
4628	59
4640	59
4640	59
4652	59
4652	59
4664	59
4664	59
4675	59
4687	59
4687	59
4699	59
4699	59
4710	59
4710	60
4722	60
4734	60
4734	60
4746	60
4746	60
4757	60
4769	60
4769	60
4781	60
4781	60
4792	60
4792	60
4804	60
4804	60
4816	60
4828	60
4828	60
4839	60
4839	60
4851	60
4851	60
4863	60
4863	60
4875	60
4875	60
4886	60
4886	60
4898	60
4910	60
4910	60
4921	60
4921	60
4933	60
4933	60
4945	60
4945	60
4957	60
4957	60
4968	60
4968	60
4980	60
4980	60
4992	60
5003	60
5003	60
5015	60
5015	60
5027	60
5027	60
5039	61
5050	61
5050	61
5062	61
5062	61
5074	61
5074	61
5085	61
5085	61
5097	61
5097	61
5109	61
5121	61
5121	61
5132	61
5132	61
5144	61
5144	61
5156	61
5156	61
5167	61
5179	61
5179	61
5191	61
5191	61
5203	61
5203	61
5214	61
5226	61
5226	61
5238	61
5238	61
5250	61
5250	61
5261	61
5261	61
5273	61
5273	61
5285	61
5285	61
5296	61
5296	61
5308	61
5308	61
5320	61
5320	61
5332	61
5332	61
5343	61
5343	61
5355	62
5355	62
5367	62
5378	62
5378	62
5390	62
5390	62
5402	62
5414	62
5414	62
5425	62
5425	62
5437	62
5449	62
5449	62
5460	62
5460	62
5472	62
5484	62
5484	62
5496	62
5507	62
5507	62
5519	62
5531	62
5531	62
5542	62
5542	62
5554	62
5566	62
5566	62
5578	62
5578	62
5589	62
5601	62
5601	62
5613	62
5613	62
5625	62
5636	62
5636	62
5648	62
5660	62
5671	62
5671	62
5683	62
5695	62
5695	62
5707	62
5718	62
5718	63
5730	63
5730	63
5742	63
5753	63
5753	63
5765	63
5765	63
5777	63
5789	63
5789	63
5800	63
5812	63
5812	63
5824	63
5835	63
5835	63
5847	63
5859	63
5859	63
5871	63
5882	63
5894	63
5894	63
5906	63
5906	63
5917	63
5929	63
5929	63
5941	63
5953	63
5953	63
5964	63
5964	63
5976	63
5988	63
5988	63
6000	63
6011	63
6011	63
6023	63
6023	63
6035	63
6035	63
6046	63
6058	63
6058	63
6070	63
6070	63
6082	63
6093	64
6093	64
6105	64
6105	64
6117	64
6128	64
6128	64
6140	64
6152	64
6152	64
6164	64
6164	64
6175	64
6187	64
6187	64
6199	64
6210	64
6210	64
6222	64
6234	64
6234	64
6246	64
6257	64
6257	64
6269	64
6281	64
6281	64
6292	64
6304	64
6304	64
6316	64
6328	64
6328	64
6339	64
6339	64
6351	64
6363	64
6363	64
6375	64
6386	64
6386	64
6398	64
6410	64
6410	64
6421	64
6433	64
6433	64
6445	64
6457	64
6457	64
6468	65
6468	65
6480	65
6492	65
6492	65
6503	65
6515	65
6515	65
6527	65
6539	65
6539	65
6550	65
6562	65
6562	65
6574	65
6585	65
6585	65
6597	65
6609	65
6621	65
6621	65
6632	65
6644	65
6644	65
6656	65
6667	65
6667	65
6679	65
6691	65
6691	65
6703	65
6714	65
6714	65
6726	65
6738	65
6738	65
6750	65
6761	65
6761	65
6773	65
6785	65
6785	65
6796	65
6796	65
6808	65
6808	65
6820	65
6832	65
6832	65
6843	65
6855	66
6855	66
6867	66
6878	66
6878	66
6890	66
6902	66
6902	66
6914	66
6925	66
6925	66
6937	66
6949	66
6949	66
6960	66
6972	66
6972	66
6984	66
6996	66
6996	66
7007	66
7019	66
7019	66
7031	66
7042	66
7042	66
7054	66
7066	66
7078	66
7078	66
7089	66
7101	66
7101	66
7113	66
7125	66
7125	66
7136	66
7148	66
7148	66
7160	66
7171	66
7171	66
7183	66
7195	66
7195	66
7207	66
7218	66
7218	66
7230	66
7242	66
7242	67
7253	67
7265	67
7277	67
7277	67
7289	67
7300	67
7300	67
7312	67
7324	67
7335	67
7347	67
7347	67
7359	67
7371	67
7382	67
7382	67
7394	67
7406	67
7417	67
7417	67
7429	67
7441	67
7453	67
7453	67
7464	67
7476	67
7476	67
7488	67
7500	67
7500	67
7511	67
7523	67
7523	67
7535	67
7546	67
7546	67
7558	67
7570	67
7570	67
7582	67
7593	67
7593	67
7605	67
7617	67
7628	67
7628	67
7640	67
7652	67
7664	67
7664	68
7675	68
7687	68
7687	68
7699	68
7710	68
7710	68
7722	68
7734	68
7746	68
7746	68
7757	68
7769	68
7769	68
7781	68
7792	68
7792	68
7804	68
7816	68
7828	68
7839	68
7839	68
7851	68
7863	68
7863	68
7875	68
7886	68
7886	68
7898	68
7910	68
7921	68
7921	68
7933	68
7945	68
7945	68
7957	68
7968	68
7980	68
7980	68
7992	68
8003	68
8003	68
8015	68
8027	68
8039	68
8050	68
8050	68
8062	68
8074	68
8085	68
8097	69
8109	69
8109	69
8121	69
8132	69
8144	69
8156	69
8167	69
8167	69
8179	69
8191	69
8203	69
8203	69
8214	69
8226	69
8238	69
8238	69
8250	69
8261	69
8273	69
8273	69
8285	69
8296	69
8308	69
8308	69
8320	69
8332	69
8332	69
8343	69
8355	69
8367	69
8367	69
8378	69
8390	69
8402	69
8402	69
8414	69
8425	69
8437	69
8437	69
8449	69
8460	69
8472	69
8472	69
8484	69
8496	69
8507	69
8507	69
8519	69
8531	69
8542	70
8542	70
8554	70
8566	70
8578	70
8589	70
8589	70
8601	70
8613	70
8625	70
8625	70
8636	70
8648	70
8660	70
8660	70
8671	70
8683	70
8695	70
8707	70
8707	70
8718	70
8730	70
8742	70
8742	70
8753	70
8765	70
8777	70
8789	70
8789	70
8800	70
8812	70
8824	70
8835	70
8847	70
8859	70
8871	70
8882	70
8894	70
8894	70
8906	70
8917	70
8929	70
8941	70
8953	70
8953	70
8964	70
8976	70
8988	70
9000	70
9000	70
9011	71
9023	71
9035	71
9035	71
9046	71
9058	71
9070	71
9082	71
9082	71
9093	71
9105	71
9117	71
9117	71
9128	71
9140	71
9152	71
9164	71
9175	71
9175	71
9187	71
9199	71
9210	71
9210	71
9222	71
9234	71
9246	71
9257	71
9269	71
9269	71
9281	71
9292	71
9304	71
9316	71
9316	71
9328	71
9339	71
9351	71
9363	71
9375	71
9375	71
9386	71
9398	71
9410	71
9421	71
9421	71
9433	71
9445	71
9457	71
9468	71
9480	71
9480	72
9492	72
9503	72
9515	72
9527	72
9527	72
9539	72
9550	72
9562	72
9574	72
9585	72
9597	72
9609	72
9621	72
9632	72
9644	72
9656	72
9667	72
9679	72
9679	72
9691	72
9703	72
9714	72
9726	72
9738	72
9738	72
9750	72
9761	72
9773	72
9785	72
9785	72
9796	72
9808	72
9820	72
9832	72
9832	72
9843	72
9855	72
9867	72
9878	72
9878	72
9890	72
9902	72
9914	72
9925	72
9937	72
9937	72
9949	72
9960	72
9972	72
9984	73
9996	73
9996	73
10007	73
10019	73
10031	73
10042	73
10042	73
10054	73
10066	73
10078	73
10089	73
10101	73
10113	73
10125	73
10125	73
10136	73
10148	73
10160	73
10160	73
10171	73
10183	73
10195	73
10207	73
10218	73
10218	73
10230	73
10242	73
10253	73
10265	73
10277	73
10277	73
10289	73
10300	73
10312	73
10324	73
10335	73
10347	73
10359	73
10371	73
10382	73
10394	73
10406	73
10417	73
10429	73
10441	73
10441	73
10453	73
10464	73
10476	73
10488	74
10500	74
10511	74
10511	74
10523	74
10535	74
10546	74
10558	74
10570	74
10582	74
10593	74
10593	74
10605	74
10617	74
10628	74
10640	74
10652	74
10664	74
10664	74
10675	74
10687	74
10699	74
10710	74
10722	74
10734	74
10746	74
10757	74
10769	74
10769	74
10781	74
10792	74
10804	74
10816	74
10828	74
10839	74
10851	74
10863	74
10863	74
10875	74
10886	74
10898	74
10910	74
10921	74
10921	74
10933	74
10945	74
10957	74
10968	74
10980	74
10980	74
10992	75
11003	75
11015	75
11027	75
11039	75
11050	75
11062	75
11074	75
11085	75
11085	75
11097	75
11109	75
11121	75
11132	75
11144	75
11156	75
11167	75
11179	75
11191	75
11203	75
11214	75
11226	75
11226	75
11238	75
11250	75
11261	75
11273	75
11285	75
11296	75
11308	75
11320	75
11332	75
11332	75
11343	75
11355	75
11367	75
11378	75
11390	75
11402	75
11414	75
11425	75
11425	75
11437	75
11449	75
11460	75
11472	75
11484	75
11496	75
11507	75
11519	75
11531	76
11542	76
11554	76
11566	76
11578	76
11589	76
11589	76
11601	76
11613	76
11625	76
11636	76
11648	76
11660	76
11671	76
11671	76
11683	76
11695	76
11707	76
11718	76
11730	76
11742	76
11753	76
11765	76
11765	76
11777	76
11789	76
11800	76
11812	76
11824	76
11835	76
11847	76
11859	76
11871	76
11882	76
11894	76
11906	76
11917	76
11929	76
11941	76
11953	76
11964	76
11976	76
11988	76
12000	76
12011	76
12023	76
12035	76
12046	76
12058	76
12070	76
12082	77
12093	77
12105	77
12105	77
12117	77
12128	77
12140	77
12152	77
12164	77
12175	77
12187	77
12199	77
12210	77
12222	77
12234	77
12246	77
12257	77
12269	77
12281	77
12292	77
12304	77
12316	77
12328	77
12339	77
12351	77
12363	77
12363	77
12375	77
12386	77
12398	77
12410	77
12421	77
12421	77
12433	77
12445	77
12457	77
12468	77
12468	77
12480	77
12492	77
12503	77
12515	77
12527	77
12539	77
12550	77
12562	77
12574	77
12585	77
12597	77
12597	77
12609	78
12621	78
12632	78
12644	78
12656	78
12667	78
12679	78
12691	78
12703	78
12714	78
12726	78
12738	78
12750	78
12761	78
12773	78
12785	78
12796	78
12808	78
12820	78
12832	78
12843	78
12855	78
12855	78
12867	78
12878	78
12890	78
12902	78
12914	78
12925	78
12937	78
12949	78
12960	78
12984	78
12996	78
13007	78
13019	78
13031	78
13042	78
13054	78
13066	78
13078	78
13089	78
13101	78
13113	78
13125	78
13136	78
13148	78
13160	78
13171	78
13171	78
13183	79
13195	79
13207	79
13218	79
13230	79
13242	79
13253	79
13265	79
13277	79
13289	79
13300	79
13312	79
13324	79
13335	79
13335	79
13347	79
13359	79
13371	79
13382	79
13394	79
13406	79
13417	79
13429	79
13441	79
13453	79
13464	79
13476	79
13488	79
13500	79
13511	79
13523	79
13523	79
13535	79
13546	79
13558	79
13570	79
13582	79
13593	79
13605	79
13617	79
13628	79
13640	79
13652	79
13664	79
13675	79
13687	79
13699	79
13710	79
13722	79
13746	79
13757	80
13769	80
13781	80
13792	80
13804	80
13816	80
13828	80
13839	80
13851	80
13863	80
13875	80
13886	80
13898	80
13910	80
13921	80
13933	80
13945	80
13957	80
13968	80
13980	80
13992	80
14003	80
14015	80
14027	80
14039	80
14050	80
14062	80
14074	80
14085	80
14085	80
14097	80
14109	80
14121	80
14132	80
14144	80
14156	80
14167	80
14179	80
14191	80
14203	80
14214	80
14226	80
14238	80
14250	80
14261	80
14273	80
14285	80
14296	80
14320	80
14332	80
14343	81
14355	81
14355	81
14367	81
14378	81
14390	81
14402	81
14414	81
14437	81
14449	81
14460	81
14472	81
14496	81
14507	81
14519	81
14531	81
14542	81
14554	81
14566	81
14578	81
14589	81
14601	81
14613	81
14625	81
14636	81
14648	81
14660	81
14671	81
14683	81
14695	81
14707	81
14718	81
14730	81
14742	81
14753	81
14765	81
14777	81
14789	81
14800	81
14812	81
14824	81
14835	81
14847	81
14859	81
14871	81
14882	81
14894	81
14906	81
14917	81
14929	81
14941	82
14953	82
14964	82
14976	82
14988	82
15000	82
15011	82
15023	82
15035	82
15046	82
15058	82
15070	82
15082	82
15093	82
15105	82
15117	82
15128	82
15140	82
15152	82
15164	82
15175	82
15187	82
15199	82
15222	82
15234	82
15246	82
15269	82
15281	82
15292	82
15304	82
15316	82
15328	82
15339	82
15351	82
15363	82
15375	82
15386	82
15410	82
15421	82
15433	82
15445	82
15457	82
15468	82
15480	82
15492	82
15503	82
15515	82
15527	82
15539	82
15550	82
15574	83
15585	83
15597	83
15609	83
15621	83
15632	83
15644	83
15656	83
15667	83
15679	83
15691	83
15703	83
15714	83
15726	83
15738	83
15750	83
15761	83
15773	83
15785	83
15785	83
15796	83
15808	83
15820	83
15832	83
15843	83
15855	83
15867	83
15878	83
15890	83
15902	83
15914	83
15925	83
15937	83
15960	83
15972	83
15984	83
15996	83
16007	83
16019	83
16042	83
16054	83
16066	83
16078	83
16089	83
16101	83
16113	83
16125	83
16136	83
16148	83
16160	83
16183	84
16195	84
16207	84
16218	84
16230	84
16242	84
16253	84
16265	84
16277	84
16289	84
16300	84
16312	84
16335	84
16347	84
16359	84
16371	84
16382	84
16394	84
16406	84
16417	84
16429	84
16441	84
16453	84
16476	84
16488	84
16500	84
16511	84
16523	84
16535	84
16546	84
16558	84
16570	84
16582	84
16593	84
16605	84
16617	84
16628	84
16640	84
16652	84
16664	84
16675	84
16687	84
16710	84
16722	84
16734	84
16746	84
16757	84
16781	84
16792	84
16804	84
16816	85
16828	85
16839	85
16851	85
16863	85
16875	85
16886	85
16910	85
16921	85
16933	85
16945	85
16957	85
16968	85
16980	85
16992	85
17003	85
17015	85
17027	85
17050	85
17062	85
17074	85
17085	85
17097	85
17109	85
17121	85
17132	85
17144	85
17156	85
17167	85
17191	85
17203	85
17214	85
17226	85
17238	85
17250	85
17261	85
17273	85
17285	85
17296	85
17308	85
17308	85
17320	85
17332	85
17343	85
17367	85
17378	85
17390	85
17402	85
17414	85
17425	85
17437	86
17449	86
17472	86
17484	86
17496	86
17507	86
17519	86
17542	86
17554	86
17566	86
17578	86
17589	86
17601	86
17613	86
17625	86
17648	86
17660	86
17671	86
17695	86
17707	86
17718	86
17730	86
17742	86
17753	86
17765	86
17777	86
17800	86
17812	86
17824	86
17835	86
17859	86
17871	86
17882	86
17894	86
17917	86
17929	86
17941	86
17953	86
17964	86
17976	86
17988	86
18011	86
18023	86
18035	86
18046	86
18058	86
18070	86
18082	86
18093	86
18105	86
18117	87
18128	87
18152	87
18164	87
18175	87
18187	87
18199	87
18210	87
18222	87
18246	87
18257	87
18269	87
18281	87
18292	87
18316	87
18328	87
18339	87
18351	87
18363	87
18375	87
18386	87
18398	87
18421	87
18433	87
18445	87
18457	87
18468	87
18480	87
18492	87
18503	87
18527	87
18539	87
18550	87
18562	87
18574	87
18585	87
18609	87
18621	87
18632	87
18644	87
18656	87
18679	87
18691	87
18703	87
18714	87
18726	87
18738	87
18750	87
18773	87
18785	87
18796	88
18808	88
18820	88
18832	88
18843	88
18855	88
18867	88
18878	88
18890	88
18914	88
18925	88
18937	88
18949	88
18960	88
18972	88
18984	88
19007	88
19019	88
19031	88
19042	88
19054	88
19066	88
19089	88
19101	88
19113	88
19125	88
19136	88
19148	88
19160	88
19183	88
19195	88
19207	88
19218	88
19230	88
19242	88
19265	88
19277	88
19289	88
19300	88
19312	88
19335	88
19347	88
19359	88
19382	88
19394	88
19406	88
19417	88
19429	88
19453	88
19464	88
19476	89
19488	89
19500	89
19511	89
19523	89
19535	89
19558	89
19570	89
19582	89
19593	89
19605	89
19617	89
19628	89
19640	89
19664	89
19675	89
19687	89
19699	89
19710	89
19722	89
19734	89
19746	89
19769	89
19781	89
19792	89
19804	89
19816	89
19828	89
19851	89
19863	89
19875	89
19886	89
19898	89
19910	89
19921	89
19933	89
19957	89
19968	89
19980	89
19992	89
20003	89
20015	89
20039	89
20050	89
20062	89
20074	89
20097	89
20109	89
20121	89
20144	89
20156	90
20167	90
20191	90
20203	90
20214	90
20226	90
20238	90
20250	90
20261	90
20285	90
20296	90
20308	90
20320	90
20332	90
20343	90
20355	90
20367	90
20378	90
20402	90
20414	90
20425	90
20437	90
20449	90
20460	90
20472	90
20484	90
20507	90
20519	90
20531	90
20542	90
20554	90
20566	90
20589	90
20601	90
20613	90
20625	90
20636	90
20648	90
20660	90
20671	90
20695	90
20707	90
20718	90
20730	90
20742	90
20753	90
20777	90
20789	90
20800	90
20812	90
20835	91
20847	91
20859	91
20882	91
20894	91
20906	91
20929	91
20941	91
20953	91
20964	91
20976	91
21000	91
21011	91
21023	91
21035	91
21046	91
21058	91
21070	91
21082	91
21105	91
21117	91
21128	91
21140	91
21152	91
21175	91
21187	91
21199	91
21210	91
21222	91
21234	91
21246	91
21269	91
21281	91
21292	91
21304	91
21316	91
21339	91
21351	91
21363	91
21375	91
21386	91
21398	91
21421	91
21433	91
21445	91
21457	91
21468	91
21480	91
21503	91
21515	91
21527	92
21539	92
21550	92
21574	92
21585	92
21609	92
21621	92
21632	92
21656	92
21667	92
21679	92
21691	92
21714	92
21726	92
21738	92
21750	92
21761	92
21773	92
21796	92
21808	92
21820	92
21832	92
21843	92
21855	92
21867	92
21890	92
21902	92
21914	92
21925	92
21937	92
21949	92
21972	92
21984	92
21996	92
22007	92
22019	92
22031	92
22054	92
22066	92
22078	92
22089	92
22113	92
22125	92
22136	92
22148	92
22160	92
22171	92
22183	92
22195	92
22218	92
22230	93
22242	93
22253	93
22265	93
22289	93
22300	93
22312	93
22324	93
22347	93
22359	93
22371	93
22394	93
22406	93
22417	93
22441	93
22453	93
22464	93
22476	93
22488	93
22511	93
22523	93
22535	93
22546	93
22558	93
22582	93
22593	93
22605	93
22617	93
22628	93
22652	93
22664	93
22675	93
22687	93
22710	93
22722	93
22734	93
22746	93
22769	93
22781	93
22792	93
22804	93
22828	93
22839	93
22851	93
22863	93
22875	93
22898	93
22910	93
22921	93
22933	93
22945	94
22957	94
22980	94
22992	94
23003	94
23015	94
23027	94
23050	94
23062	94
23074	94
23085	94
23109	94
23121	94
23132	94
23156	94
23167	94
23179	94
23191	94
23214	94
23226	94
23238	94
23250	94
23273	94
23285	94
23296	94
23308	94
23332	94
23343	94
23355	94
23367	94
23378	94
23402	94
23414	94
23425	94
23437	94
23460	94
23472	94
23484	94
23496	94
23519	94
23531	94
23542	94
23554	94
23578	94
23589	94
23601	94
23613	94
23636	94
23648	94
23660	94
23671	95
23683	95
23695	95
23718	95
23730	95
23742	95
23753	95
23765	95
23789	95
23800	95
23812	95
23835	95
23847	95
23859	95
23882	95
23894	95
23906	95
23929	95
23941	95
23953	95
23964	95
23988	95
24000	95
24011	95
24035	95
24046	95
24058	95
24082	95
24093	95
24105	95
24117	95
24140	95
24152	95
24164	95
24175	95
24199	95
24210	95
24234	95
24246	95
24257	95
24269	95
24292	95
24304	95
24316	95
24328	95
24351	95
24363	95
24375	95
24386	95
24398	95
24410	96
24421	96
24433	96
24457	96
24468	96
24480	96
24492	96
24503	96
24527	96
24539	96
24550	96
24562	96
24574	96
24597	96
24609	96
24621	96
24632	96
24644	96
24667	96
24679	96
24691	96
24714	96
24726	96
24738	96
24750	96
24761	96
24785	96
24796	96
24820	96
24832	96
24843	96
24855	96
24867	96
24890	96
24902	96
24914	96
24937	96
24949	96
24972	96
24984	96
25007	96
25019	96
25031	96
25054	96
25066	96
25078	96
25089	96
25113	96
25125	96
25136	96
25148	97
25171	97
25183	97
25195	97
25207	97
25218	97
25242	97
25253	97
25265	97
25289	97
25300	97
25312	97
25324	97
25335	97
25359	97
25371	97
25382	97
25394	97
25417	97
25429	97
25441	97
25453	97
25476	97
25488	97
25500	97
25511	97
25523	97
25546	97
25558	97
25570	97
25582	97
25605	97
25617	97
25628	97
25640	97
25664	97
25675	97
25687	97
25710	97
25722	97
25746	97
25757	97
25781	97
25792	97
25804	97
25828	97
25839	97
25851	97
25863	97
25886	97
25898	98
25910	98
25933	98
25945	98
25957	98
25968	98
25980	98
26003	98
26015	98
26027	98
26050	98
26062	98
26074	98
26085	98
26109	98
26121	98
26132	98
26144	98
26167	98
26179	98
26191	98
26203	98
26226	98
26238	98
26250	98
26273	98
26285	98
26296	98
26320	98
26332	98
26343	98
26355	98
26378	98
26390	98
26402	98
26414	98
26437	98
26449	98
26472	98
26496	98
26507	98
26531	98
26542	98
26554	98
26578	98
26589	98
26601	98
26613	98
26636	98
26648	98
26660	99
26683	99
26695	99
26707	99
26718	99
26742	99
26753	99
26765	99
26777	99
26800	99
26812	99
26824	99
26835	99
26847	99
26871	99
26882	99
26894	99
26906	99
26917	99
26941	99
26953	99
26964	99
26988	99
27000	99
27011	99
27023	99
27035	99
27058	99
27070	99
27082	99
27093	99
27117	99
27128	99
27140	99
27152	99
27175	99
27187	99
27210	99
27234	99
27246	99
27269	99
27281	99
27304	99
27316	99
27328	99
27351	99
27363	99
27375	99
27398	99
27410	99
27433	100
27445	100
27468	100
27480	100
27492	100
27503	100
27527	100
27539	100
27550	100
27574	100
27585	100
27597	100
27609	100
27632	100
27644	100
27656	100
27667	100
27691	100
27703	100
27726	100
27738	100
27750	100
27761	100
27773	100
27785	100
27796	100
27808	100
27832	100
27843	100
27855	100
27867	100
27890	100
27902	100
27914	100
27937	100
27949	100
27960	100
27984	100
27996	100
28019	100
28031	100
28042	100
28066	100
28078	100
28089	100
28113	100
28125	100
28136	100
28160	100
28171	100
28195	101
28207	101
28218	101
28242	101
28253	101
28265	101
28277	101
28300	101
28312	101
28335	101
28347	101
28359	101
28382	101
28394	101
28406	101
28429	101
28441	101
28453	101
28476	101
28488	101
28500	101
28511	101
28535	101
28546	101
28558	101
28582	101
28593	101
28605	101
28617	101
28640	101
28652	101
28664	101
28687	101
28699	101
28722	101
28734	101
28757	101
28769	101
28781	101
28804	101
28816	101
28828	101
28851	101
28863	101
28875	101
28898	101
28910	101
28921	101
28945	101
28957	101
28968	102
28980	102
29003	102
29015	102
29027	102
29050	102
29062	102
29074	102
29097	102
29109	102
29121	102
29144	102
29156	102
29167	102
29191	102
29203	102
29214	102
29238	102
29250	102
29261	102
29273	102
29285	102
29296	102
29308	102
29332	102
29343	102
29355	102
29378	102
29390	102
29402	102
29425	102
29437	102
29449	102
29472	102
29484	102
29507	102
29519	102
29542	102
29554	102
29566	102
29589	102
29601	102
29613	102
29636	102
29648	102
29671	102
29695	102
29707	102
29718	102
29742	102
29753	103
29765	103
29789	103
29800	103
29824	103
29835	103
29859	103
29871	103
29894	103
29906	103
29929	103
29941	103
29953	103
29976	103
29988	103
30000	103
30023	103
30035	103
30046	103
30058	103
30082	103
30093	103
30105	103
30128	103
30140	103
30152	103
30175	103
30187	103
30199	103
30222	103
30234	103
30257	103
30269	103
30281	103
30304	103
30316	103
30339	103
30351	103
30363	103
30386	103
30398	103
30410	103
30433	103
30445	103
30457	103
30480	103
30492	103
30503	103
30527	103
30539	103
30562	104
30574	104
30585	104
30609	104
30621	104
30644	104
30656	104
30679	104
30691	104
30703	104
30726	104
30738	104
30750	104
30773	104
30785	104
30796	104
30808	104
30832	104
30843	104
30855	104
30878	104
30890	104
30902	104
30925	104
30937	104
30949	104
30972	104
30984	104
30996	104
31019	104
31031	104
31054	104
31066	104
31078	104
31101	104
31113	104
31125	104
31148	104
31160	104
31183	104
31195	104
31207	104
31230	104
31242	104
31253	104
31277	104
31289	104
31312	104
31324	104
31347	104
31359	105
31382	105
31394	105
31417	105
31429	105
31441	105
31464	105
31476	105
31500	105
31511	105
31523	105
31546	105
31558	105
31570	105
31582	105
31605	105
31617	105
31640	105
31652	105
31664	105
31687	105
31699	105
31710	105
31734	105
31746	105
31757	105
31781	105
31792	105
31816	105
31828	105
31839	105
31863	105
31875	105
31886	105
31910	105
31921	105
31933	105
31957	105
31968	105
31992	105
32003	105
32015	105
32039	105
32050	105
32074	105
32085	105
32109	105
32132	105
32144	105
32167	105
32179	106
32203	106
32214	106
32226	106
32250	106
32261	106
32285	106
32296	106
32308	106
32320	106
32343	106
32355	106
32378	106
32390	106
32402	106
32425	106
32437	106
32449	106
32472	106
32484	106
32507	106
32519	106
32531	106
32554	106
32566	106
32589	106
32601	106
32625	106
32636	106
32648	106
32671	106
32683	106
32695	106
32718	106
32730	106
32753	106
32765	106
32777	106
32800	106
32824	106
32835	106
32859	106
32882	106
32894	106
32917	106
32929	106
32953	106
32964	106
32976	106
33000	106
33011	107
33035	107
33046	107
33058	107
33082	107
33093	107
33117	107
33128	107
33152	107
33164	107
33175	107
33199	107
33210	107
33234	107
33246	107
33257	107
33281	107
33292	107
33316	107
33328	107
33351	107
33363	107
33386	107
33398	107
33410	107
33433	107
33445	107
33468	107
33480	107
33503	107
33515	107
33527	107
33550	107
33574	107
33585	107
33609	107
33632	107
33644	107
33667	107
33679	107
33703	107
33714	107
33738	107
33750	107
33773	107
33785	107
33796	107
33820	107
33832	107
33843	107
33867	108
33878	108
33902	108
33914	108
33937	108
33949	108
33960	108
33984	108
33996	108
34007	108
34031	108
34042	108
34066	108
34078	108
34101	108
34113	108
34125	108
34148	108
34160	108
34171	108
34195	108
34207	108
34230	108
34242	108
34253	108
34277	108
34289	108
34312	108
34324	108
34347	108
34371	108
34382	108
34406	108
34417	108
34441	108
34453	108
34476	108
34488	108
34511	108
34523	108
34546	108
34558	108
34582	108
34593	108
34605	108
34628	108
34640	108
34664	108
34675	108
34699	108
34710	109
34734	109
34746	109
34769	109
34781	109
34804	109
34816	109
34839	109
34851	109
34875	109
34886	109
34898	109
34921	109
34933	109
34945	109
34968	109
34980	109
35003	109
35015	109
35039	109
35050	109
35074	109
35085	109
35109	109
35121	109
35144	109
35156	109
35179	109
35191	109
35214	109
35226	109
35250	109
35261	109
35273	109
35296	109
35308	109
35332	109
35343	109
35367	109
35378	109
35402	109
35414	109
35425	109
35449	109
35472	109
35484	109
35507	109
35519	109
35542	109
35554	109
35578	110
35589	110
35601	110
35625	110
35636	110
35660	110
35671	110
35683	110
35707	110
35718	110
35742	110
35753	110
35777	110
35789	110
35800	110
35824	110
35847	110
35859	110
35882	110
35894	110
35917	110
35941	110
35953	110
35964	110
35988	110
36000	110
36023	110
36046	110
36058	110
36082	110
36093	110
36117	110
36128	110
36152	110
36164	110
36187	110
36199	110
36222	110
36246	110
36257	110
36281	110
36292	110
36316	110
36328	110
36351	110
36363	110
36386	110
36398	110
36410	110
36421	110
36433	111
36457	111
36468	111
36492	111
36503	111
36527	111
36539	111
36550	111
36574	111
36585	111
36609	111
36621	111
36632	111
36656	111
36667	111
36691	111
36703	111
36726	111
36738	111
36761	111
36773	111
36796	111
36808	111
36832	111
36843	111
36867	111
36878	111
36902	111
36914	111
36937	111
36949	111
36972	111
36996	111
37019	111
37031	111
37054	111
37066	111
37089	111
37101	111
37125	111
37136	111
37160	111
37171	111
37183	111
37207	111
37218	111
37242	111
37253	111
37277	111
37289	111
37312	112
37324	112
37335	112
37359	112
37371	112
37394	112
37406	112
37429	112
37441	112
37464	112
37476	112
37500	112
37511	112
37523	112
37546	112
37558	112
37582	112
37593	112
37617	112
37628	112
37640	112
37664	112
37687	112
37699	112
37722	112
37746	112
37769	112
37781	112
37804	112
37816	112
37839	112
37851	112
37863	112
37886	112
37910	112
37921	112
37945	112
37957	112
37968	112
37992	112
38003	112
38027	112
38039	112
38062	112
38074	112
38097	112
38109	112
38121	112
38144	112
38156	112
38179	113
38191	113
38214	113
38226	113
38250	113
38261	113
38285	113
38296	113
38320	113
38332	113
38355	113
38367	113
38390	113
38402	113
38425	113
38437	113
38460	113
38484	113
38507	113
38531	113
38542	113
38566	113
38578	113
38601	113
38613	113
38636	113
38648	113
38671	113
38683	113
38707	113
38718	113
38742	113
38753	113
38777	113
38789	113
38812	113
38824	113
38835	113
38859	113
38871	113
38882	113
38906	113
38917	113
38941	113
38953	113
38976	113
38988	113
39011	113
39023	113
39035	113
39058	114
39070	114
39093	114
39105	114
39128	114
39140	114
39164	114
39175	114
39199	114
39222	114
39246	114
39269	114
39281	114
39304	114
39328	114
39339	114
39351	114
39375	114
39398	114
39410	114
39433	114
39457	114
39468	114
39492	114
39503	114
39527	114
39539	114
39562	114
39574	114
39597	114
39609	114
39632	114
39644	114
39667	114
39679	114
39703	114
39714	114
39738	114
39750	114
39761	114
39785	114
39796	114
39808	114
39820	114
39843	114
39855	114
39878	114
39890	114
39914	114
39925	114
39949	115
39972	115
39984	115
40007	115
40031	115
40042	115
40066	115
40078	115
40101	115
40113	115
40136	115
40148	115
40171	115
40195	115
40207	115
40230	115
40242	115
40265	115
40277	115
40300	115
40312	115
40335	115
40347	115
40371	115
40394	115
40406	115
40429	115
40441	115
40464	115
40476	115
40500	115
40511	115
40535	115
40546	115
40558	115
40582	115
40593	115
40617	115
40628	115
40652	115
40664	115
40687	115
40710	115
40722	115
40746	115
40769	115
40781	115
40804	115
40816	115
40839	115
40851	116
40875	116
40886	116
40910	116
40933	116
40945	116
40968	116
40980	116
41003	116
41015	116
41039	116
41050	116
41074	116
41085	116
41109	116
41121	116
41144	116
41156	116
41179	116
41191	116
41214	116
41238	116
41250	116
41261	116
41285	116
41296	116
41308	116
41332	116
41343	116
41367	116
41378	116
41402	116
41414	116
41437	116
41449	116
41472	116
41496	116
41519	116
41531	116
41554	116
41566	116
41589	116
41601	116
41625	116
41648	116
41671	116
41695	116
41707	116
41730	116
41742	116
41765	117
41777	117
41800	117
41824	117
41835	117
41859	117
41882	117
41906	117
41917	117
41941	117
41953	117
41976	117
42000	117
42011	117
42035	117
42046	117
42070	117
42082	117
42105	117
42117	117
42140	117
42152	117
42175	117
42187	117
42210	117
42234	117
42246	117
42269	117
42292	117
42304	117
42328	117
42339	117
42363	117
42386	117
42398	117
42421	117
42433	117
42457	117
42468	117
42492	117
42503	117
42527	117
42550	117
42562	117
42585	117
42609	117
42621	117
42644	117
42667	117
42679	117
42703	118
42714	118
42738	118
42761	118
42773	118
42785	118
42808	118
42820	118
42843	118
42855	118
42878	118
42890	118
42914	118
42937	118
42949	118
42972	118
42984	118
43007	118
43019	118
43042	118
43066	118
43078	118
43101	118
43113	118
43136	118
43148	118
43171	118
43195	118
43207	118
43230	118
43242	118
43265	118
43277	118
43300	118
43324	118
43347	118
43359	118
43382	118
43406	118
43429	118
43441	118
43464	118
43476	118
43500	118
43523	118
43535	118
43546	118
43570	118
43582	118
43605	118
43628	119
43640	119
43664	119
43675	119
43699	119
43722	119
43734	119
43757	119
43769	119
43792	119
43816	119
43828	119
43851	119
43875	119
43886	119
43910	119
43921	119
43945	119
43957	119
43980	119
43992	119
44015	119
44039	119
44050	119
44074	119
44097	119
44121	119
44144	119
44167	119
44179	119
44203	119
44214	119
44238	119
44261	119
44273	119
44296	119
44308	119
44332	119
44343	119
44367	119
44390	119
44402	119
44425	119
44437	119
44460	119
44472	119
44496	119
44519	119
44531	119
44554	119
44566	120
44589	120
44613	120
44625	120
44648	120
44660	120
44683	120
44707	120
44718	120
44742	120
44753	120
44777	120
44800	120
44812	120
44835	120
44859	120
44882	120
44906	120
44929	120
44941	120
44964	120
44988	120
45000	120
45023	120
45035	120
45058	120
45070	120
45093	120
45117	120
45128	120
45152	120
45175	120
45187	120
45210	120
45222	120
45246	120
45269	120
45281	120
45304	120
45328	120
45339	120
45363	120
45386	120
45398	120
45421	120
45445	120
45457	120
45480	120
45503	120
45515	120
45539	121
45562	121
45585	121
45609	121
45632	121
45644	121
45667	121
45691	121
45714	121
45726	121
45750	121
45761	121
45785	121
45808	121
45820	121
45843	121
45855	121
45878	121
45902	121
45914	121
45937	121
45960	121
45972	121
45996	121
46007	121
46031	121
46054	121
46066	121
46089	121
46113	121
46125	121
46148	121
46160	121
46183	121
46207	121
46218	121
46242	121
46265	121
46277	121
46300	121
46324	121
46347	121
46371	121
46394	121
46406	121
46429	121
46453	121
46464	121
46488	121
46511	121
46523	122
46546	122
46570	122
46593	122
46605	122
46628	122
46652	122
46664	122
46687	122
46710	122
46734	122
46746	122
46769	122
46792	122
46816	122
46828	122
46851	122
46875	122
46886	122
46910	122
46921	122
46945	122
46968	122
46980	122
47003	122
47027	122
47039	122
47062	122
47085	122
47109	122
47132	122
47156	122
47167	122
47191	122
47214	122
47226	122
47250	122
47273	122
47296	122
47308	122
47332	122
47355	122
47367	122
47390	122
47414	122
47425	122
47449	122
47472	122
47496	122
47519	122
47531	123
47554	123
47578	123
47601	123
47613	123
47636	123
47660	123
47671	123
47695	123
47707	123
47730	123
47753	123
47777	123
47789	123
47812	123
47835	123
47859	123
47882	123
47906	123
47917	123
47941	123
47964	123
47976	123
48000	123
48023	123
48046	123
48070	123
48093	123
48117	123
48128	123
48152	123
48175	123
48187	123
48210	123
48234	123
48257	123
48281	123
48304	123
48316	123
48339	123
48363	123
48375	123
48398	123
48410	123
48433	123
48445	123
48468	123
48492	123
48503	123
48527	123
48550	124
48562	124
48585	124
48609	124
48621	124
48644	124
48667	124
48691	124
48703	124
48726	124
48750	124
48761	124
48785	124
48808	124
48832	124
48855	124
48867	124
48890	124
48914	124
48937	124
48960	124
48984	124
49007	124
49031	124
49054	124
49066	124
49089	124
49113	124
49125	124
49148	124
49171	124
49195	124
49207	124
49230	124
49253	124
49265	124
49289	124
49312	124
49324	124
49347	124
49371	124
49394	124
49406	124
49429	124
49453	124
49464	124
49488	124
49511	124
49523	124
49546	124
49570	125
49593	125
49605	125
49628	125
49652	125
49664	125
49687	125
49710	125
49734	125
49757	125
49781	125
49804	125
49828	125
49851	125
49863	125
49886	125
49910	125
49933	125
49945	125
49968	125
49992	125
50003	125
50027	125
50050	125
50062	125
50085	125
50109	125
50132	125
50144	125
50167	125
50191	125
50203	125
50226	125
50250	125
50273	125
50285	125
50308	125
50332	125
50355	125
50367	125
50390	125
50414	125
50437	125
50460	125
50484	125
50507	125
50531	125
50554	125
50578	125
50589	125
50613	126
50636	126
50660	126
50671	126
50695	126
50718	126
50730	126
50753	126
50777	126
50800	126
50812	126
50835	126
50847	126
50871	126
50894	126
50906	126
50929	126
50953	126
50976	126
50988	126
51011	126
51023	126
51046	126
51070	126
51082	126
51105	126
51128	126
51140	126
51164	126
51187	126
51210	126
51234	126
51257	126
51281	126
51304	126
51328	126
51351	126
51363	126
51386	126
51410	126
51433	126
51457	126
51480	126
51492	126
51515	126
51539	126
51562	126
51574	126
51597	126
51621	126
51644	127
51656	127
51679	127
51703	127
51726	127
51738	127
51761	127
51773	127
51796	127
51808	127
51832	127
51843	127
51867	127
51890	127
51914	127
51925	127
51949	127
51972	127
51996	127
52019	127
52042	127
52066	127
52078	127
52101	127
52125	127
52148	127
52171	127
52195	127
52207	127
52230	127
52253	127
52277	127
52289	127
52312	127
52335	127
52359	127
52382	127
52394	127
52417	127
52441	127
52464	127
52488	127
52500	127
52523	127
52546	127
52558	127
52582	127
52605	127
52617	127
52640	127
52664	128
52687	128
52710	128
52734	128
52757	128
52769	128
52792	128
52816	128
52839	128
52863	128
52875	128
52898	128
52921	128
52945	128
52957	128
52980	128
53003	128
53027	128
53039	128
53062	128
53085	128
53109	128
53121	128
53144	128
53167	128
53191	128
53214	128
53226	128
53250	128
53273	128
53285	128
53296	128
53320	128
53343	128
53355	128
53378	128
53402	128
53425	128
53449	128
53460	128
53484	128
53507	128
53531	128
53554	128
53578	128
53601	128
53625	128
53648	128
53671	128
53695	128
53718	129
53742	129
53753	129
53777	129
53800	129
53824	129
53847	129
53871	129
53894	129
53917	129
53941	129
53964	129
53976	129
54000	129
54023	129
54046	129
54058	129
54082	129
54105	129
54128	129
54140	129
54164	129
54187	129
54210	129
54234	129
54257	129
54269	129
54292	129
54316	129
54339	129
54363	129
54386	129
54398	129
54421	129
54445	129
54468	129
54480	129
54503	129
54527	129
54550	129
54574	129
54597	129
54621	129
54644	129
54656	129
54679	129
54703	129
54726	129
54750	129
54761	129
54785	130
54808	130
54820	130
54843	130
54867	130
54890	130
54902	130
54925	130
54949	130
54972	130
54996	130
55019	130
55031	130
55054	130
55078	130
55101	130
55125	130
55148	130
55160	130
55183	130
55207	130
55230	130
55253	130
55265	130
55289	130
55312	130
55335	130
55359	130
55382	130
55406	130
55429	130
55453	130
55476	130
55500	130
55523	130
55535	130
55558	130
55582	130
55593	130
55617	130
55640	130
55664	130
55687	130
55710	130
55722	130
55746	130
55769	130
55792	130
55816	130
55828	130
55851	131
55875	131
55898	131
55921	131
55933	131
55957	131
55980	131
56003	131
56027	131
56050	131
56062	131
56097	131
56121	131
56144	131
56167	131
56191	131
56203	131
56226	131
56250	131
56273	131
56296	131
56308	131
56332	131
56355	131
56378	131
56402	131
56425	131
56437	131
56460	131
56484	131
56507	131
56519	131
56542	131
56566	131
56589	131
56613	131
56636	131
56660	131
56683	131
56695	131
56718	131
56742	131
56765	131
56789	131
56812	131
56835	131
56859	131
56894	131
56917	131
56941	131
56953	132
56976	132
57000	132
57023	132
57046	132
57070	132
57082	132
57105	132
57128	132
57152	132
57175	132
57199	132
57222	132
57246	132
57257	132
57281	132
57304	132
57328	132
57351	132
57375	132
57398	132
57421	132
57445	132
57457	132
57480	132
57503	132
57527	132
57550	132
57574	132
57597	132
57621	132
57656	132
57679	132
57691	132
57714	132
57738	132
57761	132
57785	132
57808	132
57820	132
57843	132
57867	132
57890	132
57914	132
57937	132
57960	132
57972	132
57996	132
58019	132
58042	132
58066	133
58089	133
58113	133
58136	133
58148	133
58171	133
58195	133
58218	133
58242	133
58265	133
58289	133
58312	133
58335	133
58359	133
58382	133
58406	133
58429	133
58453	133
58476	133
58500	133
58523	133
58546	133
58570	133
58593	133
58617	133
58628	133
58652	133
58675	133
58699	133
58722	133
58746	133
58769	133
58792	133
58816	133
58839	133
58863	133
58886	133
58910	133
58933	133
58957	133
58968	133
58992	133
59015	133
59039	133
59062	133
59085	133
59109	133
59144	133
59167	133
59191	133
59214	134
59226	134
59250	134
59273	134
59296	134
59320	134
59343	134
59367	134
59390	134
59414	134
59437	134
59460	134
59484	134
59507	134
59531	134
59554	134
59578	134
59601	134
59625	134
59648	134
59671	134
59695	134
59718	134
59730	134
59753	134
59777	134
59800	134
59824	134
59859	134
59882	134
59906	134
59929	134
59953	134
59976	134
60000	134
60023	134
60058	134
60082	134
60105	134
60128	134
60152	134
60175	134
60199	134
60222	134
60246	134
60269	134
60292	134
60316	134
60339	134
60363	134
60386	135
60410	135
60421	135
60445	135
60468	135
60492	135
60515	135
60539	135
60562	135
60585	135
60609	135
60632	135
60656	135
60679	135
60703	135
60726	135
60750	135
60773	135
60796	135
60820	135
60843	135
60867	135
60890	135
60914	135
60937	135
60972	135
60996	135
61031	135
61054	135
61078	135
61101	135
61125	135
61148	135
61171	135
61195	135
61218	135
61242	135
61265	135
61289	135
61312	135
61324	135
61347	135
61371	135
61394	135
61417	135
61441	135
61476	135
61500	135
61511	135
61535	135
61558	136
61582	136
61605	136
61628	136
61652	136
61675	136
61710	136
61734	136
61769	136
61792	136
61816	136
61839	136
61863	136
61886	136
61910	136
61933	136
61957	136
61980	136
62003	136
62027	136
62050	136
62074	136
62097	136
62121	136
62144	136
62167	136
62191	136
62214	136
62238	136
62261	136
62296	136
62320	136
62343	136
62367	136
62390	136
62414	136
62437	136
62472	136
62496	136
62531	136
62554	136
62578	136
62601	136
62625	136
62648	136
62671	136
62695	136
62718	136
62742	136
62765	136
62789	137
62812	137
62835	137
62859	137
62882	137
62906	137
62917	137
62953	137
62976	137
63000	137
63023	137
63035	137
63058	137
63082	137
63105	137
63128	137
63152	137
63187	137
63210	137
63246	137
63269	137
63304	137
63328	137
63339	137
63375	137
63398	137
63421	137
63457	137
63480	137
63503	137
63527	137
63550	137
63574	137
63597	137
63621	137
63644	137
63667	137
63691	137
63714	137
63738	137
63761	137
63785	137
63796	137
63820	137
63843	137
63867	137
63890	137
63914	137
63937	137
63960	137
63996	138
64019	138
64042	138
64066	138
64089	138
64113	138
64136	138
64171	138
64195	138
64218	138
64242	138
64265	138
64289	138
64312	138
64335	138
64359	138
64382	138
64406	138
64441	138
64464	138
64488	138
64511	138
64535	138
64558	138
64582	138
64605	138
64628	138
64652	138
64675	138
64699	138
64722	138
64757	138
64781	138
64804	138
64828	138
64851	138
64875	138
64898	138
64921	138
64945	138
64968	138
64992	138
65027	138
65050	138
65074	138
65097	138
65121	138
65144	138
65167	138
65191	138
65214	139
65238	139
65261	139
65285	139
65296	139
65320	139
65343	139
65367	139
65390	139
65414	139
65437	139
65472	139
65496	139
65519	139
65542	139
65566	139
65589	139
65625	139
65648	139
65671	139
65707	139
65730	139
65753	139
65777	139
65800	139
65824	139
65859	139
65882	139
65906	139
65929	139
65964	139
65988	139
66011	139
66035	139
66058	139
66082	139
66105	139
66128	139
66152	139
66175	139
66199	139
66222	139
66246	139
66269	139
66304	139
66328	139
66351	139
66375	139
66398	139
66421	139
66445	140
66468	140
66492	140
66515	140
66539	140
66574	140
66597	140
66621	140
66644	140
66667	140
66703	140
66726	140
66750	140
66773	140
66796	140
66808	140
66832	140
66855	140
66878	140
66914	140
66937	140
66960	140
66984	140
67007	140
67031	140
67054	140
67078	140
67101	140
67125	140
67148	140
67183	140
67207	140
67230	140
67253	140
67277	140
67300	140
67324	140
67359	140
67382	140
67406	140
67429	140
67453	140
67488	140
67511	140
67535	140
67558	140
67582	140
67605	140
67628	140
67652	140
67675	141
67699	141
67722	141
67746	141
67769	141
67792	141
67816	141
67839	141
67875	141
67898	141
67910	141
67945	141
67968	141
67992	141
68015	141
68039	141
68062	141
68097	141
68121	141
68144	141
68179	141
68203	141
68226	141
68250	141
68273	141
68296	141
68320	141
68343	141
68367	141
68390	141
68425	141
68449	141
68472	141
68496	141
68519	141
68542	141
68566	141
68589	141
68613	141
68636	141
68660	141
68683	141
68718	141
68742	141
68765	141
68789	141
68812	141
68847	141
68871	141
68906	141
68929	142
68953	142
68976	142
69000	142
69023	142
69046	142
69070	142
69093	142
69128	142
69152	142
69175	142
69199	142
69222	142
69246	142
69269	142
69292	142
69328	142
69351	142
69375	142
69398	142
69421	142
69445	142
69480	142
69503	142
69527	142
69550	142
69574	142
69609	142
69632	142
69667	142
69691	142
69714	142
69738	142
69761	142
69785	142
69808	142
69832	142
69867	142
69890	142
69914	142
69937	142
69960	142
69984	142
70007	142
70031	142
70066	142
70089	142
70113	142
70136	142
70160	142
70183	143
70207	143
70230	143
70253	143
70289	143
70312	143
70335	143
70371	143
70394	143
70417	143
70453	143
70476	143
70500	143
70523	143
70558	143
70582	143
70605	143
70628	143
70652	143
70675	143
70710	143
70734	143
70757	143
70781	143
70816	143
70839	143
70863	143
70886	143
70910	143
70933	143
70957	143
70980	143
71015	143
71039	143
71062	143
71085	143
71121	143
71144	143
71167	143
71203	143
71226	143
71250	143
71273	143
71296	143
71332	143
71355	143
71378	143
71402	143
71425	143
71460	143
71484	144
71507	144
71531	144
71566	144
71589	144
71613	144
71636	144
71660	144
71683	144
71707	144
71742	144
71765	144
71789	144
71812	144
71847	144
71871	144
71894	144
71929	144
71953	144
71976	144
72000	144
72035	144
72058	144
72093	144
72117	144
72140	144
72164	144
72199	144
72222	144
72246	144
72281	144
72304	144
72328	144
72351	144
72375	144
72398	144
72421	144
72445	144
72468	144
72492	144
72527	144
72550	144
72574	144
72597	144
72621	144
72644	144
72679	144
72703	144
72726	144
72750	144
72785	145
72808	145
72832	145
72855	145
72890	145
72914	145
72937	145
72972	145
73007	145
73031	145
73054	145
73089	145
73113	145
73136	145
73160	145
73183	145
73207	145
73242	145
73265	145
73289	145
73312	145
73335	145
73359	145
73394	145
73417	145
73441	145
73464	145
73488	145
73511	145
73546	145
73570	145
73593	145
73617	145
73640	145
73675	145
73699	145
73734	145
73757	145
73792	145
73816	145
73839	145
73863	145
73898	145
73921	145
73945	145
73968	145
73992	145
74027	145
74050	145
74074	145
74097	146
74121	146
74144	146
74179	146
74203	146
74226	146
74250	146
74273	146
74308	146
74332	146
74355	146
74378	146
74402	146
74437	146
74472	146
74496	146
74531	146
74554	146
74589	146
74613	146
74636	146
74660	146
74683	146
74707	146
74742	146
74765	146
74789	146
74812	146
74835	146
74859	146
74882	146
74906	146
74929	146
74964	146
74988	146
75011	146
75035	146
75058	146
75082	146
75105	146
75128	146
75164	146
75187	146
75222	146
75257	146
75281	146
75316	146
75339	146
75363	146
75386	146
75421	147
75445	147
75468	147
75503	147
75527	147
75550	147
75574	147
75597	147
75621	147
75656	147
75679	147
75703	147
75726	147
75750	147
75773	147
75796	147
75820	147
75843	147
75867	147
75890	147
75925	147
75949	147
75972	147
76007	147
76031	147
76054	147
76089	147
76113	147
76136	147
76171	147
76195	147
76218	147
76242	147
76277	147
76300	147
76324	147
76347	147
76382	147
76406	147
76429	147
76453	147
76488	147
76511	147
76535	147
76558	147
76582	147
76605	147
76640	147
76664	147
76687	147
76722	148
76746	148
76769	148
76804	148
76828	148
76851	148
76875	148
76910	148
76933	148
76957	148
76980	148
77003	148
77039	148
77062	148
77085	148
77109	148
77144	148
77167	148
77191	148
77214	148
77250	148
77261	148
77285	148
77308	148
77332	148
77355	148
77390	148
77414	148
77437	148
77460	148
77496	148
77519	148
77554	148
77578	148
77601	148
77625	148
77660	148
77695	148
77718	148
77742	148
77765	148
77800	148
77824	148
77859	148
77882	148
77917	148
77941	148
77964	148
78000	148
78023	148
78046	149
78070	149
78093	149
78117	149
78152	149
78175	149
78199	149
78234	149
78257	149
78281	149
78316	149
78339	149
78363	149
78386	149
78421	149
78445	149
78468	149
78492	149
78527	149
78550	149
78574	149
78609	149
78632	149
78656	149
78691	149
78714	149
78738	149
78761	149
78785	149
78808	149
78832	149
78867	149
78890	149
78914	149
78937	149
78972	149
78996	149
79019	149
79042	149
79078	149
79101	149
79125	149
79148	149
79183	149
79207	149
79230	149
79253	149
79289	149
79312	149
79347	149
79371	150
79406	150
79429	150
79453	150
79476	150
79511	150
79535	150
79558	150
79582	150
79605	150
79640	150
79664	150
79687	150
79710	150
79746	150
79769	150
79792	150
79816	150
79851	150
79875	150
79898	150
79921	150
79957	150
79980	150
80003	150
80027	150
80062	150
80085	150
80121	150
80156	150
80179	150
80203	150
80238	150
80261	150
80285	150
80308	150
80332	150
80367	150
80390	150
80414	150
80449	150
80472	150
80496	150
80519	150
80542	150
80578	150
80601	150
80625	150
80660	150
80683	150
80707	151
80730	151
80765	151
80789	151
80824	151
80847	151
80882	151
80906	151
80941	151
80964	151
80988	151
81023	151
81046	151
81070	151
81093	151
81128	151
81152	151
81175	151
81199	151
81234	151
81257	151
81281	151
81316	151
81339	151
81363	151
81398	151
81421	151
81445	151
81480	151
81503	151
81527	151
81562	151
81585	151
81621	151
81656	151
81679	151
81703	151
81738	151
81761	151
81785	151
81808	151
81843	151
81867	151
81890	151
81925	151
81949	151
81972	151
81996	151
82031	151
82054	151
82078	152
82113	152
82136	152
82160	152
82183	152
82218	152
82242	152
82265	152
82300	152
82324	152
82359	152
82394	152
82417	152
82441	152
82476	152
82500	152
82535	152
82558	152
82582	152
82617	152
82640	152
82664	152
82699	152
82722	152
82757	152
82781	152
82804	152
82839	152
82863	152
82886	152
82921	152
82945	152
82968	152
82992	152
83027	152
83050	152
83085	152
83109	152
83144	152
83167	152
83203	152
83226	152
83250	152
83285	152
83308	152
83332	152
83367	152
83390	152
83414	152
83449	152
83472	153
83507	153
83531	153
83566	153
83589	153
83625	153
83648	153
83671	153
83695	153
83730	153
83753	153
83789	153
83812	153
83847	153
83871	153
83906	153
83929	153
83964	153
83988	153
84023	153
84058	153
84082	153
84117	153
84140	153
84164	153
84199	153
84234	153
84257	153
84292	153
84316	153
84351	153
84375	153
84398	153
84421	153
84445	153
84468	153
84503	153
84527	153
84562	153
84585	153
84609	153
84644	153
84667	153
84703	153
84726	153
84750	153
84785	153
84820	153
84843	153
84867	153
84902	154
84925	154
84960	154
84996	154
85031	154
85054	154
85089	154
85113	154
85136	154
85171	154
85195	154
85230	154
85253	154
85277	154
85312	154
85335	154
85359	154
85394	154
85417	154
85453	154
85476	154
85500	154
85535	154
85558	154
85593	154
85617	154
85640	154
85675	154
85710	154
85734	154
85769	154
85804	154
85828	154
85863	154
85886	154
85921	154
85945	154
85980	154
86003	154
86027	154
86062	154
86085	154
86121	154
86144	154
86179	154
86203	154
86238	154
86261	154
86285	154
86320	154
86355	155
86378	155
86402	155
86437	155
86472	155
86507	155
86542	155
86566	155
86601	155
86625	155
86660	155
86683	155
86718	155
86742	155
86765	155
86800	155
86824	155
86847	155
86882	155
86906	155
86929	155
86964	155
86988	155
87011	155
87046	155
87070	155
87093	155
87128	155
87152	155
87187	155
87222	155
87257	155
87292	155
87316	155
87351	155
87375	155
87410	155
87445	155
87468	155
87503	155
87527	155
87550	155
87585	155
87609	155
87644	155
87667	155
87691	155
87726	155
87750	155
87773	155
87796	156
87832	156
87855	156
87878	156
87914	156
87937	156
87972	156
88007	156
88031	156
88066	156
88089	156
88125	156
88148	156
88183	156
88218	156
88242	156
88277	156
88300	156
88335	156
88359	156
88394	156
88417	156
88453	156
88476	156
88511	156
88535	156
88558	156
88593	156
88617	156
88652	156
88675	156
88710	156
88746	156
88769	156
88804	156
88828	156
88863	156
88886	156
88921	156
88945	156
88980	156
89003	156
89039	156
89062	156
89097	156
89121	156
89144	156
89179	156
89203	156
89238	156
89261	157
89285	157
89308	157
89332	157
89367	157
89390	157
89425	157
89449	157
89484	157
89519	157
89542	157
89578	157
89601	157
89636	157
89671	157
89707	157
89730	157
89765	157
89789	157
89824	157
89859	157
89894	157
89917	157
89953	157
89976	157
90011	157
90035	157
90058	157
90093	157
90117	157
90152	157
90175	157
90210	157
90234	157
90269	157
90304	157
90328	157
90363	157
90386	157
90421	157
90445	157
90480	157
90503	157
90539	157
90562	157
90597	157
90632	157
90656	157
90691	157
90714	157
90750	158
90773	158
90796	158
90832	158
90855	158
90890	158
90914	158
90949	158
90972	158
90996	158
91031	158
91066	158
91089	158
91125	158
91148	158
91171	158
91207	158
91230	158
91265	158
91289	158
91324	158
91359	158
91394	158
91417	158
91453	158
91476	158
91511	158
91535	158
91558	158
91593	158
91617	158
91652	158
91675	158
91710	158
91734	158
91769	158
91792	158
91828	158
91851	158
91886	158
91910	158
91945	158
91968	158
91992	158
92027	158
92062	158
92097	158
92121	158
92156	158
92191	158
92214	159
92250	159
92273	159
92308	159
92332	159
92367	159
92390	159
92425	159
92449	159
92484	159
92507	159
92542	159
92566	159
92601	159
92625	159
92660	159
92683	159
92718	159
92742	159
92777	159
92800	159
92835	159
92871	159
92906	159
92941	159
92964	159
93000	159
93023	159
93058	159
93082	159
93117	159
93140	159
93175	159
93199	159
93234	159
93257	159
93292	159
93316	159
93351	159
93375	159
93410	159
93445	159
93468	159
93503	159
93527	159
93562	159
93597	159
93632	159
93667	159
93691	159
93726	160
93750	160
93785	160
93808	160
93832	160
93867	160
93902	160
93925	160
93949	160
93984	160
94007	160
94042	160
94066	160
94101	160
94136	160
94160	160
94183	160
94218	160
94242	160
94277	160
94312	160
94347	160
94371	160
94406	160
94441	160
94464	160
94500	160
94535	160
94558	160
94593	160
94617	160
94652	160
94687	160
94710	160
94746	160
94781	160
94804	160
94839	160
94875	160
94898	160
94921	160
94957	160
94980	160
95015	160
95050	160
95074	160
95109	160
95144	160
95179	160
95203	160
95238	161
95273	161
95296	161
95332	161
95355	161
95390	161
95425	161
95449	161
95484	161
95519	161
95542	161
95578	161
95613	161
95636	161
95671	161
95695	161
95730	161
95753	161
95789	161
95812	161
95847	161
95882	161
95917	161
95953	161
95976	161
96011	161
96046	161
96082	161
96105	161
96140	161
96175	161
96199	161
96234	161
96269	161
96304	161
96328	161
96363	161
96386	161
96410	161
96445	161
96468	161
96503	161
96527	161
96562	161
96585	161
96621	161
96656	161
96679	161
96714	161
96750	161
96773	162
96808	162
96843	162
96867	162
96902	162
96937	162
96972	162
97007	162
97042	162
97078	162
97101	162
97136	162
97160	162
97195	162
97230	162
97253	162
97289	162
97312	162
97347	162
97382	162
97406	162
97441	162
97464	162
97500	162
97535	162
97558	162
97593	162
97617	162
97652	162
97687	162
97722	162
97757	162
97792	162
97828	162
97851	162
97886	162
97921	162
97945	162
97980	162
98003	162
98039	162
98074	162
98097	162
98132	162
98156	162
98191	162
98226	162
98250	162
98285	162
98320	162
98343	163
98378	163
98414	163
98449	163
98484	163
98519	163
98554	163
98589	163
98613	163
98648	163
98683	163
98707	163
98730	163
98765	163
98800	163
98824	163
98859	163
98882	163
98917	163
98941	163
98976	163
99000	163
99035	163
99058	163
99093	163
99117	163
99152	163
99187	163
99222	163
99269	163
99304	163
99328	163
99363	163
99398	163
99433	163
99468	163
99492	163
99527	163
99550	163
99585	163
99621	163
99644	163
99679	163
99703	163
99738	163
99761	163
99796	163
99820	163
99843	163
99878	163
99914	164
99937	164
99972	164
100007	164
100042	164
100078	164
100101	164
100136	164
100171	164
100207	164
100230	164
100265	164
100289	164
100324	164
100359	164
100394	164
100417	164
100453	164
100488	164
100511	164
100546	164
100570	164
100605	164
100628	164
100664	164
100699	164
100734	164
100769	164
100792	164
100828	164
100863	164
100886	164
100921	164
100957	164
100980	164
101015	164
101050	164
101074	164
101109	164
101144	164
101167	164
101203	164
101238	164
101261	164
101285	164
101308	164
101343	164
101367	164
101402	164
101437	164
101460	165
101496	165
101531	165
101566	165
101601	165
101625	165
101660	165
101695	165
101730	165
101765	165
101789	165
101824	165
101859	165
101894	165
101929	165
101964	165
101988	165
102023	165
102046	165
102082	165
102105	165
102140	165
102175	165
102199	165
102234	165
102269	165
102304	165
102328	165
102363	165
102386	165
102421	165
102457	165
102480	165
102515	165
102550	165
102585	165
102609	165
102644	165
102679	165
102714	165
102738	165
102773	165
102796	165
102820	165
102855	165
102890	165
102914	165
102949	165
102984	165
103007	165
103042	166
103078	166
103101	166
103136	166
103171	166
103195	166
103230	166
103253	166
103289	166
103324	166
103359	166
103394	166
103429	166
103464	166
103488	166
103523	166
103546	166
103582	166
103605	166
103640	166
103675	166
103699	166
103734	166
103757	166
103792	166
103828	166
103863	166
103886	166
103921	166
103945	166
103980	166
104003	166
104039	166
104074	166
104109	166
104144	166
104179	166
104214	166
104238	166
104273	166
104296	166
104332	166
104355	166
104390	166
104425	166
104449	166
104484	166
104507	166
104542	166
104578	166
104601	167
104636	167
104671	167
104695	167
104730	167
104753	167
104789	167
104824	167
104859	167
104894	167
104929	167
104964	167
105000	167
105023	167
105058	167
105082	167
105117	167
105152	167
105175	167
105210	167
105234	167
105269	167
105304	167
105339	167
105363	167
105398	167
105433	167
105457	167
105492	167
105527	167
105550	167
105597	167
105632	167
105667	167
105691	167
105726	167
105761	167
105785	167
105820	167
105843	167
105878	167
105914	167
105937	167
105972	167
106007	167
106031	167
106066	167
106101	167
106125	167
106160	167
106183	168
106218	168
106253	168
106277	168
106312	168
106347	168
106382	168
106417	168
106453	168
106488	168
106511	168
106546	168
106582	168
106605	168
106640	168
106675	168
106710	168
106734	168
106769	168
106804	168
106839	168
106863	168
106898	168
106921	168
106957	168
106992	168
107015	168
107050	168
107085	168
107121	168
107156	168
107191	168
107214	168
107250	168
107285	168
107308	168
107343	168
107378	168
107402	168
107437	168
107472	168
107507	168
107542	168
107578	168
107601	168
107636	168
107671	168
107695	168
107730	168
107765	168
107789	169
107824	169
107859	169
107894	169
107929	169
107964	169
108000	169
108035	169
108070	169
108105	169
108128	169
108164	169
108199	169
108234	169
108269	169
108304	169
108339	169
108363	169
108398	169
108421	169
108445	169
108480	169
108515	169
108539	169
108574	169
108609	169
108632	169
108667	169
108703	169
108726	169
108761	169
108796	169
108832	169
108867	169
108890	169
108925	169
108960	169
109007	169
109042	169
109066	169
109101	169
109136	169
109160	169
109195	169
109230	169
109253	169
109289	169
109324	169
109347	169
109382	169
109417	170
109441	170
109476	170
109511	170
109535	170
109570	170
109605	170
109628	170
109664	170
109699	170
109746	170
109781	170
109816	170
109839	170
109875	170
109910	170
109945	170
109968	170
110003	170
110039	170
110062	170
110097	170
110132	170
110167	170
110191	170
110226	170
110261	170
110296	170
110332	170
110355	170
110390	170
110425	170
110460	170
110507	170
110542	170
110578	170
110601	170
110636	170
110671	170
110695	170
110730	170
110765	170
110800	170
110824	170
110847	170
110882	170
110917	170
110941	170
110976	170
111011	170
111035	171
111070	171
111093	171
111128	171
111164	171
111199	171
111234	171
111269	171
111304	171
111339	171
111375	171
111410	171
111445	171
111480	171
111503	171
111539	171
111574	171
111597	171
111632	171
111656	171
111691	171
111726	171
111761	171
111785	171
111808	171
111843	171
111867	171
111902	171
111937	171
111972	171
112007	171
112042	171
112066	171
112101	171
112136	171
112171	171
112207	171
112230	171
112265	171
112300	171
112335	171
112359	171
112394	171
112429	171
112464	171
112500	171
112523	171
112558	171
112582	171
112617	171
112652	172
112675	172
112710	172
112746	172
112781	172
112816	172
112851	172
112875	172
112910	172
112945	172
112968	172
113003	172
113039	172
113074	172
113097	172
113132	172
113167	172
113191	172
113226	172
113261	172
113285	172
113308	172
113332	172
113367	172
113402	172
113437	172
113460	172
113496	172
113531	172
113566	172
113601	172
113625	172
113671	172
113707	172
113730	172
113765	172
113800	172
113835	172
113871	172
113906	172
113941	172
113964	172
114000	172
114035	172
114058	172
114093	172
114117	172
114152	172
114187	172
114222	172
114257	173
114281	173
114316	173
114351	173
114386	173
114410	173
114445	173
114480	173
114503	173
114539	173
114574	173
114609	173
114644	173
114667	173
114703	173
114738	173
114773	173
114796	173
114820	173
114855	173
114890	173
114914	173
114949	173
114984	173
115007	173
115042	173
115078	173
115113	173
115136	173
115171	173
115207	173
115230	173
115265	173
115300	173
115335	173
115371	173
115406	173
115441	173
115464	173
115500	173
115535	173
115558	173
115593	173
115617	173
115652	173
115687	173
115710	173
115746	173
115781	173
115804	173
115839	174
115875	174
115898	174
115933	174
115968	174
115992	174
116027	174
116062	174
116097	174
116132	174
116167	174
116203	174
116226	174
116261	174
116296	174
116320	174
116355	174
116378	174
116414	174
116449	174
116472	174
116507	174
116542	174
116566	174
116601	174
116636	174
116660	174
116695	174
116730	174
116753	174
116789	174
116824	174
116859	174
116894	174
116929	174
116964	174
117000	174
117023	174
117058	174
117082	174
117117	174
117152	174
117187	174
117210	174
117246	174
117281	174
117304	174
117339	174
117375	174
117398	174
117433	175
117468	175
117503	175
117527	175
117562	175
117597	175
117644	175
117667	175
117703	175
117738	175
117761	175
117796	175
117820	175
117855	175
117890	175
117925	175
117949	175
117984	175
118007	175
118042	175
118078	175
118101	175
118136	175
118160	175
118195	175
118230	175
118253	175
118289	175
118324	175
118359	175
118394	175
118429	175
118453	175
118488	175
118523	175
118558	175
118582	175
118617	175
118652	175
118675	175
118710	175
118746	175
118781	175
118804	175
118839	175
118875	175
118898	175
118933	175
118957	175
118992	175
119027	176
119062	176
119085	176
119121	176
119156	176
119191	176
119226	176
119250	176
119285	176
119320	176
119343	176
119378	176
119414	176
119449	176
119484	176
119507	176
119542	176
119578	176
119613	176
119636	176
119671	176
119695	176
119730	176
119765	176
119800	176
119824	176
119859	176
119894	176
119929	176
119964	176
120000	176
120035	176
120070	176
120105	176
120128	176
120164	176
120199	176
120234	176
120269	176
120292	176
120328	176
120363	176
120386	176
120421	176
120445	176
120468	176
120503	176
120539	176
120562	176
120597	176
120632	177
120656	177
120691	177
120726	177
120761	177
120785	177
120832	177
120855	177
120890	177
120925	177
120960	177
120996	177
121031	177
121066	177
121089	177
121125	177
121160	177
121183	177
121218	177
121253	177
121277	177
121312	177
121347	177
121371	177
121406	177
121441	177
121464	177
121500	177
121535	177
121558	177
121593	177
121628	177
121652	177
121687	177
121734	177
121769	177
121804	177
121828	177
121863	177
121898	177
121933	177
121957	177
121992	177
122027	177
122050	177
122085	177
122121	177
122144	177
122179	177
122214	177
122238	178
122273	178
122308	178
122343	178
122367	178
122402	178
122437	178
122472	178
122519	178
122554	178
122578	178
122613	178
122648	178
122671	178
122707	178
122742	178
122765	178
122800	178
122824	178
122859	178
122882	178
122917	178
122953	178
122976	178
123011	178
123035	178
123070	178
123093	178
123128	178
123164	178
123199	178
123234	178
123269	178
123304	178
123339	178
123363	178
123410	178
123445	178
123468	178
123503	178
123539	178
123562	178
123597	178
123632	178
123656	178
123691	178
123726	178
123750	178
123773	178
123808	178
123832	179
123867	179
123890	179
123925	179
123960	179
123996	179
124031	179
124054	179
124089	179
124125	179
124160	179
124183	179
124218	179
124253	179
124277	179
124312	179
124347	179
124382	179
124406	179
124441	179
124476	179
124500	179
124535	179
124558	179
124593	179
124628	179
124652	179
124687	179
124722	179
124757	179
124792	179
124816	179
124851	179
124886	179
124910	179
124945	179
124980	179
125003	179
125039	179
125074	179
125097	179
125132	179
125156	179
125191	179
125226	179
125250	179
125285	179
125308	179
125332	179
125367	179
125390	180
125425	180
125449	180
125484	180
125519	180
125554	180
125589	180
125613	180
125648	180
125683	180
125718	180
125753	180
125777	180
125812	180
125847	180
125882	180
125917	180
125953	180
125976	180
126011	180
126035	180
126070	180
126093	180
126128	180
126164	180
126187	180
126222	180
126257	180
126281	180
126316	180
126351	180
126375	180
126410	180
126445	180
126468	180
126503	180
126539	180
126562	180
126597	180
126632	180
126667	180
126691	180
126726	180
126761	180
126785	180
126808	180
126843	180
126867	180
126902	180
126937	180
126960	181
126996	181
127019	181
127054	181
127089	181
127125	181
127148	181
127183	181
127207	181
127242	181
127277	181
127300	181
127335	181
127371	181
127406	181
127441	181
127464	181
127500	181
127535	181
127558	181
127582	181
127617	181
127652	181
127675	181
127710	181
127734	181
127769	181
127804	181
127828	181
127863	181
127898	181
127921	181
127957	181
127980	181
128015	181
128050	181
128085	181
128121	181
128156	181
128179	181
128214	181
128250	181
128273	181
128308	181
128332	181
128355	181
128390	181
128425	181
128449	181
128484	181
128507	182
128542	182
128578	182
128601	182
128636	182
128660	182
128695	182
128730	182
128753	182
128789	182
128824	182
128859	182
128894	182
128929	182
128953	182
128988	182
129023	182
129046	182
129082	182
129105	182
129140	182
129164	182
129199	182
129234	182
129257	182
129292	182
129316	182
129351	182
129386	182
129410	182
129445	182
129480	182
129503	182
129539	182
129574	182
129609	182
129644	182
129679	182
129703	182
129738	182
129773	182
129796	182
129832	182
129855	182
129890	182
129914	182
129949	182
129972	182
130007	182
130042	182
130066	183
130101	183
130125	183
130160	183
130183	183
130218	183
130253	183
130277	183
130312	183
130347	183
130382	183
130417	183
130441	183
130476	183
130511	183
130535	183
130570	183
130605	183
130628	183
130664	183
130687	183
130722	183
130757	183
130792	183
130816	183
130851	183
130886	183
130910	183
130933	183
130968	183
131003	183
131027	183
131062	183
131097	183
131132	183
131156	183
131191	183
131226	183
131250	183
131285	183
131320	183
131343	183
131378	183
131414	183
131437	183
131472	183
131507	183
131542	183
131566	183
131601	183
131636	184
131660	184
131695	184
131718	184
131753	184
131789	184
131812	184
131847	184
131882	184
131917	184
131953	184
131976	184
132011	184
132046	184
132082	184
132117	184
132152	184
132175	184
132210	184
132246	184
132281	184
132316	184
132339	184
132375	184
132398	184
132421	184
132457	184
132480	184
132515	184
132550	184
132574	184
132609	184
132632	184
132667	184
132703	184
132726	184
132761	184
132796	184
132832	184
132855	184
132890	184
132925	184
132960	184
132996	184
133031	184
133066	184
133089	184
133125	184
133160	184
133183	184
133218	185
133242	185
133277	185
133312	185
133335	185
133371	185
133394	185
133429	185
133464	185
133488	185
133523	185
133558	185
133582	185
133617	185
133640	185
133675	185
133710	185
133757	185
133792	185
133816	185
133851	185
133886	185
133910	185
133945	185
133980	185
134003	185
134039	185
134074	185
134097	185
134132	185
134167	185
134191	185
134226	185
134261	185
134285	185
134320	185
134355	185
134378	185
134414	185
134449	185
134496	185
134531	185
134566	185
134589	185
134625	185
134660	185
134683	185
134718	185
134742	185
134777	185
134812	186
134835	186
134871	186
134894	186
134929	186
134953	186
134988	186
135011	186
135046	186
135070	186
135105	186
135140	186
135164	186
135199	186
135246	186
135281	186
135316	186
135339	186
135375	186
135410	186
135445	186
135480	186
135503	186
135539	186
135574	186
135597	186
135632	186
135656	186
135691	186
135726	186
135750	186
135785	186
135808	186
135832	186
135867	186
135890	186
135925	186
135960	186
135996	186
136031	186
136054	186
136089	186
136125	186
136160	186
136183	186
136218	186
136253	186
136277	186
136312	186
136347	186
136382	187
136406	187
136441	187
136476	187
136500	187
136535	187
136558	187
136593	187
136617	187
136652	187
136687	187
136722	187
136757	187
136781	187
136816	187
136851	187
136875	187
136910	187
136945	187
136968	187
137003	187
137039	187
137062	187
137097	187
137121	187
137156	187
137191	187
137214	187
137250	187
137273	187
137296	187
137332	187
137355	187
137390	187
137414	187
137449	187
137484	187
137519	187
137554	187
137578	187
137613	187
137648	187
137683	187
137718	187
137742	187
137777	187
137812	187
137847	187
137882	187
137917	187
137941	188
137976	188
138011	188
138035	188
138070	188
138093	188
138128	188
138164	188
138187	188
138222	188
138257	188
138292	188
138316	188
138351	188
138386	188
138410	188
138445	188
138480	188
138503	188
138539	188
138574	188
138609	188
138632	188
138667	188
138703	188
138726	188
138761	188
138785	188
138808	188
138843	188
138878	188
138902	188
138937	188
138960	188
138996	188
139031	188
139054	188
139089	188
139125	188
139148	188
139183	188
139207	188
139242	188
139265	188
139300	188
139335	188
139371	188
139406	188
139441	188
139464	188
139500	189
139523	189
139558	189
139582	189
139617	189
139640	189
139675	189
139699	189
139734	189
139769	189
139792	189
139828	189
139863	189
139886	189
139921	189
139945	189
139980	189
140003	189
140039	189
140074	189
140109	189
140144	189
140179	189
140214	189
140238	189
140273	189
140296	189
140332	189
140355	189
140390	189
140425	189
140449	189
140484	189
140519	189
140542	189
140578	189
140613	189
140636	189
140671	189
140707	189
140730	189
140765	189
140800	189
140835	189
140871	189
140906	189
140941	189
140964	189
141000	189
141023	189
141058	190
141082	190
141117	190
141152	190
141175	190
141210	190
141246	190
141269	190
141304	190
141339	190
141363	190
141398	190
141421	190
141457	190
141492	190
141515	190
141550	190
141585	190
141621	190
141656	190
141691	190
141714	190
141750	190
141785	190
141808	190
141832	190
141867	190
141902	190
141925	190
141960	190
141984	190
142019	190
142054	190
142078	190
142113	190
142148	190
142171	190
142207	190
142230	190
142265	190
142300	190
142335	190
142371	190
142406	190
142429	190
142464	190
142500	190
142535	190
142558	190
142593	190
142628	191
142652	191
142687	191
142722	191
142757	191
142781	191
142816	191
142851	191
142886	191
142910	191
142945	191
142968	191
143003	191
143039	191
143062	191
143097	191
143132	191
143167	191
143203	191
143226	191
143261	191
143296	191
143320	191
143355	191
143390	191
143414	191
143449	191
143484	191
143519	191
143542	191
143578	191
143613	191
143636	191
143671	191
143695	191
143730	191
143753	191
143789	191
143824	191
143859	191
143894	191
143929	191
143953	191
143988	191
144023	191
144058	191
144093	191
144117	191
144152	191
144187	191
144222	192
144246	192
144281	192
144316	192
144351	192
144375	192
144410	192
144433	192
144457	192
144492	192
144515	192
144550	192
144585	192
144609	192
144644	192
144679	192
144703	192
144738	192
144773	192
144808	192
144843	192
144867	192
144902	192
144937	192
144972	192
145007	192
145042	192
145078	192
145101	192
145136	192
145171	192
145195	192
145230	192
145265	192
145289	192
145324	192
145359	192
145382	192
145417	192
145441	192
145476	192
145511	192
145535	192
145570	192
145605	192
145628	192
145664	192
145699	192
145734	192
145769	192
145804	193
145839	193
145863	193
145898	193
145933	193
145957	193
145992	193
146015	193
146050	193
146074	193
146109	193
146144	193
146167	193
146203	193
146238	193
146261	193
146296	193
146332	193
146355	193
146390	193
146425	193
146460	193
146496	193
146531	193
146566	193
146601	193
146625	193
146660	193
146695	193
146718	193
146753	193
146777	193
146812	193
146835	193
146871	193
146894	193
146929	193
146964	193
146988	193
147023	193
147046	193
147082	193
147105	193
147140	193
147175	193
147210	193
147246	193
147281	193
147316	193
147351	193
147386	194
147421	194
147457	194
147480	194
147515	194
147550	194
147574	194
147609	194
147632	194
147667	194
147703	194
147726	194
147761	194
147785	194
147808	194
147843	194
147867	194
147902	194
147925	194
147960	194
147996	194
148031	194
148066	194
148089	194
148125	194
148160	194
148183	194
148218	194
148253	194
148277	194
148312	194
148347	194
148371	194
148406	194
148441	194
148464	194
148500	194
148523	194
148558	194
148582	194
148617	194
148652	194
148675	194
148710	194
148746	194
148781	194
148816	194
148839	194
148875	194
148898	194
148933	195
148968	195
148992	195
149027	195
149062	195
149085	195
149121	195
149144	195
149179	195
149214	195
149250	195
149273	195
149296	195
149320	195
149355	195
149378	195
149414	195
149449	195
149472	195
149507	195
149542	195
149578	195
149601	195
149636	195
149683	195
149707	195
149742	195
149777	195
149800	195
149835	195
149871	195
149906	195
149941	195
149976	195
150000	195
150035	195
150058	195
150093	195
150117	195
150152	195
150175	195
150210	195
150246	195
150281	195
150304	195
150339	195
150375	195
150398	195
150433	195
150457	195
150492	196
150527	196
150550	196
150585	196
150621	196
150644	196
150679	196
150714	196
150738	196
150773	196
150796	196
150820	196
150855	196
150890	196
150914	196
150949	196
150972	196
151007	196
151031	196
151066	196
151101	196
151125	196
151160	196
151195	196
151218	196
151253	196
151289	196
151312	196
151347	196
151382	196
151417	196
151453	196
151476	196
151511	196
151535	196
151570	196
151593	196
151628	196
151664	196
151687	196
151722	196
151746	196
151781	196
151816	196
151839	196
151875	196
151910	196
151933	196
151968	196
151992	196
152027	197
152062	197
152097	197
152132	197
152167	197
152191	197
152226	197
152261	197
152285	197
152320	197
152343	197
152378	197
152402	197
152437	197
152460	197
152496	197
152519	197
152554	197
152589	197
152613	197
152648	197
152683	197
152707	197
152742	197
152765	197
152800	197
152835	197
152871	197
152906	197
152941	197
152964	197
153000	197
153035	197
153058	197
153093	197
153117	197
153152	197
153175	197
153210	197
153246	197
153269	197
153304	197
153339	197
153363	197
153398	197
153421	197
153457	197
153492	197
153515	197
153550	197
153585	198
153621	198
153656	198
153691	198
153726	198
153750	198
153785	198
153808	198
153843	198
153878	198
153902	198
153937	198
153960	198
153996	198
154031	198
154054	198
154089	198
154125	198
154148	198
154183	198
154207	198
154242	198
154277	198
154300	198
154335	198
154371	198
154406	198
154441	198
154464	198
154500	198
154535	198
154558	198
154593	198
154628	198
154652	198
154687	198
154722	198
154757	198
154781	198
154816	198
154851	198
154875	198
154910	198
154933	198
154968	198
154992	198
155027	198
155050	198
155085	198
155121	198
155156	199
155179	199
155214	199
155250	199
155273	199
155308	199
155343	199
155367	199
155402	199
155425	199
155460	199
155496	199
155531	199
155554	199
155589	199
155625	199
155648	199
155683	199
155707	199
155742	199
155777	199
155800	199
155835	199
155871	199
155906	199
155941	199
155964	199
156000	199
156035	199
156070	199
156105	199
156128	199
156164	199
156199	199
156234	199
156269	199
156292	199
156328	199
156363	199
156386	199
156421	199
156445	199
156468	199
156503	199
156539	199
156562	199
156597	199
156621	199
156656	199
156691	199
156714	200
156750	200
156785	200
156820	200
156843	200
156878	200
156914	200
156949	200
156984	200
157019	200
157054	200
157078	200
157113	200
157148	200
157171	200
157207	200
157230	200
157265	200
157300	200
157324	200
157359	200
157382	200
157417	200
157453	200
157476	200
157511	200
157535	200
157570	200
157593	200
157628	200
157664	200
157687	200
157734	200
157769	200
157804	200
157828	200
157863	200
157898	200
157921	200
157957	200
157980	200
158015	200
158050	200
158074	200
158109	200
158132	200
158167	200
158203	200
158226	200
158261	200
158296	201
158332	201
158355	201
158390	201
158425	201
158460	201
158496	201
158531	201
158566	201
158589	201
158625	201
158660	201
158683	201
158718	201
158753	201
158777	201
158812	201
158835	201
158871	201
158894	201
158929	201
158953	201
158988	201
159011	201
159046	201
159070	201
159105	201
timepoint: 187.4