0	0
0	0
0	0
0	0
0	0
0	0
0	0
0	0
0	0
0	0
0	0
0	0
0	0
0	0
0	0
0	0
0	0
0	0
0	0
0	0
0	0
0	0
0	0
0	0
0	0
0	0
0	0
0	0
0	0
0	0
0	0
0	0
0	0
0	0
0	0
0	0
0	0
0	0
0	0
0	0
0	0
0	0
0	0
0	0
0	0
0	0
0	0
0	0
0	0
0	0
0	1
0	1
0	1
0	1
0	1
0	1
0	1
0	1
0	1
0	1
0	1
0	1
0	1
0	1
0	1
0	1
0	1
0	1
0	1
0	1
0	1
0	1
0	1
0	1
0	1
0	1
0	1
0	1
0	1
0	1
0	1
0	1
0	1
0	1
0	1
0	1
0	1
0	1
0	1
0	1
0	1
0	1
0	1
0	1
0	1
0	1
0	1
0	1
0	1
0	1
0	2
0	2
0	2
0	2
0	2
0	2
0	2
0	2
0	2
0	2
0	2
0	2
0	2
0	2
0	2
0	2
0	2
0	2
0	2
0	2
0	2
0	2
0	2
0	2
0	2
0	2
0	2
0	2
0	2
0	2
0	2
0	2
0	2
0	2
0	2
0	2
0	2
0	2
0	2
0	2
0	2
0	2
0	2
0	2
0	2
0	2
0	2
0	2
0	2
0	2
0	3
0	3
0	3
0	3
0	3
0	3
0	3
0	3
0	3
0	3
0	3
0	3
0	3
0	3
0	3
0	3
0	3
0	3
0	3
0	3
0	3
0	3
0	3
0	3
0	3
0	3
0	3
0	3
0	3
0	3
0	3
0	3
0	3
0	3
0	3
0	3
0	3
0	3
0	3
0	3
0	3
0	3
0	3
0	3
0	3
0	3
0	3
0	3
0	3
0	3
0	4
0	4
0	4
0	4
0	4
0	4
0	4
0	4
0	4
0	4
0	4
0	4
0	4
0	4
0	4
0	4
0	4
0	4
0	4
0	4
0	4
0	4
0	4
0	4
0	4
0	4
0	4
0	4
0	4
0	4
0	4
0	4
0	4
0	4
0	4
0	4
0	4
0	4
0	4
0	4
0	4
0	4
0	4
0	4
0	4
0	4
0	4
0	4
0	4
0	4
0	5
0	5
0	5
0	5
0	5
0	5
0	5
0	5
0	5
0	5
0	5
0	5
0	5
0	5
0	5
0	5
0	5
0	5
0	5
0	5
0	5
0	5
0	5
0	5
0	5
0	5
0	5
0	5
0	5
0	5
0	5
0	5
0	5
0	5
0	5
0	5
0	5
0	5
0	5
0	5
0	5
0	5
0	5
0	5
0	5
0	5
0	5
0	5
0	5
0	5
0	6
0	6
0	6
0	6
0	6
0	6
0	6
0	6
0	6
0	6
0	6
0	6
0	6
0	6
0	6
0	6
0	6
0	6
0	6
0	6
0	6
0	6
0	6
0	6
0	6
0	6
0	6
0	6
0	6
0	6
0	6
0	6
0	6
0	6
0	6
0	6
0	6
0	6
0	6
0	6
0	6
0	6
0	6
0	6
0	6
0	6
0	6
0	6
0	6
0	6
0	7
0	7
0	7
0	7
0	7
0	7
0	7
0	7
0	7
0	7
0	7
0	7
0	7
0	7
0	7
0	7
0	7
0	7
0	7
0	7
0	7
0	7
0	7
0	7
0	7
0	7
0	7
0	7
0	7
0	7
0	7
0	7
0	7
0	7
0	7
0	7
0	7
0	7
0	7
0	7
0	7
0	7
0	7
0	7
0	7
0	7
0	7
0	7
0	7
0	7
0	8
0	8
0	8
0	8
0	8
0	8
0	8
0	8
0	8
0	8
0	8
0	8
11	8
11	8
11	8
11	8
11	8
11	8
11	8
11	8
11	8
11	8
23	8
23	8
23	8
23	8
23	8
23	8
23	8
23	8
35	8
35	8
35	8
35	8
35	8
35	8
35	8
35	8
35	8
35	8
35	8
35	8
35	8
35	8
35	8
46	8
46	8
46	8
35	8
35	8
35	9
35	9
35	9
35	9
35	9
35	9
35	9
35	9
35	9
35	9
35	9
35	9
35	9
35	9
23	9
23	9
23	9
23	9
23	9
23	9
23	9
23	9
23	9
23	9
23	9
23	9
23	9
23	9
23	9
23	9
23	9
23	9
23	9
23	9
23	9
23	9
23	9
23	9
23	9
23	9
23	9
23	9
23	9
23	9
23	9
23	9
23	9
35	9
35	9
35	9
35	10
35	10
35	10
35	10
35	10
35	10
35	10
35	10
35	10
46	10
46	10
46	10
46	10
46	10
46	10
46	10
46	10
46	10
46	10
46	10
46	10
46	10
46	10
46	10
46	10
46	10
46	10
46	10
46	10
46	10
46	10
46	10
46	10
35	10
35	10
35	10
35	10
35	10
35	10
35	10
35	10
35	10
35	10
35	10
35	10
35	10
35	10
35	10
35	10
35	10
35	11
35	11
35	11
35	11
35	11
35	11
35	11
35	11
35	11
35	11
35	11
35	11
35	11
35	11
35	11
35	11
35	11
35	11
35	11
35	11
35	11
46	11
46	11
46	11
46	11
46	11
46	11
46	11
46	11
46	11
46	11
46	11
46	11
46	11
46	11
46	11
46	11
46	11
46	11
46	11
46	11
46	11
46	11
46	11
46	11
46	11
46	11
46	11
46	11
46	11
46	12
46	12
46	12
46	12
46	12
46	12
46	12
46	12
46	12
46	12
46	12
46	12
46	12
46	12
46	12
46	12
46	12
46	12
46	12
46	12
46	12
46	12
35	12
35	12
35	12
35	12
35	12
35	12
35	12
35	12
46	12
46	12
46	12
46	12
46	12
46	12
46	12
46	12
46	12
46	12
46	12
46	12
46	12
46	12
46	12
46	12
46	12
46	12
46	12
46	12
46	13
46	13
46	13
46	13
46	13
46	13
46	13
46	13
46	13
46	13
46	13
46	13
46	13
46	13
46	13
46	13
46	13
46	13
46	13
46	13
46	13
46	13
46	13
46	13
46	13
46	13
46	13
46	13
46	13
46	13
46	13
46	13
46	13
46	13
46	13
46	13
46	13
46	13
46	13
46	13
46	13
46	13
46	13
46	13
46	13
46	13
46	13
46	13
46	13
46	13
46	14
46	14
46	14
46	14
46	14
46	14
46	14
46	14
46	14
46	14
46	14
46	14
46	14
46	14
46	14
46	14
46	14
46	14
46	14
46	14
46	14
46	14
46	14
46	14
46	14
46	14
46	14
46	14
46	14
46	14
46	14
46	14
46	14
46	14
46	14
46	14
46	14
46	14
46	14
46	14
46	14
46	14
46	14
46	14
46	14
46	14
46	14
46	14
46	14
46	14
46	15
46	15
46	15
46	15
46	15
46	15
46	15
46	15
46	15
46	15
46	15
46	15
46	15
46	15
46	15
46	15
46	15
46	15
46	15
46	15
46	15
46	15
46	15
46	15
46	15
46	15
46	15
46	15
46	15
46	15
46	15
46	15
46	15
46	15
46	15
46	15
46	15
46	15
46	15
46	15
46	15
46	15
46	15
46	15
46	15
46	15
46	15
46	15
46	15
46	15
46	16
46	16
46	16
46	16
46	16
46	16
46	16
46	16
46	16
46	16
46	16
46	16
46	16
46	16
46	16
46	16
46	16
46	16
46	16
46	16
46	16
46	16
46	16
46	16
46	16
46	16
46	16
46	16
46	16
46	16
46	16
46	16
46	16
46	16
46	16
46	16
46	16
46	16
46	16
46	16
46	16
46	16
46	16
46	16
46	16
46	16
46	16
46	16
46	16
46	16
46	17
46	17
46	17
46	17
46	17
46	17
46	17
46	17
46	17
46	17
46	17
46	17
46	17
46	17
46	17
46	17
46	17
46	17
46	17
46	17
46	17
46	17
46	17
46	17
46	17
46	17
46	17
46	17
46	17
46	17
46	17
46	17
46	17
46	17
46	17
46	17
46	17
46	17
46	17
46	17
46	17
46	17
46	17
46	17
46	17
46	17
46	17
46	17
46	17
46	17
46	18
46	18
46	18
46	18
46	18
46	18
46	18
46	18
46	18
46	18
46	18
46	18
46	18
46	18
46	18
46	18
46	18
46	18
46	18
46	18
46	18
46	18
46	18
46	18
46	18
46	18
46	18
46	18
46	18
46	18
46	18
46	18
46	18
46	18
46	18
46	18
46	18
46	18
46	18
46	18
46	18
46	18
46	18
46	18
46	18
46	18
46	18
46	18
46	18
46	18
46	19
46	19
46	19
46	19
46	19
46	19
46	19
46	19
46	19
46	19
46	19
46	19
46	19
46	19
46	19
46	19
46	19
46	19
46	19
46	19
46	19
46	19
46	19
46	19
46	19
46	19
46	19
46	19
46	19
46	19
46	19
46	19
46	19
46	19
46	19
46	19
46	19
46	19
46	19
46	19
46	19
46	19
46	19
46	19
46	19
46	19
46	19
46	19
46	19
46	19
46	20
46	20
46	20
46	20
46	20
46	20
46	20
46	20
46	20
46	20
46	20
46	20
46	20
46	20
46	20
46	20
46	20
46	20
46	20
46	20
46	20
46	20
46	20
46	20
46	20
46	20
46	20
46	20
46	20
46	20
46	20
46	20
46	20
46	20
46	20
46	20
46	20
46	20
46	20
46	20
46	20
46	20
46	20
46	20
46	20
46	20
46	20
46	20
46	20
46	20
46	21
46	21
46	21
46	21
46	21
46	21
46	21
46	21
46	21
46	21
46	21
46	21
46	21
46	21
46	21
46	21
46	21
46	21
46	21
46	21
46	21
46	21
46	21
46	21
46	21
46	21
46	21
46	21
46	21
46	21
46	21
46	21
46	21
46	21
46	21
46	21
46	21
46	21
46	21
46	21
46	21
46	21
46	21
46	21
46	21
46	21
46	21
46	21
46	21
46	21
46	22
46	22
46	22
46	22
46	22
46	22
46	22
46	22
46	22
46	22
46	22
46	22
46	22
46	22
46	22
46	22
46	22
46	22
46	22
46	22
46	22
46	22
46	22
46	22
46	22
46	22
46	22
46	22
46	22
46	22
46	22
46	22
46	22
46	22
46	22
46	22
46	22
46	22
46	22
46	22
46	22
46	22
46	22
46	22
46	22
46	22
46	22
46	22
46	22
46	22
46	23
46	23
46	23
46	23
46	23
46	23
46	23
46	23
46	23
46	23
46	23
46	23
46	23
46	23
46	23
46	23
46	23
46	23
46	23
46	23
46	23
46	23
46	23
46	23
46	23
46	23
46	23
46	23
46	23
46	23
46	23
46	23
46	23
46	23
46	23
46	23
46	23
46	23
46	23
46	23
46	23
46	23
46	23
46	23
46	23
46	23
46	23
46	23
46	23
46	23
46	24
46	24
46	24
46	24
46	24
46	24
46	24
46	24
46	24
46	24
46	24
46	24
46	24
46	24
46	24
46	24
46	24
46	24
46	24
46	24
46	24
46	24
46	24
46	24
46	24
46	24
46	24
46	24
46	24
46	24
46	24
46	24
46	24
46	24
46	24
46	24
46	24
46	24
46	24
46	24
46	24
46	24
46	24
46	24
46	24
46	24
46	24
46	24
46	24
46	24
46	25
46	25
46	25
46	25
46	25
46	25
46	25
46	25
46	25
46	25
46	25
46	25
46	25
46	25
46	25
46	25
46	25
46	25
46	25
46	25
46	25
46	25
46	25
46	25
46	25
46	25
46	25
46	25
46	25
46	25
46	25
46	25
46	25
46	25
46	25
46	25
46	25
46	25
46	25
46	25
46	25
46	25
46	25
46	25
46	25
46	25
46	25
46	25
46	25
46	25
46	26
46	26
46	26
46	26
46	26
46	26
46	26
46	26
46	26
46	26
46	26
46	26
46	26
46	26
46	26
46	26
46	26
46	26
46	26
46	26
46	26
46	26
46	26
46	26
46	26
46	26
46	26
46	26
46	26
46	26
46	26
46	26
46	26
46	26
46	26
46	26
46	26
46	26
46	26
46	26
46	26
46	26
46	26
46	26
46	26
46	26
46	26
46	26
46	26
46	26
46	27
46	27
46	27
46	27
46	27
46	27
46	27
46	27
46	27
46	27
46	27
46	27
46	27
46	27
46	27
46	27
46	27
46	27
46	27
46	27
46	27
46	27
46	27
46	27
46	27
46	27
46	27
46	27
46	27
46	27
46	27
46	27
46	27
46	27
46	27
46	27
46	27
46	27
46	27
46	27
46	27
46	27
46	27
46	27
46	27
46	27
46	27
46	27
46	27
46	27
46	28
46	28
46	28
46	28
46	28
46	28
46	28
46	28
46	28
46	28
46	28
46	28
46	28
46	28
46	28
46	28
46	28
46	28
46	28
46	28
46	28
46	28
46	28
46	28
46	28
46	28
46	28
46	28
46	28
46	28
46	28
46	28
46	28
46	28
46	28
46	28
46	28
46	28
46	28
46	28
46	28
46	28
46	28
46	28
46	28
46	28
46	28
46	28
46	28
46	28
46	29
46	29
46	29
46	29
46	29
46	29
46	29
46	29
46	29
46	29
46	29
46	29
46	29
46	29
46	29
46	29
46	29
46	29
46	29
46	29
46	29
46	29
46	29
46	29
46	29
46	29
46	29
46	29
46	29
46	29
46	29
46	29
46	29
46	29
46	29
46	29
46	29
46	29
46	29
46	29
46	29
46	29
46	29
46	29
46	29
46	29
46	29
46	29
46	29
46	29
46	30
46	30
46	30
46	30
46	30
46	30
46	30
46	30
46	30
46	30
46	30
46	30
46	30
46	30
46	30
46	30
46	30
46	30
46	30
46	30
46	30
46	30
46	30
46	30
46	30
46	30
46	30
46	30
46	30
46	30
46	30
46	30
46	30
46	30
46	30
46	30
46	30
46	30
46	30
46	30
46	30
46	30
46	30
46	30
46	30
46	30
46	30
46	30
46	30
46	30
46	31
46	31
46	31
46	31
46	31
46	31
46	31
46	31
46	31
46	31
46	31
46	31
46	31
46	31
46	31
46	31
46	31
46	31
46	31
46	31
46	31
46	31
46	31
46	31
58	31
58	31
58	31
58	31
58	31
58	31
58	31
58	31
58	31
58	31
58	31
58	31
58	31
58	31
58	31
58	31
58	31
58	31
58	31
58	31
58	31
58	31
58	31
58	31
58	31
58	31
58	32
58	32
58	32
58	32
58	32
58	32
58	32
58	32
58	32
58	32
58	32
58	32
58	32
58	32
58	32
58	32
58	32
58	32
58	32
58	32
58	32
58	32
58	32
58	32
58	32
58	32
58	32
58	32
70	32
70	32
70	32
70	32
70	32
70	32
70	32
70	32
70	32
70	32
70	32
70	32
70	32
70	32
70	32
70	32
70	32
70	32
70	32
70	32
70	32
70	32
70	33
70	33
70	33
70	33
82	33
82	33
82	33
82	33
82	33
82	33
82	33
82	33
82	33
82	33
82	33
82	33
82	33
82	33
82	33
82	33
82	33
82	33
82	33
93	33
93	33
93	33
93	33
93	33
93	33
93	33
93	33
93	33
93	33
93	33
93	33
93	33
93	33
105	33
105	33
105	33
105	33
105	33
105	33
105	33
105	33
105	33
105	33
105	33
117	33
117	33
117	34
117	34
117	34
117	34
117	34
117	34
117	34
117	34
128	34
128	34
128	34
128	34
128	34
128	34
128	34
128	34
128	34
128	34
128	34
140	34
140	34
140	34
140	34
140	34
140	34
140	34
140	34
140	34
140	34
140	34
152	34
152	34
152	34
152	34
152	34
152	34
152	34
164	34
164	34
164	34
164	34
164	34
164	34
164	34
164	34
164	34
175	34
175	34
175	34
175	34
175	35
175	35
187	35
187	35
187	35
187	35
187	35
187	35
187	35
187	35
199	35
199	35
199	35
199	35
199	35
199	35
199	35
210	35
210	35
210	35
210	35
210	35
210	35
210	35
222	35
222	35
222	35
222	35
222	35
222	35
234	35
234	35
234	35
234	35
234	35
234	35
234	35
234	35
246	35
246	35
246	35
246	35
246	35
246	35
257	35
257	35
257	35
257	35
257	35
257	35
257	36
257	36
269	36
269	36
269	36
269	36
269	36
269	36
281	36
281	36
281	36
281	36
281	36
281	36
281	36
292	36
292	36
292	36
292	36
292	36
292	36
304	36
304	36
304	36
304	36
304	36
304	36
316	36
316	36
316	36
316	36
316	36
316	36
316	36
328	36
328	36
328	36
328	36
328	36
339	36
339	36
339	36
339	36
339	36
339	36
339	36
351	36
351	36
351	36
351	36
351	37
351	37
363	37
363	37
363	37
363	37
363	37
363	37
363	37
375	37
375	37
375	37
375	37
375	37
375	37
375	37
386	37
386	37
386	37
386	37
386	37
386	37
386	37
398	37
398	37
398	37
398	37
398	37
398	37
410	37
410	37
410	37
410	37
410	37
410	37
421	37
421	37
421	37
421	37
421	37
421	37
433	37
433	37
433	37
433	37
433	37
433	37
445	37
445	37
445	37
445	38
445	38
457	38
457	38
457	38
457	38
457	38
468	38
468	38
468	38
468	38
468	38
480	38
480	38
480	38
480	38
480	38
492	38
492	38
492	38
492	38
492	38
503	38
503	38
503	38
503	38
503	38
515	38
515	38
515	38
515	38
515	38
527	38
527	38
527	38
527	38
527	38
539	38
539	38
539	38
539	38
539	38
539	38
550	38
550	38
550	38
550	38
550	38
562	38
562	38
562	39
562	39
574	39
574	39
574	39
574	39
574	39
585	39
585	39
585	39
585	39
585	39
597	39
597	39
597	39
597	39
597	39
609	39
609	39
609	39
609	39
621	39
621	39
621	39
621	39
621	39
632	39
632	39
632	39
632	39
644	39
644	39
644	39
644	39
644	39
656	39
656	39
656	39
656	39
667	39
667	39
667	39
667	39
667	39
679	39
679	39
679	39
679	39
691	39
691	39
691	40
691	40
691	40
703	40
703	40
703	40
703	40
714	40
714	40
714	40
714	40
714	40
726	40
726	40
726	40
726	40
738	40
738	40
738	40
738	40
738	40
750	40
750	40
750	40
750	40
761	40
761	40
761	40
773	40
773	40
773	40
773	40
785	40
785	40
785	40
785	40
796	40
796	40
796	40
796	40
796	40
808	40
808	40
808	40
808	40
820	40
820	40
820	40
820	40
832	40
832	41
832	41
832	41
832	41
843	41
843	41
843	41
843	41
855	41
855	41
855	41
855	41
867	41
867	41
867	41
867	41
878	41
878	41
878	41
878	41
890	41
890	41
890	41
890	41
902	41
902	41
902	41
902	41
914	41
914	41
914	41
925	41
925	41
925	41
937	41
937	41
937	41
937	41
949	41
949	41
949	41
960	41
960	41
960	41
960	41
972	41
972	41
972	41
984	41
984	41
984	42
984	42
996	42
996	42
996	42
1007	42
1007	42
1007	42
1007	42
1019	42
1019	42
1019	42
1019	42
1031	42
1031	42
1031	42
1031	42
1042	42
1042	42
1042	42
1042	42
1042	42
1054	42
1054	42
1054	42
1054	42
1066	42
1066	42
1066	42
1066	42
1078	42
1078	42
1078	42
1078	42
1078	42
1089	42
1089	42
1089	42
1089	42
1101	42
1101	42
1101	42
1101	42
1113	42
1113	42
1113	42
1113	42
1125	42
1125	42
1125	42
1125	43
1125	43
1136	43
1136	43
1136	43
1136	43
1148	43
1148	43
1148	43
1148	43
1160	43
1160	43
1160	43
1160	43
1171	43
1171	43
1171	43
1171	43
1171	43
1183	43
1183	43
1183	43
1183	43
1195	43
1195	43
1195	43
1195	43
1207	43
1207	43
1207	43
1207	43
1218	43
1218	43
1218	43
1218	43
1230	43
1230	43
1230	43
1242	43
1242	43
1242	43
1242	43
1253	43
1253	43
1253	43
1253	43
1253	43
1265	43
1265	43
1265	43
1265	44
1277	44
1277	44
1277	44
1277	44
1289	44
1289	44
1289	44
1289	44
1289	44
1300	44
1300	44
1300	44
1300	44
1312	44
1312	44
1312	44
1312	44
1312	44
1324	44
1324	44
1324	44
1324	44
1335	44
1335	44
1335	44
1335	44
1347	44
1347	44
1347	44
1347	44
1347	44
1359	44
1359	44
1359	44
1359	44
1371	44
1371	44
1371	44
1371	44
1382	44
1382	44
1382	44
1382	44
1394	44
1394	44
1394	44
1394	44
1406	44
1406	44
1406	45
1406	45
1417	45
1417	45
1417	45
1429	45
1429	45
1429	45
1429	45
1441	45
1441	45
1441	45
1441	45
1453	45
1453	45
1453	45
1453	45
1464	45
1464	45
1464	45
1464	45
1476	45
1476	45
1476	45
1476	45
1476	45
1488	45
1488	45
1488	45
1488	45
1500	45
1500	45
1500	45
1500	45
1511	45
1511	45
1511	45
1511	45
1523	45
1523	45
1523	45
1523	45
1535	45
1535	45
1535	45
1535	45
1546	45
1546	45
1546	45
1546	45
1546	46
1558	46
1558	46
1558	46
1558	46
1570	46
1570	46
1570	46
1570	46
1570	46
1582	46
1582	46
1582	46
1582	46
1593	46
1593	46
1593	46
1593	46
1605	46
1605	46
1605	46
1605	46
1617	46
1617	46
1617	46
1617	46
1628	46
1628	46
1628	46
1628	46
1640	46
1640	46
1640	46
1652	46
1652	46
1652	46
1652	46
1664	46
1664	46
1664	46
1675	46
1675	46
1675	46
1687	46
1687	46
1687	46
1699	46
1699	46
1699	46
1710	46
1710	47
1710	47
1710	47
1722	47
1722	47
1722	47
1734	47
1734	47
1734	47
1734	47
1746	47
1746	47
1746	47
1757	47
1757	47
1757	47
1757	47
1769	47
1769	47
1769	47
1769	47
1781	47
1781	47
1781	47
1781	47
1781	47
1792	47
1792	47
1792	47
1792	47
1804	47
1804	47
1804	47
1804	47
1804	47
1816	47
1816	47
1816	47
1816	47
1828	47
1828	47
1828	47
1828	47
1839	47
1839	47
1839	47
1839	47
1851	47
1851	47
1851	47
1863	48
1863	48
1863	48
1863	48
1875	48
1875	48
1875	48
1886	48
1886	48
1886	48
1886	48
1898	48
1898	48
1898	48
1898	48
1910	48
1910	48
1910	48
1910	48
1921	48
1921	48
1921	48
1921	48
1933	48
1933	48
1933	48
1945	48
1945	48
1945	48
1945	48
1945	48
1957	48
1957	48
1957	48
1968	48
1968	48
1968	48
1968	48
1980	48
1980	48
1980	48
1980	48
1992	48
1992	48
1992	48
1992	48
2003	48
2003	48
2003	48
2003	48
2015	49
2015	49
2015	49
2015	49
2015	49
2027	49
2027	49
2027	49
2027	49
2039	49
2039	49
2039	49
2039	49
2050	49
2050	49
2050	49
2050	49
2062	49
2062	49
2062	49
2074	49
2074	49
2074	49
2074	49
2085	49
2085	49
2085	49
2085	49
2097	49
2097	49
2097	49
2109	49
2109	49
2109	49
2109	49
2121	49
2121	49
2121	49
2132	49
2132	49
2132	49
2132	49
2144	49
2144	49
2144	49
2156	49
2156	49
2156	49
2167	49
2167	49
2167	50
2167	50
2179	50
2179	50
2179	50
2191	50
2191	50
2191	50
2191	50
2203	50
2203	50
2203	50
2214	50
2214	50
2214	50
2214	50
2226	50
2226	50
2226	50
2226	50
2238	50
2238	50
2238	50
2250	50
2250	50
2250	50
2250	50
2261	50
2261	50
2261	50
2273	50
2273	50
2273	50
2285	50
2285	50
2285	50
2296	50
2296	50
2296	50
2296	50
2308	50
2308	50
2308	50
2320	50
2320	50
2320	50
2320	50
2332	50
2332	50
2332	50
2343	51
2343	51
2343	51
2343	51
2355	51
2355	51
2355	51
2367	51
2367	51
2367	51
2378	51
2378	51
2378	51
2390	51
2390	51
2402	51
2402	51
2402	51
2414	51
2414	51
2425	51
2425	51
2425	51
2437	51
2437	51
2449	51
2449	51
2449	51
2460	51
2460	51
2460	51
2472	51
2472	51
2484	51
2484	51
2484	51
2496	51
2496	51
2496	51
2507	51
2507	51
2507	51
2519	51
2519	51
2519	51
2531	51
2531	51
2531	51
2542	51
2542	51
2542	52
2542	52
2554	52
2554	52
2554	52
2566	52
2566	52
2566	52
2578	52
2578	52
2578	52
2589	52
2589	52
2589	52
2601	52
2601	52
2601	52
2613	52
2613	52
2613	52
2625	52
2625	52
2625	52
2636	52
2636	52
2636	52
2648	52
2648	52
2648	52
2660	52
2660	52
2660	52
2671	52
2671	52
2671	52
2683	52
2683	52
2683	52
2695	52
2695	52
2695	52
2707	52
2707	52
2718	52
2718	52
2718	52
2730	52
2730	52
2730	52
2742	52
2742	53
2742	53
2753	53
2753	53
2765	53
2765	53
2765	53
2765	53
2777	53
2777	53
2777	53
2789	53
2789	53
2789	53
2800	53
2800	53
2800	53
2812	53
2812	53
2812	53
2824	53
2824	53
2824	53
2835	53
2835	53
2835	53
2847	53
2847	53
2847	53
2859	53
2859	53
2859	53
2871	53
2871	53
2871	53
2882	53
2882	53
2894	53
2894	53
2894	53
2906	53
2906	53
2906	53
2917	53
2917	53
2929	53
2929	53
2941	53
2941	53
2941	53
2953	54
2953	54
2953	54
2964	54
2964	54
2964	54
2976	54
2976	54
2988	54
2988	54
2988	54
3000	54
3000	54
3000	54
3011	54
3011	54
3011	54
3023	54
3023	54
3035	54
3035	54
3035	54
3046	54
3046	54
3058	54
3058	54
3058	54
3070	54
3070	54
3082	54
3082	54
3082	54
3093	54
3093	54
3093	54
3105	54
3105	54
3117	54
3117	54
3117	54
3128	54
3128	54
3140	54
3140	54
3152	54
3152	54
3164	54
3164	54
3164	54
3175	54
3187	55
3187	55
3199	55
3199	55
3210	55
3210	55
3222	55
3222	55
3234	55
3234	55
3246	55
3246	55
3257	55
3257	55
3257	55
3269	55
3269	55
3281	55
3281	55
3292	55
3292	55
3292	55
3304	55
3304	55
3316	55
3316	55
3316	55
3328	55
3328	55
3339	55
3339	55
3351	55
3351	55
3363	55
3363	55
3375	55
3375	55
3386	55
3386	55
3398	55
3398	55
3410	55
3410	55
3421	55
3421	55
3433	55
3433	55
3433	55
3445	55
3445	55
3457	56
3457	56
3468	56
3468	56
3468	56
3480	56
3480	56
3492	56
3492	56
3503	56
3503	56
3515	56
3515	56
3515	56
3527	56
3527	56
3539	56
3539	56
3550	56
3550	56
3550	56
3562	56
3562	56
3574	56
3574	56
3585	56
3585	56
3585	56
3597	56
3597	56
3609	56
3609	56
3609	56
3621	56
3621	56
3632	56
3632	56
3644	56
3644	56
3656	56
3656	56
3667	56
3667	56
3679	56
3679	56
3691	56
3691	56
3691	56
3703	56
3703	56
3714	57
3714	57
3726	57
3726	57
3726	57
3738	57
3738	57
3750	57
3750	57
3750	57
3761	57
3761	57
3761	57
3773	57
3773	57
3785	57
3785	57
3796	57
3796	57
3796	57
3808	57
3808	57
3820	57
3820	57
3832	57
3832	57
3843	57
3843	57
3855	57
3855	57
3855	57
3867	57
3867	57
3878	57
3878	57
3890	57
3890	57
3902	57
3902	57
3914	57
3914	57
3925	57
3925	57
3937	57
3937	57
3949	57
3949	57
3960	57
3960	57
3972	57
3984	58
3984	58
3996	58
3996	58
4007	58
4007	58
4019	58
4019	58
4031	58
4031	58
4042	58
4042	58
4054	58
4054	58
4054	58
4066	58
4066	58
4078	58
4078	58
4089	58
4101	58
4101	58
4113	58
4113	58
4125	58
4125	58
4136	58
4136	58
4148	58
4148	58
4160	58
4160	58
4171	58
4171	58
4183	58
4183	58
4195	58
4195	58
4207	58
4207	58
4218	58
4218	58
4230	58
4230	58
4242	58
4242	58
4253	58
4253	58
4265	58
4265	58
4277	59
4289	59
4289	59
4300	59
4300	59
4312	59
4312	59
4324	59
4324	59
4335	59
4335	59
4347	59
4347	59
4359	59
4359	59
4371	59
4371	59
4382	59
4382	59
4394	59
4394	59
4406	59
4406	59
4417	59
4417	59
4429	59
4429	59
4441	59
4453	59
4453	59
4464	59
4464	59
4476	59
4476	59
4476	59
4488	59
4488	59
4500	59
4500	59
4511	59
4511	59
4523	59
4523	59
4535	59
4546	59
4546	59
4558	59
4558	59
4570	59
4570	59
4582	60
4582	60
4593	60
4593	60
4605	60
4605	60
4617	60
4617	60
4628	60
4628	60
4640	60
4652	60
4652	60
4664	60
4664	60
4675	60
4675	60
4687	60
4699	60
4699	60
4710	60
4710	60
4722	60
4734	60
4734	60
4746	60
4746	60
4757	60
4757	60
4769	60
4781	60
4781	60
4792	60
4792	60
4804	60
4804	60
4816	60
4816	60
4828	60
4828	60
4839	60
4839	60
4851	60
4851	60
4863	60
4875	60
4875	60
4886	60
4886	60
4898	60
4898	61
4910	61
4910	61
4921	61
4921	61
4933	61
4933	61
4945	61
4945	61
4957	61
4968	61
4968	61
4980	61
4980	61
4992	61
4992	61
5003	61
5015	61
5015	61
5027	61
5027	61
5039	61
5039	61
5050	61
5050	61
5062	61
5074	61
5074	61
5085	61
5085	61
5097	61
5097	61
5109	61
5121	61
5121	61
5132	61
5132	61
5144	61
5144	61
5156	61
5167	61
5167	61
5179	61
5179	61
5191	61
5203	61
5203	61
5214	61
5214	61
5226	61
5226	62
5238	62
5238	62
5250	62
5250	62
5250	62
5261	62
5261	62
5273	62
5273	62
5285	62
5285	62
5296	62
5296	62
5308	62
5320	62
5320	62
5332	62
5332	62
5343	62
5343	62
5355	62
5367	62
5367	62
5378	62
5378	62
5390	62
5390	62
5402	62
5414	62
5414	62
5425	62
5437	62
5437	62
5449	62
5460	62
5460	62
5472	62
5484	62
5484	62
5496	62
5496	62
5507	62
5519	62
5519	62
5531	62
5542	62
5542	62
5554	62
5554	62
5566	63
5578	63
5578	63
5589	63
5589	63
5601	63
5613	63
5625	63
5625	63
5636	63
5648	63
5660	63
5660	63
5671	63
5671	63
5683	63
5695	63
5695	63
5707	63
5707	63
5718	63
5730	63
5730	63
5742	63
5753	63
5753	63
5765	63
5765	63
5777	63
5789	63
5800	63
5800	63
5812	63
5824	63
5824	63
5835	63
5847	63
5847	63
5859	63
5871	63
5871	63
5882	63
5894	63
5894	63
5906	63
5917	63
5917	63
5929	63
5929	63
5941	63
5953	64
5953	64
5964	64
5964	64
5976	64
5988	64
5988	64
6000	64
6000	64
6011	64
6023	64
6023	64
6035	64
6035	64
6046	64
6058	64
6058	64
6070	64
6070	64
6082	64
6093	64
6093	64
6105	64
6117	64
6117	64
6128	64
6140	64
6140	64
6152	64
6152	64
6164	64
6175	64
6175	64
6187	64
6199	64
6199	64
6210	64
6222	64
6222	64
6234	64
6246	64
6246	64
6257	64
6269	64
6269	64
6281	64
6292	64
6292	64
6304	64
6316	64
6316	65
6328	65
6328	65
6339	65
6351	65
6351	65
6363	65
6375	65
6375	65
6386	65
6398	65
6398	65
6410	65
6421	65
6421	65
6433	65
6433	65
6445	65
6457	65
6457	65
6468	65
6480	65
6480	65
6492	65
6503	65
6503	65
6515	65
6527	65
6527	65
6539	65
6550	65
6562	65
6562	65
6574	65
6585	65
6585	65
6597	65
6609	65
6609	65
6621	65
6632	65
6632	65
6644	65
6656	65
6667	65
6667	65
6679	65
6691	65
6691	65
6703	65
6714	66
6714	66
6726	66
6738	66
6738	66
6750	66
6750	66
6761	66
6773	66
6773	66
6785	66
6785	66
6796	66
6808	66
6808	66
6820	66
6832	66
6832	66
6843	66
6855	66
6855	66
6867	66
6878	66
6878	66
6890	66
6902	66
6902	66
6914	66
6925	66
6925	66
6937	66
6949	66
6949	66
6960	66
6972	66
6972	66
6984	66
6996	66
6996	66
7007	66
7019	66
7031	66
7031	66
7042	66
7054	66
7054	66
7066	66
7078	66
7078	66
7089	66
7101	67
7101	67
7113	67
7125	67
7125	67
7136	67
7148	67
7160	67
7160	67
7171	67
7183	67
7183	67
7195	67
7207	67
7207	67
7218	67
7230	67
7242	67
7242	67
7253	67
7265	67
7265	67
7277	67
7289	67
7300	67
7312	67
7312	67
7324	67
7335	67
7347	67
7347	67
7359	67
7371	67
7382	67
7382	67
7394	67
7406	67
7417	67
7417	67
7429	67
7441	67
7441	67
7453	67
7464	67
7464	67
7476	67
7488	67
7500	67
7500	67
7511	67
7511	68
7523	68
7535	68
7535	68
7546	68
7558	68
7558	68
7570	68
7582	68
7593	68
7593	68
7605	68
7617	68
7628	68
7628	68
7640	68
7652	68
7652	68
7664	68
7675	68
7675	68
7687	68
7699	68
7699	68
7710	68
7722	68
7734	68
7734	68
7746	68
7757	68
7757	68
7769	68
7781	68
7792	68
7804	68
7804	68
7816	68
7828	68
7828	68
7839	68
7851	68
7863	68
7863	68
7875	68
7886	68
7886	68
7898	68
7910	68
7921	68
7921	68
7933	69
7945	69
7945	69
7957	69
7968	69
7980	69
7980	69
7992	69
8003	69
8015	69
8015	69
8027	69
8039	69
8050	69
8062	69
8074	69
8074	69
8085	69
8097	69
8109	69
8121	69
8132	69
8132	69
8144	69
8156	69
8167	69
8167	69
8179	69
8191	69
8203	69
8203	69
8214	69
8226	69
8238	69
8238	69
8250	69
8261	69
8261	69
8273	69
8285	69
8296	69
8296	69
8308	69
8320	69
8320	69
8332	69
8343	69
8355	69
8367	69
8367	69
8378	70
8390	70
8402	70
8402	70
8414	70
8425	70
8437	70
8437	70
8449	70
8460	70
8472	70
8472	70
8484	70
8496	70
8507	70
8507	70
8519	70
8531	70
8542	70
8554	70
8554	70
8566	70
8578	70
8589	70
8589	70
8601	70
8613	70
8625	70
8625	70
8636	70
8648	70
8660	70
8671	70
8671	70
8683	70
8695	70
8707	70
8707	70
8718	70
8730	70
8742	70
8753	70
8753	70
8765	70
8777	70
8789	70
8800	70
8812	70
8824	70
8835	70
8847	71
8859	71
8859	71
8871	71
8882	71
8894	71
8906	71
8917	71
8917	71
8929	71
8941	71
8953	71
8953	71
8964	71
8976	71
8988	71
9000	71
9000	71
9011	71
9023	71
9035	71
9046	71
9046	71
9058	71
9070	71
9082	71
9082	71
9093	71
9105	71
9117	71
9128	71
9140	71
9140	71
9152	71
9164	71
9175	71
9187	71
9187	71
9199	71
9210	71
9222	71
9234	71
9234	71
9246	71
9257	71
9269	71
9281	71
9292	71
9292	71
9304	71
9316	72
9328	72
9339	72
9351	72
9351	72
9363	72
9375	72
9386	72
9398	72
9398	72
9410	72
9421	72
9433	72
9445	72
9457	72
9457	72
9468	72
9480	72
9492	72
9503	72
9515	72
9515	72
9527	72
9539	72
9550	72
9562	72
9574	72
9585	72
9597	72
9609	72
9621	72
9632	72
9644	72
9656	72
9656	72
9667	72
9679	72
9691	72
9703	72
9714	72
9714	72
9726	72
9738	72
9750	72
9761	72
9773	72
9773	72
9785	72
9796	72
9808	72
9808	73
9820	73
9832	73
9843	73
9855	73
9867	73
9878	73
9878	73
9890	73
9902	73
9914	73
9925	73
9937	73
9937	73
9949	73
9960	73
9972	73
9984	73
9984	73
9996	73
10007	73
10019	73
10031	73
10042	73
10054	73
10054	73
10066	73
10078	73
10089	73
10101	73
10113	73
10113	73
10125	73
10136	73
10148	73
10160	73
10160	73
10171	73
10183	73
10195	73
10207	73
10218	73
10218	73
10230	73
10242	73
10253	73
10265	73
10277	73
10289	73
10300	73
10312	74
10324	74
10335	74
10347	74
10359	74
10359	74
10371	74
10382	74
10394	74
10406	74
10417	74
10429	74
10441	74
10441	74
10453	74
10464	74
10476	74
10488	74
10500	74
10511	74
10523	74
10535	74
10546	74
10546	74
10558	74
10570	74
10582	74
10593	74
10605	74
10617	74
10617	74
10628	74
10640	74
10652	74
10664	74
10675	74
10687	74
10699	74
10710	74
10722	74
10722	74
10734	74
10746	74
10757	74
10769	74
10781	74
10792	74
10804	74
10816	74
10816	74
10828	75
10839	75
10851	75
10863	75
10875	75
10875	75
10886	75
10898	75
10910	75
10921	75
10933	75
10933	75
10945	75
10957	75
10968	75
10980	75
10992	75
11003	75
11015	75
11015	75
11027	75
11039	75
11050	75
11062	75
11074	75
11085	75
11097	75
11109	75
11121	75
11132	75
11144	75
11156	75
11167	75
11179	75
11179	75
11191	75
11203	75
11214	75
11226	75
11238	75
11250	75
11261	75
11273	75
11285	75
11285	75
11296	75
11308	75
11320	75
11332	75
11343	75
11355	76
11367	76
11378	76
11378	76
11390	76
11402	76
11414	76
11425	76
11437	76
11449	76
11460	76
11472	76
11484	76
11496	76
11507	76
11519	76
11531	76
11542	76
11542	76
11554	76
11566	76
11578	76
11589	76
11601	76
11613	76
11625	76
11625	76
11636	76
11648	76
11660	76
11671	76
11683	76
11695	76
11707	76
11707	76
11718	76
11730	76
11742	76
11753	76
11765	76
11777	76
11789	76
11800	76
11812	76
11824	76
11835	76
11847	76
11859	76
11871	76
11882	76
11894	77
11906	77
11917	77
11929	77
11929	77
11941	77
11953	77
11964	77
11976	77
11988	77
12000	77
12023	77
12035	77
12046	77
12058	77
12058	77
12070	77
12082	77
12093	77
12105	77
12117	77
12128	77
12140	77
12152	77
12164	77
12175	77
12187	77
12199	77
12210	77
12222	77
12234	77
12246	77
12257	77
12269	77
12281	77
12292	77
12304	77
12304	77
12316	77
12328	77
12339	77
12351	77
12363	77
12375	77
12375	77
12386	77
12398	77
12410	77
12421	77
12421	77
12433	78
12445	78
12457	78
12468	78
12480	78
12492	78
12503	78
12515	78
12527	78
12539	78
12539	78
12550	78
12562	78
12574	78
12585	78
12597	78
12609	78
12621	78
12632	78
12644	78
12656	78
12667	78
12679	78
12691	78
12691	78
12703	78
12714	78
12726	78
12738	78
12750	78
12761	78
12773	78
12785	78
12796	78
12808	78
12820	78
12832	78
12843	78
12855	78
12867	78
12878	78
12890	78
12902	78
12914	78
12925	78
12937	78
12949	78
12972	78
12984	78
12996	78
13007	79
13019	79
13031	79
13042	79
13054	79
13054	79
13066	79
13078	79
13089	79
13101	79
13113	79
13125	79
13136	79
13148	79
13160	79
13171	79
13183	79
13195	79
13207	79
13218	79
13230	79
13242	79
13253	79
13265	79
13265	79
13277	79
13289	79
13300	79
13312	79
13324	79
13335	79
13347	79
13359	79
13371	79
13382	79
13394	79
13406	79
13417	79
13429	79
13441	79
13453	79
13464	79
13464	79
13476	79
13488	79
13500	79
13511	79
13523	79
13535	79
13546	79
13558	80
13570	80
13582	80
13593	80
13605	80
13617	80
13628	80
13640	80
13652	80
13664	80
13675	80
13687	80
13710	80
13722	80
13734	80
13746	80
13757	80
13769	80
13781	80
13792	80
13804	80
13816	80
13828	80
13839	80
13851	80
13863	80
13875	80
13886	80
13898	80
13910	80
13921	80
13933	80
13945	80
13957	80
13968	80
13980	80
13992	80
14003	80
14015	80
14027	80
14039	80
14050	80
14062	80
14074	80
14085	80
14097	80
14109	80
14121	80
14132	80
14144	80
14156	81
14167	81
14179	81
14191	81
14203	81
14214	81
14226	81
14238	81
14250	81
14261	81
14273	81
14285	81
14296	81
14308	81
14320	81
14332	81
14343	81
14355	81
14367	81
14378	81
14390	81
14402	81
14414	81
14437	81
14449	81
14460	81
14472	81
14496	81
14507	81
14519	81
14531	81
14542	81
14554	81
14566	81
14578	81
14589	81
14601	81
14613	81
14625	81
14636	81
14648	81
14660	81
14671	81
14683	81
14695	81
14707	81
14718	81
14730	81
14742	81
14753	81
14765	82
14777	82
14789	82
14800	82
14812	82
14824	82
14835	82
14847	82
14859	82
14871	82
14882	82
14894	82
14906	82
14917	82
14929	82
14941	82
14953	82
14964	82
14976	82
14988	82
15000	82
15000	82
15011	82
15023	82
15035	82
15046	82
15058	82
15070	82
15082	82
15093	82
15105	82
15117	82
15140	82
15152	82
15164	82
15175	82
15199	82
15210	82
15222	82
15234	82
15257	82
15269	82
15281	82
15292	82
15304	82
15316	82
15328	82
15339	82
15351	82
15363	82
15375	83
15398	83
15410	83
15421	83
15433	83
15445	83
15457	83
15468	83
15480	83
15492	83
15503	83
15515	83
15527	83
15539	83
15550	83
15562	83
15574	83
15585	83
15609	83
15609	83
15621	83
15644	83
15656	83
15667	83
15679	83
15691	83
15703	83
15714	83
15726	83
15738	83
15750	83
15750	83
15761	83
15773	83
15785	83
15796	83
15808	83
15820	83
15832	83
15843	83
15855	83
15867	83
15878	83
15890	83
15914	83
15925	83
15937	83
15949	83
15960	83
15972	83
15984	84
16007	84
16019	84
16031	84
16042	84
16054	84
16066	84
16078	84
16089	84
16101	84
16113	84
16136	84
16148	84
16160	84
16171	84
16183	84
16195	84
16207	84
16218	84
16230	84
16242	84
16253	84
16265	84
16289	84
16300	84
16312	84
16324	84
16335	84
16347	84
16359	84
16371	84
16382	84
16394	84
16417	84
16429	84
16441	84
16453	84
16464	84
16476	84
16488	84
16500	84
16511	84
16523	84
16535	84
16546	84
16558	84
16570	84
16582	84
16593	84
16605	84
16628	85
16640	85
16652	85
16664	85
16675	85
16687	85
16710	85
16722	85
16734	85
16746	85
16757	85
16769	85
16781	85
16804	85
16816	85
16828	85
16839	85
16851	85
16863	85
16875	85
16886	85
16898	85
16910	85
16921	85
16933	85
16945	85
16968	85
16980	85
16992	85
17003	85
17015	85
17027	85
17039	85
17050	85
17062	85
17074	85
17085	85
17109	85
17121	85
17132	85
17144	85
17156	85
17167	85
17179	85
17191	85
17203	85
17214	85
17226	85
17238	85
17250	85
17261	86
17273	86
17285	86
17296	86
17308	86
17320	86
17332	86
17343	86
17355	86
17367	86
17390	86
17402	86
17414	86
17425	86
17437	86
17449	86
17472	86
17484	86
17496	86
17507	86
17519	86
17531	86
17554	86
17566	86
17578	86
17589	86
17601	86
17613	86
17636	86
17648	86
17660	86
17683	86
17695	86
17707	86
17718	86
17730	86
17742	86
17753	86
17765	86
17789	86
17800	86
17812	86
17824	86
17847	86
17859	86
17871	86
17882	86
17894	86
17917	86
17929	86
17941	87
17953	87
17964	87
17976	87
17988	87
18000	87
18011	87
18023	87
18035	87
18046	87
18070	87
18082	87
18093	87
18105	87
18117	87
18128	87
18140	87
18164	87
18175	87
18187	87
18199	87
18210	87
18222	87
18246	87
18257	87
18269	87
18281	87
18292	87
18304	87
18328	87
18339	87
18351	87
18363	87
18375	87
18386	87
18398	87
18410	87
18433	87
18445	87
18457	87
18468	87
18480	87
18492	87
18503	87
18527	87
18539	87
18550	87
18562	87
18574	87
18597	87
18609	88
18621	88
18632	88
18644	88
18656	88
18679	88
18691	88
18703	88
18714	88
18726	88
18738	88
18750	88
18761	88
18773	88
18785	88
18796	88
18808	88
18820	88
18843	88
18855	88
18867	88
18878	88
18890	88
18902	88
18914	88
18937	88
18949	88
18960	88
18972	88
18984	88
18996	88
19019	88
19031	88
19042	88
19054	88
19066	88
19078	88
19089	88
19113	88
19125	88
19136	88
19148	88
19160	88
19171	88
19183	88
19207	88
19218	88
19230	88
19242	88
19253	88
19265	89
19289	89
19300	89
19312	89
19324	89
19347	89
19359	89
19371	89
19382	89
19406	89
19417	89
19429	89
19441	89
19453	89
19464	89
19476	89
19500	89
19511	89
19523	89
19535	89
19546	89
19558	89
19570	89
19582	89
19593	89
19605	89
19628	89
19640	89
19652	89
19664	89
19675	89
19687	89
19699	89
19710	89
19734	89
19746	89
19757	89
19769	89
19781	89
19792	89
19816	89
19828	89
19839	89
19851	89
19863	89
19875	89
19886	89
19898	89
19921	89
19933	89
19945	90
19957	90
19968	90
19980	90
19992	90
20015	90
20027	90
20039	90
20050	90
20074	90
20085	90
20097	90
20121	90
20132	90
20144	90
20156	90
20167	90
20191	90
20203	90
20214	90
20226	90
20238	90
20250	90
20261	90
20273	90
20285	90
20296	90
20320	90
20332	90
20343	90
20355	90
20367	90
20378	90
20390	90
20414	90
20425	90
20437	90
20449	90
20460	90
20472	90
20484	90
20496	90
20507	90
20531	90
20542	90
20554	90
20566	90
20578	90
20589	90
20613	90
20625	91
20636	91
20648	91
20660	91
20671	91
20683	91
20707	91
20718	91
20730	91
20742	91
20753	91
20765	91
20789	91
20800	91
20824	91
20835	91
20847	91
20871	91
20882	91
20894	91
20906	91
20917	91
20941	91
20953	91
20964	91
20976	91
20988	91
21000	91
21011	91
21035	91
21046	91
21058	91
21070	91
21082	91
21093	91
21105	91
21128	91
21140	91
21152	91
21164	91
21175	91
21187	91
21210	91
21222	91
21234	91
21246	91
21257	91
21269	91
21292	91
21304	91
21316	92
21328	92
21339	92
21351	92
21375	92
21386	92
21398	92
21410	92
21421	92
21445	92
21457	92
21468	92
21480	92
21492	92
21503	92
21527	92
21539	92
21550	92
21574	92
21585	92
21609	92
21621	92
21632	92
21644	92
21656	92
21679	92
21691	92
21703	92
21714	92
21726	92
21750	92
21761	92
21773	92
21785	92
21796	92
21808	92
21820	92
21832	92
21855	92
21867	92
21878	92
21890	92
21902	92
21914	92
21937	92
21949	92
21960	92
21972	92
21984	92
21996	92
22007	93
22031	93
22042	93
22054	93
22066	93
22078	93
22101	93
22113	93
22125	93
22136	93
22148	93
22160	93
22171	93
22183	93
22207	93
22218	93
22230	93
22242	93
22253	93
22277	93
22289	93
22300	93
22324	93
22335	93
22347	93
22371	93
22382	93
22394	93
22406	93
22417	93
22441	93
22453	93
22464	93
22476	93
22488	93
22511	93
22523	93
22535	93
22546	93
22558	93
22582	93
22593	93
22605	93
22617	93
22640	93
22652	93
22664	93
22675	93
22687	93
22710	93
22722	94
22734	94
22746	94
22769	94
22781	94
22792	94
22804	94
22828	94
22839	94
22851	94
22863	94
22875	94
22886	94
22898	94
22921	94
22933	94
22945	94
22957	94
22968	94
22992	94
23003	94
23015	94
23027	94
23039	94
23062	94
23074	94
23085	94
23109	94
23121	94
23132	94
23156	94
23167	94
23179	94
23191	94
23203	94
23226	94
23238	94
23250	94
23261	94
23273	94
23296	94
23308	94
23320	94
23332	94
23343	94
23367	94
23378	94
23390	94
23402	94
23414	94
23437	95
23449	95
23460	95
23484	95
23496	95
23507	95
23519	95
23542	95
23554	95
23566	95
23578	95
23589	95
23613	95
23625	95
23636	95
23648	95
23660	95
23671	95
23695	95
23707	95
23718	95
23730	95
23742	95
23765	95
23777	95
23789	95
23812	95
23824	95
23835	95
23859	95
23871	95
23882	95
23906	95
23917	95
23929	95
23941	95
23953	95
23976	95
23988	95
24000	95
24023	95
24035	95
24058	95
24070	95
24082	95
24093	95
24105	95
24128	95
24140	95
24152	95
24164	96
24187	96
24199	96
24210	96
24234	96
24246	96
24257	96
24281	96
24292	96
24304	96
24316	96
24328	96
24351	96
24363	96
24375	96
24386	96
24398	96
24410	96
24421	96
24433	96
24445	96
24457	96
24480	96
24492	96
24503	96
24515	96
24527	96
24550	96
24562	96
24574	96
24585	96
24597	96
24621	96
24632	96
24644	96
24656	96
24679	96
24691	96
24703	96
24714	96
24738	96
24750	96
24761	96
24785	96
24796	96
24808	96
24820	96
24832	96
24855	96
24867	96
24878	97
24902	97
24914	97
24937	97
24949	97
24972	97
24984	97
24996	97
25019	97
25031	97
25042	97
25054	97
25078	97
25089	97
25101	97
25113	97
25136	97
25148	97
25160	97
25171	97
25183	97
25207	97
25218	97
25230	97
25242	97
25265	97
25277	97
25289	97
25300	97
25324	97
25335	97
25347	97
25359	97
25371	97
25394	97
25406	97
25417	97
25441	97
25453	97
25464	97
25476	97
25488	97
25511	97
25523	97
25535	97
25546	97
25570	97
25582	97
25593	97
25605	97
25617	98
25640	98
25652	98
25675	98
25687	98
25710	98
25722	98
25746	98
25757	98
25769	98
25792	98
25804	98
25816	98
25828	98
25851	98
25863	98
25875	98
25898	98
25910	98
25921	98
25933	98
25945	98
25968	98
25980	98
25992	98
26015	98
26027	98
26039	98
26050	98
26074	98
26085	98
26097	98
26109	98
26132	98
26144	98
26156	98
26167	98
26191	98
26203	98
26214	98
26226	98
26250	98
26261	98
26273	98
26296	98
26308	98
26320	98
26332	98
26355	98
26367	98
26378	99
26402	99
26414	99
26437	99
26460	99
26472	99
26496	99
26507	99
26519	99
26542	99
26554	99
26566	99
26578	99
26601	99
26613	99
26625	99
26648	99
26660	99
26671	99
26683	99
26707	99
26718	99
26730	99
26742	99
26765	99
26777	99
26789	99
26800	99
26812	99
26835	99
26847	99
26859	99
26871	99
26882	99
26906	99
26917	99
26929	99
26953	99
26964	99
26976	99
26988	99
27000	99
27023	99
27035	99
27046	99
27058	99
27082	99
27093	99
27105	99
27117	99
27140	100
27152	100
27175	100
27187	100
27210	100
27234	100
27246	100
27269	100
27281	100
27292	100
27304	100
27328	100
27339	100
27351	100
27375	100
27398	100
27410	100
27421	100
27445	100
27457	100
27468	100
27492	100
27503	100
27515	100
27527	100
27550	100
27562	100
27574	100
27585	100
27609	100
27621	100
27632	100
27656	100
27667	100
27679	100
27703	100
27714	100
27726	100
27738	100
27750	100
27761	100
27773	100
27785	100
27808	100
27820	100
27832	100
27843	100
27867	100
27878	100
27890	100
27914	101
27925	101
27949	101
27960	101
27984	101
27996	101
28007	101
28031	101
28042	101
28054	101
28066	101
28089	101
28101	101
28125	101
28136	101
28148	101
28171	101
28183	101
28195	101
28218	101
28230	101
28242	101
28265	101
28277	101
28289	101
28312	101
28324	101
28335	101
28359	101
28371	101
28382	101
28406	101
28417	101
28429	101
28453	101
28464	101
28476	101
28488	101
28511	101
28523	101
28535	101
28546	101
28570	101
28582	101
28593	101
28617	101
28628	101
28640	101
28664	101
28675	101
28699	102
28710	102
28734	102
28746	102
28757	102
28781	102
28792	102
28804	102
28828	102
28839	102
28851	102
28875	102
28886	102
28898	102
28921	102
28933	102
28945	102
28968	102
28980	102
28992	102
29015	102
29027	102
29039	102
29050	102
29074	102
29085	102
29097	102
29121	102
29132	102
29144	102
29167	102
29179	102
29203	102
29214	102
29226	102
29238	102
29250	102
29261	102
29273	102
29285	102
29308	102
29320	102
29332	102
29355	102
29367	102
29378	102
29402	102
29414	102
29425	102
29449	102
29460	103
29484	103
29496	103
29519	103
29531	103
29542	103
29566	103
29578	103
29601	103
29613	103
29636	103
29648	103
29671	103
29683	103
29695	103
29718	103
29730	103
29742	103
29765	103
29777	103
29800	103
29812	103
29835	103
29859	103
29871	103
29882	103
29906	103
29917	103
29929	103
29953	103
29964	103
29976	103
30000	103
30011	103
30023	103
30046	103
30058	103
30070	103
30082	103
30105	103
30117	103
30140	103
30152	103
30164	103
30187	103
30199	103
30222	103
30234	103
30246	103
30269	103
30281	104
30304	104
30316	104
30328	104
30351	104
30363	104
30375	104
30398	104
30410	104
30421	104
30445	104
30457	104
30468	104
30492	104
30503	104
30515	104
30539	104
30550	104
30574	104
30585	104
30609	104
30621	104
30644	104
30656	104
30667	104
30691	104
30703	104
30714	104
30738	104
30750	104
30761	104
30773	104
30796	104
30808	104
30820	104
30843	104
30855	104
30867	104
30890	104
30902	104
30914	104
30937	104
30949	104
30972	104
30984	104
30996	104
31019	104
31031	104
31054	104
31066	104
31078	105
31101	105
31113	105
31125	105
31148	105
31160	105
31183	105
31195	105
31207	105
31230	105
31242	105
31253	105
31277	105
31289	105
31312	105
31335	105
31347	105
31371	105
31382	105
31394	105
31417	105
31429	105
31453	105
31464	105
31476	105
31500	105
31511	105
31523	105
31535	105
31558	105
31570	105
31582	105
31605	105
31617	105
31640	105
31652	105
31664	105
31687	105
31699	105
31710	105
31734	105
31746	105
31757	105
31781	105
31792	105
31816	105
31828	105
31839	105
31863	105
31875	105
31886	106
31910	106
31921	106
31945	106
31957	106
31968	106
31992	106
32003	106
32027	106
32039	106
32062	106
32085	106
32097	106
32121	106
32132	106
32156	106
32167	106
32179	106
32203	106
32214	106
32238	106
32250	106
32261	106
32285	106
32296	106
32308	106
32332	106
32343	106
32367	106
32378	106
32390	106
32414	106
32425	106
32437	106
32460	106
32472	106
32484	106
32507	106
32519	106
32542	106
32554	106
32578	106
32589	106
32601	106
32625	106
32636	106
32660	106
32671	106
32683	106
32707	106
32718	107
32742	107
32753	107
32777	107
32789	107
32812	107
32835	107
32847	107
32871	107
32882	107
32906	107
32917	107
32941	107
32953	107
32964	107
32988	107
33000	107
33023	107
33035	107
33046	107
33070	107
33082	107
33105	107
33117	107
33140	107
33152	107
33164	107
33187	107
33199	107
33222	107
33234	107
33246	107
33269	107
33281	107
33304	107
33316	107
33339	107
33351	107
33375	107
33386	107
33398	107
33421	107
33433	107
33457	107
33468	107
33492	107
33503	107
33527	107
33539	107
33562	107
33585	108
33597	108
33621	108
33632	108
33656	108
33667	108
33691	108
33703	108
33714	108
33738	108
33750	108
33773	108
33785	108
33796	108
33820	108
33832	108
33843	108
33867	108
33878	108
33902	108
33914	108
33925	108
33949	108
33960	108
33984	108
33996	108
34007	108
34031	108
34042	108
34066	108
34078	108
34101	108
34113	108
34125	108
34148	108
34160	108
34171	108
34195	108
34207	108
34230	108
34242	108
34265	108
34277	108
34300	108
34312	108
34335	108
34347	108
34371	108
34394	108
34406	108
34417	109
34441	109
34453	109
34476	109
34488	109
34511	109
34523	109
34546	109
34558	109
34570	109
34593	109
34605	109
34628	109
34640	109
34664	109
34675	109
34699	109
34710	109
34734	109
34746	109
34769	109
34781	109
34804	109
34816	109
34828	109
34851	109
34863	109
34886	109
34898	109
34910	109
34933	109
34945	109
34957	109
34980	109
34992	109
35015	109
35027	109
35050	109
35062	109
35085	109
35097	109
35121	109
35132	109
35156	109
35167	109
35191	109
35203	109
35226	109
35238	109
35250	109
35273	110
35285	110
35308	110
35320	110
35343	110
35355	110
35367	110
35390	110
35402	110
35425	110
35437	110
35460	110
35484	110
35496	110
35507	110
35531	110
35542	110
35566	110
35578	110
35601	110
35613	110
35625	110
35648	110
35660	110
35683	110
35695	110
35707	110
35730	110
35742	110
35765	110
35777	110
35800	110
35824	110
35835	110
35859	110
35871	110
35894	110
35906	110
35929	110
35941	110
35964	110
35976	110
36000	110
36023	110
36035	110
36058	110
36070	110
36082	110
36105	110
36117	110
36140	111
36152	111
36175	111
36199	111
36210	111
36234	111
36246	111
36269	111
36281	111
36304	111
36316	111
36328	111
36351	111
36363	111
36375	111
36386	111
36410	111
36421	111
36433	111
36457	111
36468	111
36492	111
36503	111
36515	111
36539	111
36550	111
36574	111
36585	111
36609	111
36621	111
36632	111
36656	111
36667	111
36691	111
36703	111
36726	111
36738	111
36761	111
36773	111
36796	111
36808	111
36832	111
36843	111
36867	111
36878	111
36902	111
36914	111
36937	111
36960	111
36984	111
36996	112
37019	112
37031	112
37054	112
37066	112
37078	112
37101	112
37113	112
37136	112
37148	112
37171	112
37183	112
37195	112
37218	112
37230	112
37253	112
37265	112
37289	112
37300	112
37324	112
37335	112
37347	112
37371	112
37382	112
37406	112
37417	112
37441	112
37453	112
37464	112
37488	112
37500	112
37523	112
37535	112
37558	112
37570	112
37582	112
37605	112
37617	112
37640	112
37652	112
37675	112
37699	112
37710	112
37734	112
37757	112
37769	112
37792	112
37804	112
37828	112
37839	112
37863	113
37875	113
37898	113
37910	113
37921	113
37945	113
37957	113
37980	113
37992	113
38015	113
38027	113
38050	113
38062	113
38074	113
38097	113
38109	113
38132	113
38144	113
38167	113
38179	113
38203	113
38214	113
38238	113
38250	113
38273	113
38285	113
38308	113
38320	113
38332	113
38355	113
38367	113
38390	113
38414	113
38437	113
38449	113
38472	113
38496	113
38519	113
38531	113
38542	113
38566	113
38578	113
38601	113
38613	113
38636	113
38648	113
38671	113
38683	113
38695	113
38718	113
38730	114
38753	114
38765	114
38789	114
38800	114
38812	114
38835	114
38847	114
38859	114
38882	114
38894	114
38917	114
38929	114
38953	114
38964	114
38976	114
39000	114
39011	114
39023	114
39046	114
39058	114
39082	114
39093	114
39117	114
39128	114
39152	114
39175	114
39187	114
39210	114
39234	114
39257	114
39269	114
39292	114
39304	114
39328	114
39339	114
39363	114
39386	114
39410	114
39421	114
39445	114
39457	114
39468	114
39492	114
39515	114
39527	114
39539	114
39562	114
39574	114
39597	114
39609	115
39632	115
39644	115
39667	115
39679	115
39703	115
39714	115
39738	115
39750	115
39761	115
39773	115
39796	115
39808	115
39820	115
39843	115
39855	115
39878	115
39890	115
39914	115
39937	115
39949	115
39972	115
39996	115
40007	115
40031	115
40042	115
40066	115
40078	115
40101	115
40113	115
40136	115
40148	115
40171	115
40183	115
40207	115
40218	115
40242	115
40253	115
40277	115
40289	115
40312	115
40335	115
40347	115
40371	115
40382	115
40406	115
40417	115
40441	115
40453	115
40476	115
40488	116
40500	116
40523	116
40535	116
40558	116
40570	116
40593	116
40605	116
40628	116
40640	116
40664	116
40687	116
40699	116
40722	116
40746	116
40757	116
40781	116
40792	116
40816	116
40828	116
40851	116
40875	116
40886	116
40910	116
40921	116
40933	116
40957	116
40980	116
40992	116
41015	116
41027	116
41050	116
41062	116
41085	116
41097	116
41121	116
41132	116
41156	116
41167	116
41191	116
41203	116
41226	116
41238	116
41250	116
41273	116
41285	116
41296	116
41320	116
41332	116
41355	116
41367	117
41390	117
41414	117
41425	117
41449	117
41460	117
41484	117
41507	117
41519	117
41542	117
41554	117
41578	117
41601	117
41613	117
41636	117
41660	117
41683	117
41695	117
41718	117
41730	117
41753	117
41765	117
41789	117
41812	117
41835	117
41859	117
41871	117
41894	117
41906	117
41929	117
41953	117
41964	117
41988	117
42000	117
42011	117
42035	117
42046	117
42070	117
42082	117
42105	117
42128	117
42140	117
42164	117
42175	117
42199	117
42222	117
42234	117
42257	117
42281	117
42292	117
42316	118
42328	118
42351	118
42363	118
42386	118
42410	118
42421	118
42445	118
42457	118
42480	118
42492	118
42515	118
42539	118
42550	118
42574	118
42597	118
42609	118
42632	118
42656	118
42667	118
42691	118
42703	118
42726	118
42738	118
42761	118
42773	118
42785	118
42808	118
42820	118
42843	118
42867	118
42878	118
42902	118
42914	118
42937	118
42949	118
42972	118
42984	118
43007	118
43031	118
43042	118
43066	118
43078	118
43101	118
43125	118
43136	118
43160	118
43171	118
43195	118
43207	118
43230	119
43253	119
43265	119
43289	119
43312	119
43324	119
43347	119
43371	119
43394	119
43406	119
43429	119
43441	119
43464	119
43488	119
43500	119
43523	119
43535	119
43558	119
43570	119
43593	119
43605	119
43628	119
43652	119
43664	119
43687	119
43699	119
43722	119
43734	119
43757	119
43781	119
43792	119
43816	119
43839	119
43851	119
43875	119
43886	119
43910	119
43921	119
43945	119
43968	119
43980	119
44003	119
44015	119
44039	119
44062	119
44085	119
44109	119
44132	119
44144	119
44167	119
44179	120
44203	120
44226	120
44238	120
44261	120
44273	120
44296	120
44308	120
44332	120
44343	120
44367	120
44390	120
44402	120
44425	120
44437	120
44460	120
44472	120
44496	120
44519	120
44531	120
44554	120
44578	120
44589	120
44613	120
44625	120
44648	120
44671	120
44683	120
44707	120
44718	120
44742	120
44765	120
44789	120
44800	120
44824	120
44847	120
44871	120
44894	120
44906	120
44929	120
44953	120
44964	120
44988	120
45011	120
45023	120
45046	120
45058	120
45082	120
45093	120
45117	120
45140	121
45152	121
45175	121
45199	121
45210	121
45234	121
45246	121
45269	121
45292	121
45316	121
45328	121
45351	121
45363	121
45386	121
45410	121
45421	121
45445	121
45468	121
45480	121
45503	121
45527	121
45550	121
45574	121
45597	121
45609	121
45632	121
45656	121
45679	121
45691	121
45714	121
45726	121
45750	121
45773	121
45785	121
45808	121
45820	121
45843	121
45867	121
45878	121
45902	121
45925	121
45937	121
45960	121
45972	121
45996	121
46019	121
46031	121
46054	121
46078	121
46101	121
46113	122
46136	122
46148	122
46171	122
46183	122
46207	122
46230	122
46242	122
46265	122
46289	122
46312	122
46335	122
46359	122
46382	122
46394	122
46417	122
46441	122
46453	122
46476	122
46500	122
46523	122
46535	122
46558	122
46570	122
46593	122
46617	122
46640	122
46652	122
46675	122
46699	122
46722	122
46734	122
46757	122
46781	122
46804	122
46816	122
46839	122
46863	122
46875	122
46898	122
46910	122
46933	122
46957	122
46968	122
46992	122
47015	122
47039	122
47062	122
47074	122
47097	122
47121	123
47144	123
47167	123
47179	123
47203	123
47226	123
47250	123
47261	123
47285	123
47308	123
47320	123
47343	123
47367	123
47390	123
47402	123
47425	123
47449	123
47472	123
47496	123
47507	123
47531	123
47554	123
47578	123
47589	123
47613	123
47636	123
47648	123
47671	123
47695	123
47707	123
47730	123
47753	123
47765	123
47789	123
47812	123
47835	123
47859	123
47882	123
47906	123
47917	123
47941	123
47964	123
47988	123
48011	123
48035	123
48058	123
48070	123
48093	123
48117	123
48128	123
48152	124
48175	124
48199	124
48222	124
48246	124
48257	124
48281	124
48304	124
48328	124
48339	124
48363	124
48375	124
48398	124
48410	124
48433	124
48457	124
48468	124
48492	124
48515	124
48539	124
48550	124
48574	124
48597	124
48609	124
48632	124
48656	124
48679	124
48691	124
48714	124
48738	124
48761	124
48785	124
48808	124
48820	124
48843	124
48867	124
48878	124
48902	124
48937	124
48960	124
48984	124
49007	124
49019	124
49042	124
49066	124
49089	124
49101	124
49125	124
49148	124
49171	124
49183	125
49207	125
49230	125
49242	125
49265	125
49289	125
49300	125
49324	125
49347	125
49371	125
49382	125
49406	125
49429	125
49453	125
49464	125
49488	125
49511	125
49523	125
49546	125
49570	125
49593	125
49605	125
49628	125
49652	125
49675	125
49699	125
49722	125
49746	125
49769	125
49792	125
49804	125
49828	125
49851	125
49875	125
49898	125
49910	125
49933	125
49957	125
49968	125
49992	125
50015	125
50039	125
50050	125
50074	125
50097	125
50121	125
50132	125
50156	125
50179	125
50203	125
50214	126
50238	126
50261	126
50285	126
50308	126
50320	126
50343	126
50367	126
50390	126
50414	126
50437	126
50460	126
50484	126
50507	126
50531	126
50554	126
50566	126
50589	126
50613	126
50636	126
50648	126
50671	126
50695	126
50707	126
50730	126
50753	126
50777	126
50789	126
50812	126
50824	126
50847	126
50871	126
50882	126
50906	126
50929	126
50953	126
50964	126
50988	126
51000	126
51023	126
51046	126
51058	126
51082	126
51105	126
51117	126
51140	126
51164	126
51199	126
51222	126
51246	126
51269	127
51292	127
51304	127
51328	127
51351	127
51375	127
51398	127
51421	127
51445	127
51457	127
51480	127
51503	127
51527	127
51539	127
51562	127
51585	127
51609	127
51621	127
51644	127
51667	127
51691	127
51703	127
51726	127
51738	127
51761	127
51773	127
51796	127
51808	127
51832	127
51855	127
51878	127
51902	127
51914	127
51937	127
51960	127
51984	127
52007	127
52031	127
52054	127
52066	127
52089	127
52113	127
52136	127
52160	127
52183	127
52195	127
52218	127
52242	127
52265	127
52289	127
52300	128
52324	128
52347	128
52371	128
52394	128
52417	128
52429	128
52453	128
52476	128
52500	128
52511	128
52535	128
52558	128
52570	128
52593	128
52617	128
52640	128
52664	128
52687	128
52710	128
52734	128
52746	128
52769	128
52792	128
52816	128
52839	128
52851	128
52875	128
52898	128
52921	128
52933	128
52957	128
52980	128
53003	128
53027	128
53039	128
53062	128
53085	128
53109	128
53121	128
53144	128
53167	128
53191	128
53214	128
53226	128
53250	128
53261	128
53285	128
53296	128
53320	128
53343	129
53367	129
53390	129
53402	129
53425	129
53449	129
53472	129
53496	129
53519	129
53542	129
53566	129
53589	129
53601	129
53636	129
53660	129
53683	129
53695	129
53718	129
53742	129
53765	129
53789	129
53812	129
53835	129
53859	129
53882	129
53906	129
53929	129
53941	129
53964	129
53988	129
54011	129
54023	129
54046	129
54070	129
54093	129
54105	129
54128	129
54152	129
54175	129
54199	129
54222	129
54246	129
54257	129
54281	129
54304	129
54328	129
54351	129
54375	129
54386	129
54410	129
54433	130
54457	130
54468	130
54492	130
54515	130
54539	130
54562	130
54585	130
54609	130
54632	130
54656	130
54679	130
54691	130
54714	130
54738	130
54761	130
54773	130
54796	130
54820	130
54832	130
54855	130
54878	130
54902	130
54925	130
54949	130
54960	130
54984	130
55007	130
55031	130
55054	130
55078	130
55101	130
55113	130
55136	130
55160	130
55183	130
55207	130
55218	130
55242	130
55265	130
55289	130
55312	130
55335	130
55359	130
55382	130
55406	130
55429	130
55453	130
55476	130
55488	130
55511	131
55535	131
55558	131
55570	131
55593	131
55617	131
55640	131
55664	131
55675	131
55699	131
55722	131
55746	131
55769	131
55792	131
55816	131
55828	131
55851	131
55875	131
55898	131
55910	131
55933	131
55957	131
55980	131
56003	131
56027	131
56050	131
56074	131
56097	131
56121	131
56144	131
56167	131
56191	131
56214	131
56238	131
56250	131
56273	131
56296	131
56320	131
56332	131
56355	131
56378	131
56402	131
56425	131
56449	131
56460	131
56484	131
56507	131
56531	131
56554	131
56578	131
56601	132
56625	132
56636	132
56660	132
56683	132
56707	132
56730	132
56753	132
56777	132
56800	132
56824	132
56859	132
56882	132
56906	132
56917	132
56941	132
56964	132
56988	132
57011	132
57035	132
57046	132
57070	132
57093	132
57117	132
57140	132
57164	132
57187	132
57210	132
57222	132
57246	132
57269	132
57292	132
57316	132
57339	132
57363	132
57386	132
57410	132
57421	132
57445	132
57468	132
57492	132
57515	132
57539	132
57562	132
57597	132
57621	132
57644	132
57667	132
57679	132
57703	132
57726	133
57750	133
57773	133
57796	133
57808	133
57832	133
57855	133
57878	133
57902	133
57925	133
57949	133
57972	133
57984	133
58007	133
58031	133
58054	133
58078	133
58101	133
58125	133
58148	133
58171	133
58183	133
58207	133
58230	133
58253	133
58277	133
58300	133
58335	133
58359	133
58382	133
58406	133
58429	133
58453	133
58476	133
58500	133
58523	133
58546	133
58558	133
58582	133
58605	133
58628	133
58652	133
58675	133
58699	133
58722	133
58746	133
58769	133
58792	133
58816	133
58839	133
58863	134
58886	134
58910	134
58921	134
58945	134
58968	134
58992	134
59015	134
59039	134
59062	134
59085	134
59109	134
59144	134
59156	134
59179	134
59203	134
59226	134
59250	134
59273	134
59296	134
59320	134
59343	134
59367	134
59390	134
59414	134
59437	134
59460	134
59484	134
59507	134
59531	134
59554	134
59578	134
59601	134
59625	134
59648	134
59671	134
59695	134
59718	134
59742	134
59765	134
59789	134
59812	134
59835	134
59859	134
59882	134
59906	134
59929	134
59953	134
59988	134
60011	134
60035	135
60058	135
60082	135
60105	135
60128	135
60152	135
60175	135
60210	135
60234	135
60257	135
60281	135
60304	135
60328	135
60351	135
60363	135
60386	135
60410	135
60433	135
60457	135
60480	135
60503	135
60527	135
60539	135
60562	135
60585	135
60609	135
60632	135
60656	135
60691	135
60703	135
60726	135
60761	135
60785	135
60808	135
60832	135
60855	135
60878	135
60902	135
60925	135
60960	135
60984	135
61007	135
61031	135
61054	135
61078	135
61101	135
61125	135
61148	135
61171	135
61195	135
61218	136
61242	136
61265	136
61289	136
61312	136
61335	136
61359	136
61382	136
61406	136
61429	136
61453	136
61476	136
61500	136
61523	136
61546	136
61570	136
61593	136
61617	136
61640	136
61675	136
61699	136
61734	136
61757	136
61781	136
61804	136
61828	136
61851	136
61875	136
61898	136
61921	136
61945	136
61968	136
61992	136
62015	136
62039	136
62062	136
62085	136
62109	136
62132	136
62156	136
62191	136
62214	136
62238	136
62261	136
62285	136
62308	136
62332	136
62355	136
62378	136
62402	136
62437	137
62460	137
62496	137
62519	137
62542	137
62566	137
62589	137
62613	137
62636	137
62660	137
62683	137
62707	137
62730	137
62753	137
62777	137
62800	137
62824	137
62847	137
62859	137
62882	137
62917	137
62941	137
62964	137
62976	137
63000	137
63023	137
63046	137
63070	137
63093	137
63117	137
63140	137
63175	137
63210	137
63234	137
63257	137
63281	137
63304	137
63328	137
63363	137
63386	137
63410	137
63433	137
63457	137
63492	137
63515	137
63539	137
63562	137
63585	137
63609	137
63632	137
63656	138
63679	138
63703	138
63726	138
63738	138
63761	138
63785	138
63808	138
63832	138
63855	138
63878	138
63902	138
63925	138
63960	138
63984	138
64007	138
64031	138
64054	138
64078	138
64101	138
64136	138
64160	138
64183	138
64207	138
64230	138
64253	138
64277	138
64300	138
64324	138
64347	138
64371	138
64406	138
64429	138
64453	138
64476	138
64500	138
64511	138
64535	138
64558	138
64582	138
64617	138
64640	138
64664	138
64687	138
64710	138
64746	138
64769	138
64792	138
64816	138
64839	138
64863	139
64886	139
64910	139
64933	139
64957	139
64980	139
65003	139
65027	139
65050	139
65074	139
65097	139
65121	139
65156	139
65179	139
65203	139
65226	139
65238	139
65261	139
65285	139
65308	139
65332	139
65355	139
65378	139
65402	139
65425	139
65460	139
65484	139
65507	139
65531	139
65554	139
65578	139
65613	139
65636	139
65660	139
65695	139
65718	139
65742	139
65765	139
65789	139
65812	139
65847	139
65871	139
65894	139
65917	139
65941	139
65964	139
65988	139
66011	139
66035	139
66058	139
66082	140
66105	140
66140	140
66164	140
66187	140
66210	140
66234	140
66257	140
66281	140
66304	140
66339	140
66363	140
66386	140
66410	140
66433	140
66457	140
66480	140
66503	140
66527	140
66550	140
66585	140
66609	140
66632	140
66656	140
66679	140
66703	140
66726	140
66750	140
66773	140
66796	140
66820	140
66843	140
66867	140
66890	140
66914	140
66937	140
66960	140
66984	140
67019	140
67042	140
67066	140
67089	140
67113	140
67136	140
67160	140
67183	140
67207	140
67230	140
67265	140
67289	140
67312	141
67347	141
67371	141
67394	141
67417	141
67441	141
67464	141
67488	141
67511	141
67535	141
67558	141
67582	141
67617	141
67640	141
67664	141
67687	141
67710	141
67734	141
67757	141
67781	141
67804	141
67828	141
67851	141
67875	141
67898	141
67933	141
67957	141
67980	141
68003	141
68027	141
68050	141
68085	141
68109	141
68144	141
68167	141
68191	141
68214	141
68238	141
68261	141
68285	141
68308	141
68332	141
68355	141
68378	141
68402	141
68425	141
68449	141
68472	141
68496	141
68531	141
68554	142
68578	142
68601	142
68625	142
68648	142
68671	142
68695	142
68718	142
68753	142
68777	142
68800	142
68835	142
68859	142
68894	142
68917	142
68941	142
68964	142
68988	142
69011	142
69035	142
69058	142
69082	142
69117	142
69140	142
69164	142
69187	142
69210	142
69234	142
69257	142
69292	142
69316	142
69339	142
69363	142
69386	142
69410	142
69433	142
69468	142
69492	142
69515	142
69539	142
69574	142
69597	142
69632	142
69656	142
69679	142
69703	142
69726	142
69750	142
69773	142
69796	142
69832	143
69855	143
69878	143
69902	143
69925	143
69949	143
69972	143
69996	143
70031	143
70054	143
70078	143
70101	143
70125	143
70148	143
70171	143
70195	143
70218	143
70253	143
70277	143
70300	143
70335	143
70359	143
70382	143
70417	143
70441	143
70464	143
70488	143
70511	143
70546	143
70570	143
70593	143
70617	143
70640	143
70675	143
70699	143
70722	143
70746	143
70781	143
70804	143
70828	143
70851	143
70875	143
70898	143
70921	143
70945	143
70980	143
71003	143
71027	143
71050	143
71085	143
71109	144
71132	144
71167	144
71191	144
71214	144
71238	144
71273	144
71296	144
71320	144
71343	144
71367	144
71390	144
71425	144
71449	144
71472	144
71507	144
71531	144
71554	144
71578	144
71601	144
71636	144
71660	144
71683	144
71707	144
71730	144
71753	144
71789	144
71812	144
71847	144
71871	144
71894	144
71917	144
71953	144
71976	144
72000	144
72035	144
72058	144
72082	144
72117	144
72140	144
72164	144
72199	144
72222	144
72246	144
72269	144
72304	144
72328	144
72351	144
72375	144
72398	144
72421	145
72445	145
72468	145
72492	145
72515	145
72539	145
72574	145
72597	145
72621	145
72644	145
72667	145
72703	145
72726	145
72750	145
72785	145
72808	145
72832	145
72855	145
72890	145
72914	145
72949	145
72984	145
73007	145
73031	145
73054	145
73089	145
73113	145
73136	145
73160	145
73183	145
73207	145
73242	145
73265	145
73289	145
73312	145
73335	145
73371	145
73394	145
73417	145
73441	145
73476	145
73500	145
73523	145
73546	145
73570	145
73593	145
73628	145
73652	145
73687	145
73710	145
73746	146
73769	146
73792	146
73816	146
73851	146
73875	146
73898	146
73921	146
73957	146
73980	146
74003	146
74027	146
74050	146
74085	146
74109	146
74132	146
74156	146
74179	146
74214	146
74238	146
74261	146
74296	146
74320	146
74343	146
74367	146
74390	146
74425	146
74460	146
74496	146
74519	146
74542	146
74566	146
74589	146
74625	146
74648	146
74671	146
74695	146
74718	146
74753	146
74777	146
74800	146
74824	146
74847	146
74871	146
74894	146
74929	146
74953	146
74976	146
75000	146
75023	146
75046	147
75070	147
75093	147
75128	147
75152	147
75187	147
75222	147
75246	147
75281	147
75304	147
75328	147
75351	147
75386	147
75421	147
75445	147
75468	147
75492	147
75515	147
75550	147
75574	147
75597	147
75621	147
75644	147
75679	147
75703	147
75726	147
75750	147
75761	147
75785	147
75808	147
75843	147
75867	147
75890	147
75914	147
75949	147
75972	147
76007	147
76031	147
76054	147
76078	147
76113	147
76136	147
76160	147
76195	147
76218	147
76242	147
76265	147
76300	147
76324	147
76347	147
76371	148
76406	148
76429	148
76453	148
76476	148
76500	148
76535	148
76558	148
76582	148
76605	148
76640	148
76664	148
76687	148
76722	148
76746	148
76781	148
76804	148
76828	148
76851	148
76886	148
76910	148
76933	148
76957	148
76992	148
77015	148
77039	148
77062	148
77085	148
77121	148
77144	148
77167	148
77203	148
77226	148
77250	148
77261	148
77285	148
77308	148
77343	148
77367	148
77390	148
77425	148
77449	148
77472	148
77507	148
77531	148
77554	148
77589	148
77613	148
77648	148
77671	148
77707	149
77730	149
77753	149
77789	149
77812	149
77847	149
77871	149
77894	149
77929	149
77953	149
77976	149
78000	149
78023	149
78058	149
78082	149
78105	149
78128	149
78164	149
78187	149
78210	149
78246	149
78269	149
78292	149
78328	149
78351	149
78375	149
78398	149
78433	149
78457	149
78480	149
78503	149
78539	149
78562	149
78597	149
78621	149
78644	149
78679	149
78703	149
78726	149
78750	149
78773	149
78796	149
78820	149
78855	149
78878	149
78902	149
78925	149
78960	149
78984	149
79007	149
79042	150
79066	150
79089	150
79113	150
79148	150
79171	150
79195	150
79218	150
79253	150
79277	150
79312	150
79335	150
79371	150
79394	150
79417	150
79453	150
79476	150
79500	150
79523	150
79546	150
79570	150
79605	150
79628	150
79652	150
79687	150
79710	150
79734	150
79757	150
79792	150
79816	150
79839	150
79863	150
79898	150
79921	150
79945	150
79968	150
80003	150
80027	150
80062	150
80097	150
80121	150
80156	150
80179	150
80203	150
80226	150
80261	150
80285	150
80308	150
80332	150
80367	150
80390	151
80414	151
80437	151
80472	151
80496	151
80519	151
80554	151
80578	151
80601	151
80625	151
80660	151
80683	151
80707	151
80742	151
80765	151
80800	151
80824	151
80859	151
80894	151
80917	151
80941	151
80976	151
81000	151
81023	151
81046	151
81070	151
81105	151
81128	151
81164	151
81187	151
81210	151
81234	151
81269	151
81292	151
81316	151
81351	151
81375	151
81398	151
81433	151
81457	151
81480	151
81515	151
81539	151
81574	151
81609	151
81632	151
81667	151
81691	151
81714	151
81738	151
81773	152
81796	152
81820	152
81843	152
81878	152
81902	152
81925	152
81960	152
81984	152
82007	152
82042	152
82066	152
82089	152
82125	152
82148	152
82171	152
82195	152
82230	152
82253	152
82289	152
82312	152
82347	152
82382	152
82406	152
82429	152
82464	152
82488	152
82523	152
82546	152
82570	152
82605	152
82628	152
82664	152
82687	152
82722	152
82746	152
82769	152
82804	152
82828	152
82863	152
82886	152
82910	152
82933	152
82968	152
82992	152
83027	152
83050	152
83085	152
83109	152
83144	152
83167	153
83191	153
83226	153
83250	153
83285	153
83308	153
83332	153
83367	153
83390	153
83425	153
83449	153
83484	153
83507	153
83531	153
83566	153
83589	153
83613	153
83648	153
83671	153
83695	153
83730	153
83753	153
83789	153
83812	153
83847	153
83871	153
83906	153
83929	153
83964	153
83988	153
84023	153
84058	153
84082	153
84105	153
84140	153
84164	153
84199	153
84234	153
84257	153
84292	153
84316	153
84339	153
84375	153
84398	153
84421	153
84445	153
84468	153
84503	153
84527	153
84550	153
84585	154
84609	154
84644	154
84667	154
84703	154
84726	154
84761	154
84785	154
84820	154
84843	154
84867	154
84902	154
84937	154
84972	154
85007	154
85031	154
85054	154
85089	154
85113	154
85148	154
85171	154
85195	154
85230	154
85253	154
85289	154
85312	154
85335	154
85371	154
85394	154
85417	154
85453	154
85476	154
85500	154
85535	154
85558	154
85593	154
85617	154
85640	154
85675	154
85710	154
85746	154
85781	154
85804	154
85828	154
85863	154
85886	154
85921	154
85945	154
85968	154
86003	154
86027	155
86050	155
86085	155
86109	155
86144	155
86167	155
86203	155
86226	155
86250	155
86285	155
86320	155
86343	155
86367	155
86402	155
86437	155
86472	155
86507	155
86531	155
86566	155
86589	155
86625	155
86648	155
86671	155
86707	155
86730	155
86765	155
86789	155
86812	155
86835	155
86859	155
86894	155
86917	155
86953	155
86976	155
87000	155
87035	155
87058	155
87082	155
87117	155
87140	155
87175	155
87210	155
87246	155
87281	155
87304	155
87339	155
87363	155
87398	155
87433	155
87457	155
87492	156
87515	156
87550	156
87574	156
87597	156
87632	156
87656	156
87691	156
87714	156
87738	156
87761	156
87785	156
87808	156
87843	156
87867	156
87902	156
87925	156
87960	156
87984	156
88019	156
88042	156
88078	156
88101	156
88136	156
88171	156
88195	156
88218	156
88253	156
88277	156
88312	156
88335	156
88371	156
88394	156
88429	156
88453	156
88476	156
88511	156
88535	156
88558	156
88593	156
88617	156
88652	156
88675	156
88710	156
88746	156
88769	156
88804	156
88828	156
88863	156
88886	156
88921	157
88945	157
88968	157
89003	157
89027	157
89062	157
89085	157
89121	157
89144	157
89179	157
89203	157
89226	157
89250	157
89273	157
89308	157
89332	157
89367	157
89390	157
89414	157
89449	157
89484	157
89507	157
89542	157
89566	157
89601	157
89636	157
89671	157
89695	157
89730	157
89753	157
89789	157
89824	157
89847	157
89882	157
89917	157
89941	157
89964	157
90000	157
90023	157
90046	157
90082	157
90105	157
90140	157
90164	157
90199	157
90222	157
90257	157
90281	157
90316	157
90339	157
90375	158
90398	158
90433	158
90457	158
90492	158
90515	158
90550	158
90574	158
90609	158
90644	158
90667	158
90703	158
90726	158
90750	158
90773	158
90808	158
90832	158
90867	158
90890	158
90925	158
90949	158
90984	158
91007	158
91042	158
91066	158
91101	158
91125	158
91148	158
91183	158
91207	158
91242	158
91277	158
91300	158
91335	158
91371	158
91394	158
91429	158
91453	158
91488	158
91511	158
91546	158
91570	158
91593	158
91628	158
91652	158
91687	158
91710	158
91746	158
91769	158
91804	158
91828	159
91863	159
91886	159
91921	159
91945	159
91968	159
92003	159
92039	159
92074	159
92097	159
92132	159
92167	159
92191	159
92226	159
92250	159
92273	159
92308	159
92332	159
92367	159
92390	159
92414	159
92449	159
92472	159
92507	159
92531	159
92566	159
92589	159
92625	159
92648	159
92683	159
92707	159
92742	159
92765	159
92800	159
92835	159
92871	159
92894	159
92929	159
92953	159
92988	159
93011	159
93046	159
93070	159
93105	159
93128	159
93164	159
93187	159
93222	159
93246	159
93281	159
93304	160
93339	160
93363	160
93398	160
93421	160
93457	160
93480	160
93515	160
93550	160
93585	160
93621	160
93644	160
93679	160
93714	160
93738	160
93761	160
93796	160
93820	160
93855	160
93878	160
93914	160
93937	160
93972	160
93996	160
94031	160
94054	160
94089	160
94113	160
94136	160
94171	160
94195	160
94230	160
94265	160
94289	160
94324	160
94359	160
94394	160
94417	160
94453	160
94476	160
94511	160
94535	160
94570	160
94593	160
94628	160
94664	160
94687	160
94722	160
94746	160
94781	160
94816	161
94839	161
94875	161
94898	161
94921	161
94957	161
94980	161
95015	161
95050	161
95085	161
95109	161
95144	161
95179	161
95203	161
95238	161
95261	161
95296	161
95320	161
95355	161
95390	161
95414	161
95449	161
95484	161
95507	161
95542	161
95578	161
95601	161
95636	161
95660	161
95695	161
95718	161
95753	161
95777	161
95812	161
95847	161
95882	161
95917	161
95941	161
95976	161
96011	161
96046	161
96070	161
96105	161
96140	161
96164	161
96199	161
96234	161
96269	161
96292	161
96328	161
96351	162
96375	162
96410	162
96433	162
96457	162
96492	162
96527	162
96550	162
96585	162
96609	162
96644	162
96667	162
96703	162
96738	162
96761	162
96796	162
96832	162
96855	162
96890	162
96925	162
96960	162
96996	162
97031	162
97054	162
97089	162
97113	162
97148	162
97171	162
97207	162
97242	162
97265	162
97300	162
97324	162
97359	162
97382	162
97417	162
97453	162
97476	162
97511	162
97535	162
97570	162
97593	162
97628	162
97664	162
97699	162
97734	162
97769	162
97792	162
97828	162
97863	162
97886	163
97921	163
97957	163
97980	163
98015	163
98039	163
98074	163
98109	163
98132	163
98167	163
98191	163
98226	163
98261	163
98296	163
98320	163
98355	163
98378	163
98414	163
98460	163
98496	163
98531	163
98554	163
98589	163
98613	163
98648	163
98683	163
98707	163
98742	163
98765	163
98800	163
98824	163
98859	163
98882	163
98917	163
98941	163
98976	163
99000	163
99035	163
99058	163
99093	163
99117	163
99152	163
99187	163
99234	163
99269	163
99292	163
99328	163
99363	163
99398	163
99433	163
99457	164
99492	164
99515	164
99550	164
99585	164
99609	164
99644	164
99667	164
99703	164
99726	164
99750	164
99785	164
99808	164
99843	164
99867	164
99902	164
99937	164
99972	164
100007	164
100031	164
100066	164
100101	164
100136	164
100160	164
100195	164
100230	164
100253	164
100289	164
100324	164
100359	164
100382	164
100417	164
100453	164
100476	164
100511	164
100535	164
100570	164
100593	164
100628	164
100664	164
100699	164
100734	164
100757	164
100792	164
100828	164
100851	164
100886	164
100921	164
100945	164
100980	164
101015	165
101039	165
101074	165
101097	165
101132	165
101167	165
101191	165
101226	165
101250	165
101273	165
101308	165
101332	165
101367	165
101390	165
101425	165
101460	165
101496	165
101531	165
101554	165
101589	165
101625	165
101660	165
101695	165
101718	165
101753	165
101789	165
101824	165
101859	165
101882	165
101917	165
101953	165
101976	165
102011	165
102035	165
102070	165
102093	165
102128	165
102164	165
102199	165
102222	165
102257	165
102292	165
102316	165
102351	165
102386	165
102410	165
102445	165
102480	165
102503	165
102539	165
102574	166
102609	166
102644	166
102667	166
102703	166
102726	166
102761	166
102785	166
102820	166
102843	166
102878	166
102914	166
102949	166
102972	166
103007	166
103031	166
103066	166
103101	166
103125	166
103160	166
103195	166
103218	166
103253	166
103289	166
103324	166
103359	166
103394	166
103417	166
103453	166
103488	166
103511	166
103535	166
103570	166
103605	166
103628	166
103664	166
103687	166
103722	166
103757	166
103781	166
103816	166
103851	166
103875	166
103910	166
103933	166
103968	166
104003	166
104027	166
104074	166
104109	166
104132	167
104167	167
104203	167
104226	167
104261	167
104285	167
104320	167
104355	167
104378	167
104414	167
104437	167
104472	167
104507	167
104531	167
104566	167
104601	167
104625	167
104660	167
104695	167
104718	167
104753	167
104789	167
104824	167
104859	167
104894	167
104929	167
104953	167
104988	167
105023	167
105046	167
105082	167
105117	167
105140	167
105175	167
105210	167
105234	167
105269	167
105304	167
105328	167
105363	167
105398	167
105433	167
105457	167
105492	167
105527	167
105562	167
105597	167
105632	167
105667	167
105691	167
105726	168
105750	168
105785	168
105820	168
105843	168
105878	168
105914	168
105937	168
105972	168
105996	168
106031	168
106066	168
106089	168
106125	168
106148	168
106183	168
106218	168
106242	168
106277	168
106312	168
106347	168
106382	168
106417	168
106441	168
106476	168
106511	168
106546	168
106570	168
106605	168
106640	168
106664	168
106699	168
106734	168
106769	168
106792	168
106828	168
106863	168
106886	168
106921	168
106945	168
106980	168
107015	168
107050	168
107085	168
107121	168
107156	168
107179	168
107214	168
107250	168
107285	168
107308	169
107343	169
107378	169
107402	169
107437	169
107472	169
107507	169
107542	169
107578	169
107601	169
107636	169
107671	169
107695	169
107730	169
107765	169
107800	169
107835	169
107871	169
107906	169
107929	169
107964	169
108000	169
108035	169
108070	169
108105	169
108128	169
108164	169
108199	169
108234	169
108269	169
108304	169
108328	169
108363	169
108386	169
108410	169
108445	169
108480	169
108503	169
108539	169
108574	169
108597	169
108632	169
108667	169
108691	169
108726	169
108761	169
108796	169
108832	169
108855	169
108890	169
108925	170
108972	170
109007	170
109031	170
109066	170
109101	170
109136	170
109160	170
109195	170
109230	170
109253	170
109289	170
109324	170
109347	170
109382	170
109417	170
109453	170
109476	170
109511	170
109546	170
109570	170
109605	170
109640	170
109675	170
109710	170
109757	170
109781	170
109816	170
109851	170
109886	170
109910	170
109945	170
109980	170
110015	170
110039	170
110074	170
110109	170
110132	170
110167	170
110203	170
110238	170
110273	170
110308	170
110332	170
110367	170
110402	170
110437	170
110484	170
110519	170
110542	170
110578	171
110613	171
110648	171
110671	171
110707	171
110730	171
110765	171
110800	171
110824	171
110859	171
110882	171
110917	171
110953	171
110976	171
111011	171
111035	171
111070	171
111093	171
111128	171
111164	171
111210	171
111246	171
111281	171
111304	171
111339	171
111375	171
111410	171
111445	171
111480	171
111503	171
111539	171
111574	171
111597	171
111632	171
111667	171
111703	171
111726	171
111750	171
111785	171
111808	171
111843	171
111878	171
111902	171
111937	171
111972	171
112007	171
112042	171
112078	171
112113	171
112148	171
112171	172
112207	172
112242	172
112277	172
112312	172
112335	172
112371	172
112406	172
112441	172
112476	172
112500	172
112535	172
112558	172
112593	172
112628	172
112664	172
112699	172
112734	172
112757	172
112792	172
112828	172
112863	172
112886	172
112921	172
112957	172
112980	172
113015	172
113050	172
113074	172
113109	172
113144	172
113167	172
113203	172
113226	172
113261	172
113285	172
113308	172
113343	172
113378	172
113402	172
113437	172
113472	172
113507	172
113542	172
113566	172
113601	172
113648	172
113683	172
113707	172
113742	172
113777	173
113812	173
113847	173
113882	173
113906	173
113941	173
113976	173
114000	173
114035	173
114070	173
114093	173
114128	173
114164	173
114199	173
114222	173
114257	173
114292	173
114328	173
114351	173
114386	173
114421	173
114457	173
114480	173
114515	173
114550	173
114585	173
114621	173
114656	173
114679	173
114714	173
114750	173
114773	173
114796	173
114832	173
114867	173
114902	173
114925	173
114960	173
114996	173
115019	173
115054	173
115089	173
115113	173
115148	173
115183	173
115218	173
115242	173
115277	173
115312	173
115347	173
115382	174
115417	174
115441	174
115476	174
115500	174
115535	174
115558	174
115593	174
115628	174
115652	174
115687	174
115722	174
115746	174
115781	174
115816	174
115839	174
115875	174
115910	174
115933	174
115968	174
116003	174
116027	174
116074	174
116109	174
116132	174
116167	174
116203	174
116238	174
116261	174
116296	174
116320	174
116355	174
116390	174
116414	174
116449	174
116472	174
116507	174
116542	174
116578	174
116601	174
116636	174
116671	174
116695	174
116730	174
116765	174
116800	174
116835	174
116871	174
116906	174
116941	174
116964	175
117000	175
117035	175
117058	175
117093	175
117128	175
117152	175
117187	175
117222	175
117246	175
117281	175
117316	175
117339	175
117375	175
117410	175
117445	175
117468	175
117503	175
117539	175
117574	175
117609	175
117644	175
117679	175
117703	175
117738	175
117761	175
117796	175
117820	175
117855	175
117890	175
117914	175
117949	175
117972	175
118007	175
118042	175
118066	175
118101	175
118125	175
118160	175
118195	175
118218	175
118253	175
118289	175
118324	175
118359	175
118382	175
118417	175
118453	175
118476	175
118511	175
118546	176
118570	176
118605	176
118640	176
118675	176
118699	176
118734	176
118769	176
118804	176
118828	176
118863	176
118898	176
118921	176
118957	176
118992	176
119015	176
119050	176
119085	176
119121	176
119156	176
119179	176
119214	176
119250	176
119285	176
119308	176
119343	176
119378	176
119414	176
119449	176
119484	176
119507	176
119542	176
119578	176
119601	176
119636	176
119671	176
119695	176
119730	176
119765	176
119789	176
119824	176
119859	176
119894	176
119929	176
119964	176
120000	176
120035	176
120058	176
120093	176
120128	176
120164	177
120199	177
120222	177
120257	177
120292	177
120328	177
120351	177
120375	177
120398	177
120433	177
120468	177
120492	177
120527	177
120550	177
120585	177
120621	177
120644	177
120679	177
120714	177
120738	177
120773	177
120808	177
120843	177
120867	177
120902	177
120949	177
120984	177
121019	177
121042	177
121078	177
121113	177
121136	177
121171	177
121207	177
121230	177
121265	177
121300	177
121324	177
121359	177
121394	177
121417	177
121453	177
121488	177
121511	177
121546	177
121582	177
121605	177
121640	177
121675	177
121722	177
121757	178
121781	178
121816	178
121851	178
121886	178
121910	178
121945	178
121968	178
122003	178
122039	178
122062	178
122097	178
122132	178
122167	178
122191	178
122226	178
122261	178
122296	178
122320	178
122355	178
122390	178
122425	178
122460	178
122496	178
122531	178
122554	178
122589	178
122625	178
122648	178
122683	178
122718	178
122742	178
122777	178
122800	178
122835	178
122859	178
122894	178
122917	178
122953	178
122976	178
123011	178
123046	178
123070	178
123105	178
123128	178
123175	178
123210	178
123246	178
123281	178
123304	178
123339	179
123375	179
123410	179
123445	179
123480	179
123503	179
123539	179
123574	179
123597	179
123632	179
123667	179
123691	179
123726	179
123750	179
123773	179
123808	179
123832	179
123867	179
123902	179
123937	179
123972	179
123996	179
124031	179
124066	179
124101	179
124125	179
124160	179
124195	179
124218	179
124253	179
124289	179
124324	179
124347	179
124382	179
124417	179
124453	179
124476	179
124500	179
124535	179
124570	179
124593	179
124628	179
124664	179
124687	179
124722	179
124757	179
124792	179
124816	179
124851	179
124886	179
124910	180
124945	180
124968	180
125003	180
125039	180
125062	180
125097	180
125121	180
125156	180
125191	180
125214	180
125238	180
125261	180
125296	180
125320	180
125355	180
125390	180
125414	180
125449	180
125484	180
125519	180
125542	180
125578	180
125613	180
125648	180
125683	180
125718	180
125742	180
125777	180
125812	180
125847	180
125882	180
125917	180
125941	180
125976	180
126000	180
126035	180
126058	180
126093	180
126128	180
126152	180
126187	180
126222	180
126246	180
126281	180
126316	180
126339	180
126375	180
126410	180
126433	180
126468	181
126503	181
126527	181
126562	181
126597	181
126621	181
126656	181
126691	181
126714	181
126750	181
126773	181
126796	181
126832	181
126867	181
126890	181
126925	181
126949	181
126984	181
127007	181
127042	181
127078	181
127101	181
127136	181
127171	181
127195	181
127230	181
127253	181
127289	181
127324	181
127359	181
127394	181
127417	181
127453	181
127476	181
127511	181
127535	181
127570	181
127593	181
127628	181
127664	181
127687	181
127722	181
127746	181
127781	181
127816	181
127839	181
127875	181
127898	181
127933	181
127957	181
127992	182
128027	182
128062	182
128097	182
128132	182
128156	182
128191	182
128226	182
128250	182
128285	182
128308	182
128343	182
128367	182
128402	182
128425	182
128460	182
128484	182
128519	182
128554	182
128578	182
128613	182
128648	182
128671	182
128707	182
128730	182
128765	182
128800	182
128835	182
128871	182
128906	182
128929	182
128964	182
128988	182
129023	182
129046	182
129082	182
129117	182
129140	182
129175	182
129199	182
129234	182
129257	182
129292	182
129328	182
129351	182
129386	182
129421	182
129445	182
129480	182
129503	182
129539	183
129574	183
129609	183
129644	183
129667	183
129703	183
129738	183
129761	183
129796	183
129820	183
129855	183
129878	183
129914	183
129937	183
129972	183
129996	183
130031	183
130066	183
130089	183
130125	183
130148	183
130183	183
130207	183
130242	183
130277	183
130312	183
130347	183
130382	183
130406	183
130441	183
130476	183
130500	183
130535	183
130570	183
130593	183
130628	183
130664	183
130687	183
130722	183
130757	183
130781	183
130816	183
130851	183
130875	183
130910	183
130933	183
130968	183
130992	183
131027	183
131062	183
131097	184
131121	184
131156	184
131191	184
131214	184
131250	184
131285	184
131308	184
131343	184
131367	184
131402	184
131437	184
131472	184
131496	184
131531	184
131554	184
131589	184
131625	184
131648	184
131683	184
131707	184
131742	184
131765	184
131800	184
131835	184
131871	184
131906	184
131929	184
131964	184
132000	184
132035	184
132070	184
132093	184
132128	184
132164	184
132199	184
132222	184
132257	184
132292	184
132316	184
132351	184
132375	184
132398	184
132433	184
132457	184
132492	184
132527	184
132550	184
132585	184
132609	184
132644	185
132679	185
132703	185
132738	185
132773	185
132808	185
132832	185
132867	185
132902	185
132937	185
132972	185
133007	185
133042	185
133066	185
133101	185
133125	185
133160	185
133183	185
133218	185
133253	185
133277	185
133312	185
133335	185
133371	185
133406	185
133429	185
133464	185
133488	185
133523	185
133558	185
133582	185
133617	185
133652	185
133687	185
133722	185
133757	185
133781	185
133816	185
133851	185
133875	185
133910	185
133933	185
133968	185
134003	185
134027	185
134062	185
134085	185
134121	185
134156	185
134179	185
134214	186
134250	186
134273	186
134308	186
134343	186
134367	186
134402	186
134437	186
134484	186
134519	186
134542	186
134578	186
134601	186
134636	186
134671	186
134695	186
134730	186
134753	186
134789	186
134812	186
134847	186
134871	186
134906	186
134941	186
134964	186
134988	186
135023	186
135058	186
135082	186
135117	186
135140	186
135187	186
135222	186
135257	186
135292	186
135316	186
135351	186
135386	186
135421	186
135457	186
135480	186
135515	186
135550	186
135574	186
135609	186
135632	186
135667	186
135703	186
135726	186
135750	186
135773	187
135808	187
135832	187
135867	187
135902	187
135925	187
135960	187
135996	187
136031	187
136054	187
136089	187
136125	187
136160	187
136183	187
136218	187
136253	187
136277	187
136312	187
136347	187
136371	187
136406	187
136441	187
136464	187
136500	187
136523	187
136558	187
136582	187
136617	187
136652	187
136675	187
136710	187
136746	187
136781	187
136804	187
136839	187
136875	187
136898	187
136933	187
136957	187
136992	187
137027	187
137050	187
137085	187
137109	187
137144	187
137179	187
137214	187
137238	187
137261	187
137285	187
137320	188
137343	188
137378	188
137402	188
137437	188
137472	188
137507	188
137542	188
137566	188
137601	188
137636	188
137671	188
137707	188
137730	188
137765	188
137800	188
137835	188
137871	188
137906	188
137929	188
137964	188
137988	188
138023	188
138046	188
138082	188
138105	188
138140	188
138175	188
138199	188
138234	188
138269	188
138292	188
138328	188
138363	188
138386	188
138421	188
138445	188
138480	188
138515	188
138539	188
138574	188
138609	188
138632	188
138667	188
138703	188
138726	188
138750	188
138785	188
138808	188
138843	188
138867	189
138902	189
138925	189
138960	189
138984	189
139019	189
139054	189
139078	189
139113	189
139136	189
139171	189
139195	189
139230	189
139265	189
139300	189
139335	189
139359	189
139394	189
139429	189
139453	189
139488	189
139511	189
139546	189
139570	189
139605	189
139640	189
139664	189
139699	189
139722	189
139757	189
139792	189
139816	189
139851	189
139875	189
139910	189
139945	189
139968	189
140003	189
140039	189
140074	189
140109	189
140144	189
140167	189
140203	189
140226	189
140261	189
140285	189
140320	189
140343	189
140378	189
140414	190
140437	190
140472	190
140496	190
140531	190
140554	190
140589	190
140613	190
140648	190
140683	190
140707	190
140742	190
140765	190
140800	190
140847	190
140871	190
140906	190
140941	190
140964	190
141000	190
141023	190
141058	190
141082	190
141117	190
141140	190
141175	190
141210	190
141234	190
141269	190
141292	190
141328	190
141363	190
141386	190
141421	190
141457	190
141480	190
141515	190
141550	190
141585	190
141621	190
141656	190
141679	190
141714	190
141750	190
141773	190
141796	190
141832	190
141867	190
141890	190
141925	190
141960	191
141984	191
142019	191
142054	191
142078	191
142113	191
142136	191
142171	191
142195	191
142230	191
142265	191
142300	191
142335	191
142359	191
142394	191
142429	191
142464	191
142488	191
142523	191
142558	191
142582	191
142617	191
142652	191
142675	191
142710	191
142746	191
142769	191
142804	191
142839	191
142863	191
142898	191
142921	191
142957	191
142980	191
143015	191
143050	191
143085	191
143109	191
143144	191
143179	191
143203	191
143238	191
143261	191
143296	191
143332	191
143355	191
143390	191
143425	191
143449	191
143484	191
143519	192
143542	192
143578	192
143613	192
143636	192
143671	192
143695	192
143730	192
143753	192
143789	192
143824	192
143859	192
143894	192
143917	192
143953	192
143988	192
144023	192
144058	192
144082	192
144117	192
144152	192
144187	192
144222	192
144246	192
144281	192
144316	192
144339	192
144375	192
144398	192
144421	192
144457	192
144492	192
144515	192
144550	192
144574	192
144609	192
144644	192
144667	192
144703	192
144738	192
144773	192
144808	192
144832	192
144867	192
144890	192
144937	192
144972	192
145007	192
145031	192
145066	192
145101	193
145125	193
145160	193
145183	193
145218	193
145253	193
145277	193
145312	193
145335	193
145371	193
145394	193
145429	193
145464	193
145488	193
145523	193
145546	193
145582	193
145605	193
145640	193
145675	193
145710	193
145746	193
145781	193
145804	193
145839	193
145875	193
145898	193
145933	193
145957	193
145992	193
146027	193
146050	193
146085	193
146109	193
146144	193
146179	193
146203	193
146238	193
146273	193
146296	193
146332	193
146355	193
146390	193
146437	193
146472	193
146507	193
146542	193
146566	193
146601	193
146625	193
146660	194
146695	194
146718	194
146753	194
146777	194
146812	194
146835	194
146871	194
146894	194
146929	194
146964	194
146988	194
147011	194
147046	194
147070	194
147105	194
147140	194
147175	194
147210	194
147246	194
147281	194
147304	194
147339	194
147375	194
147410	194
147445	194
147468	194
147503	194
147527	194
147562	194
147585	194
147621	194
147644	194
147679	194
147714	194
147738	194
147761	194
147785	194
147820	194
147843	194
147878	194
147902	194
147937	194
147972	194
148007	194
148031	194
148066	194
148101	194
148125	194
148160	194
148195	195
148218	195
148253	195
148277	195
148312	195
148347	195
148371	195
148406	195
148441	195
148464	195
148500	195
148523	195
148558	195
148582	195
148617	195
148652	195
148675	195
148710	195
148746	195
148781	195
148804	195
148839	195
148875	195
148898	195
148933	195
148957	195
148992	195
149027	195
149050	195
149085	195
149109	195
149144	195
149179	195
149203	195
149238	195
149261	195
149285	195
149308	195
149343	195
149367	195
149402	195
149437	195
149472	195
149496	195
149531	195
149566	195
149589	195
149625	195
149660	195
149695	195
149730	196
149753	196
149789	196
149824	196
149859	196
149894	196
149917	196
149953	196
149976	196
150011	196
150035	196
150070	196
150093	196
150128	196
150164	196
150187	196
150222	196
150257	196
150281	196
150316	196
150339	196
150375	196
150410	196
150433	196
150468	196
150503	196
150527	196
150562	196
150597	196
150621	196
150656	196
150691	196
150714	196
150750	196
150773	196
150796	196
150832	196
150867	196
150890	196
150925	196
150949	196
150984	196
151007	196
151042	196
151078	196
151101	196
151136	196
151171	196
151195	196
151230	196
151253	197
151289	197
151324	197
151359	197
151394	197
151417	197
151453	197
151488	197
151511	197
151535	197
151570	197
151593	197
151628	197
151664	197
151687	197
151722	197
151746	197
151781	197
151816	197
151839	197
151875	197
151898	197
151933	197
151957	197
151992	197
152027	197
152062	197
152097	197
152132	197
152156	197
152191	197
152214	197
152250	197
152273	197
152308	197
152332	197
152367	197
152402	197
152425	197
152460	197
152484	197
152519	197
152542	197
152578	197
152613	197
152636	197
152671	197
152695	197
152730	197
152765	197
152800	198
152835	198
152871	198
152894	198
152929	198
152964	198
152988	198
153023	198
153046	198
153082	198
153117	198
153140	198
153175	198
153199	198
153234	198
153269	198
153292	198
153328	198
153351	198
153386	198
153421	198
153445	198
153480	198
153515	198
153550	198
153585	198
153621	198
153656	198
153679	198
153714	198
153738	198
153773	198
153796	198
153832	198
153867	198
153890	198
153925	198
153949	198
153984	198
154007	198
154042	198
154078	198
154101	198
154136	198
154160	198
154195	198
154218	198
154253	198
154289	198
154324	198
154359	199
154382	199
154417	199
154453	199
154476	199
154511	199
154546	199
154570	199
154605	199
154640	199
154664	199
154699	199
154734	199
154757	199
154792	199
154828	199
154851	199
154886	199
154910	199
154945	199
154968	199
155003	199
155039	199
155062	199
155097	199
155132	199
155167	199
155191	199
155226	199
155261	199
155285	199
155320	199
155343	199
155378	199
155414	199
155449	199
155484	199
155507	199
155542	199
155578	199
155601	199
155636	199
155660	199
155695	199
155718	199
155753	199
155789	199
155824	199
155859	199
155882	199
155917	200
155953	200
155976	200
156023	200
156046	200
156082	200
156105	200
156140	200
156175	200
156210	200
156246	200
156269	200
156304	200
156339	200
156363	200
156386	200
156410	200
156445	200
156468	200
156503	200
156539	200
156562	200
156597	200
156621	200
156656	200
156691	200
156714	200
156750	200
156785	200
156808	200
156843	200
156867	200
156902	200
156949	200
156984	200
157007	200
157042	200
157078	200
157101	200
157136	200
157160	200
157195	200
157230	200
157253	200
157289	200
157312	200
157347	200
157371	200
157406	200
157441	200
157464	201
157500	201
157523	201
157558	201
157593	201
157617	201
157652	201
157687	201
157722	201
157757	201
157792	201
157816	201
157851	201
157886	201
157910	201
157945	201
157968	201
158003	201
158039	201
158062	201
158097	201
158121	201
158156	201
158191	201
158214	201
158250	201
158285	201
158308	201
158343	201
158367	201
158402	201
158449	201
158484	201
158519	201
158542	201
158578	201
158601	201
158636	201
158671	201
158695	201
158730	201
158753	201
158789	201
158812	201
158847	201
158871	201
158906	201
158929	201
158964	201
158988	201
159023	202
159046	202
159082	202
159105	202
timepoint: 185.66