0	0
0	0
0	0
0	0
0	0
0	0
0	0
0	0
0	0
0	0
0	0
0	0
0	0
0	0
0	0
0	0
0	0
0	0
0	0
0	0
0	0
0	0
0	0
0	0
0	0
0	0
0	0
0	0
0	0
0	0
0	0
0	0
0	0
0	0
0	0
0	0
0	0
0	0
0	0
0	0
0	0
0	0
0	0
0	0
0	0
0	0
0	0
0	0
0	0
0	0
0	1
0	1
0	1
0	1
0	1
0	1
0	1
0	1
0	1
0	1
0	1
0	1
0	1
0	1
0	1
0	1
0	1
0	1
0	1
0	1
0	1
0	1
0	1
0	1
0	1
0	1
0	1
0	1
0	1
0	1
0	1
0	1
0	1
0	1
0	1
0	1
0	1
0	1
0	1
0	1
0	1
0	1
0	1
0	1
0	1
0	1
0	1
0	1
0	1
0	1
0	2
0	2
0	2
0	2
0	2
0	2
0	2
0	2
0	2
0	2
0	2
0	2
0	2
0	2
0	2
0	2
0	2
0	2
0	2
0	2
0	2
0	2
0	2
0	2
0	2
0	2
0	2
0	2
0	2
0	2
0	2
0	2
0	2
0	2
0	2
0	2
0	2
0	2
0	2
0	2
0	2
0	2
0	2
0	2
0	2
0	2
0	2
0	2
0	2
0	2
0	3
0	3
0	3
0	3
0	3
0	3
0	3
0	3
0	3
0	3
0	3
0	3
0	3
0	3
0	3
0	3
0	3
0	3
0	3
0	3
0	3
0	3
0	3
0	3
0	3
0	3
0	3
0	3
0	3
0	3
0	3
0	3
0	3
0	3
0	3
0	3
0	3
0	3
0	3
0	3
0	3
0	3
0	3
0	3
0	3
0	3
0	3
0	3
0	3
0	3
0	4
0	4
0	4
0	4
0	4
0	4
0	4
0	4
0	4
0	4
0	4
0	4
0	4
0	4
0	4
0	4
0	4
0	4
0	4
0	4
0	4
0	4
0	4
0	4
11	4
11	4
11	4
11	4
11	4
11	4
11	4
11	4
11	4
23	4
23	4
23	4
23	4
23	4
23	4
23	4
23	4
23	4
23	4
23	4
35	4
35	4
35	4
35	4
35	4
35	4
35	5
35	5
35	5
35	5
35	5
35	5
35	5
35	5
35	5
35	5
23	5
23	5
23	5
23	5
23	5
23	5
23	5
23	5
23	5
23	5
23	5
23	5
23	5
11	5
11	5
11	5
11	5
11	5
11	5
11	5
11	5
11	5
11	5
11	5
11	5
11	5
11	5
11	5
11	5
11	5
11	5
11	5
11	5
11	5
11	5
11	5
11	5
11	5
11	5
11	5
11	6
23	6
23	6
23	6
23	6
23	6
23	6
23	6
23	6
23	6
23	6
23	6
35	6
35	6
35	6
35	6
35	6
35	6
35	6
35	6
35	6
35	6
35	6
35	6
35	6
35	6
35	6
35	6
35	6
35	6
35	6
35	6
35	6
35	6
35	6
35	6
35	6
35	6
35	6
35	6
35	6
35	6
35	6
35	6
35	6
23	6
23	6
23	6
23	6
23	6
23	7
23	7
23	7
23	7
23	7
23	7
23	7
23	7
23	7
23	7
23	7
23	7
23	7
23	7
23	7
23	7
23	7
23	7
23	7
23	7
35	7
35	7
35	7
35	7
35	7
35	7
35	7
35	7
35	7
35	7
35	7
35	7
35	7
35	7
35	7
35	7
46	7
46	7
46	7
46	7
46	7
46	7
46	7
46	7
46	7
46	7
46	7
46	7
46	7
46	7
46	8
46	8
46	8
46	8
46	8
46	8
46	8
46	8
46	8
46	8
46	8
35	8
35	8
35	8
35	8
35	8
35	8
35	8
35	8
35	8
35	8
35	8
35	8
35	8
35	8
35	8
35	8
35	8
35	8
35	8
35	8
35	8
35	8
35	8
35	8
35	8
35	8
35	8
35	8
35	8
35	8
35	8
35	8
35	8
35	8
35	8
35	8
35	8
35	8
35	8
35	9
46	9
46	9
46	9
46	9
46	9
46	9
46	9
46	9
46	9
46	9
46	9
46	9
46	9
46	9
46	9
46	9
46	9
46	9
46	9
46	9
46	9
46	9
46	9
46	9
46	9
46	9
46	9
46	9
46	9
46	9
46	9
46	9
46	9
46	9
46	9
46	9
46	9
46	9
46	9
46	9
46	9
46	9
46	9
46	9
35	9
35	9
35	9
35	9
35	9
35	10
35	10
35	10
35	10
35	10
35	10
35	10
35	10
35	10
35	10
35	10
35	10
35	10
35	10
35	10
35	10
46	10
46	10
46	10
46	10
46	10
46	10
46	10
46	10
46	10
46	10
46	10
46	10
46	10
46	10
46	10
46	10
46	10
46	10
46	10
46	10
46	10
46	10
46	10
46	10
46	10
46	10
46	10
46	10
46	10
46	10
46	10
46	10
46	10
46	10
46	11
46	11
46	11
46	11
46	11
46	11
46	11
46	11
46	11
46	11
46	11
46	11
46	11
46	11
46	11
46	11
46	11
46	11
46	11
46	11
46	11
46	11
46	11
46	11
46	11
46	11
46	11
46	11
46	11
46	11
46	11
46	11
46	11
46	11
46	11
46	11
46	11
46	11
46	11
46	11
46	11
46	11
46	11
46	11
46	11
46	11
46	11
46	11
46	11
46	11
46	12
46	12
46	12
46	12
46	12
46	12
46	12
46	12
46	12
46	12
46	12
46	12
46	12
46	12
46	12
46	12
46	12
46	12
46	12
46	12
46	12
46	12
46	12
46	12
46	12
46	12
46	12
46	12
46	12
46	12
46	12
46	12
46	12
46	12
46	12
46	12
46	12
46	12
46	12
46	12
46	12
46	12
46	12
46	12
46	12
46	12
46	12
46	12
46	12
46	12
46	13
46	13
46	13
46	13
46	13
46	13
46	13
46	13
46	13
46	13
46	13
46	13
46	13
46	13
46	13
46	13
46	13
46	13
46	13
46	13
46	13
46	13
46	13
46	13
46	13
46	13
46	13
46	13
46	13
46	13
46	13
46	13
46	13
46	13
46	13
46	13
46	13
46	13
46	13
46	13
46	13
46	13
46	13
46	13
46	13
46	13
46	13
46	13
46	13
46	13
46	14
46	14
46	14
46	14
46	14
46	14
46	14
46	14
46	14
46	14
46	14
46	14
46	14
46	14
46	14
46	14
46	14
46	14
46	14
46	14
46	14
46	14
46	14
46	14
46	14
46	14
46	14
46	14
46	14
46	14
46	14
46	14
46	14
46	14
46	14
46	14
46	14
46	14
46	14
46	14
46	14
46	14
46	14
46	14
46	14
46	14
46	14
46	14
46	14
46	14
46	15
46	15
46	15
46	15
46	15
46	15
46	15
46	15
46	15
46	15
46	15
46	15
46	15
46	15
46	15
46	15
46	15
46	15
46	15
46	15
46	15
46	15
46	15
46	15
46	15
46	15
46	15
46	15
46	15
46	15
46	15
46	15
46	15
46	15
46	15
46	15
46	15
46	15
46	15
46	15
46	15
46	15
46	15
46	15
46	15
46	15
46	15
46	15
46	15
46	15
46	16
46	16
46	16
46	16
46	16
46	16
46	16
46	16
46	16
46	16
46	16
46	16
46	16
46	16
46	16
46	16
46	16
46	16
46	16
46	16
46	16
46	16
46	16
46	16
46	16
46	16
46	16
46	16
46	16
46	16
46	16
46	16
46	16
46	16
46	16
46	16
46	16
46	16
46	16
46	16
46	16
46	16
46	16
46	16
46	16
46	16
46	16
46	16
46	16
46	16
46	17
46	17
46	17
46	17
46	17
46	17
46	17
46	17
46	17
46	17
46	17
46	17
46	17
46	17
46	17
46	17
46	17
46	17
46	17
46	17
46	17
46	17
46	17
46	17
46	17
46	17
46	17
46	17
46	17
46	17
46	17
46	17
46	17
46	17
46	17
46	17
46	17
46	17
46	17
46	17
46	17
46	17
46	17
46	17
46	17
46	17
46	17
46	17
46	17
46	17
46	18
46	18
46	18
46	18
46	18
46	18
46	18
46	18
46	18
46	18
46	18
46	18
46	18
46	18
46	18
46	18
46	18
46	18
46	18
46	18
46	18
46	18
46	18
46	18
46	18
46	18
46	18
46	18
46	18
46	18
46	18
46	18
46	18
46	18
46	18
46	18
46	18
46	18
46	18
46	18
46	18
46	18
46	18
46	18
46	18
46	18
46	18
46	18
46	18
46	18
46	19
46	19
46	19
46	19
46	19
46	19
46	19
46	19
46	19
46	19
46	19
46	19
46	19
46	19
46	19
46	19
46	19
46	19
46	19
46	19
46	19
46	19
46	19
46	19
46	19
46	19
46	19
46	19
46	19
46	19
46	19
46	19
46	19
46	19
46	19
46	19
46	19
46	19
46	19
46	19
46	19
46	19
46	19
46	19
46	19
46	19
46	19
46	19
46	19
46	19
46	20
46	20
46	20
46	20
46	20
46	20
46	20
46	20
46	20
46	20
46	20
46	20
46	20
46	20
46	20
46	20
46	20
46	20
46	20
46	20
46	20
46	20
46	20
46	20
46	20
46	20
46	20
46	20
46	20
46	20
46	20
46	20
46	20
46	20
46	20
46	20
46	20
46	20
46	20
46	20
46	20
46	20
46	20
46	20
46	20
46	20
46	20
46	20
46	20
46	20
46	21
46	21
46	21
46	21
46	21
46	21
46	21
46	21
46	21
46	21
46	21
46	21
46	21
46	21
46	21
46	21
46	21
46	21
46	21
46	21
46	21
46	21
46	21
46	21
46	21
46	21
46	21
46	21
46	21
46	21
46	21
46	21
46	21
46	21
46	21
46	21
46	21
46	21
46	21
46	21
46	21
46	21
46	21
46	21
46	21
46	21
46	21
46	21
46	21
46	21
46	22
46	22
46	22
46	22
46	22
46	22
46	22
46	22
46	22
46	22
46	22
46	22
46	22
46	22
46	22
46	22
46	22
46	22
46	22
46	22
46	22
46	22
46	22
46	22
46	22
46	22
46	22
46	22
46	22
46	22
46	22
46	22
46	22
46	22
46	22
46	22
46	22
46	22
46	22
46	22
46	22
46	22
46	22
46	22
46	22
46	22
46	22
46	22
46	22
46	22
46	23
46	23
46	23
46	23
46	23
46	23
46	23
46	23
46	23
46	23
46	23
46	23
46	23
46	23
46	23
46	23
46	23
46	23
46	23
46	23
46	23
46	23
46	23
46	23
46	23
46	23
46	23
46	23
46	23
46	23
46	23
46	23
46	23
46	23
46	23
46	23
46	23
46	23
46	23
46	23
46	23
46	23
46	23
46	23
46	23
46	23
46	23
46	23
46	23
46	23
46	24
46	24
46	24
46	24
46	24
46	24
46	24
46	24
46	24
46	24
46	24
46	24
46	24
46	24
46	24
46	24
46	24
46	24
46	24
46	24
46	24
46	24
46	24
46	24
46	24
46	24
46	24
46	24
46	24
46	24
46	24
46	24
46	24
46	24
46	24
46	24
46	24
46	24
46	24
46	24
46	24
46	24
46	24
46	24
46	24
46	24
46	24
46	24
46	24
46	24
46	25
46	25
46	25
46	25
46	25
46	25
46	25
46	25
46	25
46	25
46	25
46	25
46	25
46	25
46	25
46	25
46	25
46	25
46	25
46	25
46	25
46	25
46	25
46	25
46	25
46	25
46	25
46	25
46	25
46	25
46	25
46	25
46	25
46	25
46	25
46	25
46	25
46	25
46	25
46	25
46	25
46	25
46	25
46	25
46	25
46	25
46	25
46	25
46	25
46	25
46	26
46	26
46	26
46	26
46	26
46	26
46	26
46	26
46	26
46	26
46	26
46	26
46	26
46	26
46	26
46	26
46	26
46	26
46	26
46	26
46	26
46	26
46	26
46	26
46	26
46	26
46	26
46	26
46	26
46	26
46	26
46	26
46	26
46	26
46	26
46	26
46	26
46	26
46	26
46	26
46	26
46	26
46	26
46	26
46	26
46	26
46	26
46	26
46	26
46	26
46	27
46	27
46	27
46	27
46	27
46	27
46	27
46	27
46	27
46	27
46	27
46	27
46	27
46	27
46	27
46	27
46	27
46	27
46	27
46	27
46	27
46	27
46	27
46	27
46	27
46	27
46	27
46	27
46	27
46	27
46	27
46	27
46	27
46	27
46	27
46	27
46	27
46	27
46	27
46	27
46	27
46	27
46	27
46	27
46	27
46	27
46	27
46	27
46	27
46	27
46	28
46	28
46	28
46	28
46	28
46	28
46	28
46	28
46	28
46	28
46	28
46	28
46	28
46	28
46	28
46	28
46	28
46	28
46	28
46	28
46	28
46	28
46	28
46	28
46	28
46	28
46	28
46	28
46	28
46	28
46	28
46	28
46	28
46	28
46	28
46	28
46	28
46	28
46	28
46	28
46	28
46	28
46	28
46	28
46	28
46	28
46	28
46	28
46	28
46	28
46	29
46	29
46	29
46	29
46	29
46	29
46	29
46	29
46	29
46	29
46	29
46	29
46	29
46	29
46	29
46	29
46	29
46	29
46	29
46	29
46	29
46	29
46	29
46	29
46	29
46	29
46	29
46	29
46	29
46	29
46	29
46	29
46	29
46	29
46	29
46	29
46	29
46	29
46	29
46	29
46	29
46	29
46	29
46	29
46	29
46	29
46	29
46	29
46	29
46	29
46	30
46	30
46	30
46	30
46	30
46	30
46	30
46	30
46	30
46	30
46	30
46	30
46	30
46	30
46	30
46	30
46	30
46	30
46	30
46	30
46	30
46	30
46	30
46	30
46	30
46	30
46	30
46	30
46	30
46	30
46	30
46	30
46	30
46	30
46	30
46	30
46	30
46	30
46	30
46	30
46	30
46	30
46	30
46	30
46	30
46	30
46	30
46	30
46	30
46	30
46	31
46	31
46	31
46	31
46	31
46	31
46	31
46	31
46	31
46	31
46	31
46	31
46	31
46	31
46	31
46	31
46	31
46	31
46	31
46	31
46	31
46	31
46	31
46	31
46	31
46	31
46	31
46	31
46	31
46	31
46	31
46	31
46	31
46	31
46	31
46	31
46	31
46	31
46	31
46	31
46	31
46	31
46	31
46	31
46	31
46	31
46	31
46	31
58	31
58	31
58	32
58	32
58	32
58	32
58	32
58	32
58	32
58	32
58	32
58	32
58	32
58	32
58	32
58	32
58	32
58	32
58	32
58	32
58	32
58	32
58	32
58	32
58	32
58	32
58	32
58	32
58	32
58	32
58	32
58	32
58	32
58	32
58	32
70	32
70	32
70	32
70	32
70	32
70	32
70	32
70	32
70	32
70	32
70	32
70	32
70	32
70	32
70	32
70	32
70	32
70	33
70	33
70	33
70	33
82	33
82	33
82	33
82	33
82	33
82	33
82	33
82	33
82	33
82	33
82	33
82	33
82	33
82	33
82	33
93	33
93	33
93	33
93	33
93	33
93	33
93	33
93	33
93	33
93	33
93	33
105	33
105	33
105	33
105	33
105	33
105	33
105	33
105	33
105	33
105	33
105	33
105	33
105	33
117	33
117	33
117	33
117	33
117	33
117	33
117	33
117	34
117	34
117	34
117	34
117	34
117	34
117	34
128	34
128	34
128	34
128	34
128	34
128	34
128	34
128	34
128	34
128	34
128	34
128	34
128	34
140	34
140	34
140	34
140	34
140	34
140	34
140	34
140	34
140	34
140	34
140	34
152	34
152	34
152	34
152	34
152	34
152	34
152	34
152	34
152	34
152	34
152	34
152	34
164	34
164	34
164	34
164	34
164	34
164	34
164	34
175	35
175	35
175	35
175	35
175	35
175	35
175	35
175	35
175	35
175	35
175	35
187	35
187	35
187	35
187	35
187	35
187	35
187	35
199	35
199	35
199	35
199	35
199	35
199	35
199	35
199	35
199	35
210	35
210	35
210	35
210	35
210	35
210	35
210	35
210	35
222	35
222	35
222	35
222	35
222	35
222	35
222	35
234	35
234	35
234	35
234	35
234	35
234	35
234	35
246	35
246	36
246	36
246	36
246	36
246	36
246	36
257	36
257	36
257	36
257	36
257	36
257	36
257	36
269	36
269	36
269	36
269	36
269	36
269	36
269	36
281	36
281	36
281	36
281	36
281	36
281	36
292	36
292	36
292	36
292	36
292	36
292	36
292	36
292	36
304	36
304	36
304	36
304	36
304	36
304	36
316	36
316	36
316	36
316	36
316	36
316	36
316	36
328	36
328	36
328	36
328	37
328	37
328	37
328	37
339	37
339	37
339	37
339	37
339	37
339	37
339	37
351	37
351	37
351	37
351	37
351	37
351	37
363	37
363	37
363	37
363	37
363	37
363	37
363	37
375	37
375	37
375	37
375	37
375	37
375	37
386	37
386	37
386	37
386	37
386	37
386	37
398	37
398	37
398	37
398	37
398	37
398	37
398	37
410	37
410	37
410	37
410	37
410	37
410	37
410	37
421	38
421	38
421	38
421	38
421	38
421	38
421	38
433	38
433	38
433	38
433	38
433	38
433	38
433	38
445	38
445	38
445	38
445	38
445	38
445	38
445	38
457	38
457	38
457	38
457	38
457	38
457	38
457	38
468	38
468	38
468	38
468	38
468	38
468	38
468	38
480	38
480	38
480	38
480	38
480	38
480	38
492	38
492	38
492	38
492	38
492	38
492	38
503	38
503	38
503	38
503	39
503	39
503	39
515	39
515	39
515	39
515	39
515	39
527	39
527	39
527	39
527	39
527	39
539	39
539	39
539	39
539	39
539	39
539	39
550	39
550	39
550	39
550	39
550	39
562	39
562	39
562	39
562	39
562	39
562	39
574	39
574	39
574	39
574	39
574	39
574	39
585	39
585	39
585	39
585	39
585	39
597	39
597	39
597	39
597	39
597	39
597	39
609	39
609	39
609	39
609	40
609	40
609	40
621	40
621	40
621	40
621	40
621	40
632	40
632	40
632	40
632	40
632	40
644	40
644	40
644	40
644	40
644	40
656	40
656	40
656	40
656	40
656	40
667	40
667	40
667	40
667	40
667	40
667	40
679	40
679	40
679	40
679	40
679	40
691	40
691	40
691	40
691	40
691	40
703	40
703	40
703	40
703	40
703	40
714	40
714	40
714	40
714	40
714	40
726	40
726	41
726	41
726	41
726	41
738	41
738	41
738	41
738	41
738	41
750	41
750	41
750	41
750	41
750	41
761	41
761	41
761	41
761	41
761	41
773	41
773	41
773	41
773	41
773	41
785	41
785	41
785	41
785	41
785	41
796	41
796	41
796	41
796	41
796	41
808	41
808	41
808	41
808	41
820	41
820	41
820	41
820	41
832	41
832	41
832	41
832	41
832	41
843	41
843	41
843	41
843	42
855	42
855	42
855	42
855	42
855	42
867	42
867	42
867	42
867	42
867	42
878	42
878	42
878	42
878	42
878	42
890	42
890	42
890	42
890	42
890	42
902	42
902	42
902	42
902	42
902	42
914	42
914	42
914	42
914	42
914	42
925	42
925	42
925	42
925	42
937	42
937	42
937	42
937	42
937	42
949	42
949	42
949	42
949	42
960	42
960	42
960	42
960	42
972	42
972	42
972	43
972	43
984	43
984	43
984	43
996	43
996	43
996	43
996	43
1007	43
1007	43
1007	43
1007	43
1019	43
1019	43
1019	43
1019	43
1031	43
1031	43
1031	43
1031	43
1042	43
1042	43
1042	43
1042	43
1042	43
1054	43
1054	43
1054	43
1054	43
1066	43
1066	43
1066	43
1066	43
1066	43
1078	43
1078	43
1078	43
1078	43
1078	43
1089	43
1089	43
1089	43
1089	43
1089	43
1101	43
1101	43
1101	43
1101	43
1101	43
1113	44
1113	44
1113	44
1113	44
1113	44
1125	44
1125	44
1125	44
1125	44
1125	44
1136	44
1136	44
1136	44
1136	44
1148	44
1148	44
1148	44
1148	44
1148	44
1160	44
1160	44
1160	44
1160	44
1171	44
1171	44
1171	44
1171	44
1183	44
1183	44
1183	44
1183	44
1183	44
1195	44
1195	44
1195	44
1195	44
1207	44
1207	44
1207	44
1207	44
1207	44
1218	44
1218	44
1218	44
1218	44
1218	44
1230	44
1230	44
1230	44
1230	44
1230	45
1230	45
1242	45
1242	45
1242	45
1242	45
1242	45
1253	45
1253	45
1253	45
1253	45
1253	45
1265	45
1265	45
1265	45
1265	45
1265	45
1277	45
1277	45
1277	45
1277	45
1289	45
1289	45
1289	45
1289	45
1289	45
1300	45
1300	45
1300	45
1300	45
1312	45
1312	45
1312	45
1312	45
1312	45
1324	45
1324	45
1324	45
1324	45
1335	45
1335	45
1335	45
1335	45
1335	45
1347	45
1347	45
1347	45
1347	45
1359	45
1359	45
1359	46
1359	46
1359	46
1371	46
1371	46
1371	46
1371	46
1382	46
1382	46
1382	46
1382	46
1382	46
1394	46
1394	46
1394	46
1394	46
1394	46
1406	46
1406	46
1406	46
1406	46
1417	46
1417	46
1417	46
1417	46
1417	46
1429	46
1429	46
1429	46
1429	46
1429	46
1441	46
1441	46
1441	46
1441	46
1453	46
1453	46
1453	46
1453	46
1453	46
1464	46
1464	46
1464	46
1464	46
1476	46
1476	46
1476	46
1476	46
1476	46
1488	46
1488	47
1488	47
1488	47
1500	47
1500	47
1500	47
1500	47
1500	47
1511	47
1511	47
1511	47
1511	47
1523	47
1523	47
1523	47
1523	47
1523	47
1535	47
1535	47
1535	47
1535	47
1535	47
1546	47
1546	47
1546	47
1546	47
1558	47
1558	47
1558	47
1558	47
1558	47
1570	47
1570	47
1570	47
1570	47
1582	47
1582	47
1582	47
1582	47
1593	47
1593	47
1593	47
1593	47
1593	47
1605	47
1605	47
1605	47
1605	47
1617	47
1617	47
1617	48
1617	48
1617	48
1628	48
1628	48
1628	48
1628	48
1628	48
1640	48
1640	48
1640	48
1640	48
1652	48
1652	48
1652	48
1652	48
1652	48
1664	48
1664	48
1664	48
1664	48
1675	48
1675	48
1675	48
1675	48
1675	48
1687	48
1687	48
1687	48
1687	48
1699	48
1699	48
1699	48
1699	48
1710	48
1710	48
1710	48
1710	48
1722	48
1722	48
1722	48
1734	48
1734	48
1734	48
1734	48
1746	48
1746	48
1746	48
1746	48
1757	48
1757	49
1757	49
1769	49
1769	49
1769	49
1769	49
1781	49
1781	49
1781	49
1792	49
1792	49
1792	49
1792	49
1804	49
1804	49
1804	49
1816	49
1816	49
1816	49
1816	49
1828	49
1828	49
1828	49
1828	49
1839	49
1839	49
1839	49
1839	49
1839	49
1851	49
1851	49
1851	49
1851	49
1863	49
1863	49
1863	49
1863	49
1863	49
1875	49
1875	49
1875	49
1875	49
1886	49
1886	49
1886	49
1886	49
1898	49
1898	49
1898	49
1898	49
1910	50
1910	50
1910	50
1910	50
1921	50
1921	50
1921	50
1933	50
1933	50
1933	50
1933	50
1945	50
1945	50
1945	50
1945	50
1957	50
1957	50
1957	50
1957	50
1968	50
1968	50
1968	50
1968	50
1980	50
1980	50
1980	50
1980	50
1992	50
1992	50
1992	50
1992	50
2003	50
2003	50
2003	50
2003	50
2015	50
2015	50
2015	50
2015	50
2027	50
2027	50
2027	50
2027	50
2039	50
2039	50
2039	50
2039	50
2050	50
2050	50
2050	50
2062	51
2062	51
2062	51
2062	51
2074	51
2074	51
2074	51
2074	51
2085	51
2085	51
2085	51
2085	51
2097	51
2097	51
2097	51
2097	51
2109	51
2109	51
2109	51
2109	51
2121	51
2121	51
2121	51
2132	51
2132	51
2132	51
2132	51
2144	51
2144	51
2144	51
2144	51
2156	51
2156	51
2156	51
2167	51
2167	51
2167	51
2167	51
2179	51
2179	51
2179	51
2179	51
2191	51
2191	51
2191	51
2203	51
2203	51
2203	51
2203	51
2214	51
2214	52
2214	52
2226	52
2226	52
2226	52
2226	52
2238	52
2238	52
2238	52
2250	52
2250	52
2250	52
2261	52
2261	52
2261	52
2261	52
2273	52
2273	52
2273	52
2273	52
2285	52
2285	52
2285	52
2296	52
2296	52
2296	52
2308	52
2308	52
2308	52
2320	52
2320	52
2320	52
2332	52
2332	52
2332	52
2343	52
2343	52
2343	52
2355	52
2355	52
2355	52
2355	52
2367	52
2367	52
2367	52
2378	52
2378	52
2378	52
2378	52
2390	52
2390	53
2390	53
2402	53
2402	53
2402	53
2402	53
2414	53
2414	53
2414	53
2425	53
2425	53
2425	53
2437	53
2437	53
2437	53
2449	53
2449	53
2460	53
2460	53
2460	53
2472	53
2472	53
2472	53
2484	53
2484	53
2496	53
2496	53
2507	53
2507	53
2507	53
2519	53
2519	53
2531	53
2531	53
2531	53
2542	53
2542	53
2554	53
2554	53
2554	53
2566	53
2566	53
2566	53
2578	53
2578	53
2578	53
2589	53
2589	53
2589	53
2601	53
2601	54
2601	54
2613	54
2613	54
2613	54
2625	54
2625	54
2625	54
2636	54
2636	54
2636	54
2648	54
2648	54
2648	54
2660	54
2660	54
2671	54
2671	54
2671	54
2683	54
2683	54
2683	54
2695	54
2695	54
2695	54
2707	54
2707	54
2707	54
2718	54
2718	54
2718	54
2730	54
2730	54
2730	54
2742	54
2742	54
2742	54
2753	54
2753	54
2753	54
2765	54
2765	54
2765	54
2777	54
2777	54
2789	54
2789	54
2789	54
2800	54
2800	54
2800	55
2812	55
2812	55
2812	55
2824	55
2824	55
2824	55
2835	55
2835	55
2835	55
2847	55
2847	55
2847	55
2859	55
2859	55
2859	55
2871	55
2871	55
2871	55
2882	55
2882	55
2882	55
2894	55
2894	55
2906	55
2906	55
2906	55
2917	55
2917	55
2917	55
2929	55
2929	55
2929	55
2941	55
2941	55
2941	55
2953	55
2953	55
2964	55
2964	55
2964	55
2976	55
2976	55
2988	55
2988	55
2988	55
3000	55
3000	55
3000	55
3011	55
3011	56
3023	56
3023	56
3023	56
3035	56
3035	56
3035	56
3046	56
3046	56
3046	56
3058	56
3058	56
3058	56
3070	56
3070	56
3070	56
3082	56
3082	56
3093	56
3093	56
3093	56
3105	56
3105	56
3105	56
3117	56
3117	56
3128	56
3128	56
3128	56
3140	56
3140	56
3140	56
3152	56
3152	56
3164	56
3164	56
3164	56
3175	56
3175	56
3187	56
3187	56
3199	56
3199	56
3199	56
3210	56
3210	56
3222	56
3222	56
3234	56
3234	56
3246	57
3246	57
3257	57
3257	57
3269	57
3269	57
3281	57
3292	57
3292	57
3304	57
3304	57
3316	57
3316	57
3316	57
3328	57
3328	57
3339	57
3339	57
3351	57
3351	57
3351	57
3363	57
3363	57
3363	57
3375	57
3375	57
3386	57
3386	57
3398	57
3398	57
3398	57
3410	57
3410	57
3421	57
3421	57
3433	57
3433	57
3445	57
3445	57
3457	57
3457	57
3468	57
3468	57
3480	57
3480	57
3492	57
3492	57
3492	57
3503	57
3503	57
3515	58
3515	58
3515	58
3527	58
3527	58
3539	58
3539	58
3550	58
3550	58
3562	58
3562	58
3562	58
3574	58
3574	58
3585	58
3585	58
3597	58
3597	58
3597	58
3609	58
3609	58
3621	58
3621	58
3632	58
3632	58
3644	58
3644	58
3644	58
3656	58
3656	58
3667	58
3667	58
3667	58
3679	58
3679	58
3691	58
3691	58
3703	58
3703	58
3714	58
3714	58
3726	58
3726	58
3726	58
3738	58
3738	58
3750	58
3750	58
3761	58
3761	58
3773	59
3773	59
3773	59
3785	59
3785	59
3796	59
3796	59
3796	59
3808	59
3808	59
3808	59
3820	59
3820	59
3820	59
3832	59
3832	59
3843	59
3843	59
3843	59
3855	59
3855	59
3867	59
3867	59
3878	59
3878	59
3878	59
3890	59
3890	59
3902	59
3902	59
3914	59
3914	59
3925	59
3925	59
3937	59
3937	59
3949	59
3949	59
3949	59
3960	59
3960	59
3972	59
3972	59
3984	59
3984	59
3996	59
3996	59
4007	59
4019	59
4019	59
4031	60
4031	60
4042	60
4042	60
4054	60
4054	60
4066	60
4066	60
4078	60
4078	60
4089	60
4089	60
4101	60
4101	60
4101	60
4113	60
4113	60
4125	60
4125	60
4136	60
4136	60
4148	60
4148	60
4160	60
4160	60
4171	60
4171	60
4183	60
4183	60
4195	60
4195	60
4207	60
4207	60
4218	60
4218	60
4230	60
4230	60
4242	60
4242	60
4253	60
4253	60
4265	60
4265	60
4265	60
4277	60
4277	60
4289	60
4289	60
4300	60
4300	60
4312	61
4312	61
4324	61
4324	61
4335	61
4335	61
4347	61
4347	61
4359	61
4359	61
4371	61
4371	61
4382	61
4394	61
4394	61
4406	61
4406	61
4417	61
4417	61
4429	61
4429	61
4441	61
4441	61
4453	61
4453	61
4464	61
4464	61
4476	61
4476	61
4488	61
4488	61
4500	61
4500	61
4511	61
4511	61
4523	61
4523	61
4535	61
4535	61
4546	61
4546	61
4558	61
4558	61
4570	61
4570	61
4582	61
4582	61
4593	61
4593	61
4605	61
4605	62
4617	62
4617	62
4628	62
4628	62
4628	62
4640	62
4652	62
4652	62
4664	62
4664	62
4675	62
4675	62
4687	62
4687	62
4699	62
4699	62
4710	62
4710	62
4722	62
4722	62
4734	62
4746	62
4746	62
4757	62
4757	62
4769	62
4781	62
4781	62
4792	62
4792	62
4804	62
4804	62
4816	62
4828	62
4828	62
4839	62
4839	62
4851	62
4851	62
4863	62
4863	62
4875	62
4875	62
4886	62
4886	62
4898	62
4898	62
4910	62
4921	62
4921	63
4933	63
4933	63
4945	63
4945	63
4957	63
4957	63
4968	63
4968	63
4980	63
4980	63
4992	63
4992	63
5003	63
5003	63
5015	63
5027	63
5027	63
5039	63
5039	63
5050	63
5050	63
5062	63
5062	63
5074	63
5074	63
5085	63
5097	63
5097	63
5109	63
5109	63
5121	63
5121	63
5132	63
5132	63
5144	63
5144	63
5156	63
5167	63
5167	63
5179	63
5179	63
5191	63
5191	63
5203	63
5203	63
5214	63
5214	63
5226	63
5238	63
5238	64
5250	64
5250	64
5261	64
5261	64
5273	64
5273	64
5285	64
5285	64
5296	64
5296	64
5308	64
5308	64
5320	64
5320	64
5320	64
5332	64
5332	64
5343	64
5343	64
5355	64
5355	64
5367	64
5378	64
5378	64
5390	64
5390	64
5402	64
5402	64
5414	64
5414	64
5425	64
5437	64
5437	64
5449	64
5449	64
5460	64
5460	64
5472	64
5484	64
5484	64
5496	64
5507	64
5507	64
5519	64
5519	64
5531	64
5542	64
5542	64
5554	64
5566	65
5566	65
5578	65
5578	65
5589	65
5601	65
5601	65
5613	65
5613	65
5625	65
5625	65
5636	65
5648	65
5648	65
5660	65
5660	65
5671	65
5683	65
5695	65
5695	65
5707	65
5718	65
5718	65
5730	65
5742	65
5742	65
5753	65
5753	65
5765	65
5765	65
5777	65
5789	65
5789	65
5800	65
5800	65
5812	65
5824	65
5824	65
5835	65
5847	65
5847	65
5859	65
5871	65
5871	65
5882	65
5894	65
5894	65
5906	65
5917	65
5917	65
5929	66
5941	66
5941	66
5953	66
5964	66
5964	66
5976	66
5976	66
5988	66
6000	66
6000	66
6011	66
6011	66
6023	66
6035	66
6035	66
6046	66
6046	66
6058	66
6058	66
6070	66
6082	66
6082	66
6093	66
6093	66
6105	66
6117	66
6117	66
6128	66
6128	66
6140	66
6152	66
6152	66
6164	66
6164	66
6175	66
6187	66
6187	66
6199	66
6199	66
6210	66
6222	66
6222	66
6234	66
6246	66
6246	66
6257	66
6269	66
6269	66
6281	66
6292	67
6292	67
6304	67
6304	67
6316	67
6328	67
6328	67
6339	67
6351	67
6351	67
6363	67
6375	67
6375	67
6386	67
6386	67
6398	67
6410	67
6410	67
6421	67
6433	67
6433	67
6445	67
6445	67
6457	67
6468	67
6468	67
6480	67
6492	67
6492	67
6503	67
6503	67
6515	67
6527	67
6527	67
6539	67
6550	67
6550	67
6562	67
6562	67
6574	67
6585	67
6585	67
6597	67
6609	67
6609	67
6621	67
6632	67
6644	67
6644	67
6656	67
6667	68
6667	68
6679	68
6691	68
6691	68
6703	68
6714	68
6714	68
6726	68
6726	68
6738	68
6750	68
6750	68
6761	68
6773	68
6773	68
6785	68
6796	68
6796	68
6808	68
6808	68
6820	68
6820	68
6832	68
6843	68
6843	68
6855	68
6855	68
6867	68
6878	68
6878	68
6890	68
6902	68
6902	68
6914	68
6925	68
6925	68
6937	68
6949	68
6949	68
6960	68
6972	68
6972	68
6984	68
6996	68
6996	68
7007	68
7019	68
7019	68
7031	68
7042	69
7042	69
7054	69
7066	69
7066	69
7078	69
7089	69
7089	69
7101	69
7113	69
7113	69
7125	69
7136	69
7136	69
7148	69
7160	69
7160	69
7171	69
7183	69
7183	69
7195	69
7207	69
7207	69
7218	69
7230	69
7230	69
7242	69
7253	69
7253	69
7265	69
7277	69
7277	69
7289	69
7300	69
7300	69
7312	69
7324	69
7335	69
7335	69
7347	69
7359	69
7371	69
7371	69
7382	69
7394	69
7406	69
7406	69
7417	69
7429	69
7441	69
7441	70
7453	70
7464	70
7464	70
7476	70
7488	70
7500	70
7500	70
7511	70
7523	70
7523	70
7535	70
7546	70
7546	70
7558	70
7570	70
7570	70
7582	70
7593	70
7593	70
7605	70
7617	70
7617	70
7628	70
7640	70
7640	70
7652	70
7664	70
7675	70
7675	70
7687	70
7699	70
7699	70
7710	70
7722	70
7722	70
7734	70
7746	70
7746	70
7757	70
7769	70
7769	70
7781	70
7792	70
7804	70
7804	70
7816	70
7828	70
7828	70
7839	70
7851	71
7863	71
7863	71
7875	71
7886	71
7886	71
7898	71
7910	71
7921	71
7921	71
7933	71
7945	71
7945	71
7957	71
7968	71
7968	71
7980	71
7992	71
8003	71
8003	71
8015	71
8027	71
8027	71
8039	71
8050	71
8062	71
8062	71
8074	71
8085	71
8097	71
8109	71
8109	71
8121	71
8132	71
8144	71
8156	71
8167	71
8167	71
8179	71
8191	71
8203	71
8214	71
8214	71
8226	71
8238	71
8238	71
8250	71
8261	71
8273	71
8273	71
8285	72
8296	72
8308	72
8308	72
8320	72
8332	72
8332	72
8343	72
8355	72
8355	72
8367	72
8378	72
8390	72
8390	72
8402	72
8414	72
8425	72
8425	72
8437	72
8449	72
8460	72
8460	72
8472	72
8484	72
8484	72
8496	72
8507	72
8519	72
8519	72
8531	72
8542	72
8542	72
8554	72
8566	72
8578	72
8589	72
8589	72
8601	72
8613	72
8625	72
8625	72
8636	72
8648	72
8660	72
8660	72
8671	72
8683	72
8695	72
8695	72
8707	72
8718	73
8730	73
8730	73
8742	73
8753	73
8765	73
8765	73
8777	73
8789	73
8800	73
8800	73
8812	73
8824	73
8835	73
8847	73
8859	73
8871	73
8882	73
8894	73
8894	73
8906	73
8917	73
8929	73
8941	73
8953	73
8964	73
8964	73
8976	73
8988	73
9000	73
9000	73
9011	73
9023	73
9035	73
9035	73
9046	73
9058	73
9070	73
9082	73
9082	73
9093	73
9105	73
9105	73
9117	73
9128	73
9140	73
9152	73
9152	73
9164	73
9175	73
9187	74
9199	74
9199	74
9210	74
9222	74
9234	74
9234	74
9246	74
9257	74
9269	74
9281	74
9281	74
9292	74
9304	74
9316	74
9316	74
9328	74
9339	74
9351	74
9363	74
9375	74
9375	74
9386	74
9398	74
9410	74
9421	74
9421	74
9433	74
9445	74
9457	74
9468	74
9468	74
9480	74
9492	74
9503	74
9515	74
9515	74
9527	74
9539	74
9550	74
9562	74
9574	74
9574	74
9585	74
9597	74
9609	74
9621	74
9632	74
9644	74
9656	74
9667	75
9679	75
9691	75
9703	75
9703	75
9714	75
9726	75
9738	75
9750	75
9750	75
9761	75
9773	75
9785	75
9796	75
9796	75
9808	75
9820	75
9832	75
9832	75
9843	75
9855	75
9867	75
9867	75
9878	75
9890	75
9902	75
9914	75
9925	75
9925	75
9937	75
9949	75
9960	75
9972	75
9972	75
9984	75
9996	75
10007	75
10019	75
10019	75
10031	75
10042	75
10054	75
10066	75
10066	75
10078	75
10089	75
10101	75
10113	75
10125	75
10136	75
10136	76
10148	76
10160	76
10171	76
10171	76
10183	76
10195	76
10207	76
10218	76
10218	76
10230	76
10242	76
10253	76
10265	76
10265	76
10277	76
10289	76
10300	76
10312	76
10324	76
10335	76
10335	76
10347	76
10359	76
10371	76
10382	76
10394	76
10406	76
10417	76
10429	76
10441	76
10453	76
10464	76
10464	76
10476	76
10488	76
10500	76
10511	76
10523	76
10523	76
10535	76
10546	76
10558	76
10570	76
10582	76
10593	76
10593	76
10605	76
10617	76
10628	76
10640	77
10640	77
10652	77
10664	77
10675	77
10687	77
10699	77
10710	77
10710	77
10722	77
10734	77
10746	77
10757	77
10769	77
10781	77
10792	77
10804	77
10804	77
10816	77
10828	77
10839	77
10851	77
10863	77
10875	77
10875	77
10886	77
10898	77
10910	77
10921	77
10933	77
10933	77
10945	77
10957	77
10968	77
10980	77
10980	77
10992	77
11003	77
11015	77
11027	77
11039	77
11050	77
11050	77
11062	77
11074	77
11085	77
11097	77
11109	77
11121	77
11132	77
11144	78
11156	78
11167	78
11167	78
11179	78
11191	78
11203	78
11214	78
11226	78
11238	78
11250	78
11250	78
11261	78
11273	78
11285	78
11296	78
11308	78
11320	78
11332	78
11332	78
11343	78
11355	78
11367	78
11378	78
11390	78
11390	78
11402	78
11414	78
11425	78
11437	78
11449	78
11460	78
11472	78
11484	78
11496	78
11496	78
11507	78
11519	78
11531	78
11542	78
11554	78
11566	78
11578	78
11589	78
11601	78
11601	78
11613	78
11625	78
11636	78
11648	78
11660	79
11671	79
11683	79
11683	79
11695	79
11707	79
11718	79
11730	79
11742	79
11742	79
11753	79
11765	79
11777	79
11789	79
11800	79
11812	79
11824	79
11835	79
11835	79
11847	79
11859	79
11871	79
11882	79
11894	79
11906	79
11917	79
11929	79
11941	79
11953	79
11964	79
11976	79
11988	79
12000	79
12000	79
12011	79
12023	79
12035	79
12046	79
12058	79
12070	79
12082	79
12093	79
12105	79
12117	79
12128	79
12140	79
12152	79
12164	79
12175	79
12175	79
12187	80
12199	80
12210	80
12222	80
12234	80
12246	80
12257	80
12269	80
12281	80
12292	80
12304	80
12316	80
12328	80
12339	80
12351	80
12351	80
12363	80
12375	80
12386	80
12398	80
12410	80
12421	80
12421	80
12433	80
12445	80
12457	80
12457	80
12468	80
12480	80
12492	80
12503	80
12515	80
12527	80
12539	80
12550	80
12550	80
12562	80
12574	80
12585	80
12597	80
12609	80
12621	80
12621	80
12632	80
12644	80
12656	80
12667	80
12679	80
12691	80
12703	80
12714	81
12726	81
12738	81
12750	81
12750	81
12761	81
12773	81
12785	81
12796	81
12808	81
12820	81
12832	81
12843	81
12855	81
12867	81
12878	81
12890	81
12902	81
12902	81
12914	81
12925	81
12937	81
12949	81
12960	81
12972	81
12996	81
13007	81
13019	81
13031	81
13042	81
13054	81
13066	81
13078	81
13089	81
13101	81
13113	81
13125	81
13125	81
13136	81
13148	81
13160	81
13171	81
13183	81
13195	81
13207	81
13218	81
13230	81
13242	81
13253	81
13253	81
13265	82
13277	82
13289	82
13300	82
13312	82
13324	82
13335	82
13347	82
13359	82
13371	82
13382	82
13382	82
13394	82
13406	82
13417	82
13429	82
13441	82
13453	82
13464	82
13476	82
13488	82
13500	82
13511	82
13523	82
13535	82
13535	82
13546	82
13558	82
13570	82
13582	82
13593	82
13605	82
13617	82
13628	82
13640	82
13652	82
13664	82
13664	82
13675	82
13687	82
13699	82
13722	82
13734	82
13746	82
13757	82
13769	82
13781	82
13792	82
13804	82
13816	82
13828	83
13839	83
13851	83
13863	83
13875	83
13886	83
13898	83
13910	83
13921	83
13933	83
13945	83
13957	83
13968	83
13980	83
13992	83
14003	83
14015	83
14027	83
14039	83
14050	83
14062	83
14074	83
14074	83
14085	83
14097	83
14109	83
14121	83
14132	83
14144	83
14156	83
14167	83
14179	83
14191	83
14203	83
14214	83
14226	83
14238	83
14250	83
14261	83
14273	83
14285	83
14296	83
14308	83
14320	83
14332	83
14343	83
14355	83
14367	83
14378	83
14390	83
14402	84
14414	84
14425	84
14437	84
14449	84
14460	84
14472	84
14484	84
14496	84
14519	84
14531	84
14542	84
14554	84
14566	84
14578	84
14589	84
14601	84
14613	84
14625	84
14636	84
14648	84
14660	84
14671	84
14683	84
14695	84
14707	84
14718	84
14730	84
14742	84
14753	84
14765	84
14777	84
14789	84
14800	84
14812	84
14824	84
14835	84
14847	84
14859	84
14871	84
14871	84
14882	84
14894	84
14906	84
14917	84
14929	84
14941	84
14953	84
14964	84
14976	84
14988	85
15000	85
15011	85
15023	85
15035	85
15046	85
15058	85
15058	85
15070	85
15082	85
15093	85
15105	85
15117	85
15128	85
15140	85
15152	85
15164	85
15175	85
15187	85
15199	85
15210	85
15234	85
15246	85
15257	85
15281	85
15292	85
15304	85
15316	85
15328	85
15339	85
15351	85
15363	85
15375	85
15386	85
15398	85
15410	85
15421	85
15445	85
15457	85
15468	85
15480	85
15492	85
15503	85
15515	85
15527	85
15539	85
15550	85
15562	85
15574	85
15585	85
15597	86
15609	86
15621	86
15632	86
15644	86
15656	86
15667	86
15679	86
15691	86
15703	86
15714	86
15726	86
15738	86
15750	86
15761	86
15773	86
15785	86
15796	86
15808	86
15808	86
15820	86
15832	86
15843	86
15855	86
15867	86
15878	86
15890	86
15902	86
15914	86
15925	86
15937	86
15949	86
15960	86
15972	86
15984	86
15996	86
16019	86
16031	86
16042	86
16054	86
16066	86
16078	86
16089	86
16101	86
16113	86
16125	86
16136	86
16148	86
16160	86
16171	86
16195	87
16207	87
16218	87
16230	87
16242	87
16253	87
16265	87
16277	87
16289	87
16300	87
16312	87
16324	87
16335	87
16347	87
16359	87
16371	87
16382	87
16394	87
16417	87
16429	87
16441	87
16453	87
16464	87
16476	87
16488	87
16500	87
16511	87
16523	87
16535	87
16546	87
16558	87
16570	87
16582	87
16593	87
16605	87
16617	87
16628	87
16640	87
16652	87
16664	87
16675	87
16687	87
16699	87
16710	87
16734	87
16746	87
16757	87
16769	87
16781	87
16792	87
16816	88
16828	88
16839	88
16851	88
16863	88
16875	88
16886	88
16898	88
16910	88
16921	88
16933	88
16945	88
16957	88
16968	88
16980	88
16992	88
17003	88
17015	88
17027	88
17039	88
17062	88
17074	88
17085	88
17097	88
17109	88
17121	88
17132	88
17144	88
17156	88
17167	88
17179	88
17191	88
17203	88
17214	88
17226	88
17238	88
17261	88
17273	88
17285	88
17285	88
17296	88
17308	88
17320	88
17332	88
17343	88
17355	88
17367	88
17378	88
17390	88
17402	88
17414	89
17425	89
17437	89
17449	89
17460	89
17484	89
17496	89
17507	89
17519	89
17531	89
17542	89
17566	89
17578	89
17589	89
17601	89
17613	89
17625	89
17636	89
17648	89
17660	89
17683	89
17695	89
17707	89
17730	89
17742	89
17753	89
17765	89
17777	89
17789	89
17800	89
17812	89
17824	89
17847	89
17859	89
17871	89
17882	89
17894	89
17917	89
17929	89
17941	89
17953	89
17964	89
17976	89
17988	89
18000	89
18023	89
18035	89
18046	89
18058	89
18070	89
18082	90
18093	90
18105	90
18117	90
18128	90
18140	90
18152	90
18164	90
18175	90
18187	90
18199	90
18222	90
18234	90
18246	90
18257	90
18269	90
18281	90
18292	90
18316	90
18328	90
18339	90
18351	90
18363	90
18375	90
18386	90
18398	90
18421	90
18433	90
18445	90
18457	90
18468	90
18480	90
18492	90
18503	90
18515	90
18527	90
18550	90
18562	90
18574	90
18585	90
18597	90
18609	90
18632	90
18644	90
18656	90
18667	90
18679	90
18691	90
18714	90
18726	90
18738	91
18750	91
18761	91
18773	91
18785	91
18796	91
18808	91
18820	91
18832	91
18843	91
18855	91
18867	91
18878	91
18890	91
18914	91
18925	91
18937	91
18949	91
18960	91
18972	91
18984	91
18996	91
19007	91
19031	91
19042	91
19054	91
19066	91
19078	91
19089	91
19101	91
19125	91
19136	91
19148	91
19160	91
19171	91
19183	91
19195	91
19207	91
19218	91
19230	91
19253	91
19265	91
19277	91
19289	91
19300	91
19312	91
19324	91
19335	91
19359	91
19371	91
19382	92
19394	92
19417	92
19429	92
19441	92
19453	92
19464	92
19476	92
19488	92
19511	92
19523	92
19535	92
19546	92
19558	92
19570	92
19582	92
19593	92
19605	92
19617	92
19628	92
19640	92
19652	92
19675	92
19687	92
19699	92
19710	92
19722	92
19734	92
19746	92
19757	92
19769	92
19781	92
19804	92
19816	92
19828	92
19839	92
19851	92
19863	92
19875	92
19886	92
19898	92
19921	92
19933	92
19945	92
19957	92
19968	92
19980	92
19992	92
20003	92
20015	92
20027	93
20039	93
20062	93
20074	93
20085	93
20097	93
20121	93
20132	93
20144	93
20156	93
20179	93
20191	93
20203	93
20214	93
20226	93
20238	93
20250	93
20273	93
20285	93
20296	93
20308	93
20320	93
20332	93
20343	93
20355	93
20367	93
20378	93
20390	93
20402	93
20425	93
20437	93
20449	93
20460	93
20472	93
20484	93
20496	93
20507	93
20519	93
20531	93
20542	93
20554	93
20578	93
20589	93
20601	93
20613	93
20625	93
20636	93
20648	93
20660	93
20683	93
20695	94
20707	94
20718	94
20730	94
20742	94
20753	94
20765	94
20789	94
20800	94
20812	94
20824	94
20835	94
20859	94
20871	94
20882	94
20906	94
20917	94
20929	94
20941	94
20964	94
20976	94
20988	94
21000	94
21011	94
21023	94
21035	94
21046	94
21070	94
21082	94
21093	94
21105	94
21117	94
21128	94
21140	94
21152	94
21164	94
21187	94
21199	94
21210	94
21222	94
21234	94
21246	94
21257	94
21269	94
21292	94
21304	94
21316	94
21328	94
21339	94
21351	94
21375	95
21386	95
21398	95
21410	95
21421	95
21433	95
21445	95
21468	95
21480	95
21492	95
21503	95
21515	95
21527	95
21539	95
21562	95
21574	95
21585	95
21597	95
21621	95
21632	95
21644	95
21667	95
21679	95
21691	95
21703	95
21726	95
21738	95
21750	95
21761	95
21773	95
21785	95
21796	95
21808	95
21832	95
21843	95
21855	95
21867	95
21878	95
21890	95
21902	95
21914	95
21937	95
21949	95
21960	95
21972	95
21984	95
21996	95
22007	95
22019	95
22042	95
22054	96
22066	96
22078	96
22089	96
22101	96
22125	96
22136	96
22148	96
22160	96
22171	96
22183	96
22195	96
22207	96
22218	96
22230	96
22253	96
22265	96
22277	96
22289	96
22300	96
22312	96
22335	96
22347	96
22359	96
22371	96
22394	96
22406	96
22417	96
22441	96
22453	96
22464	96
22476	96
22488	96
22500	96
22523	96
22535	96
22546	96
22558	96
22570	96
22593	96
22605	96
22617	96
22628	96
22640	96
22652	96
22675	96
22687	96
22699	96
22710	96
22722	96
22746	97
22757	97
22769	97
22781	97
22792	97
22816	97
22828	97
22839	97
22851	97
22863	97
22886	97
22898	97
22910	97
22921	97
22933	97
22945	97
22957	97
22968	97
22980	97
23003	97
23015	97
23027	97
23039	97
23050	97
23062	97
23085	97
23097	97
23109	97
23121	97
23144	97
23156	97
23167	97
23179	97
23203	97
23214	97
23226	97
23238	97
23250	97
23261	97
23285	97
23296	97
23308	97
23320	97
23332	97
23355	97
23367	97
23378	97
23390	97
23402	97
23414	97
23425	98
23449	98
23460	98
23472	98
23484	98
23507	98
23519	98
23531	98
23542	98
23566	98
23578	98
23589	98
23601	98
23613	98
23636	98
23648	98
23660	98
23671	98
23683	98
23695	98
23707	98
23730	98
23742	98
23753	98
23765	98
23777	98
23789	98
23812	98
23824	98
23835	98
23847	98
23871	98
23882	98
23894	98
23917	98
23929	98
23941	98
23953	98
23976	98
23988	98
24000	98
24011	98
24023	98
24046	98
24058	98
24070	98
24093	98
24105	98
24117	98
24128	98
24140	99
24164	99
24175	99
24187	99
24199	99
24210	99
24234	99
24246	99
24257	99
24281	99
24292	99
24304	99
24316	99
24339	99
24351	99
24363	99
24375	99
24386	99
24398	99
24410	99
24421	99
24433	99
24445	99
24457	99
24480	99
24492	99
24503	99
24515	99
24527	99
24539	99
24562	99
24574	99
24585	99
24597	99
24609	99
24621	99
24632	99
24656	99
24667	99
24679	99
24691	99
24714	99
24726	99
24738	99
24750	99
24761	99
24785	99
24796	99
24808	99
24820	99
24843	100
24855	100
24867	100
24878	100
24890	100
24914	100
24925	100
24937	100
24949	100
24972	100
24984	100
25007	100
25019	100
25042	100
25054	100
25066	100
25078	100
25101	100
25113	100
25125	100
25136	100
25148	100
25171	100
25183	100
25195	100
25207	100
25218	100
25230	100
25253	100
25265	100
25277	100
25289	100
25300	100
25324	100
25335	100
25347	100
25359	100
25371	100
25382	100
25406	100
25417	100
25429	100
25441	100
25453	100
25476	100
25488	100
25500	100
25511	100
25523	100
25546	100
25558	101
25570	101
25582	101
25593	101
25617	101
25628	101
25640	101
25652	101
25664	101
25687	101
25699	101
25710	101
25734	101
25746	101
25769	101
25781	101
25792	101
25816	101
25828	101
25839	101
25863	101
25875	101
25886	101
25898	101
25910	101
25933	101
25945	101
25957	101
25968	101
25992	101
26003	101
26015	101
26027	101
26039	101
26062	101
26074	101
26085	101
26097	101
26109	101
26132	101
26144	101
26156	101
26167	101
26179	101
26203	101
26214	101
26226	101
26238	101
26261	101
26273	101
26285	102
26296	102
26320	102
26332	102
26343	102
26367	102
26378	102
26390	102
26402	102
26414	102
26425	102
26449	102
26460	102
26484	102
26496	102
26519	102
26531	102
26554	102
26566	102
26589	102
26601	102
26613	102
26625	102
26636	102
26660	102
26671	102
26683	102
26707	102
26718	102
26730	102
26742	102
26753	102
26765	102
26789	102
26800	102
26812	102
26824	102
26847	102
26859	102
26871	102
26882	102
26894	102
26906	102
26929	102
26941	102
26953	102
26964	102
26988	102
27000	102
27011	102
27023	103
27035	103
27046	103
27070	103
27082	103
27093	103
27105	103
27117	103
27140	103
27152	103
27164	103
27175	103
27199	103
27210	103
27234	103
27246	103
27269	103
27281	103
27304	103
27316	103
27339	103
27351	103
27363	103
27375	103
27386	103
27410	103
27421	103
27445	103
27457	103
27480	103
27492	103
27503	103
27515	103
27527	103
27550	103
27562	103
27574	103
27597	103
27609	103
27621	103
27632	103
27644	103
27667	103
27679	103
27691	103
27703	103
27726	103
27738	103
27750	103
27761	103
27785	104
27796	104
27808	104
27820	104
27832	104
27843	104
27855	104
27867	104
27878	104
27902	104
27914	104
27925	104
27937	104
27960	104
27972	104
27984	104
28007	104
28019	104
28042	104
28054	104
28066	104
28089	104
28101	104
28113	104
28125	104
28148	104
28160	104
28171	104
28195	104
28207	104
28218	104
28242	104
28253	104
28265	104
28277	104
28300	104
28312	104
28324	104
28335	104
28359	104
28371	104
28382	104
28406	104
28417	104
28429	104
28441	104
28464	104
28476	104
28488	104
28511	104
28523	105
28535	105
28546	105
28558	105
28582	105
28593	105
28605	105
28617	105
28640	105
28652	105
28664	105
28675	105
28699	105
28710	105
28722	105
28746	105
28757	105
28781	105
28792	105
28804	105
28828	105
28839	105
28851	105
28875	105
28886	105
28898	105
28910	105
28933	105
28945	105
28957	105
28968	105
28992	105
29003	105
29015	105
29027	105
29050	105
29062	105
29074	105
29097	105
29109	105
29121	105
29132	105
29156	105
29167	105
29179	105
29191	105
29214	105
29226	105
29238	105
29261	105
29273	106
29285	106
29296	106
29308	106
29320	106
29332	106
29343	106
29355	106
29378	106
29390	106
29402	106
29425	106
29437	106
29449	106
29460	106
29484	106
29496	106
29519	106
29531	106
29542	106
29566	106
29578	106
29589	106
29613	106
29625	106
29636	106
29660	106
29671	106
29695	106
29707	106
29730	106
29742	106
29753	106
29777	106
29789	106
29800	106
29824	106
29835	106
29847	106
29871	106
29882	106
29906	106
29917	106
29941	106
29953	106
29964	106
29988	106
30000	106
30011	106
30035	106
30046	107
30058	107
30070	107
30082	107
30105	107
30117	107
30128	107
30152	107
30164	107
30175	107
30199	107
30210	107
30222	107
30234	107
30257	107
30269	107
30292	107
30304	107
30316	107
30339	107
30351	107
30363	107
30386	107
30398	107
30410	107
30421	107
30445	107
30457	107
30468	107
30492	107
30503	107
30515	107
30539	107
30550	107
30562	107
30585	107
30597	107
30609	107
30632	107
30644	107
30667	107
30679	107
30691	107
30714	107
30726	107
30738	107
30761	107
30773	107
30785	107
30796	107
30820	108
30832	108
30843	108
30855	108
30867	108
30890	108
30902	108
30914	108
30937	108
30949	108
30960	108
30984	108
30996	108
31007	108
31031	108
31042	108
31054	108
31078	108
31089	108
31101	108
31125	108
31136	108
31148	108
31171	108
31183	108
31195	108
31218	108
31230	108
31242	108
31253	108
31277	108
31289	108
31300	108
31324	108
31335	108
31359	108
31371	108
31394	108
31406	108
31429	108
31441	108
31453	108
31476	108
31488	108
31500	108
31523	108
31535	108
31546	108
31570	108
31582	108
31593	109
31605	109
31628	109
31640	109
31652	109
31675	109
31687	109
31699	109
31722	109
31734	109
31746	109
31769	109
31781	109
31792	109
31816	109
31828	109
31839	109
31863	109
31875	109
31886	109
31910	109
31921	109
31933	109
31957	109
31968	109
31980	109
32003	109
32015	109
32027	109
32050	109
32062	109
32085	109
32097	109
32121	109
32132	109
32156	109
32167	109
32191	109
32203	109
32226	109
32238	109
32250	109
32273	109
32285	109
32296	109
32320	109
32332	109
32343	109
32355	109
32378	109
32390	110
32402	110
32425	110
32437	110
32449	110
32472	110
32484	110
32496	110
32519	110
32531	110
32542	110
32566	110
32578	110
32589	110
32613	110
32625	110
32636	110
32660	110
32671	110
32683	110
32707	110
32718	110
32730	110
32753	110
32765	110
32777	110
32800	110
32812	110
32835	110
32847	110
32871	110
32882	110
32906	110
32917	110
32941	110
32953	110
32976	110
32988	110
33000	110
33023	110
33035	110
33046	110
33070	110
33082	110
33093	110
33105	110
33128	110
33140	110
33164	110
33175	110
33187	111
33210	111
33222	111
33234	111
33257	111
33269	111
33281	111
33304	111
33316	111
33328	111
33351	111
33363	111
33386	111
33398	111
33410	111
33433	111
33445	111
33457	111
33480	111
33492	111
33503	111
33527	111
33539	111
33550	111
33574	111
33585	111
33609	111
33632	111
33644	111
33667	111
33679	111
33703	111
33714	111
33726	111
33750	111
33761	111
33773	111
33796	111
33808	111
33820	111
33832	111
33855	111
33867	111
33878	111
33902	111
33914	111
33925	111
33949	111
33960	111
33972	111
33996	112
34007	112
34019	112
34042	112
34054	112
34066	112
34089	112
34101	112
34125	112
34136	112
34148	112
34160	112
34183	112
34195	112
34207	112
34230	112
34242	112
34253	112
34277	112
34289	112
34300	112
34324	112
34335	112
34359	112
34371	112
34394	112
34406	112
34429	112
34441	112
34464	112
34476	112
34488	112
34511	112
34523	112
34535	112
34558	112
34570	112
34593	112
34605	112
34617	112
34640	112
34652	112
34664	112
34687	112
34699	112
34722	112
34734	112
34746	112
34769	112
34781	112
34804	113
34816	113
34828	113
34851	113
34863	113
34886	113
34898	113
34910	113
34921	113
34945	113
34957	113
34968	113
34992	113
35003	113
35015	113
35039	113
35050	113
35062	113
35085	113
35097	113
35121	113
35132	113
35156	113
35167	113
35191	113
35203	113
35214	113
35238	113
35250	113
35261	113
35285	113
35296	113
35320	113
35332	113
35343	113
35367	113
35378	113
35390	113
35414	113
35425	113
35449	113
35460	113
35472	113
35496	113
35507	113
35531	113
35542	113
35566	113
35578	113
35589	113
35613	114
35625	114
35648	114
35660	114
35671	114
35695	114
35707	114
35718	114
35730	114
35753	114
35765	114
35789	114
35800	114
35812	114
35835	114
35847	114
35871	114
35882	114
35906	114
35917	114
35941	114
35953	114
35976	114
35988	114
36000	114
36023	114
36035	114
36058	114
36070	114
36093	114
36105	114
36128	114
36140	114
36152	114
36175	114
36187	114
36210	114
36222	114
36246	114
36257	114
36281	114
36292	114
36304	114
36328	114
36339	114
36363	114
36375	114
36386	114
36410	114
36421	114
36433	115
36445	115
36457	115
36480	115
36492	115
36503	115
36527	115
36539	115
36550	115
36574	115
36585	115
36597	115
36621	115
36632	115
36644	115
36667	115
36679	115
36703	115
36714	115
36726	115
36750	115
36761	115
36785	115
36796	115
36808	115
36832	115
36855	115
36867	115
36878	115
36902	115
36914	115
36925	115
36949	115
36960	115
36984	115
37007	115
37019	115
37042	115
37066	115
37078	115
37089	115
37113	115
37125	115
37136	115
37160	115
37171	115
37195	115
37207	115
37218	115
37242	115
37253	116
37265	116
37289	116
37300	116
37324	116
37335	116
37347	116
37371	116
37382	116
37394	116
37417	116
37429	116
37441	116
37464	116
37476	116
37500	116
37511	116
37523	116
37546	116
37558	116
37570	116
37593	116
37605	116
37617	116
37640	116
37652	116
37664	116
37687	116
37699	116
37722	116
37746	116
37757	116
37781	116
37804	116
37816	116
37839	116
37851	116
37863	116
37886	116
37898	116
37921	116
37933	116
37957	116
37968	116
37980	116
38003	116
38015	116
38027	116
38050	116
38062	116
38085	117
38097	117
38109	117
38132	117
38144	117
38167	117
38179	117
38191	117
38214	117
38226	117
38250	117
38261	117
38273	117
38296	117
38308	117
38332	117
38343	117
38367	117
38378	117
38390	117
38414	117
38425	117
38449	117
38460	117
38484	117
38507	117
38531	117
38542	117
38566	117
38589	117
38601	117
38613	117
38636	117
38648	117
38671	117
38683	117
38695	117
38718	117
38730	117
38742	117
38765	117
38777	117
38800	117
38812	117
38824	117
38847	117
38859	117
38871	117
38894	117
38906	117
38917	118
38941	118
38953	118
38964	118
38988	118
39000	118
39023	118
39035	118
39046	118
39058	118
39082	118
39093	118
39117	118
39128	118
39140	118
39164	118
39175	118
39199	118
39210	118
39234	118
39257	118
39281	118
39292	118
39316	118
39328	118
39351	118
39363	118
39386	118
39398	118
39421	118
39433	118
39457	118
39480	118
39492	118
39503	118
39527	118
39539	118
39562	118
39574	118
39585	118
39609	118
39621	118
39644	118
39656	118
39667	118
39691	118
39703	118
39726	118
39738	118
39761	118
39773	119
39785	119
39796	119
39808	119
39832	119
39843	119
39855	119
39878	119
39890	119
39902	119
39925	119
39937	119
39960	119
39972	119
39996	119
40007	119
40031	119
40054	119
40066	119
40089	119
40101	119
40113	119
40136	119
40148	119
40171	119
40183	119
40207	119
40218	119
40242	119
40253	119
40277	119
40289	119
40312	119
40324	119
40347	119
40359	119
40382	119
40394	119
40417	119
40429	119
40441	119
40464	119
40476	119
40500	119
40511	119
40535	119
40546	119
40558	119
40582	119
40593	119
40617	120
40628	120
40640	120
40664	120
40675	120
40699	120
40710	120
40734	120
40757	120
40769	120
40792	120
40804	120
40828	120
40839	120
40863	120
40875	120
40898	120
40910	120
40933	120
40945	120
40957	120
40980	120
40992	120
41015	120
41027	120
41050	120
41062	120
41074	120
41097	120
41109	120
41132	120
41144	120
41167	120
41179	120
41203	120
41214	120
41238	120
41250	120
41273	120
41285	120
41296	120
41308	120
41320	120
41343	120
41355	120
41367	120
41390	120
41402	120
41425	120
41437	120
41460	121
41472	121
41496	121
41507	121
41531	121
41542	121
41566	121
41589	121
41601	121
41613	121
41636	121
41648	121
41671	121
41695	121
41718	121
41730	121
41753	121
41765	121
41789	121
41800	121
41824	121
41835	121
41859	121
41882	121
41894	121
41917	121
41929	121
41953	121
41964	121
41988	121
42000	121
42023	121
42035	121
42058	121
42070	121
42082	121
42105	121
42117	121
42140	121
42152	121
42175	121
42187	121
42210	121
42222	121
42246	121
42257	121
42281	121
42292	121
42316	121
42339	121
42351	122
42375	122
42386	122
42410	122
42421	122
42433	122
42457	122
42468	122
42492	122
42503	122
42527	122
42539	122
42562	122
42574	122
42597	122
42621	122
42632	122
42656	122
42667	122
42691	122
42703	122
42726	122
42738	122
42761	122
42773	122
42796	122
42808	122
42820	122
42843	122
42855	122
42878	122
42890	122
42914	122
42925	122
42949	122
42960	122
42984	122
42996	122
43019	122
43031	122
43054	122
43066	122
43089	122
43101	122
43125	122
43136	122
43160	122
43171	122
43195	122
43207	122
43230	123
43242	123
43253	123
43277	123
43289	123
43312	123
43335	123
43347	123
43371	123
43394	123
43406	123
43429	123
43441	123
43464	123
43488	123
43500	123
43523	123
43535	123
43546	123
43570	123
43582	123
43605	123
43617	123
43640	123
43652	123
43675	123
43687	123
43710	123
43722	123
43746	123
43757	123
43781	123
43792	123
43816	123
43828	123
43851	123
43863	123
43886	123
43898	123
43921	123
43933	123
43957	123
43968	123
43992	123
44003	123
44027	123
44039	123
44062	123
44074	123
44097	123
44121	124
44144	124
44156	124
44179	124
44203	124
44214	124
44238	124
44250	124
44273	124
44285	124
44308	124
44320	124
44343	124
44355	124
44367	124
44390	124
44414	124
44425	124
44449	124
44460	124
44484	124
44496	124
44519	124
44531	124
44554	124
44566	124
44589	124
44601	124
44625	124
44636	124
44660	124
44671	124
44695	124
44707	124
44730	124
44742	124
44765	124
44777	124
44800	124
44824	124
44835	124
44859	124
44882	124
44906	124
44917	124
44941	124
44964	124
44976	124
45000	124
45011	124
45035	125
45046	125
45070	125
45082	125
45105	125
45117	125
45140	125
45152	125
45175	125
45199	125
45210	125
45234	125
45246	125
45269	125
45281	125
45304	125
45316	125
45339	125
45363	125
45375	125
45398	125
45410	125
45433	125
45445	125
45468	125
45492	125
45503	125
45527	125
45539	125
45562	125
45585	125
45597	125
45621	125
45644	125
45667	125
45691	125
45703	125
45726	125
45738	125
45761	125
45773	125
45796	125
45808	125
45832	125
45843	125
45867	125
45878	125
45902	125
45925	125
45937	125
45960	126
45972	126
45996	126
46007	126
46031	126
46042	126
46066	126
46089	126
46101	126
46125	126
46136	126
46160	126
46171	126
46195	126
46207	126
46230	126
46242	126
46265	126
46289	126
46300	126
46324	126
46335	126
46359	126
46382	126
46406	126
46429	126
46441	126
46464	126
46476	126
46500	126
46523	126
46535	126
46558	126
46582	126
46593	126
46617	126
46628	126
46652	126
46675	126
46687	126
46710	126
46722	126
46746	126
46769	126
46781	126
46804	126
46828	126
46839	126
46863	126
46886	126
46898	127
46921	127
46933	127
46957	127
46968	127
46992	127
47003	127
47027	127
47050	127
47062	127
47085	127
47097	127
47121	127
47144	127
47167	127
47179	127
47203	127
47226	127
47238	127
47261	127
47273	127
47296	127
47320	127
47332	127
47355	127
47367	127
47390	127
47402	127
47425	127
47449	127
47460	127
47484	127
47507	127
47519	127
47542	127
47566	127
47578	127
47601	127
47625	127
47636	127
47660	127
47671	127
47695	127
47707	127
47730	127
47742	127
47765	127
47789	127
47800	127
47824	127
47847	128
47859	128
47882	128
47906	128
47929	128
47941	128
47964	128
47988	128
48000	128
48023	128
48046	128
48070	128
48093	128
48105	128
48128	128
48140	128
48164	128
48187	128
48199	128
48222	128
48246	128
48269	128
48281	128
48304	128
48328	128
48339	128
48363	128
48386	128
48398	128
48421	128
48433	128
48445	128
48468	128
48480	128
48503	128
48515	128
48539	128
48562	128
48574	128
48597	128
48609	128
48632	128
48644	128
48667	128
48691	128
48703	128
48726	128
48750	128
48761	128
48785	128
48796	129
48820	129
48843	129
48867	129
48878	129
48902	129
48914	129
48937	129
48960	129
48972	129
48996	129
49019	129
49042	129
49066	129
49089	129
49101	129
49125	129
49136	129
49160	129
49183	129
49195	129
49218	129
49230	129
49253	129
49277	129
49289	129
49312	129
49324	129
49347	129
49359	129
49382	129
49406	129
49417	129
49441	129
49453	129
49476	129
49500	129
49511	129
49535	129
49546	129
49570	129
49593	129
49605	129
49628	129
49640	129
49664	129
49687	129
49699	129
49722	129
49746	129
49769	130
49792	130
49816	130
49828	130
49851	130
49875	130
49886	130
49910	130
49933	130
49945	130
49968	130
49980	130
50003	130
50027	130
50039	130
50062	130
50074	130
50097	130
50121	130
50132	130
50156	130
50167	130
50191	130
50214	130
50226	130
50250	130
50273	130
50285	130
50308	130
50332	130
50343	130
50367	130
50378	130
50402	130
50425	130
50437	130
50460	130
50484	130
50507	130
50531	130
50554	130
50578	130
50601	130
50613	130
50636	130
50648	130
50671	130
50695	130
50707	130
50730	130
50742	131
50765	131
50789	131
50800	131
50824	131
50835	131
50859	131
50871	131
50894	131
50906	131
50929	131
50953	131
50964	131
50988	131
51011	131
51023	131
51046	131
51058	131
51082	131
51093	131
51117	131
51128	131
51152	131
51175	131
51187	131
51210	131
51234	131
51257	131
51281	131
51304	131
51328	131
51351	131
51363	131
51386	131
51410	131
51433	131
51457	131
51468	131
51492	131
51515	131
51527	131
51550	131
51574	131
51585	131
51609	131
51621	131
51644	131
51667	131
51679	131
51703	131
51726	132
51738	132
51761	132
51773	132
51796	132
51808	132
51820	132
51843	132
51855	132
51878	132
51902	132
51914	132
51937	132
51960	132
51972	132
51996	132
52019	132
52042	132
52066	132
52078	132
52101	132
52125	132
52136	132
52160	132
52183	132
52207	132
52230	132
52242	132
52265	132
52277	132
52300	132
52324	132
52347	132
52359	132
52382	132
52406	132
52417	132
52441	132
52464	132
52488	132
52500	132
52523	132
52546	132
52558	132
52582	132
52593	132
52617	132
52640	132
52652	132
52675	132
52699	133
52710	133
52734	133
52757	133
52781	133
52804	133
52828	133
52839	133
52863	133
52886	133
52910	133
52921	133
52945	133
52957	133
52980	133
53003	133
53015	133
53039	133
53062	133
53085	133
53097	133
53121	133
53144	133
53156	133
53179	133
53203	133
53214	133
53238	133
53261	133
53273	133
53296	133
53308	133
53320	133
53343	133
53367	133
53378	133
53402	133
53425	133
53437	133
53460	133
53484	133
53507	133
53519	133
53542	133
53566	133
53589	133
53613	133
53625	133
53648	133
53671	133
53695	134
53718	134
53742	134
53753	134
53777	134
53800	134
53824	134
53847	134
53859	134
53882	134
53906	134
53929	134
53953	134
53976	134
53988	134
54011	134
54035	134
54046	134
54070	134
54093	134
54105	134
54128	134
54152	134
54164	134
54187	134
54210	134
54234	134
54246	134
54269	134
54292	134
54316	134
54339	134
54351	134
54375	134
54398	134
54410	134
54433	134
54457	134
54480	134
54492	134
54515	134
54539	134
54562	134
54574	134
54597	134
54621	134
54644	134
54667	134
54679	134
54703	134
54726	135
54750	135
54761	135
54785	135
54808	135
54820	135
54843	135
54855	135
54878	135
54902	135
54925	135
54937	135
54960	135
54984	135
54996	135
55019	135
55042	135
55066	135
55078	135
55101	135
55125	135
55148	135
55160	135
55183	135
55207	135
55230	135
55242	135
55265	135
55289	135
55312	135
55324	135
55347	135
55371	135
55394	135
55417	135
55441	135
55464	135
55488	135
55500	135
55523	135
55546	135
55558	135
55582	135
55605	135
55617	135
55640	135
55664	135
55687	135
55699	135
55722	135
55746	136
55769	136
55781	136
55804	136
55828	136
55851	136
55863	136
55886	136
55910	136
55933	136
55945	136
55968	136
55992	136
56015	136
56027	136
56050	136
56074	136
56097	136
56121	136
56144	136
56167	136
56191	136
56214	136
56226	136
56250	136
56273	136
56296	136
56308	136
56332	136
56355	136
56367	136
56390	136
56414	136
56437	136
56460	136
56472	136
56496	136
56519	136
56542	136
56554	136
56578	136
56601	136
56625	136
56648	136
56660	136
56683	136
56707	136
56730	136
56753	136
56765	136
56789	137
56812	137
56835	137
56859	137
56882	137
56906	137
56929	137
56953	137
56976	137
57000	137
57023	137
57035	137
57058	137
57082	137
57105	137
57117	137
57140	137
57164	137
57187	137
57210	137
57222	137
57246	137
57269	137
57292	137
57316	137
57339	137
57351	137
57375	137
57398	137
57421	137
57445	137
57468	137
57480	137
57503	137
57527	137
57550	137
57574	137
57597	137
57621	137
57644	137
57667	137
57691	137
57714	137
57738	137
57750	137
57773	137
57796	137
57820	137
57832	137
57855	137
57878	138
57902	138
57925	138
57937	138
57960	138
57984	138
58007	138
58019	138
58042	138
58066	138
58089	138
58113	138
58136	138
58148	138
58171	138
58195	138
58218	138
58230	138
58253	138
58277	138
58300	138
58324	138
58347	138
58371	138
58394	138
58417	138
58441	138
58464	138
58488	138
58511	138
58535	138
58546	138
58570	138
58593	138
58617	138
58640	138
58664	138
58687	138
58710	138
58734	138
58757	138
58781	138
58804	138
58816	138
58839	138
58863	138
58886	138
58910	138
58933	138
58945	138
58968	139
58992	139
59015	139
59039	139
59062	139
59085	139
59109	139
59132	139
59156	139
59179	139
59203	139
59226	139
59238	139
59261	139
59285	139
59308	139
59332	139
59355	139
59378	139
59390	139
59414	139
59437	139
59460	139
59484	139
59507	139
59531	139
59554	139
59578	139
59601	139
59625	139
59648	139
59660	139
59683	139
59707	139
59730	139
59753	139
59765	139
59789	139
59812	139
59835	139
59859	139
59882	139
59917	139
59941	139
59964	139
59976	139
60000	139
60023	139
60058	139
60082	139
60105	140
60128	140
60152	140
60175	140
60199	140
60222	140
60246	140
60269	140
60292	140
60316	140
60339	140
60363	140
60386	140
60410	140
60421	140
60445	140
60468	140
60480	140
60503	140
60527	140
60550	140
60574	140
60597	140
60621	140
60644	140
60667	140
60691	140
60714	140
60738	140
60750	140
60773	140
60796	140
60820	140
60843	140
60867	140
60890	140
60914	140
60937	140
60960	140
60984	140
61019	140
61042	140
61066	140
61089	140
61113	140
61136	140
61148	140
61171	140
61195	140
61218	140
61242	141
61265	141
61289	141
61312	141
61335	141
61347	141
61371	141
61394	141
61417	141
61441	141
61464	141
61488	141
61511	141
61535	141
61546	141
61570	141
61593	141
61617	141
61640	141
61664	141
61687	141
61710	141
61734	141
61769	141
61792	141
61816	141
61839	141
61863	141
61886	141
61910	141
61933	141
61957	141
61980	141
62003	141
62027	141
62050	141
62074	141
62097	141
62109	141
62132	141
62156	141
62179	141
62203	141
62226	141
62250	141
62273	141
62296	141
62320	141
62343	141
62367	141
62390	142
62414	142
62437	142
62460	142
62484	142
62519	142
62542	142
62566	142
62589	142
62613	142
62636	142
62660	142
62683	142
62707	142
62718	142
62742	142
62765	142
62789	142
62812	142
62835	142
62847	142
62871	142
62894	142
62917	142
62929	142
62953	142
62976	142
63000	142
63023	142
63046	142
63070	142
63082	142
63105	142
63128	142
63152	142
63175	142
63199	142
63222	142
63257	142
63281	142
63316	142
63339	142
63363	142
63375	142
63398	142
63433	142
63457	142
63480	142
63503	142
63527	142
63550	143
63574	143
63597	143
63621	143
63644	143
63667	143
63679	143
63703	143
63726	143
63761	143
63773	143
63796	143
63808	143
63832	143
63855	143
63878	143
63902	143
63925	143
63949	143
63972	143
63996	143
64019	143
64042	143
64066	143
64089	143
64113	143
64136	143
64160	143
64183	143
64207	143
64230	143
64253	143
64277	143
64300	143
64324	143
64347	143
64371	143
64394	143
64417	143
64429	143
64453	143
64476	143
64500	143
64523	143
64546	143
64570	143
64593	143
64605	143
64628	143
64652	143
64675	144
64699	144
64722	144
64746	144
64769	144
64804	144
64828	144
64851	144
64863	144
64886	144
64910	144
64933	144
64957	144
64980	144
65003	144
65027	144
65050	144
65074	144
65097	144
65121	144
65144	144
65167	144
65191	144
65214	144
65238	144
65261	144
65285	144
65296	144
65320	144
65332	144
65355	144
65378	144
65402	144
65425	144
65449	144
65472	144
65496	144
65519	144
65554	144
65578	144
65601	144
65625	144
65648	144
65671	144
65695	144
65718	144
65742	144
65765	144
65789	144
65812	144
65835	145
65871	145
65894	145
65917	145
65941	145
65964	145
65988	145
66011	145
66035	145
66058	145
66082	145
66093	145
66117	145
66140	145
66164	145
66187	145
66210	145
66234	145
66257	145
66281	145
66304	145
66328	145
66351	145
66375	145
66398	145
66421	145
66445	145
66468	145
66492	145
66515	145
66539	145
66562	145
66585	145
66609	145
66632	145
66656	145
66679	145
66703	145
66726	145
66750	145
66773	145
66796	145
66820	145
66843	145
66867	145
66890	145
66914	145
66937	145
66960	145
66984	145
67007	146
67031	146
67054	146
67078	146
67101	146
67125	146
67148	146
67171	146
67195	146
67218	146
67242	146
67265	146
67277	146
67312	146
67335	146
67359	146
67382	146
67406	146
67429	146
67464	146
67488	146
67511	146
67523	146
67546	146
67570	146
67593	146
67617	146
67640	146
67664	146
67687	146
67710	146
67734	146
67757	146
67781	146
67804	146
67828	146
67851	146
67875	146
67898	146
67921	146
67933	146
67957	146
67980	146
68003	146
68027	146
68050	146
68085	146
68109	146
68132	146
68156	146
68191	147
68214	147
68238	147
68261	147
68285	147
68308	147
68320	147
68343	147
68367	147
68390	147
68414	147
68437	147
68460	147
68484	147
68507	147
68531	147
68554	147
68578	147
68601	147
68625	147
68648	147
68671	147
68695	147
68730	147
68753	147
68765	147
68800	147
68824	147
68847	147
68871	147
68906	147
68929	147
68953	147
68976	147
69000	147
69023	147
69046	147
69070	147
69093	147
69117	147
69140	147
69164	147
69187	147
69210	147
69234	147
69257	147
69281	147
69304	147
69328	147
69351	147
69386	148
69410	148
69421	148
69457	148
69480	148
69503	148
69527	148
69550	148
69574	148
69597	148
69621	148
69656	148
69679	148
69703	148
69726	148
69750	148
69773	148
69796	148
69820	148
69843	148
69867	148
69890	148
69914	148
69937	148
69960	148
69984	148
70007	148
70031	148
70054	148
70078	148
70101	148
70125	148
70148	148
70171	148
70195	148
70218	148
70242	148
70265	148
70289	148
70312	148
70335	148
70371	148
70394	148
70417	148
70453	148
70476	148
70500	148
70523	148
70546	148
70570	148
70593	149
70617	149
70640	149
70664	149
70699	149
70722	149
70746	149
70769	149
70792	149
70816	149
70839	149
70863	149
70898	149
70910	149
70933	149
70957	149
70980	149
71003	149
71027	149
71062	149
71085	149
71109	149
71132	149
71156	149
71191	149
71214	149
71238	149
71261	149
71285	149
71308	149
71332	149
71355	149
71378	149
71402	149
71425	149
71449	149
71472	149
71507	149
71531	149
71554	149
71578	149
71601	149
71625	149
71648	149
71671	149
71695	149
71718	149
71742	149
71765	149
71789	149
71824	150
71847	150
71871	150
71894	150
71929	150
71953	150
71976	150
72000	150
72023	150
72058	150
72082	150
72105	150
72128	150
72152	150
72187	150
72210	150
72234	150
72257	150
72292	150
72316	150
72339	150
72363	150
72386	150
72410	150
72433	150
72457	150
72480	150
72503	150
72527	150
72550	150
72574	150
72597	150
72621	150
72644	150
72667	150
72691	150
72714	150
72738	150
72773	150
72796	150
72820	150
72843	150
72867	150
72890	150
72914	150
72949	150
72972	150
72996	150
73031	150
73054	150
73089	151
73113	151
73136	151
73160	151
73183	151
73207	151
73230	151
73253	151
73277	151
73300	151
73324	151
73347	151
73371	151
73394	151
73417	151
73441	151
73476	151
73500	151
73523	151
73546	151
73570	151
73593	151
73617	151
73640	151
73664	151
73687	151
73722	151
73746	151
73781	151
73804	151
73828	151
73851	151
73875	151
73910	151
73933	151
73957	151
73980	151
74003	151
74027	151
74050	151
74074	151
74097	151
74132	151
74156	151
74179	151
74203	151
74226	151
74250	151
74273	151
74296	151
74332	152
74355	152
74378	152
74402	152
74425	152
74449	152
74484	152
74519	152
74542	152
74578	152
74601	152
74625	152
74648	152
74671	152
74695	152
74718	152
74742	152
74765	152
74800	152
74824	152
74847	152
74871	152
74882	152
74906	152
74929	152
74964	152
74988	152
75011	152
75035	152
75058	152
75082	152
75105	152
75128	152
75152	152
75175	152
75199	152
75234	152
75269	152
75292	152
75328	152
75351	152
75375	152
75398	152
75421	152
75457	152
75480	152
75503	152
75527	152
75562	152
75585	152
75609	153
75632	153
75656	153
75679	153
75703	153
75738	153
75761	153
75785	153
75796	153
75820	153
75843	153
75867	153
75890	153
75914	153
75949	153
75972	153
75996	153
76019	153
76054	153
76078	153
76101	153
76125	153
76160	153
76183	153
76207	153
76230	153
76253	153
76289	153
76312	153
76335	153
76359	153
76382	153
76417	153
76441	153
76464	153
76488	153
76511	153
76535	153
76558	153
76582	153
76605	153
76640	153
76664	153
76687	153
76710	153
76734	153
76769	153
76792	153
76816	153
76851	153
76875	154
76898	154
76921	154
76945	154
76968	154
76992	154
77027	154
77050	154
77074	154
77097	154
77121	154
77144	154
77167	154
77203	154
77226	154
77250	154
77273	154
77296	154
77320	154
77332	154
77355	154
77390	154
77414	154
77437	154
77460	154
77484	154
77519	154
77542	154
77566	154
77601	154
77625	154
77648	154
77683	154
77707	154
77742	154
77765	154
77789	154
77812	154
77835	154
77871	154
77894	154
77929	154
77953	154
77976	154
78000	154
78023	154
78046	154
78070	154
78093	154
78128	154
78152	155
78175	155
78199	155
78222	155
78257	155
78281	155
78304	155
78328	155
78363	155
78386	155
78410	155
78433	155
78457	155
78480	155
78503	155
78539	155
78562	155
78585	155
78609	155
78644	155
78667	155
78691	155
78714	155
78750	155
78773	155
78796	155
78820	155
78843	155
78867	155
78890	155
78914	155
78937	155
78972	155
78996	155
79019	155
79042	155
79066	155
79101	155
79125	155
79148	155
79171	155
79195	155
79218	155
79253	155
79277	155
79300	155
79324	155
79359	155
79382	155
79417	155
79441	156
79464	156
79488	156
79523	156
79546	156
79570	156
79593	156
79617	156
79640	156
79664	156
79687	156
79722	156
79746	156
79769	156
79792	156
79816	156
79839	156
79875	156
79898	156
79921	156
79945	156
79968	156
79992	156
80015	156
80050	156
80074	156
80097	156
80132	156
80156	156
80191	156
80214	156
80238	156
80261	156
80296	156
80320	156
80343	156
80367	156
80390	156
80414	156
80437	156
80460	156
80496	156
80519	156
80542	156
80566	156
80589	156
80625	156
80648	156
80671	156
80695	156
80718	157
80742	157
80777	157
80800	157
80824	157
80859	157
80882	157
80917	157
80941	157
80964	157
81000	157
81023	157
81046	157
81070	157
81093	157
81128	157
81152	157
81175	157
81199	157
81222	157
81257	157
81281	157
81304	157
81328	157
81363	157
81386	157
81410	157
81433	157
81457	157
81492	157
81515	157
81539	157
81562	157
81597	157
81621	157
81656	157
81679	157
81714	157
81738	157
81761	157
81785	157
81820	157
81843	157
81867	157
81890	157
81914	157
81937	157
81972	157
81996	157
82019	157
82042	158
82066	158
82089	158
82125	158
82148	158
82171	158
82195	158
82218	158
82242	158
82277	158
82300	158
82324	158
82359	158
82382	158
82417	158
82441	158
82464	158
82500	158
82523	158
82546	158
82582	158
82605	158
82628	158
82652	158
82687	158
82710	158
82734	158
82769	158
82792	158
82816	158
82851	158
82875	158
82898	158
82921	158
82957	158
82980	158
83003	158
83027	158
83062	158
83085	158
83109	158
83144	158
83167	158
83203	158
83226	158
83250	158
83285	158
83308	158
83332	158
83355	158
83390	159
83414	159
83437	159
83472	159
83496	159
83531	159
83554	159
83578	159
83613	159
83636	159
83660	159
83683	159
83707	159
83742	159
83765	159
83789	159
83824	159
83847	159
83871	159
83906	159
83941	159
83964	159
83988	159
84023	159
84046	159
84082	159
84105	159
84128	159
84164	159
84187	159
84222	159
84246	159
84281	159
84304	159
84328	159
84363	159
84386	159
84410	159
84433	159
84457	159
84480	159
84503	159
84539	159
84562	159
84585	159
84621	159
84644	159
84667	159
84691	159
84726	159
84750	160
84785	160
84808	160
84843	160
84867	160
84890	160
84914	160
84949	160
84984	160
85007	160
85042	160
85078	160
85101	160
85125	160
85160	160
85183	160
85207	160
85242	160
85265	160
85289	160
85324	160
85347	160
85371	160
85394	160
85429	160
85453	160
85476	160
85511	160
85535	160
85558	160
85582	160
85617	160
85640	160
85664	160
85699	160
85722	160
85757	160
85792	160
85816	160
85851	160
85875	160
85898	160
85933	160
85957	160
85992	160
86015	160
86039	160
86074	160
86097	160
86121	160
86144	161
86179	161
86203	161
86238	161
86261	161
86285	161
86320	161
86343	161
86378	161
86402	161
86425	161
86460	161
86496	161
86531	161
86554	161
86589	161
86613	161
86636	161
86671	161
86695	161
86730	161
86753	161
86777	161
86812	161
86835	161
86859	161
86882	161
86906	161
86941	161
86964	161
87000	161
87023	161
87046	161
87070	161
87093	161
87128	161
87152	161
87175	161
87210	161
87246	161
87281	161
87316	161
87339	161
87363	161
87398	161
87433	161
87457	161
87492	161
87515	161
87539	161
87574	162
87597	162
87621	162
87656	162
87679	162
87703	162
87738	162
87761	162
87785	162
87808	162
87832	162
87855	162
87890	162
87914	162
87937	162
87972	162
88007	162
88031	162
88066	162
88089	162
88113	162
88148	162
88171	162
88207	162
88230	162
88265	162
88289	162
88324	162
88347	162
88371	162
88406	162
88429	162
88464	162
88488	162
88523	162
88546	162
88570	162
88593	162
88628	162
88652	162
88675	162
88710	162
88734	162
88769	162
88804	162
88828	162
88863	162
88886	162
88910	162
88945	162
88968	163
88992	163
89027	163
89050	163
89085	163
89109	163
89132	163
89167	163
89191	163
89214	163
89250	163
89273	163
89296	163
89320	163
89343	163
89367	163
89402	163
89425	163
89460	163
89484	163
89519	163
89542	163
89578	163
89601	163
89636	163
89660	163
89695	163
89730	163
89753	163
89777	163
89812	163
89835	163
89871	163
89906	163
89929	163
89964	163
89988	163
90023	163
90046	163
90070	163
90105	163
90128	163
90152	163
90187	163
90210	163
90246	163
90269	163
90304	163
90328	163
90363	163
90386	164
90410	164
90445	164
90468	164
90503	164
90527	164
90550	164
90585	164
90621	164
90644	164
90679	164
90703	164
90738	164
90761	164
90785	164
90820	164
90843	164
90867	164
90890	164
90925	164
90949	164
90984	164
91007	164
91031	164
91066	164
91089	164
91125	164
91148	164
91183	164
91207	164
91230	164
91265	164
91289	164
91324	164
91347	164
91382	164
91417	164
91441	164
91476	164
91500	164
91535	164
91558	164
91582	164
91605	164
91640	164
91664	164
91699	164
91722	164
91746	164
91781	164
91804	165
91839	165
91863	165
91898	165
91921	165
91945	165
91980	165
92003	165
92027	165
92062	165
92085	165
92121	165
92156	165
92191	165
92214	165
92250	165
92273	165
92296	165
92332	165
92355	165
92378	165
92414	165
92437	165
92472	165
92496	165
92519	165
92554	165
92578	165
92613	165
92636	165
92671	165
92695	165
92718	165
92753	165
92777	165
92812	165
92835	165
92871	165
92906	165
92941	165
92964	165
93000	165
93023	165
93058	165
93082	165
93105	165
93140	165
93164	165
93199	165
93222	165
93257	166
93281	166
93316	166
93339	166
93375	166
93398	166
93421	166
93457	166
93492	166
93515	166
93539	166
93574	166
93609	166
93644	166
93679	166
93703	166
93738	166
93761	166
93796	166
93820	166
93843	166
93878	166
93902	166
93937	166
93960	166
93984	166
94019	166
94042	166
94078	166
94101	166
94136	166
94160	166
94183	166
94218	166
94242	166
94265	166
94300	166
94324	166
94359	166
94394	166
94429	166
94453	166
94488	166
94511	166
94546	166
94570	166
94605	166
94628	166
94664	166
94687	166
94722	167
94746	167
94781	167
94804	167
94839	167
94863	167
94898	167
94921	167
94957	167
94980	167
95003	167
95039	167
95074	167
95097	167
95132	167
95167	167
95191	167
95226	167
95250	167
95285	167
95308	167
95343	167
95367	167
95402	167
95425	167
95460	167
95496	167
95519	167
95554	167
95589	167
95613	167
95648	167
95671	167
95707	167
95730	167
95753	167
95789	167
95824	167
95847	167
95882	167
95917	167
95941	167
95976	167
96011	167
96035	167
96070	167
96105	167
96128	167
96164	167
96187	167
96222	168
96257	168
96292	168
96316	168
96351	168
96375	168
96410	168
96433	168
96457	168
96480	168
96515	168
96539	168
96574	168
96597	168
96621	168
96656	168
96679	168
96714	168
96738	168
96773	168
96808	168
96832	168
96867	168
96890	168
96925	168
96949	168
96984	168
97019	168
97054	168
97089	168
97113	168
97148	168
97171	168
97207	168
97230	168
97265	168
97289	168
97324	168
97347	168
97382	168
97406	168
97441	168
97464	168
97500	168
97523	168
97558	168
97582	168
97617	168
97640	168
97675	168
97710	169
97746	169
97781	169
97816	169
97839	169
97875	169
97898	169
97933	169
97957	169
97992	169
98015	169
98050	169
98085	169
98109	169
98144	169
98167	169
98203	169
98226	169
98261	169
98285	169
98320	169
98355	169
98378	169
98414	169
98437	169
98472	169
98507	169
98542	169
98578	169
98613	169
98636	169
98671	169
98695	169
98730	169
98753	169
98789	169
98812	169
98847	169
98871	169
98894	169
98929	169
98953	169
98988	169
99011	169
99035	169
99070	169
99093	169
99128	169
99152	169
99187	169
99222	170
99257	170
99292	170
99328	170
99351	170
99386	170
99410	170
99457	170
99480	170
99515	170
99539	170
99574	170
99597	170
99632	170
99656	170
99691	170
99714	170
99750	170
99785	170
99808	170
99832	170
99855	170
99878	170
99914	170
99949	170
99972	170
100007	170
100042	170
100078	170
100101	170
100136	170
100160	170
100195	170
100230	170
100253	170
100289	170
100312	170
100347	170
100371	170
100406	170
100441	170
100464	170
100500	170
100523	170
100558	170
100582	170
100605	170
100640	170
100664	170
100699	170
100734	171
100769	171
100792	171
100828	171
100851	171
100886	171
100921	171
100945	171
100980	171
101003	171
101039	171
101062	171
101097	171
101121	171
101156	171
101179	171
101214	171
101238	171
101273	171
101296	171
101320	171
101343	171
101378	171
101402	171
101437	171
101460	171
101496	171
101531	171
101566	171
101589	171
101625	171
101660	171
101695	171
101730	171
101753	171
101789	171
101812	171
101847	171
101882	171
101917	171
101953	171
101976	171
102011	171
102035	171
102070	171
102093	171
102128	171
102152	171
102187	171
102210	171
102246	172
102281	172
102304	172
102339	172
102375	172
102398	172
102433	172
102457	172
102492	172
102515	172
102550	172
102574	172
102609	172
102644	172
102679	172
102703	172
102738	172
102761	172
102796	172
102820	172
102843	172
102878	172
102902	172
102937	172
102960	172
102996	172
103031	172
103054	172
103089	172
103113	172
103148	172
103171	172
103207	172
103242	172
103265	172
103300	172
103324	172
103359	172
103394	172
103429	172
103464	172
103488	172
103523	172
103546	172
103582	172
103605	172
103640	172
103664	172
103699	172
103722	172
103757	173
103781	173
103816	173
103851	173
103875	173
103910	173
103933	173
103968	173
103992	173
104027	173
104062	173
104085	173
104121	173
104156	173
104191	173
104226	173
104250	173
104285	173
104308	173
104343	173
104367	173
104402	173
104437	173
104460	173
104496	173
104519	173
104554	173
104578	173
104613	173
104648	173
104671	173
104707	173
104730	173
104765	173
104789	173
104824	173
104859	173
104894	173
104929	173
104964	173
104988	173
105023	173
105058	173
105082	173
105105	173
105140	173
105175	173
105199	173
105234	173
105257	173
105292	174
105328	174
105351	174
105386	174
105410	174
105445	174
105480	174
105503	174
105539	174
105574	174
105609	174
105644	174
105679	174
105703	174
105738	174
105773	174
105796	174
105832	174
105855	174
105890	174
105914	174
105949	174
105984	174
106007	174
106042	174
106066	174
106101	174
106136	174
106160	174
106195	174
106218	174
106253	174
106277	174
106312	174
106347	174
106382	174
106417	174
106441	174
106476	174
106511	174
106535	174
106570	174
106605	174
106628	174
106664	174
106699	174
106722	174
106757	174
106792	174
106816	174
106851	175
106886	175
106910	175
106945	175
106968	175
107003	175
107027	175
107062	175
107097	175
107132	175
107167	175
107191	175
107226	175
107261	175
107285	175
107320	175
107355	175
107378	175
107414	175
107449	175
107484	175
107507	175
107542	175
107578	175
107613	175
107636	175
107671	175
107707	175
107730	175
107765	175
107789	175
107824	175
107859	175
107894	175
107929	175
107964	175
107988	175
108023	175
108058	175
108093	175
108128	175
108164	175
108187	175
108222	175
108257	175
108292	175
108328	175
108351	175
108386	175
108421	175
108445	176
108468	176
108503	176
108527	176
108562	176
108597	176
108621	176
108656	176
108679	176
108714	176
108750	176
108785	176
108808	176
108843	176
108878	176
108902	176
108937	176
108972	176
109019	176
109054	176
109089	176
109113	176
109148	176
109183	176
109207	176
109242	176
109265	176
109300	176
109335	176
109359	176
109394	176
109429	176
109453	176
109488	176
109523	176
109546	176
109582	176
109617	176
109640	176
109675	176
109710	176
109746	176
109781	176
109816	176
109851	176
109886	176
109910	176
109945	176
109980	176
110003	176
110039	177
110074	177
110109	177
110132	177
110167	177
110203	177
110226	177
110261	177
110296	177
110332	177
110367	177
110390	177
110425	177
110460	177
110496	177
110531	177
110578	177
110601	177
110636	177
110671	177
110695	177
110730	177
110753	177
110789	177
110824	177
110847	177
110882	177
110906	177
110941	177
110976	177
111011	177
111035	177
111058	177
111093	177
111128	177
111152	177
111187	177
111222	177
111257	177
111304	177
111339	177
111363	177
111398	177
111433	177
111468	177
111503	177
111527	177
111562	177
111597	177
111621	177
111656	178
111691	178
111714	178
111750	178
111785	178
111808	178
111832	178
111867	178
111890	178
111925	178
111960	178
111996	178
112031	178
112054	178
112089	178
112125	178
112160	178
112195	178
112230	178
112253	178
112289	178
112324	178
112347	178
112382	178
112417	178
112453	178
112488	178
112511	178
112546	178
112570	178
112605	178
112640	178
112664	178
112699	178
112734	178
112769	178
112804	178
112839	178
112875	178
112898	178
112933	178
112968	178
112992	178
113027	178
113062	178
113097	178
113121	178
113156	178
113191	178
113214	178
113250	179
113285	179
113308	179
113332	179
113355	179
113390	179
113425	179
113460	179
113484	179
113519	179
113554	179
113589	179
113625	179
113660	179
113695	179
113730	179
113765	179
113789	179
113824	179
113859	179
113894	179
113929	179
113964	179
114000	179
114023	179
114058	179
114082	179
114117	179
114152	179
114175	179
114210	179
114246	179
114281	179
114304	179
114339	179
114375	179
114410	179
114433	179
114468	179
114503	179
114527	179
114562	179
114597	179
114632	179
114667	179
114703	179
114726	179
114761	179
114796	179
114820	179
114843	180
114878	180
114914	180
114937	180
114972	180
115007	180
115042	180
115066	180
115101	180
115136	180
115160	180
115195	180
115230	180
115253	180
115289	180
115324	180
115359	180
115394	180
115429	180
115464	180
115488	180
115523	180
115558	180
115582	180
115617	180
115640	180
115675	180
115710	180
115734	180
115769	180
115804	180
115828	180
115863	180
115898	180
115933	180
115957	180
115992	180
116027	180
116050	180
116085	180
116121	180
116156	180
116191	180
116226	180
116261	180
116285	180
116320	180
116343	180
116378	180
116414	180
116437	181
116472	181
116507	181
116531	181
116566	181
116601	181
116625	181
116660	181
116695	181
116718	181
116753	181
116789	181
116812	181
116847	181
116894	181
116929	181
116953	181
116988	181
117023	181
117046	181
117082	181
117117	181
117140	181
117175	181
117210	181
117234	181
117269	181
117304	181
117328	181
117363	181
117398	181
117433	181
117457	181
117492	181
117527	181
117550	181
117585	181
117621	181
117667	181
117703	181
117726	181
117761	181
117796	181
117820	181
117855	181
117878	181
117914	181
117949	181
117972	181
118007	181
118042	182
118066	182
118101	182
118136	182
118160	182
118195	182
118230	182
118253	182
118289	182
118324	182
118359	182
118394	182
118429	182
118464	182
118488	182
118523	182
118558	182
118593	182
118617	182
118652	182
118687	182
118710	182
118746	182
118781	182
118816	182
118839	182
118875	182
118910	182
118933	182
118968	182
119003	182
119027	182
119062	182
119097	182
119132	182
119167	182
119191	182
119226	182
119261	182
119296	182
119320	182
119355	182
119390	182
119414	182
119449	182
119484	182
119519	182
119554	182
119589	182
119613	182
119648	183
119683	183
119707	183
119742	183
119765	183
119800	183
119835	183
119871	183
119906	183
119941	183
119976	183
120011	183
120035	183
120082	183
120117	183
120140	183
120175	183
120210	183
120246	183
120281	183
120316	183
120351	183
120375	183
120410	183
120433	183
120457	183
120492	183
120527	183
120562	183
120585	183
120621	183
120644	183
120679	183
120714	183
120750	183
120773	183
120808	183
120843	183
120878	183
120914	183
120949	183
120984	183
121019	183
121054	183
121089	183
121125	183
121148	183
121183	183
121218	183
121242	183
121277	184
121312	184
121335	184
121371	184
121406	184
121429	184
121464	184
121500	184
121523	184
121558	184
121593	184
121628	184
121652	184
121687	184
121722	184
121757	184
121792	184
121828	184
121863	184
121898	184
121921	184
121957	184
121992	184
122015	184
122050	184
122085	184
122109	184
122144	184
122179	184
122214	184
122238	184
122273	184
122308	184
122343	184
122367	184
122402	184
122437	184
122472	184
122507	184
122554	184
122578	184
122613	184
122648	184
122683	184
122707	184
122742	184
122765	184
122800	184
122835	184
122859	184
122894	185
122917	185
122953	185
122988	185
123023	185
123046	185
123070	185
123105	185
123140	185
123164	185
123199	185
123246	185
123281	185
123316	185
123351	185
123386	185
123421	185
123457	185
123492	185
123515	185
123550	185
123585	185
123609	185
123644	185
123679	185
123703	185
123738	185
123773	185
123796	185
123820	185
123855	185
123878	185
123914	185
123949	185
123972	185
124007	185
124042	185
124078	185
124113	185
124148	185
124171	185
124207	185
124242	185
124277	185
124300	185
124335	185
124371	185
124406	185
124429	185
124464	185
124500	186
124523	186
124558	186
124582	186
124617	186
124652	186
124675	186
124710	186
124746	186
124781	186
124816	186
124851	186
124875	186
124910	186
124945	186
124968	186
125003	186
125039	186
125062	186
125097	186
125132	186
125167	186
125191	186
125226	186
125261	186
125285	186
125308	186
125343	186
125367	186
125402	186
125425	186
125460	186
125496	186
125531	186
125566	186
125601	186
125625	186
125660	186
125707	186
125742	186
125765	186
125800	186
125835	186
125871	186
125906	186
125941	186
125964	186
126000	186
126035	186
126058	186
126093	187
126117	187
126152	187
126187	187
126210	187
126246	187
126281	187
126316	187
126339	187
126375	187
126410	187
126445	187
126468	187
126503	187
126527	187
126562	187
126597	187
126632	187
126667	187
126691	187
126726	187
126761	187
126785	187
126820	187
126843	187
126878	187
126902	187
126937	187
126972	187
126996	187
127031	187
127066	187
127089	187
127125	187
127160	187
127183	187
127218	187
127253	187
127277	187
127312	187
127347	187
127382	187
127417	187
127453	187
127476	187
127511	187
127546	187
127570	187
127605	187
127628	187
127664	188
127699	188
127722	188
127757	188
127792	188
127816	188
127851	188
127886	188
127910	188
127945	188
127980	188
128003	188
128039	188
128074	188
128109	188
128144	188
128179	188
128214	188
128238	188
128273	188
128296	188
128332	188
128355	188
128390	188
128425	188
128449	188
128484	188
128507	188
128542	188
128578	188
128601	188
128636	188
128671	188
128695	188
128730	188
128765	188
128789	188
128824	188
128859	188
128894	188
128929	188
128964	188
128988	188
129023	188
129058	188
129082	188
129117	188
129140	188
129175	188
129210	188
129234	189
129269	189
129304	189
129328	189
129363	189
129398	189
129421	189
129457	189
129492	189
129515	189
129550	189
129585	189
129621	189
129656	189
129691	189
129726	189
129750	189
129785	189
129820	189
129843	189
129878	189
129902	189
129937	189
129972	189
129996	189
130031	189
130066	189
130089	189
130125	189
130160	189
130183	189
130218	189
130242	189
130277	189
130312	189
130335	189
130371	189
130406	189
130441	189
130476	189
130511	189
130535	189
130570	189
130605	189
130628	189
130664	189
130699	189
130734	189
130769	189
130792	189
130828	190
130863	190
130886	190
130921	190
130945	190
130980	190
131015	190
131039	190
131074	190
131109	190
131144	190
131179	190
131203	190
131238	190
131273	190
131296	190
131332	190
131367	190
131390	190
131425	190
131460	190
131496	190
131531	190
131554	190
131589	190
131625	190
131648	190
131683	190
131707	190
131742	190
131777	190
131800	190
131835	190
131871	190
131906	190
131941	190
131976	190
132000	190
132035	190
132070	190
132105	190
132140	190
132175	190
132199	190
132234	190
132269	190
132304	190
132339	190
132375	190
132398	190
132433	191
132457	191
132480	191
132515	191
132550	191
132574	191
132609	191
132632	191
132667	191
132703	191
132738	191
132761	191
132796	191
132832	191
132867	191
132890	191
132925	191
132960	191
132996	191
133042	191
133066	191
133101	191
133136	191
133160	191
133195	191
133230	191
133253	191
133289	191
133324	191
133347	191
133382	191
133417	191
133441	191
133476	191
133511	191
133535	191
133570	191
133605	191
133628	191
133664	191
133699	191
133734	191
133769	191
133804	191
133839	191
133863	191
133898	191
133933	191
133968	191
133992	191
134027	192
134062	192
134085	192
134121	192
134144	192
134179	192
134214	192
134250	192
134273	192
134308	192
134343	192
134378	192
134402	192
134437	192
134472	192
134507	192
134554	192
134589	192
134613	192
134648	192
134683	192
134707	192
134742	192
134765	192
134800	192
134835	192
134859	192
134894	192
134917	192
134953	192
134988	192
135011	192
135046	192
135070	192
135105	192
135128	192
135164	192
135199	192
135234	192
135269	192
135316	192
135339	192
135375	192
135410	192
135445	192
135480	192
135515	192
135539	192
135574	192
135609	192
135632	193
135667	193
135691	193
135726	193
135761	193
135785	193
135808	193
135843	193
135867	193
135902	193
135937	193
135960	193
135996	193
136031	193
136066	193
136101	193
136125	193
136160	193
136195	193
136230	193
136253	193
136289	193
136324	193
136347	193
136382	193
136417	193
136441	193
136476	193
136511	193
136535	193
136570	193
136593	193
136628	193
136664	193
136687	193
136722	193
136757	193
136792	193
136828	193
136851	193
136886	193
136921	193
136945	193
136980	193
137015	193
137039	193
137074	193
137109	193
137132	193
137167	193
137191	194
137226	194
137261	194
137285	194
137308	194
137343	194
137367	194
137402	194
137425	194
137460	194
137496	194
137531	194
137566	194
137589	194
137625	194
137660	194
137695	194
137730	194
137765	194
137789	194
137824	194
137859	194
137894	194
137929	194
137964	194
137988	194
138023	194
138058	194
138082	194
138117	194
138140	194
138175	194
138199	194
138234	194
138269	194
138304	194
138339	194
138363	194
138398	194
138421	194
138457	194
138492	194
138515	194
138550	194
138585	194
138621	194
138644	194
138679	194
138714	194
138738	194
138773	195
138796	195
138832	195
138855	195
138890	195
138914	195
138949	195
138972	195
139007	195
139042	195
139066	195
139101	195
139136	195
139160	195
139195	195
139230	195
139253	195
139289	195
139324	195
139347	195
139382	195
139417	195
139453	195
139488	195
139511	195
139546	195
139570	195
139605	195
139628	195
139664	195
139699	195
139722	195
139757	195
139781	195
139816	195
139851	195
139875	195
139910	195
139945	195
139968	195
140003	195
140027	195
140062	195
140097	195
140132	195
140167	195
140203	195
140238	195
140261	195
140296	195
140320	196
140355	196
140378	196
140414	196
140449	196
140472	196
140507	196
140531	196
140566	196
140589	196
140625	196
140660	196
140683	196
140718	196
140753	196
140777	196
140812	196
140847	196
140882	196
140917	196
140953	196
140976	196
141011	196
141046	196
141070	196
141093	196
141128	196
141164	196
141187	196
141222	196
141246	196
141281	196
141316	196
141339	196
141375	196
141410	196
141433	196
141468	196
141503	196
141527	196
141562	196
141597	196
141632	196
141667	196
141703	196
141726	196
141761	196
141785	196
141820	196
141843	196
141878	197
141914	197
141937	197
141972	197
141996	197
142031	197
142054	197
142089	197
142125	197
142148	197
142183	197
142207	197
142242	197
142277	197
142300	197
142335	197
142371	197
142406	197
142441	197
142476	197
142500	197
142535	197
142570	197
142593	197
142628	197
142664	197
142687	197
142722	197
142757	197
142792	197
142816	197
142851	197
142886	197
142910	197
142945	197
142968	197
143003	197
143027	197
143062	197
143097	197
143132	197
143167	197
143191	197
143226	197
143261	197
143285	197
143320	197
143355	197
143378	197
143414	197
143449	198
143472	198
143507	198
143542	198
143578	198
143601	198
143636	198
143660	198
143695	198
143730	198
143753	198
143789	198
143812	198
143847	198
143882	198
143917	198
143953	198
143976	198
144011	198
144046	198
144082	198
144117	198
144152	198
144175	198
144210	198
144246	198
144281	198
144316	198
144339	198
144375	198
144410	198
144433	198
144457	198
144480	198
144515	198
144550	198
144574	198
144609	198
144644	198
144667	198
144703	198
144738	198
144761	198
144796	198
144832	198
144867	198
144890	198
144925	198
144960	198
144996	198
145042	199
145066	199
145101	199
145136	199
145160	199
145195	199
145230	199
145253	199
145289	199
145324	199
145347	199
145382	199
145406	199
145441	199
145476	199
145511	199
145535	199
145570	199
145593	199
145628	199
145664	199
145687	199
145722	199
145769	199
145804	199
145828	199
145863	199
145898	199
145921	199
145957	199
145992	199
146015	199
146050	199
146085	199
146109	199
146144	199
146179	199
146203	199
146238	199
146273	199
146296	199
146332	199
146367	199
146390	199
146425	199
146460	199
146496	199
146542	199
146578	199
146601	199
146636	200
146671	200
146695	200
146730	200
146765	200
146789	200
146824	200
146847	200
146882	200
146906	200
146941	200
146976	200
147000	200
147035	200
147058	200
147093	200
147128	200
147152	200
147187	200
147222	200
147257	200
147304	200
147339	200
147363	200
147398	200
147433	200
147468	200
147503	200
147527	200
147562	200
147597	200
147621	200
147656	200
147679	200
147714	200
147750	200
147773	200
147808	200
147832	200
147855	200
147890	200
147914	200
147949	200
147984	200
148019	200
148054	200
148078	200
148113	200
148148	200
148171	200
148207	201
148242	201
148265	201
148300	201
148335	201
148359	201
148394	201
148429	201
148464	201
148488	201
148523	201
148546	201
148582	201
148605	201
148640	201
148675	201
148699	201
148734	201
148769	201
148804	201
148839	201
148863	201
148898	201
148933	201
148957	201
148992	201
149015	201
149050	201
149085	201
149109	201
149144	201
149179	201
149203	201
149238	201
149273	201
149296	201
149320	201
149343	201
149378	201
149414	201
149437	201
149472	201
149507	201
149542	201
149578	201
149613	201
149636	201
149671	201
149707	201
149742	201
149777	202
149812	202
149835	202
149871	202
149917	202
149941	202
149976	202
150011	202
150035	202
150070	202
150093	202
150128	202
150152	202
150187	202
150222	202
150257	202
150281	202
150316	202
150351	202
150375	202
150410	202
150445	202
150468	202
150503	202
150539	202
150562	202
150597	202
150632	202
150667	202
150691	202
150726	202
150761	202
150785	202
150808	202
150843	202
150867	202
150902	202
150937	202
150960	202
150996	202
151019	202
151054	202
151089	202
151113	202
151148	202
151183	202
151207	202
151242	202
151277	202
151300	202
151335	203
151371	203
151406	203
151441	203
151476	203
151500	203
151535	203
151558	203
151593	203
151617	203
151652	203
151687	203
151710	203
151746	203
151769	203
151804	203
151839	203
151875	203
151898	203
151933	203
151957	203
151992	203
152027	203
152050	203
152085	203
152121	203
152156	203
152191	203
152226	203
152261	203
152285	203
152320	203
152343	203
152378	203
152402	203
152437	203
152472	203
152496	203
152531	203
152554	203
152589	203
152625	203
152648	203
152683	203
152718	203
152742	203
152777	203
152812	203
152835	203
152871	203
152917	204
152941	204
152976	204
153011	204
153035	204
153070	204
153093	204
153128	204
153164	204
153187	204
153222	204
153246	204
153281	204
153316	204
153339	204
153375	204
153410	204
153433	204
153468	204
153503	204
153527	204
153562	204
153597	204
153632	204
153667	204
153703	204
153738	204
153773	204
153796	204
153832	204
153855	204
153890	204
153925	204
153949	204
153984	204
154007	204
154042	204
154078	204
154101	204
154136	204
154171	204
154195	204
154230	204
154253	204
154289	204
154324	204
154359	204
154394	204
154429	204
154464	204
154488	205
154523	205
154558	205
154582	205
154617	205
154652	205
154675	205
154710	205
154746	205
154781	205
154804	205
154839	205
154875	205
154898	205
154933	205
154957	205
154992	205
155015	205
155050	205
155085	205
155121	205
155144	205
155179	205
155214	205
155250	205
155273	205
155308	205
155343	205
155367	205
155402	205
155437	205
155460	205
155496	205
155531	205
155566	205
155601	205
155625	205
155660	205
155683	205
155718	205
155753	205
155777	205
155812	205
155847	205
155882	205
155917	205
155953	205
155976	205
156011	205
156046	205
156082	206
156117	206
156152	206
156175	206
156210	206
156246	206
156281	206
156316	206
156351	206
156375	206
156410	206
156433	206
156457	206
156492	206
156527	206
156550	206
156585	206
156609	206
156644	206
156679	206
156703	206
156738	206
156773	206
156808	206
156843	206
156867	206
156902	206
156937	206
156972	206
157007	206
157042	206
157078	206
157101	206
157136	206
157171	206
157195	206
157230	206
157253	206
157289	206
157324	206
157347	206
157382	206
157417	206
157441	206
157476	206
157511	206
157535	206
157570	206
157605	206
157628	206
157664	207
157687	207
157722	207
157769	207
157804	207
157839	207
157863	207
157898	207
157933	207
157957	207
157992	207
158027	207
158050	207
158085	207
158109	207
158144	207
158179	207
158214	207
158238	207
158273	207
158308	207
158343	207
158367	207
158402	207
158425	207
158472	207
158507	207
158542	207
158578	207
158613	207
158636	207
158671	207
158707	207
158730	207
158765	207
158789	207
158824	207
158847	207
158882	207
158906	207
158941	207
158964	207
159000	207
159035	207
159058	207
timepoint: 195.44000000000003