0	0
0	0
0	0
0	0
0	0
0	0
0	0
0	0
0	0
0	0
0	0
0	0
0	0
0	0
0	0
0	0
0	0
0	0
0	0
0	0
0	0
0	0
0	0
0	0
0	0
0	0
0	0
0	0
0	0
0	0
0	0
0	0
0	0
0	0
0	0
0	0
0	0
0	0
0	0
0	0
0	0
0	0
0	0
0	0
0	0
0	0
0	0
0	0
0	0
0	0
0	1
0	1
0	1
0	1
0	1
0	1
0	1
0	1
0	1
0	1
0	1
0	1
0	1
0	1
0	1
0	1
0	1
0	1
0	1
0	1
0	1
0	1
0	1
0	1
0	1
0	1
0	1
0	1
0	1
0	1
0	1
0	1
0	1
0	1
0	1
0	1
0	1
0	1
0	1
0	1
0	1
0	1
0	1
0	1
0	1
0	1
0	1
0	1
0	1
0	1
0	2
0	2
0	2
0	2
0	2
0	2
0	2
0	2
0	2
0	2
0	2
0	2
0	2
0	2
0	2
0	2
0	2
0	2
0	2
0	2
0	2
0	2
0	2
0	2
0	2
0	2
0	2
0	2
0	2
0	2
0	2
0	2
0	2
0	2
0	2
0	2
0	2
0	2
0	2
0	2
0	2
0	2
0	2
0	2
0	2
0	2
0	2
0	2
0	2
0	2
0	3
0	3
0	3
0	3
0	3
0	3
0	3
0	3
0	3
0	3
0	3
0	3
0	3
0	3
0	3
0	3
0	3
0	3
0	3
0	3
0	3
0	3
0	3
0	3
11	3
11	3
11	3
11	3
11	3
11	3
11	3
11	3
11	3
11	3
11	3
11	3
11	3
11	3
11	3
11	3
11	3
11	3
11	3
11	3
11	3
11	3
11	3
11	3
11	3
11	3
11	4
11	4
11	4
11	4
11	4
11	4
11	4
11	4
11	4
11	4
11	4
11	4
11	4
11	4
11	4
11	4
11	4
11	4
11	4
11	4
11	4
11	4
11	4
11	4
11	4
11	4
11	4
11	4
11	4
11	4
11	4
11	4
11	4
11	4
11	4
11	4
11	4
11	4
11	4
11	4
11	4
11	4
11	4
11	4
11	4
11	4
11	4
11	4
11	4
11	4
11	5
11	5
11	5
11	5
11	5
11	5
11	5
11	5
11	5
11	5
11	5
11	5
11	5
11	5
11	5
11	5
11	5
11	5
23	5
23	5
23	5
23	5
23	5
23	5
23	5
23	5
23	5
35	5
35	5
35	5
35	5
35	5
35	5
35	5
35	5
35	5
35	5
35	5
46	5
46	5
46	5
46	5
46	5
46	5
46	5
46	5
46	5
46	5
46	5
46	5
35	6
35	6
35	6
35	6
35	6
35	6
35	6
35	6
35	6
35	6
35	6
35	6
35	6
23	6
23	6
23	6
23	6
23	6
23	6
23	6
23	6
23	6
23	6
23	6
23	6
23	6
23	6
23	6
23	6
23	6
23	6
23	6
23	6
23	6
23	6
23	6
23	6
23	6
23	6
23	6
23	6
23	6
23	6
23	6
35	6
35	6
35	6
35	6
35	6
35	6
35	7
35	7
35	7
35	7
35	7
46	7
46	7
46	7
46	7
46	7
46	7
46	7
46	7
46	7
46	7
46	7
46	7
46	7
46	7
46	7
46	7
46	7
46	7
46	7
46	7
46	7
46	7
46	7
46	7
46	7
46	7
46	7
46	7
46	7
46	7
46	7
35	7
35	7
35	7
35	7
35	7
35	7
35	7
35	7
35	7
35	7
35	7
35	7
35	7
35	7
35	8
35	8
35	8
35	8
35	8
35	8
35	8
35	8
35	8
35	8
35	8
35	8
35	8
46	8
46	8
46	8
46	8
46	8
46	8
46	8
46	8
46	8
46	8
46	8
46	8
46	8
46	8
46	8
46	8
58	8
58	8
58	8
58	8
58	8
58	8
58	8
58	8
58	8
58	8
58	8
58	8
58	8
58	8
58	8
58	8
58	8
58	8
58	8
58	8
58	8
58	9
58	9
46	9
46	9
46	9
46	9
46	9
46	9
46	9
46	9
46	9
46	9
46	9
46	9
46	9
46	9
46	9
46	9
46	9
46	9
46	9
46	9
46	9
46	9
46	9
46	9
46	9
46	9
46	9
46	9
46	9
46	9
46	9
46	9
46	9
46	9
46	9
46	9
46	9
46	9
46	9
46	9
46	9
46	9
58	9
58	9
58	9
58	9
58	9
58	9
58	10
58	10
58	10
58	10
58	10
58	10
58	10
58	10
58	10
58	10
58	10
58	10
58	10
58	10
58	10
58	10
58	10
58	10
58	10
58	10
58	10
58	10
58	10
58	10
58	10
58	10
58	10
58	10
58	10
58	10
58	10
58	10
58	10
58	10
58	10
46	10
46	10
46	10
46	10
46	10
46	10
46	10
46	10
46	10
46	10
46	10
46	10
46	10
46	10
46	10
46	11
46	11
46	11
46	11
46	11
46	11
46	11
46	11
46	11
46	11
46	11
58	11
58	11
58	11
58	11
58	11
58	11
58	11
58	11
58	11
58	11
58	11
58	11
58	11
58	11
58	11
58	11
58	11
58	11
58	11
58	11
58	11
58	11
58	11
58	11
58	11
58	11
58	11
58	11
58	11
58	11
58	11
58	11
58	11
58	11
58	11
58	11
58	11
58	11
58	11
58	12
58	12
58	12
58	12
58	12
58	12
58	12
58	12
58	12
58	12
58	12
58	12
58	12
58	12
58	12
58	12
58	12
58	12
58	12
58	12
58	12
58	12
58	12
58	12
58	12
58	12
58	12
58	12
58	12
58	12
58	12
58	12
58	12
58	12
58	12
58	12
58	12
58	12
58	12
58	12
58	12
58	12
58	12
58	12
58	12
58	12
58	12
58	12
58	12
58	12
58	13
58	13
58	13
58	13
58	13
58	13
58	13
58	13
58	13
58	13
58	13
58	13
58	13
58	13
58	13
58	13
58	13
58	13
58	13
58	13
58	13
58	13
58	13
58	13
58	13
58	13
58	13
58	13
58	13
58	13
58	13
58	13
58	13
58	13
58	13
58	13
58	13
58	13
58	13
58	13
58	13
58	13
58	13
58	13
58	13
58	13
58	13
58	13
58	13
58	13
58	14
58	14
58	14
58	14
58	14
58	14
58	14
58	14
58	14
58	14
58	14
58	14
58	14
58	14
58	14
58	14
58	14
58	14
58	14
58	14
58	14
58	14
58	14
58	14
58	14
58	14
58	14
58	14
58	14
58	14
58	14
58	14
58	14
58	14
58	14
58	14
58	14
58	14
58	14
58	14
58	14
58	14
58	14
58	14
58	14
58	14
58	14
58	14
58	14
58	14
58	15
58	15
58	15
58	15
58	15
58	15
58	15
58	15
58	15
58	15
58	15
58	15
58	15
58	15
58	15
58	15
58	15
58	15
58	15
58	15
58	15
58	15
58	15
58	15
58	15
58	15
58	15
58	15
58	15
58	15
58	15
58	15
58	15
58	15
58	15
58	15
58	15
58	15
58	15
58	15
58	15
58	15
58	15
58	15
58	15
58	15
58	15
58	15
58	15
58	15
58	16
58	16
58	16
58	16
58	16
58	16
58	16
58	16
58	16
58	16
58	16
58	16
58	16
58	16
58	16
58	16
58	16
58	16
58	16
58	16
58	16
58	16
58	16
58	16
58	16
58	16
58	16
58	16
58	16
58	16
58	16
58	16
58	16
58	16
58	16
58	16
58	16
58	16
58	16
58	16
58	16
58	16
58	16
58	16
58	16
58	16
58	16
58	16
58	16
58	16
58	17
58	17
58	17
58	17
58	17
58	17
58	17
58	17
58	17
58	17
58	17
58	17
58	17
58	17
58	17
58	17
58	17
58	17
58	17
58	17
58	17
58	17
58	17
58	17
58	17
58	17
58	17
58	17
58	17
58	17
58	17
58	17
58	17
58	17
58	17
58	17
58	17
58	17
58	17
58	17
58	17
58	17
58	17
58	17
58	17
58	17
58	17
58	17
58	17
58	17
58	18
58	18
58	18
58	18
58	18
58	18
58	18
58	18
58	18
58	18
58	18
58	18
58	18
58	18
58	18
58	18
58	18
58	18
58	18
58	18
58	18
58	18
58	18
58	18
58	18
58	18
58	18
58	18
58	18
58	18
58	18
58	18
58	18
58	18
58	18
58	18
58	18
58	18
58	18
58	18
58	18
58	18
58	18
58	18
58	18
58	18
58	18
58	18
58	18
58	18
58	19
58	19
58	19
58	19
58	19
58	19
58	19
58	19
58	19
58	19
58	19
58	19
58	19
58	19
58	19
58	19
58	19
58	19
58	19
58	19
58	19
58	19
58	19
58	19
58	19
58	19
58	19
58	19
58	19
58	19
58	19
58	19
58	19
58	19
58	19
58	19
58	19
58	19
58	19
58	19
58	19
58	19
58	19
58	19
58	19
58	19
58	19
58	19
58	19
58	19
58	20
58	20
58	20
58	20
58	20
58	20
58	20
58	20
58	20
58	20
58	20
58	20
58	20
58	20
58	20
58	20
58	20
58	20
58	20
58	20
58	20
58	20
58	20
58	20
58	20
58	20
58	20
58	20
58	20
58	20
58	20
58	20
58	20
58	20
58	20
58	20
58	20
58	20
58	20
58	20
58	20
58	20
58	20
58	20
58	20
58	20
58	20
58	20
58	20
58	20
58	21
58	21
58	21
58	21
58	21
58	21
58	21
58	21
58	21
58	21
58	21
58	21
58	21
58	21
58	21
58	21
58	21
58	21
58	21
58	21
58	21
58	21
58	21
58	21
58	21
58	21
58	21
58	21
58	21
58	21
58	21
58	21
58	21
58	21
58	21
58	21
58	21
58	21
58	21
58	21
58	21
58	21
58	21
58	21
58	21
58	21
58	21
58	21
58	21
58	21
58	22
58	22
58	22
58	22
58	22
58	22
58	22
58	22
58	22
58	22
58	22
58	22
58	22
58	22
58	22
58	22
58	22
58	22
58	22
58	22
58	22
58	22
58	22
58	22
58	22
58	22
58	22
58	22
58	22
58	22
58	22
58	22
58	22
58	22
58	22
58	22
58	22
58	22
58	22
58	22
58	22
58	22
58	22
58	22
58	22
58	22
58	22
58	22
58	22
58	22
58	23
58	23
58	23
58	23
58	23
58	23
58	23
58	23
58	23
58	23
58	23
58	23
58	23
58	23
58	23
58	23
58	23
58	23
58	23
58	23
58	23
58	23
58	23
58	23
58	23
58	23
58	23
58	23
58	23
58	23
58	23
58	23
58	23
58	23
58	23
58	23
58	23
58	23
58	23
58	23
58	23
58	23
58	23
58	23
58	23
58	23
58	23
58	23
58	23
58	23
58	24
58	24
58	24
58	24
58	24
58	24
58	24
58	24
58	24
58	24
58	24
58	24
58	24
58	24
58	24
58	24
58	24
58	24
58	24
58	24
58	24
58	24
58	24
58	24
58	24
58	24
58	24
58	24
58	24
58	24
58	24
58	24
58	24
58	24
58	24
58	24
58	24
58	24
58	24
58	24
58	24
58	24
58	24
58	24
58	24
58	24
58	24
58	24
58	24
58	24
58	25
58	25
58	25
58	25
58	25
58	25
58	25
58	25
58	25
58	25
58	25
58	25
58	25
58	25
58	25
58	25
58	25
58	25
58	25
58	25
58	25
58	25
58	25
58	25
58	25
58	25
58	25
58	25
58	25
58	25
58	25
58	25
58	25
58	25
58	25
58	25
58	25
58	25
58	25
58	25
58	25
58	25
58	25
58	25
58	25
58	25
58	25
58	25
58	25
58	25
58	26
58	26
58	26
58	26
58	26
58	26
58	26
58	26
58	26
58	26
58	26
58	26
58	26
58	26
58	26
58	26
58	26
58	26
58	26
58	26
58	26
58	26
58	26
58	26
58	26
58	26
58	26
58	26
58	26
58	26
58	26
58	26
58	26
58	26
58	26
58	26
58	26
58	26
58	26
58	26
58	26
58	26
58	26
58	26
58	26
58	26
58	26
58	26
58	26
58	26
58	27
58	27
58	27
58	27
58	27
58	27
58	27
58	27
58	27
58	27
58	27
58	27
58	27
58	27
58	27
58	27
58	27
58	27
58	27
58	27
58	27
58	27
58	27
58	27
58	27
58	27
58	27
58	27
58	27
58	27
58	27
58	27
58	27
58	27
58	27
58	27
58	27
58	27
58	27
58	27
58	27
58	27
58	27
58	27
58	27
58	27
58	27
58	27
58	27
58	27
58	28
58	28
58	28
58	28
58	28
58	28
58	28
58	28
58	28
58	28
58	28
58	28
58	28
58	28
58	28
58	28
58	28
58	28
58	28
58	28
58	28
58	28
58	28
58	28
58	28
58	28
58	28
58	28
58	28
58	28
58	28
58	28
58	28
58	28
58	28
58	28
58	28
58	28
58	28
58	28
58	28
58	28
58	28
58	28
58	28
58	28
58	28
58	28
58	28
58	28
58	29
58	29
58	29
58	29
58	29
58	29
58	29
58	29
58	29
58	29
58	29
58	29
58	29
58	29
58	29
58	29
58	29
58	29
58	29
58	29
58	29
58	29
58	29
58	29
58	29
58	29
58	29
58	29
58	29
58	29
58	29
58	29
58	29
58	29
58	29
58	29
58	29
58	29
58	29
58	29
58	29
58	29
58	29
58	29
58	29
58	29
58	29
58	29
58	29
58	29
58	30
58	30
58	30
58	30
58	30
58	30
58	30
58	30
58	30
58	30
58	30
58	30
58	30
58	30
58	30
58	30
58	30
58	30
58	30
58	30
58	30
58	30
58	30
58	30
58	30
58	30
58	30
58	30
58	30
58	30
58	30
58	30
58	30
58	30
58	30
58	30
58	30
58	30
58	30
58	30
58	30
58	30
58	30
58	30
58	30
58	30
58	30
58	30
58	30
58	30
58	31
58	31
58	31
58	31
58	31
58	31
58	31
58	31
58	31
58	31
58	31
58	31
58	31
58	31
58	31
58	31
58	31
58	31
58	31
58	31
58	31
58	31
58	31
58	31
58	31
58	31
58	31
58	31
58	31
58	31
58	31
58	31
58	31
58	31
58	31
58	31
58	31
58	31
58	31
58	31
58	31
58	31
58	31
58	31
58	31
58	31
58	31
58	31
58	31
58	31
58	32
70	32
70	32
70	32
70	32
70	32
70	32
70	32
70	32
70	32
70	32
70	32
70	32
70	32
70	32
70	32
70	32
70	32
70	32
70	32
70	32
70	32
70	32
70	32
70	32
70	32
70	32
70	32
70	32
82	32
82	32
82	32
82	32
82	32
82	32
82	32
82	32
82	32
82	32
82	32
82	32
82	32
82	32
82	32
82	32
82	32
82	32
82	32
82	32
82	32
82	33
82	33
93	33
93	33
93	33
93	33
93	33
93	33
93	33
93	33
93	33
93	33
93	33
93	33
93	33
93	33
105	33
105	33
105	33
105	33
105	33
105	33
105	33
105	33
105	33
105	33
105	33
105	33
105	33
117	33
117	33
117	33
117	33
117	33
117	33
117	33
117	33
117	33
117	33
117	33
117	33
117	33
117	33
128	33
128	33
128	33
128	33
128	33
128	33
128	33
128	34
128	34
140	34
140	34
140	34
140	34
140	34
140	34
140	34
140	34
140	34
140	34
140	34
140	34
140	34
152	34
152	34
152	34
152	34
152	34
152	34
152	34
152	34
152	34
152	34
164	34
164	34
164	34
164	34
164	34
164	34
164	34
164	34
164	34
175	34
175	34
175	34
175	34
175	34
175	34
175	34
175	34
187	34
187	34
187	34
187	34
187	34
187	34
187	34
187	34
187	35
199	35
199	35
199	35
199	35
199	35
199	35
210	35
210	35
210	35
210	35
210	35
210	35
210	35
210	35
222	35
222	35
222	35
222	35
222	35
222	35
222	35
234	35
234	35
234	35
234	35
234	35
234	35
246	35
246	35
246	35
246	35
246	35
246	35
246	35
257	35
257	35
257	35
257	35
257	35
257	35
257	35
269	35
269	35
269	35
269	35
269	35
269	35
269	35
281	35
281	36
281	36
281	36
281	36
281	36
292	36
292	36
292	36
292	36
292	36
292	36
292	36
304	36
304	36
304	36
304	36
304	36
304	36
316	36
316	36
316	36
316	36
316	36
316	36
328	36
328	36
328	36
328	36
328	36
328	36
328	36
339	36
339	36
339	36
339	36
339	36
339	36
351	36
351	36
351	36
351	36
351	36
351	36
363	36
363	36
363	36
363	36
363	36
363	36
375	36
375	37
375	37
375	37
375	37
375	37
375	37
386	37
386	37
386	37
386	37
386	37
386	37
398	37
398	37
398	37
398	37
398	37
398	37
398	37
410	37
410	37
410	37
410	37
410	37
410	37
421	37
421	37
421	37
421	37
421	37
421	37
421	37
433	37
433	37
433	37
433	37
433	37
433	37
433	37
445	37
445	37
445	37
445	37
445	37
445	37
457	37
457	37
457	37
457	37
457	37
457	38
468	38
468	38
468	38
468	38
468	38
468	38
480	38
480	38
480	38
480	38
480	38
480	38
492	38
492	38
492	38
492	38
492	38
503	38
503	38
503	38
503	38
503	38
503	38
515	38
515	38
515	38
515	38
515	38
527	38
527	38
527	38
527	38
527	38
539	38
539	38
539	38
539	38
539	38
550	38
550	38
550	38
550	38
550	38
562	38
562	38
562	38
562	38
562	38
562	38
574	39
574	39
574	39
574	39
574	39
585	39
585	39
585	39
585	39
585	39
597	39
597	39
597	39
597	39
597	39
609	39
609	39
609	39
609	39
609	39
621	39
621	39
621	39
621	39
621	39
632	39
632	39
632	39
632	39
644	39
644	39
644	39
644	39
644	39
656	39
656	39
656	39
656	39
656	39
667	39
667	39
667	39
667	39
667	39
679	39
679	39
679	39
679	39
679	39
691	39
691	40
691	40
691	40
703	40
703	40
703	40
703	40
703	40
714	40
714	40
714	40
714	40
726	40
726	40
726	40
726	40
726	40
738	40
738	40
738	40
738	40
750	40
750	40
750	40
750	40
750	40
761	40
761	40
761	40
761	40
761	40
773	40
773	40
773	40
773	40
785	40
785	40
785	40
785	40
796	40
796	40
796	40
796	40
808	40
808	40
808	40
808	40
820	40
820	40
820	40
820	41
832	41
832	41
832	41
832	41
843	41
843	41
843	41
843	41
843	41
855	41
855	41
855	41
855	41
867	41
867	41
867	41
867	41
867	41
878	41
878	41
878	41
878	41
890	41
890	41
890	41
890	41
890	41
902	41
902	41
902	41
902	41
914	41
914	41
914	41
914	41
925	41
925	41
925	41
925	41
937	41
937	41
937	41
937	41
949	41
949	41
949	41
960	41
960	41
960	41
960	42
972	42
972	42
972	42
984	42
984	42
984	42
996	42
996	42
996	42
996	42
1007	42
1007	42
1007	42
1019	42
1019	42
1019	42
1019	42
1031	42
1031	42
1031	42
1042	42
1042	42
1042	42
1042	42
1054	42
1054	42
1054	42
1054	42
1066	42
1066	42
1066	42
1066	42
1078	42
1078	42
1078	42
1078	42
1078	42
1089	42
1089	42
1089	42
1089	42
1089	42
1101	42
1101	42
1101	42
1101	42
1101	42
1113	42
1113	42
1113	43
1113	43
1125	43
1125	43
1125	43
1125	43
1125	43
1136	43
1136	43
1136	43
1136	43
1148	43
1148	43
1148	43
1148	43
1160	43
1160	43
1160	43
1160	43
1171	43
1171	43
1171	43
1171	43
1183	43
1183	43
1183	43
1183	43
1195	43
1195	43
1195	43
1207	43
1207	43
1207	43
1207	43
1218	43
1218	43
1218	43
1218	43
1230	43
1230	43
1230	43
1230	43
1242	43
1242	43
1242	43
1242	43
1253	43
1253	43
1253	43
1253	43
1265	44
1265	44
1265	44
1265	44
1277	44
1277	44
1277	44
1277	44
1289	44
1289	44
1289	44
1289	44
1289	44
1300	44
1300	44
1300	44
1300	44
1312	44
1312	44
1312	44
1312	44
1312	44
1324	44
1324	44
1324	44
1324	44
1335	44
1335	44
1335	44
1335	44
1335	44
1347	44
1347	44
1347	44
1347	44
1359	44
1359	44
1359	44
1359	44
1359	44
1371	44
1371	44
1371	44
1371	44
1382	44
1382	44
1382	44
1382	44
1394	44
1394	44
1394	45
1394	45
1406	45
1406	45
1406	45
1406	45
1417	45
1417	45
1417	45
1429	45
1429	45
1429	45
1429	45
1441	45
1441	45
1441	45
1441	45
1453	45
1453	45
1453	45
1453	45
1464	45
1464	45
1464	45
1476	45
1476	45
1476	45
1476	45
1488	45
1488	45
1488	45
1488	45
1500	45
1500	45
1500	45
1500	45
1511	45
1511	45
1511	45
1511	45
1511	45
1523	45
1523	45
1523	45
1523	45
1523	45
1535	45
1535	45
1535	45
1535	45
1546	46
1546	46
1546	46
1546	46
1546	46
1558	46
1558	46
1558	46
1558	46
1570	46
1570	46
1570	46
1570	46
1582	46
1582	46
1582	46
1582	46
1593	46
1593	46
1593	46
1593	46
1605	46
1605	46
1605	46
1605	46
1617	46
1617	46
1617	46
1617	46
1628	46
1628	46
1628	46
1628	46
1640	46
1640	46
1640	46
1640	46
1652	46
1652	46
1652	46
1664	46
1664	46
1664	46
1664	46
1675	46
1675	46
1675	46
1687	46
1687	46
1687	46
1687	47
1699	47
1699	47
1699	47
1710	47
1710	47
1710	47
1710	47
1722	47
1722	47
1722	47
1734	47
1734	47
1734	47
1734	47
1746	47
1746	47
1746	47
1757	47
1757	47
1757	47
1757	47
1769	47
1769	47
1769	47
1769	47
1781	47
1781	47
1781	47
1792	47
1792	47
1792	47
1792	47
1804	47
1804	47
1804	47
1804	47
1816	47
1816	47
1816	47
1816	47
1828	47
1828	47
1828	47
1828	47
1839	47
1839	47
1839	47
1839	47
1851	47
1851	48
1851	48
1851	48
1863	48
1863	48
1863	48
1863	48
1875	48
1875	48
1875	48
1886	48
1886	48
1886	48
1886	48
1898	48
1898	48
1898	48
1910	48
1910	48
1910	48
1921	48
1921	48
1921	48
1921	48
1933	48
1933	48
1933	48
1933	48
1945	48
1945	48
1945	48
1945	48
1957	48
1957	48
1957	48
1957	48
1968	48
1968	48
1968	48
1968	48
1980	48
1980	48
1980	48
1980	48
1980	48
1992	48
1992	48
1992	48
1992	48
2003	48
2003	49
2003	49
2003	49
2015	49
2015	49
2015	49
2015	49
2027	49
2027	49
2027	49
2027	49
2039	49
2039	49
2039	49
2039	49
2050	49
2050	49
2050	49
2050	49
2062	49
2062	49
2062	49
2062	49
2074	49
2074	49
2074	49
2085	49
2085	49
2085	49
2085	49
2097	49
2097	49
2097	49
2097	49
2109	49
2109	49
2109	49
2121	49
2121	49
2121	49
2121	49
2132	49
2132	49
2132	49
2144	49
2144	49
2144	49
2144	49
2156	49
2156	49
2156	50
2167	50
2167	50
2167	50
2167	50
2179	50
2179	50
2179	50
2179	50
2191	50
2191	50
2191	50
2203	50
2203	50
2203	50
2203	50
2214	50
2214	50
2214	50
2214	50
2226	50
2226	50
2226	50
2238	50
2238	50
2238	50
2238	50
2250	50
2250	50
2250	50
2250	50
2261	50
2261	50
2261	50
2273	50
2273	50
2273	50
2273	50
2285	50
2285	50
2285	50
2296	50
2296	50
2296	50
2308	50
2308	50
2308	50
2320	50
2320	50
2320	50
2332	51
2332	51
2332	51
2343	51
2343	51
2343	51
2355	51
2355	51
2355	51
2367	51
2367	51
2367	51
2367	51
2378	51
2378	51
2378	51
2390	51
2390	51
2390	51
2390	51
2402	51
2402	51
2402	51
2414	51
2414	51
2414	51
2425	51
2425	51
2425	51
2437	51
2437	51
2437	51
2449	51
2449	51
2449	51
2460	51
2460	51
2472	51
2472	51
2472	51
2484	51
2484	51
2484	51
2496	51
2496	51
2507	51
2507	51
2507	51
2519	51
2519	51
2519	52
2531	52
2531	52
2542	52
2542	52
2542	52
2554	52
2554	52
2554	52
2566	52
2566	52
2566	52
2578	52
2578	52
2578	52
2589	52
2589	52
2589	52
2601	52
2601	52
2601	52
2613	52
2613	52
2613	52
2625	52
2625	52
2625	52
2636	52
2636	52
2636	52
2648	52
2648	52
2648	52
2660	52
2660	52
2671	52
2671	52
2671	52
2683	52
2683	52
2683	52
2695	52
2695	52
2695	52
2707	52
2707	52
2707	52
2718	52
2718	52
2718	52
2730	53
2730	53
2730	53
2742	53
2742	53
2742	53
2753	53
2753	53
2753	53
2765	53
2765	53
2765	53
2777	53
2777	53
2777	53
2789	53
2789	53
2789	53
2800	53
2800	53
2812	53
2812	53
2812	53
2812	53
2824	53
2824	53
2824	53
2835	53
2835	53
2835	53
2847	53
2847	53
2847	53
2859	53
2859	53
2859	53
2871	53
2871	53
2882	53
2882	53
2882	53
2894	53
2894	53
2894	53
2906	53
2906	53
2906	53
2917	53
2917	53
2917	53
2929	54
2929	54
2941	54
2941	54
2941	54
2953	54
2953	54
2964	54
2964	54
2976	54
2976	54
2976	54
2988	54
2988	54
3000	54
3000	54
3000	54
3011	54
3011	54
3011	54
3023	54
3023	54
3023	54
3035	54
3035	54
3035	54
3046	54
3046	54
3046	54
3058	54
3058	54
3070	54
3070	54
3070	54
3082	54
3082	54
3082	54
3093	54
3093	54
3105	54
3105	54
3105	54
3117	54
3117	54
3117	54
3128	54
3128	54
3140	54
3140	54
3140	54
3152	55
3152	55
3164	55
3164	55
3164	55
3175	55
3175	55
3187	55
3187	55
3199	55
3199	55
3210	55
3210	55
3222	55
3222	55
3234	55
3234	55
3246	55
3246	55
3257	55
3257	55
3269	55
3281	55
3281	55
3292	55
3292	55
3304	55
3304	55
3316	55
3316	55
3316	55
3328	55
3328	55
3339	55
3339	55
3351	55
3351	55
3351	55
3363	55
3363	55
3375	55
3375	55
3375	55
3386	55
3386	55
3398	55
3398	55
3410	55
3410	55
3421	55
3421	56
3433	56
3433	56
3445	56
3445	56
3457	56
3457	56
3468	56
3468	56
3480	56
3480	56
3480	56
3492	56
3492	56
3503	56
3503	56
3503	56
3515	56
3515	56
3527	56
3527	56
3539	56
3539	56
3550	56
3550	56
3562	56
3562	56
3562	56
3574	56
3574	56
3585	56
3585	56
3597	56
3597	56
3609	56
3609	56
3609	56
3621	56
3621	56
3632	56
3632	56
3644	56
3644	56
3656	56
3656	56
3656	56
3667	56
3667	56
3679	56
3679	56
3691	57
3691	57
3703	57
3703	57
3714	57
3714	57
3726	57
3726	57
3738	57
3738	57
3750	57
3750	57
3750	57
3761	57
3761	57
3773	57
3773	57
3773	57
3785	57
3785	57
3796	57
3796	57
3796	57
3808	57
3808	57
3808	57
3820	57
3820	57
3832	57
3832	57
3843	57
3843	57
3843	57
3855	57
3855	57
3867	57
3867	57
3878	57
3878	57
3890	57
3890	57
3902	57
3902	57
3914	57
3914	57
3914	57
3925	57
3925	57
3937	57
3937	57
3949	58
3949	58
3960	58
3960	58
3972	58
3984	58
3984	58
3996	58
3996	58
4007	58
4007	58
4019	58
4019	58
4031	58
4031	58
4042	58
4054	58
4054	58
4066	58
4066	58
4078	58
4078	58
4089	58
4089	58
4101	58
4101	58
4113	58
4113	58
4125	58
4125	58
4136	58
4136	58
4148	58
4148	58
4160	58
4160	58
4171	58
4171	58
4183	58
4195	58
4195	58
4207	58
4207	58
4218	58
4218	58
4230	58
4230	58
4242	58
4242	58
4253	58
4253	59
4265	59
4265	59
4277	59
4277	59
4289	59
4289	59
4300	59
4300	59
4312	59
4312	59
4324	59
4324	59
4335	59
4335	59
4347	59
4347	59
4359	59
4359	59
4371	59
4371	59
4382	59
4382	59
4394	59
4406	59
4406	59
4417	59
4417	59
4429	59
4429	59
4441	59
4441	59
4453	59
4453	59
4464	59
4464	59
4476	59
4476	59
4488	59
4500	59
4500	59
4511	59
4511	59
4523	59
4523	59
4535	59
4535	59
4546	59
4546	59
4558	59
4558	60
4570	60
4570	60
4582	60
4582	60
4593	60
4593	60
4605	60
4605	60
4617	60
4617	60
4628	60
4628	60
4640	60
4640	60
4652	60
4664	60
4664	60
4675	60
4675	60
4687	60
4687	60
4699	60
4699	60
4710	60
4722	60
4722	60
4734	60
4734	60
4746	60
4757	60
4757	60
4769	60
4769	60
4781	60
4792	60
4792	60
4804	60
4804	60
4816	60
4816	60
4828	60
4828	60
4839	60
4851	60
4851	60
4863	60
4863	60
4875	60
4875	60
4886	61
4886	61
4898	61
4898	61
4910	61
4921	61
4921	61
4933	61
4933	61
4945	61
4945	61
4957	61
4957	61
4968	61
4968	61
4980	61
4992	61
4992	61
5003	61
5003	61
5015	61
5015	61
5027	61
5039	61
5039	61
5050	61
5050	61
5062	61
5062	61
5074	61
5085	61
5085	61
5097	61
5097	61
5109	61
5109	61
5121	61
5132	61
5132	61
5144	61
5144	61
5156	61
5156	61
5167	61
5167	61
5179	61
5191	61
5191	61
5203	61
5203	61
5214	62
5226	62
5226	62
5238	62
5238	62
5250	62
5261	62
5261	62
5273	62
5273	62
5285	62
5285	62
5285	62
5296	62
5296	62
5308	62
5308	62
5320	62
5320	62
5332	62
5332	62
5343	62
5343	62
5355	62
5367	62
5367	62
5378	62
5378	62
5390	62
5402	62
5402	62
5414	62
5414	62
5425	62
5437	62
5437	62
5449	62
5449	62
5460	62
5472	62
5472	62
5484	62
5496	62
5496	62
5507	62
5519	62
5519	62
5531	62
5542	62
5542	62
5554	63
5554	63
5566	63
5578	63
5578	63
5589	63
5601	63
5601	63
5613	63
5613	63
5625	63
5636	63
5636	63
5648	63
5660	63
5660	63
5671	63
5683	63
5695	63
5695	63
5707	63
5718	63
5718	63
5730	63
5742	63
5742	63
5753	63
5753	63
5765	63
5765	63
5777	63
5789	63
5789	63
5800	63
5812	63
5812	63
5824	63
5835	63
5835	63
5847	63
5859	63
5859	63
5871	63
5882	63
5894	63
5894	63
5906	63
5917	63
5917	63
5929	63
5929	64
5941	64
5953	64
5953	64
5964	64
5976	64
5976	64
5988	64
6000	64
6000	64
6011	64
6011	64
6023	64
6035	64
6035	64
6046	64
6046	64
6058	64
6070	64
6070	64
6082	64
6082	64
6093	64
6105	64
6105	64
6117	64
6117	64
6128	64
6140	64
6140	64
6152	64
6164	64
6164	64
6175	64
6187	64
6187	64
6199	64
6199	64
6210	64
6222	64
6222	64
6234	64
6246	64
6246	64
6257	64
6269	64
6269	64
6281	64
6292	64
6292	64
6304	65
6316	65
6316	65
6328	65
6339	65
6339	65
6351	65
6363	65
6363	65
6375	65
6386	65
6386	65
6398	65
6410	65
6410	65
6421	65
6433	65
6433	65
6445	65
6445	65
6457	65
6468	65
6468	65
6480	65
6492	65
6492	65
6503	65
6515	65
6515	65
6527	65
6539	65
6539	65
6550	65
6562	65
6562	65
6574	65
6585	65
6597	65
6597	65
6609	65
6621	65
6621	65
6632	65
6644	65
6656	65
6656	65
6667	65
6679	65
6679	65
6691	65
6703	66
6703	66
6714	66
6726	66
6726	66
6738	66
6750	66
6750	66
6761	66
6773	66
6773	66
6785	66
6796	66
6796	66
6808	66
6808	66
6820	66
6820	66
6832	66
6843	66
6843	66
6855	66
6867	66
6867	66
6878	66
6890	66
6890	66
6902	66
6914	66
6914	66
6925	66
6937	66
6937	66
6949	66
6960	66
6960	66
6972	66
6984	66
6996	66
6996	66
7007	66
7019	66
7019	66
7031	66
7042	66
7042	66
7054	66
7066	66
7066	66
7078	66
7089	67
7101	67
7101	67
7113	67
7125	67
7125	67
7136	67
7148	67
7148	67
7160	67
7171	67
7171	67
7183	67
7195	67
7207	67
7207	67
7218	67
7230	67
7230	67
7242	67
7253	67
7253	67
7265	67
7277	67
7289	67
7289	67
7300	67
7312	67
7312	67
7324	67
7335	67
7347	67
7359	67
7359	67
7371	67
7382	67
7394	67
7406	67
7406	67
7417	67
7429	67
7441	67
7441	67
7453	67
7464	67
7464	67
7476	67
7488	67
7500	67
7500	67
7511	68
7523	68
7523	68
7535	68
7546	68
7546	68
7558	68
7570	68
7570	68
7582	68
7593	68
7593	68
7605	68
7617	68
7617	68
7628	68
7640	68
7652	68
7652	68
7664	68
7675	68
7687	68
7687	68
7699	68
7710	68
7710	68
7722	68
7734	68
7746	68
7746	68
7757	68
7769	68
7769	68
7781	68
7792	68
7804	68
7804	68
7816	68
7828	68
7839	68
7839	68
7851	68
7863	68
7875	68
7875	68
7886	68
7898	68
7898	68
7910	68
7921	68
7933	69
7933	69
7945	69
7957	69
7957	69
7968	69
7980	69
7992	69
7992	69
8003	69
8015	69
8027	69
8027	69
8039	69
8050	69
8062	69
8062	69
8074	69
8085	69
8097	69
8109	69
8121	69
8132	69
8132	69
8144	69
8156	69
8167	69
8179	69
8179	69
8191	69
8203	69
8214	69
8226	69
8226	69
8238	69
8250	69
8261	69
8261	69
8273	69
8285	69
8296	69
8296	69
8308	69
8320	69
8320	69
8332	69
8343	69
8355	69
8355	69
8367	69
8378	70
8390	70
8390	70
8402	70
8414	70
8425	70
8437	70
8437	70
8449	70
8460	70
8460	70
8472	70
8484	70
8496	70
8496	70
8507	70
8519	70
8531	70
8531	70
8542	70
8554	70
8566	70
8578	70
8578	70
8589	70
8601	70
8613	70
8625	70
8625	70
8636	70
8648	70
8660	70
8660	70
8671	70
8683	70
8695	70
8695	70
8707	70
8718	70
8730	70
8742	70
8742	70
8753	70
8765	70
8777	70
8777	70
8789	70
8800	70
8812	70
8824	70
8835	71
8847	71
8859	71
8871	71
8871	71
8882	71
8894	71
8906	71
8917	71
8929	71
8941	71
8953	71
8953	71
8964	71
8976	71
8988	71
9000	71
9000	71
9011	71
9023	71
9035	71
9046	71
9046	71
9058	71
9070	71
9082	71
9082	71
9093	71
9105	71
9117	71
9128	71
9128	71
9140	71
9152	71
9164	71
9175	71
9187	71
9187	71
9199	71
9210	71
9222	71
9234	71
9234	71
9246	71
9257	71
9269	71
9281	71
9281	71
9292	71
9304	71
9316	72
9328	72
9339	72
9339	72
9351	72
9363	72
9375	72
9386	72
9398	72
9398	72
9410	72
9421	72
9433	72
9445	72
9457	72
9457	72
9468	72
9480	72
9492	72
9503	72
9503	72
9515	72
9527	72
9539	72
9550	72
9562	72
9574	72
9585	72
9597	72
9609	72
9621	72
9632	72
9632	72
9644	72
9656	72
9667	72
9679	72
9691	72
9703	72
9714	72
9726	72
9726	72
9738	72
9750	72
9761	72
9773	72
9785	72
9785	72
9796	72
9808	72
9820	73
9832	73
9832	73
9843	73
9855	73
9867	73
9878	73
9890	73
9890	73
9902	73
9914	73
9925	73
9937	73
9949	73
9960	73
9960	73
9972	73
9984	73
9996	73
10007	73
10007	73
10019	73
10031	73
10042	73
10054	73
10066	73
10078	73
10078	73
10089	73
10101	73
10113	73
10125	73
10136	73
10148	73
10148	73
10160	73
10171	73
10183	73
10195	73
10195	73
10207	73
10218	73
10230	73
10242	73
10253	73
10253	73
10265	73
10277	73
10289	73
10300	73
10312	74
10324	74
10335	74
10347	74
10359	74
10371	74
10382	74
10394	74
10406	74
10417	74
10429	74
10429	74
10441	74
10453	74
10464	74
10476	74
10488	74
10500	74
10511	74
10523	74
10523	74
10535	74
10546	74
10558	74
10570	74
10582	74
10593	74
10605	74
10617	74
10617	74
10628	74
10640	74
10652	74
10664	74
10675	74
10687	74
10699	74
10710	74
10710	74
10722	74
10734	74
10746	74
10757	74
10769	74
10781	74
10792	74
10804	74
10816	74
10828	74
10828	74
10839	75
10851	75
10863	75
10875	75
10886	75
10898	75
10910	75
10910	75
10921	75
10933	75
10945	75
10957	75
10968	75
10968	75
10980	75
10992	75
11003	75
11015	75
11027	75
11039	75
11050	75
11062	75
11074	75
11074	75
11085	75
11097	75
11109	75
11121	75
11132	75
11144	75
11156	75
11167	75
11179	75
11191	75
11203	75
11214	75
11226	75
11238	75
11250	75
11250	75
11261	75
11273	75
11285	75
11296	75
11308	75
11320	75
11332	75
11343	75
11355	75
11367	75
11367	76
11378	76
11390	76
11402	76
11414	76
11425	76
11437	76
11449	76
11460	76
11472	76
11484	76
11496	76
11507	76
11519	76
11531	76
11531	76
11542	76
11554	76
11566	76
11578	76
11589	76
11601	76
11613	76
11625	76
11636	76
11648	76
11648	76
11660	76
11671	76
11683	76
11695	76
11707	76
11718	76
11730	76
11730	76
11742	76
11753	76
11765	76
11777	76
11789	76
11800	76
11812	76
11824	76
11835	76
11847	76
11859	76
11871	76
11882	76
11894	76
11906	76
11917	77
11929	77
11941	77
11953	77
11964	77
11976	77
11976	77
11988	77
12000	77
12011	77
12023	77
12035	77
12046	77
12070	77
12082	77
12093	77
12105	77
12117	77
12117	77
12128	77
12140	77
12152	77
12164	77
12175	77
12187	77
12199	77
12210	77
12222	77
12234	77
12246	77
12257	77
12269	77
12281	77
12292	77
12304	77
12316	77
12328	77
12339	77
12351	77
12363	77
12375	77
12375	77
12386	77
12398	77
12410	77
12421	77
12433	77
12433	77
12445	77
12457	77
12468	78
12480	78
12480	78
12492	78
12503	78
12515	78
12527	78
12539	78
12550	78
12562	78
12574	78
12585	78
12597	78
12609	78
12609	78
12621	78
12632	78
12644	78
12656	78
12667	78
12679	78
12691	78
12703	78
12714	78
12726	78
12738	78
12750	78
12761	78
12773	78
12785	78
12796	78
12808	78
12820	78
12832	78
12843	78
12855	78
12867	78
12878	78
12878	78
12890	78
12902	78
12914	78
12925	78
12937	78
12949	78
12972	78
12984	78
12996	78
13007	78
13019	78
13031	79
13042	79
13054	79
13066	79
13078	79
13089	79
13101	79
13113	79
13125	79
13136	79
13148	79
13160	79
13171	79
13183	79
13195	79
13207	79
13218	79
13230	79
13230	79
13242	79
13253	79
13265	79
13277	79
13289	79
13300	79
13312	79
13324	79
13335	79
13347	79
13359	79
13371	79
13382	79
13394	79
13406	79
13417	79
13429	79
13441	79
13453	79
13464	79
13476	79
13488	79
13500	79
13511	79
13523	79
13523	79
13535	79
13546	79
13558	79
13570	79
13582	79
13593	80
13605	80
13617	80
13628	80
13640	80
13652	80
13664	80
13675	80
13687	80
13699	80
13710	80
13722	80
13746	80
13757	80
13769	80
13781	80
13792	80
13804	80
13816	80
13828	80
13839	80
13851	80
13863	80
13875	80
13886	80
13898	80
13910	80
13921	80
13933	80
13945	80
13957	80
13968	80
13980	80
13992	80
14003	80
14015	80
14027	80
14039	80
14050	80
14062	80
14074	80
14085	80
14097	80
14109	80
14121	80
14132	80
14144	80
14156	80
14167	80
14179	80
14191	81
14203	81
14214	81
14226	81
14238	81
14250	81
14261	81
14273	81
14285	81
14296	81
14308	81
14320	81
14332	81
14343	81
14355	81
14367	81
14378	81
14390	81
14402	81
14414	81
14425	81
14437	81
14460	81
14472	81
14484	81
14496	81
14519	81
14531	81
14542	81
14554	81
14566	81
14578	81
14589	81
14601	81
14613	81
14625	81
14636	81
14648	81
14660	81
14671	81
14683	81
14695	81
14707	81
14718	81
14730	81
14742	81
14753	81
14765	81
14777	81
14789	81
14800	82
14812	82
14824	82
14835	82
14847	82
14859	82
14871	82
14882	82
14894	82
14906	82
14917	82
14929	82
14941	82
14953	82
14964	82
14976	82
14988	82
15000	82
15011	82
15023	82
15035	82
15046	82
15058	82
15070	82
15082	82
15093	82
15105	82
15117	82
15128	82
15140	82
15152	82
15164	82
15175	82
15187	82
15199	82
15222	82
15234	82
15246	82
15269	82
15281	82
15292	82
15304	82
15316	82
15339	82
15351	82
15351	82
15363	82
15386	82
15398	82
15410	82
15421	83
15433	83
15457	83
15468	83
15480	83
15492	83
15503	83
15515	83
15527	83
15539	83
15550	83
15562	83
15574	83
15585	83
15597	83
15609	83
15621	83
15632	83
15644	83
15656	83
15667	83
15679	83
15691	83
15703	83
15726	83
15738	83
15750	83
15761	83
15773	83
15785	83
15785	83
15796	83
15808	83
15820	83
15832	83
15843	83
15855	83
15867	83
15878	83
15890	83
15902	83
15914	83
15925	83
15937	83
15949	83
15960	83
15984	83
15996	83
16007	83
16019	83
16031	84
16042	84
16066	84
16078	84
16089	84
16101	84
16113	84
16125	84
16136	84
16148	84
16160	84
16171	84
16195	84
16207	84
16218	84
16230	84
16242	84
16253	84
16265	84
16277	84
16289	84
16300	84
16324	84
16335	84
16347	84
16359	84
16371	84
16382	84
16394	84
16406	84
16429	84
16441	84
16453	84
16464	84
16476	84
16488	84
16500	84
16511	84
16523	84
16535	84
16546	84
16558	84
16570	84
16582	84
16593	84
16605	84
16628	84
16640	84
16652	84
16664	84
16675	85
16687	85
16699	85
16710	85
16734	85
16746	85
16757	85
16769	85
16781	85
16804	85
16816	85
16828	85
16839	85
16851	85
16863	85
16875	85
16886	85
16898	85
16910	85
16933	85
16945	85
16957	85
16968	85
16980	85
16992	85
17003	85
17015	85
17027	85
17039	85
17050	85
17074	85
17085	85
17097	85
17109	85
17121	85
17132	85
17144	85
17156	85
17167	85
17179	85
17203	85
17214	85
17226	85
17238	85
17250	85
17261	85
17273	85
17285	85
17296	85
17308	85
17320	86
17332	86
17343	86
17355	86
17367	86
17378	86
17390	86
17402	86
17414	86
17437	86
17449	86
17460	86
17472	86
17484	86
17496	86
17519	86
17531	86
17542	86
17554	86
17566	86
17578	86
17601	86
17613	86
17625	86
17636	86
17648	86
17671	86
17683	86
17695	86
17718	86
17730	86
17742	86
17753	86
17765	86
17777	86
17789	86
17800	86
17824	86
17835	86
17847	86
17859	86
17882	86
17894	86
17906	86
17917	86
17941	86
17953	86
17964	86
17976	86
17988	86
18000	87
18011	87
18023	87
18046	87
18058	87
18070	87
18082	87
18093	87
18105	87
18117	87
18128	87
18140	87
18164	87
18175	87
18187	87
18199	87
18210	87
18222	87
18246	87
18257	87
18269	87
18281	87
18292	87
18304	87
18328	87
18339	87
18351	87
18363	87
18375	87
18386	87
18410	87
18421	87
18433	87
18445	87
18457	87
18468	87
18480	87
18503	87
18515	87
18527	87
18539	87
18550	87
18562	87
18585	87
18597	87
18609	87
18621	87
18632	87
18656	87
18667	87
18679	88
18691	88
18703	88
18726	88
18738	88
18750	88
18761	88
18773	88
18785	88
18796	88
18808	88
18820	88
18832	88
18843	88
18855	88
18867	88
18890	88
18902	88
18914	88
18925	88
18937	88
18949	88
18972	88
18984	88
18996	88
19007	88
19019	88
19031	88
19054	88
19066	88
19078	88
19089	88
19101	88
19125	88
19136	88
19148	88
19160	88
19171	88
19183	88
19207	88
19218	88
19230	88
19242	88
19253	88
19265	88
19277	88
19300	88
19312	88
19324	88
19335	88
19359	89
19371	89
19382	89
19406	89
19417	89
19429	89
19441	89
19453	89
19476	89
19488	89
19500	89
19511	89
19523	89
19535	89
19546	89
19570	89
19582	89
19593	89
19605	89
19617	89
19628	89
19640	89
19652	89
19675	89
19687	89
19699	89
19710	89
19722	89
19734	89
19746	89
19757	89
19781	89
19792	89
19804	89
19816	89
19828	89
19839	89
19863	89
19875	89
19886	89
19898	89
19910	89
19921	89
19933	89
19957	89
19968	89
19980	89
19992	89
20003	89
20015	89
20027	90
20050	90
20062	90
20074	90
20085	90
20109	90
20121	90
20132	90
20156	90
20167	90
20179	90
20203	90
20214	90
20226	90
20238	90
20250	90
20261	90
20273	90
20296	90
20308	90
20320	90
20332	90
20343	90
20355	90
20367	90
20378	90
20402	90
20414	90
20425	90
20437	90
20449	90
20460	90
20472	90
20496	90
20507	90
20519	90
20531	90
20542	90
20554	90
20566	90
20589	90
20601	90
20613	90
20625	90
20636	90
20648	90
20660	90
20683	90
20695	90
20707	90
20718	91
20730	91
20742	91
20765	91
20777	91
20789	91
20800	91
20812	91
20835	91
20847	91
20859	91
20882	91
20894	91
20917	91
20929	91
20941	91
20953	91
20964	91
20976	91
21000	91
21011	91
21023	91
21035	91
21046	91
21058	91
21082	91
21093	91
21105	91
21117	91
21128	91
21140	91
21164	91
21175	91
21187	91
21199	91
21210	91
21222	91
21246	91
21257	91
21269	91
21281	91
21292	91
21316	91
21328	91
21339	91
21351	91
21363	91
21386	91
21398	91
21410	91
21421	92
21433	92
21457	92
21468	92
21480	92
21492	92
21503	92
21515	92
21539	92
21550	92
21562	92
21574	92
21597	92
21609	92
21632	92
21644	92
21656	92
21679	92
21691	92
21703	92
21714	92
21726	92
21750	92
21761	92
21773	92
21785	92
21796	92
21808	92
21820	92
21843	92
21855	92
21867	92
21878	92
21890	92
21902	92
21925	92
21937	92
21949	92
21960	92
21972	92
21984	92
22007	92
22019	92
22031	92
22042	92
22054	92
22066	92
22089	92
22101	92
22113	92
22125	93
22136	93
22160	93
22171	93
22183	93
22195	93
22207	93
22218	93
22230	93
22253	93
22265	93
22277	93
22289	93
22300	93
22324	93
22335	93
22347	93
22371	93
22382	93
22406	93
22417	93
22429	93
22441	93
22464	93
22476	93
22488	93
22500	93
22511	93
22535	93
22546	93
22558	93
22570	93
22593	93
22605	93
22617	93
22628	93
22640	93
22664	93
22675	93
22687	93
22699	93
22710	93
22734	93
22746	93
22757	93
22781	93
22792	93
22804	93
22816	93
22828	93
22851	94
22863	94
22875	94
22886	94
22898	94
22921	94
22933	94
22945	94
22957	94
22968	94
22980	94
22992	94
23015	94
23027	94
23039	94
23050	94
23074	94
23085	94
23097	94
23121	94
23132	94
23144	94
23156	94
23179	94
23191	94
23203	94
23214	94
23238	94
23250	94
23261	94
23273	94
23296	94
23308	94
23320	94
23332	94
23343	94
23367	94
23378	94
23390	94
23402	94
23425	94
23437	94
23449	94
23460	94
23484	94
23496	94
23507	94
23531	94
23542	94
23554	94
23566	95
23589	95
23601	95
23613	95
23625	95
23636	95
23660	95
23671	95
23683	95
23695	95
23707	95
23730	95
23742	95
23753	95
23765	95
23777	95
23800	95
23812	95
23824	95
23835	95
23859	95
23871	95
23894	95
23906	95
23917	95
23941	95
23953	95
23964	95
23976	95
23988	95
24011	95
24023	95
24035	95
24058	95
24070	95
24093	95
24105	95
24117	95
24128	95
24140	95
24164	95
24175	95
24187	95
24210	95
24222	95
24234	95
24257	95
24269	95
24281	95
24304	95
24316	96
24328	96
24339	96
24351	96
24375	96
24386	96
24398	96
24410	96
24421	96
24433	96
24445	96
24457	96
24468	96
24492	96
24503	96
24515	96
24527	96
24550	96
24562	96
24574	96
24585	96
24597	96
24621	96
24632	96
24644	96
24656	96
24679	96
24691	96
24703	96
24714	96
24738	96
24750	96
24761	96
24773	96
24796	96
24808	96
24820	96
24843	96
24855	96
24867	96
24878	96
24890	96
24914	96
24925	96
24937	96
24960	96
24972	96
24996	96
25007	96
25031	96
25042	97
25066	97
25078	97
25089	97
25101	97
25113	97
25136	97
25148	97
25160	97
25171	97
25195	97
25207	97
25218	97
25230	97
25253	97
25265	97
25277	97
25289	97
25312	97
25324	97
25335	97
25347	97
25371	97
25382	97
25394	97
25406	97
25429	97
25441	97
25453	97
25464	97
25488	97
25500	97
25511	97
25523	97
25546	97
25558	97
25570	97
25582	97
25605	97
25617	97
25628	97
25640	97
25664	97
25675	97
25687	97
25710	97
25722	97
25746	97
25757	97
25781	97
25792	98
25816	98
25828	98
25839	98
25851	98
25875	98
25886	98
25898	98
25921	98
25933	98
25945	98
25957	98
25980	98
25992	98
26003	98
26015	98
26039	98
26050	98
26062	98
26074	98
26097	98
26109	98
26121	98
26132	98
26156	98
26167	98
26179	98
26203	98
26214	98
26226	98
26250	98
26261	98
26273	98
26285	98
26308	98
26320	98
26332	98
26355	98
26367	98
26378	98
26390	98
26414	98
26425	98
26437	98
26460	98
26484	98
26496	98
26519	98
26531	98
26554	98
26566	99
26589	99
26601	99
26613	99
26625	99
26648	99
26660	99
26671	99
26695	99
26707	99
26718	99
26730	99
26753	99
26765	99
26777	99
26800	99
26812	99
26824	99
26835	99
26847	99
26871	99
26882	99
26894	99
26906	99
26917	99
26941	99
26953	99
26964	99
26988	99
27000	99
27011	99
27023	99
27035	99
27058	99
27070	99
27082	99
27093	99
27117	99
27128	99
27140	99
27152	99
27175	99
27187	99
27210	99
27222	99
27246	99
27269	99
27281	99
27304	99
27316	99
27328	100
27351	100
27363	100
27375	100
27398	100
27410	100
27433	100
27445	100
27468	100
27480	100
27492	100
27503	100
27527	100
27539	100
27550	100
27574	100
27585	100
27597	100
27621	100
27632	100
27644	100
27656	100
27679	100
27691	100
27703	100
27726	100
27738	100
27750	100
27773	100
27785	100
27796	100
27808	100
27820	100
27832	100
27843	100
27867	100
27878	100
27890	100
27914	100
27925	100
27937	100
27960	100
27972	100
27984	100
28007	100
28019	100
28042	100
28054	100
28078	100
28089	100
28101	101
28113	101
28136	101
28148	101
28171	101
28183	101
28195	101
28218	101
28230	101
28242	101
28265	101
28277	101
28289	101
28312	101
28324	101
28335	101
28359	101
28371	101
28382	101
28406	101
28417	101
28429	101
28453	101
28464	101
28488	101
28500	101
28511	101
28523	101
28546	101
28558	101
28570	101
28582	101
28605	101
28617	101
28628	101
28652	101
28664	101
28675	101
28699	101
28710	101
28734	101
28746	101
28769	101
28781	101
28804	101
28816	101
28828	101
28851	101
28863	101
28875	101
28898	102
28910	102
28921	102
28945	102
28957	102
28968	102
28992	102
29003	102
29015	102
29039	102
29050	102
29062	102
29085	102
29097	102
29109	102
29132	102
29144	102
29156	102
29179	102
29191	102
29203	102
29226	102
29238	102
29261	102
29273	102
29285	102
29296	102
29308	102
29320	102
29332	102
29355	102
29367	102
29378	102
29402	102
29414	102
29425	102
29449	102
29460	102
29472	102
29496	102
29507	102
29531	102
29542	102
29566	102
29578	102
29601	102
29613	102
29625	102
29648	102
29660	102
29683	103
29695	103
29718	103
29730	103
29753	103
29765	103
29777	103
29800	103
29812	103
29835	103
29847	103
29871	103
29882	103
29906	103
29917	103
29941	103
29953	103
29976	103
29988	103
30000	103
30023	103
30035	103
30046	103
30070	103
30082	103
30093	103
30105	103
30128	103
30140	103
30164	103
30175	103
30187	103
30210	103
30222	103
30246	103
30257	103
30269	103
30292	103
30304	103
30328	103
30339	103
30351	103
30375	103
30386	103
30410	103
30421	103
30433	103
30457	103
30468	103
30480	103
30503	104
30515	104
30527	104
30550	104
30562	104
30585	104
30597	104
30621	104
30632	104
30656	104
30667	104
30679	104
30703	104
30714	104
30738	104
30750	104
30761	104
30785	104
30796	104
30808	104
30820	104
30843	104
30855	104
30867	104
30890	104
30902	104
30914	104
30937	104
30949	104
30972	104
30984	104
30996	104
31019	104
31031	104
31054	104
31066	104
31078	104
31101	104
31113	104
31136	104
31148	104
31160	104
31183	104
31195	104
31218	104
31230	104
31242	104
31265	104
31277	104
31300	104
31312	105
31335	105
31347	105
31371	105
31382	105
31406	105
31417	105
31441	105
31453	105
31476	105
31488	105
31500	105
31523	105
31535	105
31546	105
31570	105
31582	105
31593	105
31617	105
31628	105
31640	105
31664	105
31675	105
31699	105
31710	105
31722	105
31746	105
31757	105
31769	105
31792	105
31804	105
31828	105
31839	105
31863	105
31875	105
31886	105
31910	105
31921	105
31933	105
31957	105
31968	105
31992	105
32003	105
32015	105
32039	105
32050	105
32074	105
32085	105
32109	105
32132	105
32144	106
32167	106
32179	106
32203	106
32214	106
32238	106
32250	106
32261	106
32285	106
32296	106
32308	106
32332	106
32343	106
32355	106
32378	106
32390	106
32414	106
32425	106
32449	106
32460	106
32472	106
32496	106
32507	106
32531	106
32542	106
32554	106
32578	106
32589	106
32613	106
32625	106
32648	106
32660	106
32671	106
32695	106
32707	106
32730	106
32742	106
32753	106
32777	106
32789	106
32812	106
32824	106
32847	106
32871	106
32882	106
32906	106
32929	106
32941	106
32964	106
32976	106
32988	107
33011	107
33023	107
33046	107
33058	107
33082	107
33093	107
33105	107
33128	107
33140	107
33164	107
33175	107
33199	107
33210	107
33222	107
33246	107
33257	107
33281	107
33292	107
33316	107
33328	107
33351	107
33363	107
33386	107
33398	107
33410	107
33433	107
33445	107
33468	107
33480	107
33503	107
33515	107
33539	107
33550	107
33574	107
33585	107
33609	107
33632	107
33644	107
33667	107
33679	107
33703	107
33714	107
33738	107
33750	107
33773	107
33785	107
33808	107
33820	107
33832	107
33855	108
33867	108
33878	108
33902	108
33914	108
33937	108
33949	108
33972	108
33984	108
33996	108
34019	108
34031	108
34054	108
34066	108
34089	108
34101	108
34125	108
34136	108
34148	108
34171	108
34183	108
34195	108
34218	108
34230	108
34253	108
34265	108
34289	108
34300	108
34312	108
34335	108
34359	108
34371	108
34394	108
34417	108
34429	108
34453	108
34464	108
34476	108
34500	108
34511	108
34535	108
34546	108
34570	108
34582	108
34605	108
34617	108
34640	108
34652	108
34675	108
34687	108
34710	109
34722	109
34746	109
34757	109
34781	109
34792	109
34816	109
34828	109
34851	109
34863	109
34886	109
34898	109
34910	109
34933	109
34945	109
34968	109
34980	109
34992	109
35015	109
35027	109
35050	109
35062	109
35085	109
35097	109
35121	109
35144	109
35156	109
35179	109
35191	109
35214	109
35226	109
35250	109
35261	109
35285	109
35296	109
35320	109
35332	109
35343	109
35367	109
35378	109
35402	109
35414	109
35437	109
35449	109
35472	109
35484	109
35507	109
35519	109
35542	109
35554	109
35578	110
35589	110
35613	110
35625	110
35648	110
35660	110
35683	110
35695	110
35707	110
35730	110
35742	110
35765	110
35777	110
35800	110
35812	110
35835	110
35847	110
35871	110
35894	110
35906	110
35929	110
35941	110
35964	110
35976	110
36000	110
36011	110
36035	110
36058	110
36070	110
36093	110
36117	110
36128	110
36140	110
36164	110
36175	110
36199	110
36222	110
36234	110
36257	110
36269	110
36292	110
36304	110
36328	110
36339	110
36363	110
36375	110
36398	110
36410	110
36421	110
36445	110
36457	111
36468	111
36492	111
36503	111
36527	111
36539	111
36562	111
36574	111
36585	111
36609	111
36621	111
36644	111
36656	111
36679	111
36691	111
36714	111
36726	111
36750	111
36761	111
36785	111
36796	111
36820	111
36832	111
36855	111
36867	111
36890	111
36902	111
36925	111
36937	111
36960	111
36984	111
37007	111
37019	111
37042	111
37066	111
37078	111
37101	111
37113	111
37125	111
37148	111
37160	111
37183	111
37195	111
37218	111
37230	111
37253	111
37265	111
37289	111
37300	111
37324	111
37335	112
37347	112
37371	112
37382	112
37406	112
37417	112
37441	112
37453	112
37476	112
37488	112
37511	112
37523	112
37546	112
37558	112
37582	112
37593	112
37605	112
37628	112
37640	112
37664	112
37675	112
37699	112
37722	112
37734	112
37757	112
37781	112
37804	112
37816	112
37839	112
37851	112
37875	112
37886	112
37910	112
37921	112
37945	112
37957	112
37980	112
37992	112
38003	112
38027	112
38050	112
38062	112
38074	112
38097	112
38109	112
38132	112
38144	112
38167	112
38179	112
38203	112
38214	113
38238	113
38250	113
38273	113
38285	113
38308	113
38320	113
38343	113
38367	113
38378	113
38390	113
38414	113
38425	113
38449	113
38472	113
38496	113
38519	113
38542	113
38554	113
38578	113
38589	113
38613	113
38625	113
38648	113
38660	113
38683	113
38695	113
38718	113
38730	113
38753	113
38765	113
38789	113
38800	113
38824	113
38835	113
38847	113
38871	113
38882	113
38906	113
38917	113
38929	113
38953	113
38976	113
38988	113
39011	113
39023	113
39035	113
39058	113
39070	113
39093	113
39105	114
39117	114
39140	114
39152	114
39175	114
39199	114
39210	114
39234	114
39257	114
39281	114
39304	114
39316	114
39339	114
39351	114
39375	114
39386	114
39410	114
39433	114
39457	114
39468	114
39492	114
39503	114
39527	114
39539	114
39562	114
39574	114
39597	114
39609	114
39632	114
39644	114
39667	114
39679	114
39703	114
39714	114
39738	114
39750	114
39773	114
39785	114
39796	114
39808	114
39832	114
39843	114
39867	114
39878	114
39902	114
39914	114
39937	114
39949	114
39972	114
39996	114
40007	115
40031	115
40054	115
40066	115
40089	115
40101	115
40125	115
40136	115
40160	115
40183	115
40195	115
40218	115
40242	115
40253	115
40277	115
40289	115
40312	115
40324	115
40347	115
40359	115
40382	115
40406	115
40417	115
40441	115
40453	115
40476	115
40488	115
40511	115
40523	115
40546	115
40558	115
40582	115
40593	115
40617	115
40628	115
40652	115
40664	115
40687	115
40699	115
40722	115
40746	115
40769	115
40781	115
40804	115
40816	115
40839	115
40863	115
40875	115
40898	115
40910	115
40933	116
40945	116
40968	116
40980	116
41003	116
41015	116
41039	116
41050	116
41074	116
41097	116
41109	116
41132	116
41144	116
41167	116
41179	116
41203	116
41214	116
41238	116
41261	116
41273	116
41285	116
41296	116
41320	116
41332	116
41355	116
41367	116
41390	116
41402	116
41425	116
41437	116
41460	116
41484	116
41496	116
41519	116
41542	116
41566	116
41578	116
41601	116
41613	116
41636	116
41660	116
41683	116
41707	116
41718	116
41742	116
41753	116
41777	116
41789	116
41812	116
41835	116
41859	117
41882	117
41894	117
41917	117
41941	117
41953	117
41976	117
42000	117
42011	117
42035	117
42046	117
42070	117
42082	117
42105	117
42117	117
42140	117
42152	117
42175	117
42199	117
42210	117
42234	117
42257	117
42269	117
42292	117
42304	117
42328	117
42351	117
42363	117
42386	117
42398	117
42421	117
42445	117
42457	117
42480	117
42492	117
42515	117
42539	117
42550	117
42574	117
42597	117
42609	117
42632	117
42656	117
42667	117
42691	117
42714	117
42726	117
42750	117
42761	117
42785	117
42796	118
42820	118
42832	118
42855	118
42867	118
42890	118
42914	118
42925	118
42949	118
42960	118
42984	118
43007	118
43019	118
43042	118
43054	118
43078	118
43101	118
43113	118
43136	118
43160	118
43171	118
43195	118
43207	118
43230	118
43253	118
43265	118
43289	118
43312	118
43324	118
43347	118
43371	118
43394	118
43417	118
43429	118
43453	118
43476	118
43488	118
43511	118
43523	118
43546	118
43558	118
43582	118
43593	118
43617	118
43640	118
43652	118
43675	118
43699	118
43710	118
43734	118
43746	119
43769	119
43781	119
43804	119
43828	119
43839	119
43863	119
43886	119
43898	119
43921	119
43933	119
43957	119
43980	119
43992	119
44015	119
44027	119
44050	119
44074	119
44097	119
44121	119
44144	119
44156	119
44179	119
44203	119
44226	119
44238	119
44261	119
44273	119
44296	119
44320	119
44332	119
44355	119
44367	119
44390	119
44414	119
44425	119
44449	119
44472	119
44484	119
44507	119
44519	119
44542	119
44566	119
44578	119
44601	119
44625	119
44636	119
44660	119
44683	119
44695	119
44718	120
44742	120
44753	120
44777	120
44800	120
44812	120
44835	120
44859	120
44882	120
44906	120
44929	120
44953	120
44964	120
44988	120
45011	120
45023	120
45046	120
45070	120
45082	120
45105	120
45117	120
45140	120
45164	120
45175	120
45199	120
45222	120
45234	120
45257	120
45281	120
45292	120
45316	120
45339	120
45351	120
45375	120
45398	120
45410	120
45433	120
45457	120
45468	120
45492	120
45515	120
45527	120
45550	120
45574	120
45597	120
45621	120
45644	120
45667	120
45691	120
45703	120
45726	121
45750	121
45761	121
45785	121
45808	121
45820	121
45843	121
45855	121
45878	121
45902	121
45925	121
45937	121
45960	121
45972	121
45996	121
46019	121
46031	121
46054	121
46078	121
46101	121
46113	121
46136	121
46160	121
46171	121
46195	121
46218	121
46230	121
46253	121
46277	121
46289	121
46312	121
46335	121
46359	121
46382	121
46406	121
46429	121
46441	121
46464	121
46488	121
46511	121
46523	121
46546	121
46570	121
46593	121
46605	121
46628	121
46652	121
46675	121
46687	121
46710	121
46734	122
46757	122
46769	122
46792	122
46816	122
46839	122
46851	122
46875	122
46898	122
46910	122
46933	122
46957	122
46968	122
46992	122
47015	122
47039	122
47050	122
47074	122
47097	122
47121	122
47144	122
47167	122
47179	122
47203	122
47226	122
47250	122
47261	122
47285	122
47308	122
47332	122
47343	122
47367	122
47390	122
47414	122
47437	122
47449	122
47472	122
47496	122
47519	122
47542	122
47566	122
47578	122
47601	122
47625	122
47648	122
47660	122
47683	122
47707	122
47718	122
47742	122
47765	123
47789	123
47812	123
47824	123
47847	123
47871	123
47894	123
47917	123
47941	123
47964	123
47976	123
48000	123
48023	123
48046	123
48070	123
48093	123
48117	123
48140	123
48152	123
48175	123
48199	123
48222	123
48246	123
48269	123
48292	123
48304	123
48328	123
48351	123
48375	123
48386	123
48410	123
48421	123
48445	123
48468	123
48480	123
48503	123
48527	123
48539	123
48562	123
48585	123
48609	123
48621	123
48644	123
48667	123
48691	123
48703	123
48726	123
48750	123
48773	123
48796	123
48820	124
48843	124
48855	124
48878	124
48902	124
48925	124
48949	124
48972	124
48996	124
49019	124
49042	124
49066	124
49089	124
49101	124
49125	124
49148	124
49171	124
49195	124
49207	124
49230	124
49253	124
49277	124
49289	124
49312	124
49335	124
49359	124
49371	124
49394	124
49417	124
49441	124
49464	124
49476	124
49500	124
49523	124
49546	124
49558	124
49582	124
49605	124
49617	124
49640	124
49664	124
49687	124
49710	124
49734	124
49757	124
49781	124
49804	124
49828	124
49851	124
49863	124
49886	125
49910	125
49933	125
49957	125
49968	125
49992	125
50015	125
50039	125
50062	125
50074	125
50097	125
50121	125
50144	125
50156	125
50179	125
50203	125
50226	125
50250	125
50261	125
50285	125
50308	125
50332	125
50355	125
50378	125
50390	125
50414	125
50437	125
50460	125
50484	125
50519	125
50542	125
50566	125
50589	125
50601	125
50625	125
50648	125
50671	125
50695	125
50707	125
50730	125
50753	125
50777	125
50789	125
50812	125
50835	125
50847	125
50871	125
50894	125
50906	125
50929	125
50953	126
50976	126
51000	126
51011	126
51035	126
51058	126
51070	126
51093	126
51117	126
51128	126
51152	126
51175	126
51199	126
51222	126
51257	126
51281	126
51304	126
51328	126
51351	126
51363	126
51386	126
51410	126
51433	126
51457	126
51480	126
51503	126
51527	126
51539	126
51562	126
51585	126
51609	126
51632	126
51644	126
51667	126
51691	126
51714	126
51738	126
51750	126
51773	126
51785	126
51808	126
51820	126
51843	126
51867	126
51890	126
51914	126
51925	126
51949	126
51972	126
51996	126
52019	127
52042	127
52066	127
52089	127
52113	127
52125	127
52148	127
52171	127
52195	127
52218	127
52242	127
52265	127
52289	127
52300	127
52324	127
52347	127
52371	127
52394	127
52417	127
52441	127
52453	127
52476	127
52500	127
52523	127
52546	127
52558	127
52582	127
52605	127
52628	127
52640	127
52664	127
52687	127
52710	127
52734	127
52757	127
52781	127
52804	127
52828	127
52851	127
52875	127
52886	127
52910	127
52933	127
52957	127
52980	127
52992	127
53015	127
53039	127
53062	127
53085	127
53097	128
53121	128
53144	128
53167	128
53191	128
53214	128
53238	128
53250	128
53273	128
53296	128
53308	128
53320	128
53343	128
53367	128
53390	128
53414	128
53437	128
53449	128
53472	128
53496	128
53519	128
53542	128
53566	128
53589	128
53613	128
53636	128
53660	128
53683	128
53707	128
53730	128
53753	128
53777	128
53800	128
53824	128
53847	128
53871	128
53894	128
53917	128
53941	128
53964	128
53988	128
54011	128
54023	128
54046	128
54070	128
54093	128
54105	128
54128	128
54152	128
54175	128
54199	129
54222	129
54246	129
54269	129
54292	129
54316	129
54328	129
54351	129
54375	129
54398	129
54421	129
54445	129
54468	129
54480	129
54503	129
54527	129
54550	129
54574	129
54597	129
54621	129
54644	129
54667	129
54691	129
54714	129
54738	129
54750	129
54773	129
54796	129
54820	129
54832	129
54855	129
54878	129
54902	129
54925	129
54937	129
54960	129
54984	129
55007	129
55031	129
55054	129
55078	129
55101	129
55125	129
55136	129
55160	129
55183	129
55207	129
55230	129
55253	129
55277	129
55289	130
55312	130
55347	130
55371	130
55394	130
55417	130
55441	130
55464	130
55488	130
55511	130
55523	130
55546	130
55570	130
55593	130
55605	130
55628	130
55652	130
55675	130
55699	130
55722	130
55746	130
55769	130
55781	130
55804	130
55828	130
55851	130
55875	130
55898	130
55921	130
55945	130
55957	130
55980	130
56003	130
56027	130
56050	130
56074	130
56097	130
56121	130
56156	130
56179	130
56203	130
56214	130
56238	130
56261	130
56285	130
56308	130
56332	130
56343	130
56367	130
56390	130
56414	131
56437	131
56460	131
56484	131
56496	131
56519	131
56542	131
56566	131
56589	131
56613	131
56636	131
56660	131
56683	131
56707	131
56718	131
56742	131
56765	131
56789	131
56812	131
56835	131
56871	131
56894	131
56917	131
56941	131
56964	131
56988	131
57011	131
57035	131
57058	131
57082	131
57093	131
57117	131
57140	131
57164	131
57187	131
57210	131
57234	131
57257	131
57281	131
57304	131
57328	131
57351	131
57375	131
57398	131
57410	131
57433	131
57457	131
57480	131
57503	131
57527	131
57550	132
57574	132
57609	132
57632	132
57656	132
57679	132
57703	132
57726	132
57750	132
57773	132
57796	132
57820	132
57832	132
57855	132
57878	132
57902	132
57925	132
57949	132
57972	132
57996	132
58019	132
58031	132
58054	132
58078	132
58101	132
58125	132
58148	132
58171	132
58195	132
58218	132
58242	132
58253	132
58277	132
58300	132
58335	132
58359	132
58382	132
58406	132
58429	132
58453	132
58476	132
58500	132
58523	132
58546	132
58570	132
58593	132
58617	132
58640	132
58664	132
58687	132
58710	133
58734	133
58757	133
58781	133
58804	133
58828	133
58851	133
58875	133
58898	133
58921	133
58945	133
58968	133
58992	133
59015	133
59039	133
59062	133
59085	133
59109	133
59132	133
59156	133
59179	133
59203	133
59226	133
59250	133
59273	133
59296	133
59320	133
59343	133
59367	133
59390	133
59414	133
59437	133
59460	133
59484	133
59507	133
59531	133
59554	133
59578	133
59601	133
59625	133
59648	133
59671	133
59695	133
59718	133
59742	133
59765	133
59789	133
59812	133
59835	133
59859	133
59882	134
59917	134
59941	134
59964	134
59988	134
60011	134
60035	134
60058	134
60093	134
60117	134
60140	134
60164	134
60187	134
60210	134
60234	134
60257	134
60281	134
60304	134
60328	134
60351	134
60386	134
60398	134
60421	134
60445	134
60468	134
60480	134
60515	134
60539	134
60562	134
60585	134
60597	134
60632	134
60656	134
60679	134
60703	134
60726	134
60750	134
60773	134
60796	134
60820	134
60843	134
60867	134
60890	134
60914	134
60937	134
60972	134
60996	134
61031	134
61054	134
61078	134
61101	135
61125	135
61148	135
61171	135
61195	135
61218	135
61242	135
61265	135
61289	135
61312	135
61335	135
61359	135
61382	135
61406	135
61429	135
61453	135
61476	135
61500	135
61523	135
61546	135
61570	135
61593	135
61617	135
61640	135
61664	135
61687	135
61722	135
61746	135
61781	135
61804	135
61828	135
61851	135
61875	135
61898	135
61921	135
61945	135
61968	135
61992	135
62015	135
62039	135
62062	135
62085	135
62109	135
62144	135
62167	135
62191	135
62214	135
62238	135
62261	135
62285	135
62308	136
62332	136
62355	136
62378	136
62402	136
62437	136
62460	136
62496	136
62519	136
62554	136
62578	136
62601	136
62625	136
62648	136
62671	136
62695	136
62718	136
62742	136
62765	136
62789	136
62812	136
62835	136
62859	136
62882	136
62906	136
62929	136
62953	136
62976	136
63000	136
63023	136
63046	136
63070	136
63093	136
63117	136
63140	136
63164	136
63187	136
63210	136
63246	136
63269	136
63304	136
63328	136
63351	136
63375	136
63398	136
63433	136
63457	136
63480	136
63503	136
63527	136
63550	137
63574	137
63597	137
63621	137
63644	137
63667	137
63703	137
63726	137
63750	137
63773	137
63785	137
63808	137
63832	137
63855	137
63878	137
63902	137
63925	137
63949	137
63972	137
64007	137
64031	137
64054	137
64078	137
64101	137
64136	137
64160	137
64183	137
64207	137
64230	137
64253	137
64277	137
64312	137
64335	137
64359	137
64382	137
64406	137
64429	137
64453	137
64488	137
64511	137
64535	137
64546	137
64570	137
64605	137
64628	137
64652	137
64675	137
64699	137
64722	137
64746	137
64781	138
64804	138
64828	138
64851	138
64875	138
64898	138
64921	138
64945	138
64968	138
64992	138
65027	138
65050	138
65074	138
65097	138
65121	138
65144	138
65167	138
65191	138
65214	138
65238	138
65261	138
65285	138
65308	138
65320	138
65343	138
65367	138
65402	138
65425	138
65449	138
65472	138
65496	138
65519	138
65554	138
65578	138
65601	138
65625	138
65648	138
65683	138
65707	138
65730	138
65753	138
65789	138
65812	138
65835	138
65859	138
65894	138
65917	138
65941	138
65964	138
66000	138
66023	139
66046	139
66070	139
66093	139
66117	139
66140	139
66164	139
66187	139
66210	139
66234	139
66269	139
66292	139
66316	139
66339	139
66363	139
66386	139
66410	139
66433	139
66468	139
66492	139
66515	139
66539	139
66562	139
66585	139
66609	139
66644	139
66667	139
66691	139
66714	139
66738	139
66761	139
66785	139
66808	139
66832	139
66855	139
66878	139
66902	139
66925	139
66949	139
66972	139
66996	139
67031	139
67054	139
67078	139
67101	139
67125	139
67148	139
67171	139
67195	139
67218	139
67253	140
67277	140
67300	140
67324	140
67347	140
67382	140
67406	140
67429	140
67453	140
67488	140
67511	140
67535	140
67558	140
67582	140
67605	140
67628	140
67652	140
67675	140
67699	140
67722	140
67746	140
67769	140
67792	140
67828	140
67851	140
67875	140
67898	140
67921	140
67945	140
67968	140
67992	140
68015	140
68050	140
68074	140
68097	140
68132	140
68156	140
68191	140
68214	140
68238	140
68261	140
68285	140
68308	140
68332	140
68355	140
68378	140
68402	140
68437	140
68460	140
68484	140
68507	141
68531	141
68554	141
68578	141
68601	141
68625	141
68648	141
68671	141
68695	141
68730	141
68753	141
68777	141
68800	141
68824	141
68859	141
68882	141
68917	141
68941	141
68964	141
68988	141
69011	141
69046	141
69070	141
69093	141
69117	141
69140	141
69164	141
69187	141
69210	141
69234	141
69269	141
69292	141
69316	141
69339	141
69363	141
69386	141
69421	141
69445	141
69468	141
69492	141
69515	141
69539	141
69574	141
69597	141
69632	141
69656	141
69691	141
69714	141
69738	141
69761	141
69785	142
69808	142
69832	142
69855	142
69890	142
69914	142
69937	142
69960	142
69984	142
70007	142
70031	142
70066	142
70089	142
70113	142
70136	142
70160	142
70183	142
70207	142
70230	142
70265	142
70289	142
70312	142
70335	142
70371	142
70394	142
70429	142
70453	142
70476	142
70500	142
70523	142
70558	142
70582	142
70605	142
70628	142
70652	142
70687	142
70710	142
70734	142
70757	142
70792	142
70816	142
70839	142
70863	142
70886	142
70921	142
70945	142
70968	142
70992	142
71015	142
71039	142
71062	143
71097	143
71121	143
71156	143
71179	143
71203	143
71226	143
71261	143
71285	143
71308	143
71332	143
71355	143
71390	143
71414	143
71437	143
71460	143
71496	143
71519	143
71542	143
71578	143
71601	143
71625	143
71648	143
71671	143
71707	143
71730	143
71753	143
71777	143
71800	143
71835	143
71859	143
71894	143
71917	143
71941	143
71976	143
72000	143
72023	143
72058	143
72082	143
72117	143
72140	143
72164	143
72187	143
72222	143
72246	143
72281	143
72304	143
72328	143
72351	143
72386	143
72410	144
72421	144
72445	144
72468	144
72492	144
72527	144
72550	144
72574	144
72597	144
72621	144
72656	144
72679	144
72703	144
72726	144
72761	144
72785	144
72808	144
72843	144
72867	144
72890	144
72914	144
72949	144
72972	144
73007	144
73042	144
73066	144
73089	144
73113	144
73148	144
73171	144
73195	144
73218	144
73242	144
73277	144
73300	144
73324	144
73347	144
73382	144
73406	144
73429	144
73453	144
73488	144
73511	144
73535	144
73558	144
73582	144
73617	144
73640	144
73664	144
73687	144
73722	145
73757	145
73781	145
73816	145
73839	145
73863	145
73886	145
73921	145
73945	145
73968	145
73992	145
74027	145
74050	145
74074	145
74097	145
74132	145
74156	145
74179	145
74203	145
74238	145
74261	145
74285	145
74308	145
74343	145
74367	145
74390	145
74414	145
74449	145
74484	145
74507	145
74542	145
74566	145
74601	145
74625	145
74648	145
74671	145
74707	145
74730	145
74753	145
74777	145
74800	145
74835	145
74859	145
74882	145
74906	145
74929	145
74953	145
74976	145
75011	145
75035	145
75058	146
75082	146
75105	146
75128	146
75152	146
75187	146
75210	146
75246	146
75281	146
75304	146
75339	146
75363	146
75386	146
75421	146
75445	146
75480	146
75503	146
75527	146
75562	146
75585	146
75609	146
75632	146
75656	146
75691	146
75714	146
75738	146
75761	146
75785	146
75808	146
75832	146
75855	146
75878	146
75914	146
75937	146
75960	146
75996	146
76019	146
76054	146
76078	146
76101	146
76125	146
76160	146
76183	146
76218	146
76242	146
76265	146
76289	146
76324	146
76347	146
76371	146
76406	147
76429	147
76453	147
76476	147
76511	147
76535	147
76558	147
76582	147
76605	147
76628	147
76664	147
76687	147
76710	147
76746	147
76769	147
76804	147
76828	147
76851	147
76886	147
76910	147
76933	147
76957	147
76992	147
77015	147
77039	147
77062	147
77097	147
77121	147
77144	147
77167	147
77203	147
77226	147
77250	147
77273	147
77296	147
77320	147
77343	147
77367	147
77402	147
77425	147
77449	147
77484	147
77507	147
77542	147
77566	147
77589	147
77625	147
77648	147
77683	147
77707	147
77742	148
77765	148
77789	148
77824	148
77847	148
77882	148
77906	148
77941	148
77964	148
77988	148
78023	148
78046	148
78070	148
78093	148
78117	148
78152	148
78175	148
78199	148
78234	148
78257	148
78281	148
78316	148
78339	148
78363	148
78398	148
78421	148
78445	148
78480	148
78503	148
78527	148
78550	148
78585	148
78609	148
78644	148
78667	148
78691	148
78726	148
78750	148
78773	148
78796	148
78820	148
78855	148
78878	148
78902	148
78937	148
78960	148
78984	148
79007	148
79042	148
79066	148
79089	149
79125	149
79148	149
79171	149
79207	149
79230	149
79253	149
79277	149
79312	149
79335	149
79371	149
79406	149
79429	149
79453	149
79488	149
79511	149
79535	149
79558	149
79593	149
79617	149
79640	149
79675	149
79699	149
79722	149
79746	149
79781	149
79804	149
79828	149
79863	149
79886	149
79910	149
79933	149
79968	149
79992	149
80015	149
80039	149
80074	149
80109	149
80132	149
80167	149
80191	149
80226	149
80250	149
80273	149
80296	149
80320	149
80355	149
80378	149
80402	149
80437	149
80460	150
80484	150
80507	150
80531	150
80566	150
80589	150
80625	150
80648	150
80671	150
80695	150
80730	150
80753	150
80777	150
80812	150
80847	150
80871	150
80906	150
80941	150
80964	150
80988	150
81023	150
81046	150
81070	150
81093	150
81128	150
81152	150
81187	150
81210	150
81234	150
81269	150
81292	150
81316	150
81351	150
81375	150
81410	150
81433	150
81457	150
81492	150
81515	150
81550	150
81574	150
81609	150
81644	150
81667	150
81703	150
81726	150
81761	150
81785	150
81808	150
81832	150
81867	151
81890	151
81914	151
81949	151
81972	151
81996	151
82019	151
82054	151
82078	151
82113	151
82136	151
82160	151
82183	151
82218	151
82242	151
82265	151
82300	151
82324	151
82359	151
82382	151
82417	151
82441	151
82476	151
82500	151
82535	151
82558	151
82582	151
82617	151
82640	151
82664	151
82699	151
82722	151
82757	151
82781	151
82816	151
82839	151
82875	151
82898	151
82921	151
82945	151
82980	151
83003	151
83027	151
83062	151
83085	151
83121	151
83156	151
83179	151
83214	151
83238	151
83273	152
83296	152
83320	152
83355	152
83378	152
83414	152
83437	152
83472	152
83496	152
83531	152
83554	152
83589	152
83613	152
83648	152
83671	152
83695	152
83730	152
83753	152
83789	152
83812	152
83847	152
83871	152
83906	152
83941	152
83964	152
83988	152
84023	152
84058	152
84093	152
84117	152
84140	152
84175	152
84199	152
84234	152
84269	152
84292	152
84328	152
84351	152
84375	152
84410	152
84433	152
84457	152
84480	152
84503	152
84539	152
84562	152
84585	152
84621	152
84644	152
84679	152
84703	153
84726	153
84761	153
84785	153
84820	153
84855	153
84878	153
84902	153
84937	153
84972	153
85007	153
85031	153
85066	153
85089	153
85125	153
85148	153
85183	153
85207	153
85242	153
85265	153
85289	153
85324	153
85347	153
85382	153
85406	153
85429	153
85464	153
85500	153
85523	153
85546	153
85582	153
85605	153
85628	153
85664	153
85699	153
85722	153
85757	153
85792	153
85828	153
85851	153
85886	153
85910	153
85945	153
85968	153
86003	153
86027	153
86062	153
86085	153
86109	153
86144	153
86167	154
86203	154
86226	154
86261	154
86285	154
86320	154
86343	154
86367	154
86402	154
86425	154
86460	154
86496	154
86531	154
86566	154
86589	154
86625	154
86648	154
86683	154
86707	154
86730	154
86765	154
86789	154
86812	154
86847	154
86871	154
86894	154
86917	154
86953	154
86976	154
87011	154
87035	154
87058	154
87093	154
87117	154
87140	154
87175	154
87210	154
87246	154
87281	154
87316	154
87339	154
87363	154
87398	154
87433	154
87468	154
87492	154
87515	154
87550	154
87574	154
87609	154
87632	155
87667	155
87691	155
87726	155
87750	155
87773	155
87796	155
87820	155
87855	155
87878	155
87914	155
87937	155
87972	155
87996	155
88031	155
88066	155
88089	155
88125	155
88148	155
88183	155
88207	155
88242	155
88265	155
88300	155
88324	155
88359	155
88382	155
88417	155
88441	155
88476	155
88500	155
88535	155
88558	155
88582	155
88617	155
88640	155
88664	155
88699	155
88734	155
88757	155
88792	155
88816	155
88851	155
88875	155
88910	155
88933	155
88968	155
88992	155
89015	155
89050	155
89074	156
89109	156
89132	156
89167	156
89191	156
89226	156
89250	156
89273	156
89296	156
89320	156
89355	156
89378	156
89414	156
89437	156
89472	156
89496	156
89531	156
89566	156
89589	156
89625	156
89648	156
89683	156
89718	156
89753	156
89777	156
89812	156
89835	156
89871	156
89906	156
89941	156
89964	156
90000	156
90023	156
90046	156
90082	156
90105	156
90140	156
90164	156
90199	156
90222	156
90257	156
90281	156
90316	156
90339	156
90375	156
90398	156
90433	156
90457	156
90492	156
90515	156
90550	157
90574	157
90609	157
90632	157
90667	157
90703	157
90726	157
90761	157
90785	157
90808	157
90832	157
90867	157
90890	157
90925	157
90949	157
90972	157
91007	157
91031	157
91066	157
91101	157
91125	157
91148	157
91183	157
91207	157
91242	157
91265	157
91300	157
91335	157
91359	157
91394	157
91429	157
91453	157
91488	157
91511	157
91546	157
91570	157
91593	157
91628	157
91664	157
91687	157
91722	157
91746	157
91769	157
91804	157
91839	157
91863	157
91898	157
91921	157
91945	157
91980	157
92003	158
92039	158
92074	158
92097	158
92132	158
92167	158
92203	158
92226	158
92261	158
92285	158
92320	158
92343	158
92367	158
92402	158
92425	158
92460	158
92484	158
92519	158
92542	158
92578	158
92601	158
92636	158
92660	158
92695	158
92718	158
92753	158
92777	158
92812	158
92835	158
92871	158
92906	158
92941	158
92964	158
93000	158
93035	158
93058	158
93082	158
93117	158
93140	158
93175	158
93199	158
93234	158
93257	158
93292	158
93316	158
93351	158
93386	158
93410	158
93445	158
93468	158
93503	159
93527	159
93562	159
93597	159
93632	159
93667	159
93691	159
93726	159
93750	159
93785	159
93808	159
93843	159
93867	159
93902	159
93925	159
93960	159
93984	159
94019	159
94042	159
94078	159
94113	159
94136	159
94160	159
94195	159
94218	159
94253	159
94277	159
94312	159
94347	159
94382	159
94406	159
94441	159
94476	159
94500	159
94535	159
94570	159
94593	159
94628	159
94652	159
94687	159
94710	159
94746	159
94781	159
94804	159
94839	159
94863	159
94898	159
94921	159
94957	159
94980	159
95015	160
95039	160
95074	160
95109	160
95132	160
95167	160
95203	160
95226	160
95261	160
95296	160
95320	160
95355	160
95378	160
95414	160
95449	160
95472	160
95507	160
95542	160
95566	160
95601	160
95636	160
95660	160
95695	160
95718	160
95753	160
95777	160
95812	160
95847	160
95882	160
95917	160
95941	160
95976	160
96011	160
96035	160
96070	160
96105	160
96140	160
96164	160
96199	160
96234	160
96269	160
96304	160
96328	160
96363	160
96386	160
96421	160
96445	160
96468	160
96503	160
96527	160
96562	161
96585	161
96621	161
96656	161
96679	161
96714	161
96738	161
96773	161
96808	161
96843	161
96867	161
96902	161
96925	161
96960	161
97007	161
97042	161
97066	161
97101	161
97136	161
97160	161
97195	161
97218	161
97253	161
97289	161
97312	161
97347	161
97371	161
97406	161
97429	161
97464	161
97500	161
97523	161
97558	161
97582	161
97617	161
97640	161
97675	161
97710	161
97746	161
97781	161
97816	161
97851	161
97875	161
97910	161
97945	161
97968	161
98003	161
98039	161
98062	161
98097	161
98121	162
98156	162
98191	162
98214	162
98250	162
98285	162
98308	162
98343	162
98378	162
98402	162
98437	162
98472	162
98519	162
98554	162
98578	162
98613	162
98648	162
98671	162
98707	162
98730	162
98765	162
98800	162
98824	162
98859	162
98882	162
98917	162
98941	162
98976	162
99011	162
99035	162
99058	162
99093	162
99117	162
99152	162
99187	162
99222	162
99257	162
99292	162
99328	162
99363	162
99386	162
99421	162
99457	162
99492	162
99527	162
99550	162
99585	162
99621	162
99644	162
99679	162
99703	163
99738	163
99773	163
99796	163
99820	163
99843	163
99878	163
99914	163
99937	163
99972	163
100007	163
100042	163
100078	163
100101	163
100136	163
100171	163
100207	163
100230	163
100265	163
100300	163
100324	163
100359	163
100394	163
100429	163
100453	163
100488	163
100523	163
100546	163
100582	163
100605	163
100640	163
100675	163
100699	163
100734	163
100769	163
100804	163
100839	163
100875	163
100898	163
100933	163
100968	163
100992	163
101027	163
101050	163
101085	163
101121	163
101144	163
101179	163
101214	163
101238	163
101273	164
101296	164
101320	164
101355	164
101378	164
101414	164
101449	164
101472	164
101507	164
101542	164
101578	164
101613	164
101636	164
101671	164
101718	164
101742	164
101777	164
101812	164
101847	164
101882	164
101917	164
101941	164
101976	164
102011	164
102035	164
102070	164
102093	164
102128	164
102164	164
102187	164
102222	164
102257	164
102292	164
102316	164
102351	164
102386	164
102410	164
102445	164
102480	164
102503	164
102539	164
102574	164
102609	164
102644	164
102667	164
102703	164
102738	164
102773	164
102796	164
102820	164
102855	165
102878	165
102914	165
102949	165
102972	165
103007	165
103042	165
103078	165
103101	165
103136	165
103171	165
103195	165
103230	165
103265	165
103289	165
103324	165
103359	165
103394	165
103429	165
103464	165
103488	165
103523	165
103546	165
103582	165
103605	165
103640	165
103675	165
103699	165
103734	165
103769	165
103792	165
103828	165
103863	165
103886	165
103921	165
103957	165
103980	165
104015	165
104050	165
104074	165
104109	165
104156	165
104179	165
104214	165
104250	165
104273	165
104308	165
104332	165
104367	165
104402	165
104425	166
104460	166
104496	166
104519	166
104554	166
104589	166
104613	166
104648	166
104683	166
104707	166
104742	166
104777	166
104800	166
104835	166
104882	166
104917	166
104953	166
104976	166
105011	166
105046	166
105070	166
105105	166
105128	166
105164	166
105199	166
105222	166
105257	166
105292	166
105328	166
105351	166
105386	166
105421	166
105445	166
105480	166
105515	166
105550	166
105574	166
105621	166
105656	166
105691	166
105714	166
105750	166
105785	166
105808	166
105843	166
105867	166
105902	166
105937	166
105960	166
105996	166
106031	167
106054	167
106089	167
106125	167
106148	167
106183	167
106207	167
106242	167
106277	167
106300	167
106335	167
106371	167
106406	167
106441	167
106476	167
106511	167
106535	167
106570	167
106605	167
106640	167
106664	167
106699	167
106734	167
106769	167
106804	167
106828	167
106863	167
106898	167
106921	167
106957	167
106992	167
107015	167
107050	167
107085	167
107121	167
107156	167
107191	167
107214	167
107250	167
107285	167
107320	167
107343	167
107378	167
107414	167
107449	167
107472	167
107507	167
107542	167
107578	167
107613	167
107636	168
107671	168
107707	168
107730	168
107765	168
107800	168
107835	168
107871	168
107906	168
107941	168
107964	168
108000	168
108035	168
108070	168
108105	168
108140	168
108164	168
108199	168
108234	168
108269	168
108304	168
108339	168
108375	168
108398	168
108421	168
108457	168
108480	168
108515	168
108550	168
108574	168
108609	168
108644	168
108667	168
108703	168
108738	168
108773	168
108796	168
108843	168
108867	168
108902	168
108937	168
108972	168
109007	168
109042	168
109078	168
109113	168
109148	168
109171	168
109207	168
109242	168
109265	169
109300	169
109335	169
109371	169
109394	169
109429	169
109464	169
109500	169
109523	169
109558	169
109593	169
109617	169
109652	169
109687	169
109722	169
109757	169
109792	169
109828	169
109863	169
109898	169
109921	169
109957	169
109992	169
110015	169
110050	169
110085	169
110109	169
110144	169
110179	169
110203	169
110238	169
110273	169
110308	169
110343	169
110367	169
110402	169
110437	169
110472	169
110507	169
110542	169
110578	169
110613	169
110648	169
110671	169
110707	169
110742	169
110765	169
110800	169
110835	169
110859	169
110894	170
110917	170
110953	170
110988	170
111011	170
111046	170
111070	170
111105	170
111140	170
111175	170
111210	170
111246	170
111292	170
111328	170
111351	170
111386	170
111421	170
111457	170
111492	170
111527	170
111562	170
111585	170
111621	170
111656	170
111679	170
111714	170
111750	170
111773	170
111808	170
111832	170
111867	170
111890	170
111925	170
111960	170
111996	170
112031	170
112066	170
112089	170
112125	170
112160	170
112195	170
112230	170
112253	170
112289	170
112324	170
112347	170
112382	170
112417	170
112453	170
112476	170
112511	171
112546	171
112570	171
112605	171
112628	171
112664	171
112699	171
112734	171
112769	171
112804	171
112828	171
112863	171
112898	171
112921	171
112957	171
112992	171
113027	171
113050	171
113085	171
113121	171
113144	171
113179	171
113214	171
113250	171
113273	171
113296	171
113320	171
113355	171
113390	171
113425	171
113449	171
113484	171
113519	171
113554	171
113589	171
113625	171
113660	171
113695	171
113730	171
113753	171
113789	171
113824	171
113859	171
113894	171
113929	171
113964	171
114000	171
114023	171
114058	171
114093	171
114117	172
114152	172
114187	172
114210	172
114246	172
114281	172
114316	172
114351	172
114375	172
114410	172
114445	172
114480	172
114503	172
114539	172
114574	172
114597	172
114632	172
114667	172
114703	172
114738	172
114761	172
114796	172
114820	172
114843	172
114878	172
114914	172
114937	172
114972	172
115007	172
115031	172
115066	172
115101	172
115136	172
115160	172
115195	172
115230	172
115253	172
115289	172
115324	172
115359	172
115394	172
115429	172
115464	172
115488	172
115523	172
115558	172
115582	172
115617	172
115640	172
115675	172
115710	173
115746	173
115769	173
115804	173
115839	173
115875	173
115898	173
115933	173
115968	173
115992	173
116027	173
116062	173
116097	173
116132	173
116167	173
116203	173
116226	173
116261	173
116296	173
116320	173
116355	173
116390	173
116414	173
116449	173
116484	173
116507	173
116542	173
116578	173
116601	173
116636	173
116671	173
116695	173
116730	173
116765	173
116789	173
116824	173
116859	173
116906	173
116929	173
116964	173
117000	173
117035	173
117058	173
117093	173
117117	173
117152	173
117187	173
117210	173
117246	173
117281	173
117304	174
117339	174
117375	174
117398	174
117433	174
117468	174
117503	174
117527	174
117562	174
117597	174
117632	174
117667	174
117703	174
117738	174
117761	174
117796	174
117832	174
117855	174
117890	174
117925	174
117949	174
117984	174
118007	174
118042	174
118078	174
118113	174
118136	174
118171	174
118195	174
118230	174
118265	174
118300	174
118324	174
118359	174
118406	174
118429	174
118464	174
118500	174
118535	174
118558	174
118593	174
118628	174
118664	174
118687	174
118722	174
118757	174
118792	174
118828	174
118851	174
118886	174
118921	175
118945	175
118980	175
119003	175
119039	175
119074	175
119109	175
119144	175
119179	175
119203	175
119238	175
119273	175
119308	175
119332	175
119367	175
119402	175
119425	175
119460	175
119496	175
119531	175
119566	175
119589	175
119625	175
119660	175
119683	175
119718	175
119742	175
119777	175
119812	175
119847	175
119882	175
119917	175
119953	175
119976	175
120011	175
120046	175
120082	175
120117	175
120152	175
120187	175
120210	175
120257	175
120281	175
120316	175
120351	175
120386	175
120410	175
120433	175
120468	175
120492	175
120527	176
120562	176
120585	176
120621	176
120656	176
120691	176
120714	176
120750	176
120785	176
120820	176
120855	176
120878	176
120914	176
120949	176
120984	176
121031	176
121066	176
121089	176
121125	176
121160	176
121183	176
121218	176
121253	176
121277	176
121312	176
121347	176
121371	176
121406	176
121441	176
121476	176
121500	176
121535	176
121570	176
121593	176
121628	176
121652	176
121687	176
121734	176
121769	176
121804	176
121839	176
121863	176
121898	176
121933	176
121957	176
121992	176
122027	176
122050	176
122085	176
122121	176
122144	177
122179	177
122214	177
122250	177
122273	177
122308	177
122343	177
122378	177
122402	177
122437	177
122484	177
122519	177
122554	177
122589	177
122613	177
122648	177
122683	177
122707	177
122742	177
122777	177
122812	177
122835	177
122871	177
122894	177
122929	177
122953	177
122988	177
123023	177
123046	177
123082	177
123117	177
123140	177
123175	177
123210	177
123246	177
123292	177
123328	177
123351	177
123386	177
123421	177
123457	177
123492	177
123515	177
123550	177
123585	177
123609	177
123644	177
123679	177
123703	177
123738	177
123773	178
123796	178
123820	178
123855	178
123878	178
123914	178
123949	178
123972	178
124007	178
124042	178
124078	178
124113	178
124136	178
124171	178
124207	178
124242	178
124265	178
124300	178
124335	178
124371	178
124394	178
124429	178
124464	178
124500	178
124523	178
124558	178
124582	178
124617	178
124640	178
124675	178
124710	178
124746	178
124781	178
124816	178
124839	178
124875	178
124910	178
124933	178
124968	178
125003	178
125027	178
125062	178
125097	178
125121	178
125156	178
125191	178
125214	178
125250	178
125285	178
125308	178
125332	179
125355	179
125390	179
125425	179
125449	179
125484	179
125519	179
125554	179
125589	179
125613	179
125648	179
125695	179
125730	179
125753	179
125789	179
125824	179
125859	179
125894	179
125929	179
125953	179
125988	179
126023	179
126046	179
126082	179
126105	179
126140	179
126164	179
126199	179
126234	179
126269	179
126292	179
126328	179
126363	179
126386	179
126421	179
126457	179
126480	179
126515	179
126550	179
126585	179
126609	179
126644	179
126679	179
126714	179
126738	179
126773	179
126796	179
126820	179
126855	179
126890	179
126914	180
126949	180
126972	180
127007	180
127042	180
127066	180
127101	180
127136	180
127160	180
127195	180
127230	180
127253	180
127289	180
127324	180
127347	180
127382	180
127417	180
127453	180
127488	180
127511	180
127546	180
127570	180
127593	180
127628	180
127664	180
127687	180
127722	180
127746	180
127781	180
127804	180
127839	180
127875	180
127898	180
127933	180
127968	180
127992	180
128027	180
128050	180
128085	180
128121	180
128156	180
128191	180
128226	180
128261	180
128285	180
128320	180
128343	180
128367	180
128402	180
128437	180
128460	181
128496	181
128531	181
128554	181
128589	181
128625	181
128648	181
128683	181
128718	181
128742	181
128777	181
128812	181
128835	181
128882	181
128917	181
128941	181
128976	181
129011	181
129035	181
129070	181
129093	181
129128	181
129164	181
129187	181
129222	181
129246	181
129281	181
129316	181
129339	181
129375	181
129410	181
129433	181
129468	181
129492	181
129527	181
129562	181
129597	181
129632	181
129667	181
129691	181
129726	181
129761	181
129785	181
129820	181
129843	181
129878	181
129902	181
129937	181
129960	181
129996	181
130019	182
130054	182
130089	182
130113	182
130148	182
130171	182
130207	182
130230	182
130265	182
130300	182
130324	182
130359	182
130394	182
130429	182
130464	182
130488	182
130523	182
130558	182
130593	182
130617	182
130652	182
130687	182
130710	182
130746	182
130781	182
130804	182
130839	182
130875	182
130898	182
130933	182
130957	182
130992	182
131027	182
131050	182
131085	182
131121	182
131156	182
131191	182
131226	182
131250	182
131285	182
131320	182
131343	182
131378	182
131414	182
131437	182
131472	182
131507	182
131542	182
131566	182
131601	183
131636	183
131660	183
131695	183
131718	183
131753	183
131789	183
131812	183
131847	183
131882	183
131917	183
131953	183
131976	183
132011	183
132046	183
132082	183
132117	183
132140	183
132175	183
132210	183
132234	183
132269	183
132304	183
132339	183
132363	183
132398	183
132421	183
132445	183
132480	183
132503	183
132539	183
132562	183
132597	183
132621	183
132656	183
132691	183
132714	183
132750	183
132785	183
132820	183
132843	183
132878	183
132914	183
132937	183
132984	183
133019	183
133054	183
133089	183
133113	183
133148	183
133171	184
133207	184
133242	184
133265	184
133300	184
133335	184
133359	184
133394	184
133417	184
133453	184
133488	184
133523	184
133546	184
133582	184
133617	184
133640	184
133675	184
133710	184
133746	184
133781	184
133816	184
133851	184
133875	184
133910	184
133945	184
133968	184
134003	184
134039	184
134062	184
134097	184
134121	184
134156	184
134191	184
134214	184
134250	184
134285	184
134308	184
134343	184
134378	184
134402	184
134437	184
134472	184
134519	184
134554	184
134578	184
134613	184
134636	184
134671	184
134707	184
134730	184
134765	185
134789	185
134824	185
134847	185
134882	185
134906	185
134941	185
134964	185
135000	185
135023	185
135058	185
135082	185
135117	185
135140	185
135175	185
135210	185
135257	185
135292	185
135328	185
135351	185
135386	185
135421	185
135457	185
135492	185
135515	185
135550	185
135585	185
135609	185
135644	185
135679	185
135703	185
135738	185
135773	185
135796	185
135820	185
135843	185
135878	185
135914	185
135937	185
135972	185
136007	185
136042	185
136078	185
136101	185
136136	185
136171	185
136207	185
136230	185
136265	185
136300	185
136324	186
136359	186
136394	186
136429	186
136453	186
136488	186
136523	186
136546	186
136582	186
136605	186
136640	186
136664	186
136699	186
136734	186
136769	186
136804	186
136828	186
136863	186
136886	186
136921	186
136957	186
136980	186
137015	186
137039	186
137074	186
137109	186
137132	186
137167	186
137191	186
137226	186
137261	186
137285	186
137308	186
137332	186
137367	186
137390	186
137425	186
137460	186
137496	186
137531	186
137554	186
137589	186
137625	186
137660	186
137695	186
137730	186
137753	186
137789	186
137824	186
137859	186
137894	187
137929	187
137953	187
137988	187
138023	187
138046	187
138082	187
138105	187
138140	187
138164	187
138199	187
138234	187
138269	187
138292	187
138328	187
138363	187
138398	187
138421	187
138457	187
138492	187
138515	187
138550	187
138585	187
138609	187
138644	187
138679	187
138714	187
138738	187
138773	187
138796	187
138820	187
138855	187
138878	187
138914	187
138949	187
138972	187
139007	187
139031	187
139066	187
139101	187
139136	187
139160	187
139195	187
139218	187
139253	187
139289	187
139312	187
139347	187
139382	187
139417	187
139453	188
139476	188
139511	188
139535	188
139570	188
139593	188
139628	188
139652	188
139687	188
139722	188
139746	188
139781	188
139804	188
139839	188
139875	188
139898	188
139933	188
139968	188
139992	188
140027	188
140062	188
140097	188
140132	188
140167	188
140203	188
140226	188
140261	188
140285	188
140320	188
140343	188
140378	188
140414	188
140437	188
140472	188
140496	188
140531	188
140554	188
140589	188
140625	188
140648	188
140683	188
140718	188
140742	188
140777	188
140812	188
140835	188
140882	188
140906	188
140941	188
140976	188
141000	189
141035	189
141070	189
141093	189
141117	189
141152	189
141187	189
141210	189
141246	189
141281	189
141304	189
141339	189
141363	189
141398	189
141433	189
141457	189
141492	189
141515	189
141550	189
141585	189
141621	189
141656	189
141691	189
141726	189
141750	189
141785	189
141808	189
141843	189
141867	189
141902	189
141937	189
141960	189
141996	189
142019	189
142054	189
142089	189
142125	189
142148	189
142183	189
142207	189
142242	189
142265	189
142300	189
142335	189
142371	189
142406	189
142441	189
142476	189
142500	189
142535	189
142570	190
142593	190
142628	190
142664	190
142687	190
142722	190
142757	190
142792	190
142828	190
142851	190
142886	190
142910	190
142945	190
142968	190
143003	190
143039	190
143062	190
143097	190
143132	190
143167	190
143203	190
143226	190
143261	190
143296	190
143320	190
143355	190
143390	190
143414	190
143449	190
143484	190
143519	190
143542	190
143578	190
143613	190
143636	190
143671	190
143695	190
143730	190
143765	190
143789	190
143824	190
143859	190
143894	190
143929	190
143953	190
143988	190
144023	190
144058	190
144093	190
144128	190
144152	191
144187	191
144222	191
144257	191
144292	191
144328	191
144351	191
144386	191
144410	191
144445	191
144468	191
144492	191
144527	191
144562	191
144585	191
144621	191
144656	191
144691	191
144714	191
144750	191
144785	191
144820	191
144855	191
144878	191
144914	191
144949	191
144984	191
145019	191
145054	191
145089	191
145113	191
145148	191
145183	191
145207	191
145242	191
145277	191
145300	191
145335	191
145359	191
145394	191
145429	191
145453	191
145488	191
145511	191
145546	191
145582	191
145605	191
145640	191
145675	191
145699	191
145746	192
145781	192
145816	192
145839	192
145875	192
145898	192
145933	192
145968	192
145992	192
146027	192
146062	192
146085	192
146121	192
146156	192
146179	192
146214	192
146250	192
146273	192
146308	192
146343	192
146367	192
146402	192
146437	192
146472	192
146507	192
146554	192
146578	192
146613	192
146648	192
146671	192
146707	192
146730	192
146765	192
146800	192
146824	192
146859	192
146882	192
146917	192
146941	192
146976	192
147011	192
147035	192
147070	192
147093	192
147128	192
147152	192
147187	192
147222	192
147269	192
147304	192
147339	193
147363	193
147398	193
147433	193
147468	193
147492	193
147527	193
147562	193
147585	193
147621	193
147656	193
147679	193
147714	193
147738	193
147773	193
147796	193
147820	193
147855	193
147878	193
147914	193
147937	193
147972	193
148007	193
148042	193
148078	193
148101	193
148136	193
148171	193
148207	193
148230	193
148265	193
148300	193
148324	193
148359	193
148394	193
148417	193
148453	193
148488	193
148511	193
148546	193
148570	193
148605	193
148640	193
148664	193
148699	193
148734	193
148769	193
148804	193
148839	193
148863	193
148898	194
148921	194
148957	194
148992	194
149015	194
149050	194
149085	194
149109	194
149144	194
149179	194
149203	194
149238	194
149273	194
149296	194
149320	194
149343	194
149378	194
149414	194
149437	194
149472	194
149507	194
149542	194
149566	194
149601	194
149636	194
149671	194
149707	194
149742	194
149765	194
149800	194
149835	194
149871	194
149906	194
149929	194
149964	194
150000	194
150023	194
150058	194
150082	194
150117	194
150140	194
150175	194
150210	194
150234	194
150269	194
150304	194
150339	194
150363	194
150398	194
150433	194
150457	195
150492	195
150515	195
150550	195
150585	195
150621	195
150656	195
150679	195
150714	195
150750	195
150773	195
150808	195
150832	195
150855	195
150890	195
150925	195
150949	195
150984	195
151019	195
151042	195
151078	195
151113	195
151136	195
151171	195
151207	195
151230	195
151265	195
151300	195
151335	195
151371	195
151406	195
151429	195
151464	195
151500	195
151523	195
151558	195
151582	195
151617	195
151652	195
151675	195
151710	195
151734	195
151769	195
151804	195
151828	195
151863	195
151898	195
151921	195
151957	195
151992	195
152015	196
152050	196
152085	196
152121	196
152156	196
152191	196
152214	196
152250	196
152273	196
152308	196
152332	196
152367	196
152402	196
152425	196
152460	196
152484	196
152519	196
152542	196
152578	196
152613	196
152636	196
152671	196
152707	196
152730	196
152765	196
152800	196
152824	196
152871	196
152906	196
152929	196
152964	196
153000	196
153023	196
153058	196
153082	196
153117	196
153152	196
153175	196
153210	196
153246	196
153269	196
153304	196
153339	196
153363	196
153398	196
153433	196
153457	196
153492	196
153527	196
153550	196
153585	197
153632	197
153667	197
153691	197
153726	197
153761	197
153785	197
153820	197
153843	197
153878	197
153914	197
153937	197
153972	197
153996	197
154031	197
154066	197
154101	197
154125	197
154160	197
154183	197
154218	197
154242	197
154277	197
154312	197
154347	197
154382	197
154417	197
154441	197
154476	197
154511	197
154535	197
154570	197
154605	197
154628	197
154664	197
154699	197
154734	197
154757	197
154792	197
154828	197
154863	197
154886	197
154921	197
154945	197
154980	197
155003	197
155039	197
155074	197
155109	197
155144	197
155167	198
155203	198
155238	198
155273	198
155296	198
155332	198
155367	198
155390	198
155425	198
155460	198
155496	198
155519	198
155554	198
155589	198
155625	198
155648	198
155683	198
155707	198
155742	198
155777	198
155800	198
155835	198
155871	198
155906	198
155941	198
155976	198
156000	198
156035	198
156082	198
156105	198
156140	198
156175	198
156199	198
156234	198
156269	198
156304	198
156339	198
156375	198
156398	198
156421	198
156457	198
156480	198
156515	198
156539	198
156574	198
156609	198
156632	198
156667	198
156703	198
156726	198
156761	199
156796	199
156832	199
156867	199
156890	199
156925	199
156960	199
156996	199
157031	199
157066	199
157101	199
157125	199
157160	199
157195	199
157218	199
157253	199
157277	199
157312	199
157347	199
157371	199
157406	199
157441	199
157464	199
157500	199
157523	199
157558	199
157593	199
157617	199
157652	199
157687	199
157722	199
157757	199
157792	199
157828	199
157851	199
157886	199
157921	199
157945	199
157980	199
158003	199
158039	199
158074	199
158097	199
158132	199
158167	199
158191	199
158226	199
158261	199
158285	199
158320	199
158355	200
158378	200
158414	200
158449	200
158484	200
158531	200
158566	200
158589	200
158625	200
158660	200
158683	200
158718	200
158742	200
158777	200
158812	200
158835	200
158859	200
158894	200
158917	200
158953	200
158988	200
159011	200
159046	200
159070	200
159105	200
timepoint: 189.00000000000003