0	0
0	0
0	0
0	0
0	0
0	0
0	0
0	0
0	0
0	0
0	0
0	0
0	0
0	0
0	0
0	0
0	0
0	0
0	0
0	0
0	0
0	0
0	0
0	0
0	0
0	0
0	0
0	0
0	0
0	0
0	0
0	0
0	0
0	0
0	0
0	0
0	0
0	0
0	0
0	0
0	0
0	0
0	0
0	0
0	0
0	0
0	0
0	0
0	0
0	0
0	1
0	1
0	1
0	1
0	1
0	1
0	1
0	1
0	1
0	1
0	1
0	1
0	1
0	1
0	1
0	1
0	1
0	1
0	1
0	1
0	1
0	1
0	1
0	1
0	1
0	1
0	1
0	1
0	1
0	1
0	1
0	1
0	1
0	1
0	1
0	1
0	1
0	1
0	1
0	1
0	1
0	1
0	1
0	1
0	1
0	1
0	1
0	1
0	1
0	1
0	2
0	2
0	2
0	2
0	2
0	2
0	2
0	2
0	2
0	2
0	2
0	2
0	2
0	2
0	2
0	2
0	2
0	2
0	2
0	2
0	2
0	2
0	2
0	2
0	2
0	2
0	2
0	2
0	2
0	2
0	2
0	2
0	2
0	2
0	2
0	2
0	2
0	2
0	2
0	2
0	2
0	2
0	2
0	2
0	2
0	2
0	2
0	2
0	2
0	2
0	3
0	3
0	3
0	3
0	3
0	3
0	3
0	3
0	3
0	3
0	3
0	3
0	3
0	3
0	3
0	3
11	3
11	3
11	3
11	3
11	3
11	3
11	3
11	3
11	3
11	3
11	3
11	3
11	3
11	3
11	3
11	3
11	3
11	3
11	3
11	3
11	3
11	3
11	3
11	3
11	3
11	3
11	3
11	3
11	3
11	3
11	3
11	3
11	3
0	3
0	4
0	4
0	4
0	4
0	4
0	4
0	4
0	4
0	4
0	4
0	4
0	4
0	4
0	4
0	4
0	4
0	4
0	4
0	4
0	4
0	4
0	4
0	4
0	4
0	4
0	4
0	4
0	4
0	4
0	4
0	4
0	4
0	4
0	4
0	4
0	4
0	4
11	4
11	4
11	4
11	4
11	4
11	4
11	4
11	4
11	4
11	4
11	4
11	4
11	4
11	5
11	5
11	5
11	5
23	5
23	5
23	5
23	5
23	5
23	5
23	5
23	5
23	5
35	5
35	5
35	5
35	5
35	5
35	5
35	5
35	5
35	5
35	5
35	5
35	5
35	5
35	5
35	5
35	5
35	5
35	5
35	5
35	5
35	5
35	5
35	5
35	5
35	5
35	5
35	5
35	5
35	5
35	5
23	5
23	5
23	5
23	5
23	5
23	5
23	5
23	6
23	6
23	6
23	6
23	6
23	6
23	6
23	6
23	6
23	6
23	6
23	6
11	6
11	6
11	6
23	6
23	6
23	6
23	6
23	6
23	6
23	6
23	6
23	6
23	6
23	6
23	6
23	6
23	6
23	6
23	6
23	6
35	6
35	6
35	6
35	6
35	6
35	6
35	6
35	6
35	6
35	6
35	6
35	6
35	6
35	6
35	6
46	6
46	6
46	6
46	7
46	7
46	7
46	7
46	7
46	7
46	7
46	7
46	7
35	7
35	7
35	7
35	7
35	7
35	7
35	7
35	7
35	7
35	7
35	7
35	7
35	7
35	7
35	7
35	7
35	7
35	7
35	7
35	7
35	7
35	7
35	7
35	7
35	7
35	7
35	7
35	7
35	7
35	7
35	7
35	7
35	7
35	7
35	7
35	7
35	7
35	7
35	7
35	7
35	7
35	8
35	8
35	8
35	8
35	8
46	8
46	8
46	8
46	8
46	8
46	8
46	8
46	8
46	8
46	8
46	8
46	8
46	8
46	8
46	8
46	8
46	8
46	8
46	8
46	8
46	8
46	8
46	8
46	8
46	8
46	8
46	8
46	8
46	8
46	8
46	8
46	8
46	8
46	8
46	8
46	8
46	8
46	8
46	8
46	8
46	8
46	8
46	8
35	8
35	8
35	9
35	9
35	9
35	9
35	9
35	9
35	9
35	9
35	9
35	9
35	9
35	9
35	9
35	9
35	9
35	9
35	9
46	9
46	9
46	9
46	9
46	9
46	9
46	9
46	9
46	9
46	9
46	9
46	9
46	9
46	9
46	9
46	9
46	9
46	9
46	9
46	9
46	9
46	9
46	9
46	9
46	9
46	9
46	9
46	9
46	9
46	9
46	9
46	9
46	9
46	10
46	10
46	10
46	10
46	10
46	10
46	10
46	10
46	10
46	10
46	10
46	10
46	10
46	10
46	10
46	10
46	10
46	10
46	10
46	10
46	10
46	10
46	10
46	10
46	10
46	10
46	10
46	10
46	10
46	10
46	10
46	10
46	10
46	10
46	10
46	10
46	10
46	10
46	10
46	10
46	10
46	10
46	10
46	10
46	10
46	10
46	10
46	10
46	10
46	10
46	11
46	11
46	11
46	11
46	11
46	11
46	11
46	11
46	11
46	11
46	11
46	11
46	11
46	11
46	11
46	11
46	11
46	11
58	11
58	11
58	11
58	11
58	11
58	11
58	11
58	11
46	11
46	11
46	11
46	11
46	11
46	11
46	11
46	11
46	11
46	11
46	11
46	11
46	11
46	11
46	11
46	11
46	11
46	11
46	11
46	11
46	11
46	11
46	11
46	11
46	12
46	12
46	12
46	12
46	12
46	12
46	12
46	12
46	12
46	12
46	12
46	12
46	12
46	12
46	12
46	12
46	12
46	12
46	12
46	12
46	12
46	12
46	12
46	12
46	12
46	12
46	12
46	12
46	12
46	12
46	12
46	12
46	12
46	12
46	12
46	12
46	12
46	12
46	12
46	12
58	12
58	12
58	12
58	12
58	12
58	12
58	12
58	12
58	12
58	12
58	13
58	13
58	13
58	13
46	13
46	13
46	13
46	13
46	13
46	13
46	13
46	13
46	13
46	13
46	13
46	13
46	13
46	13
46	13
46	13
46	13
46	13
46	13
46	13
46	13
46	13
46	13
46	13
46	13
46	13
46	13
46	13
46	13
46	13
46	13
46	13
46	13
46	13
46	13
46	13
46	13
46	13
46	13
46	13
46	13
46	13
46	13
46	13
46	13
46	13
46	14
46	14
46	14
46	14
46	14
46	14
46	14
46	14
46	14
46	14
46	14
46	14
46	14
46	14
46	14
46	14
46	14
58	14
58	14
58	14
58	14
58	14
58	14
58	14
58	14
58	14
58	14
58	14
58	14
58	14
46	14
46	14
46	14
46	14
46	14
46	14
46	14
46	14
46	14
46	14
46	14
46	14
46	14
46	14
46	14
46	14
46	14
46	14
46	14
46	14
46	15
46	15
46	15
46	15
46	15
46	15
46	15
46	15
46	15
46	15
46	15
46	15
46	15
46	15
46	15
46	15
46	15
46	15
46	15
46	15
46	15
46	15
46	15
46	15
46	15
46	15
46	15
46	15
46	15
46	15
46	15
46	15
46	15
46	15
46	15
46	15
46	15
46	15
46	15
46	15
46	15
46	15
46	15
46	15
46	15
46	15
46	15
46	15
46	15
46	15
46	16
46	16
46	16
46	16
46	16
46	16
46	16
46	16
46	16
46	16
46	16
46	16
46	16
46	16
46	16
46	16
46	16
46	16
46	16
46	16
46	16
46	16
46	16
46	16
46	16
46	16
46	16
46	16
46	16
46	16
46	16
46	16
46	16
46	16
46	16
46	16
46	16
46	16
46	16
46	16
46	16
46	16
46	16
46	16
46	16
46	16
46	16
46	16
46	16
46	16
46	17
46	17
46	17
46	17
46	17
46	17
46	17
46	17
46	17
46	17
46	17
46	17
46	17
46	17
46	17
46	17
46	17
46	17
46	17
46	17
46	17
46	17
46	17
46	17
46	17
46	17
46	17
46	17
46	17
46	17
46	17
46	17
46	17
46	17
46	17
46	17
46	17
46	17
46	17
46	17
46	17
46	17
46	17
46	17
46	17
46	17
46	17
46	17
46	17
46	17
46	18
46	18
46	18
46	18
46	18
46	18
46	18
46	18
46	18
46	18
46	18
46	18
46	18
46	18
46	18
46	18
46	18
46	18
46	18
46	18
46	18
46	18
46	18
46	18
46	18
46	18
46	18
46	18
46	18
46	18
46	18
46	18
46	18
46	18
46	18
46	18
46	18
46	18
46	18
46	18
46	18
46	18
46	18
46	18
46	18
46	18
46	18
46	18
46	18
46	18
46	19
46	19
46	19
46	19
46	19
46	19
46	19
46	19
46	19
46	19
46	19
46	19
46	19
46	19
46	19
46	19
46	19
46	19
46	19
46	19
46	19
46	19
46	19
46	19
46	19
46	19
46	19
46	19
46	19
46	19
46	19
46	19
46	19
46	19
46	19
46	19
46	19
46	19
46	19
46	19
46	19
46	19
46	19
46	19
46	19
46	19
46	19
46	19
46	19
46	19
46	20
46	20
46	20
46	20
46	20
46	20
46	20
46	20
46	20
46	20
46	20
46	20
46	20
46	20
46	20
46	20
46	20
46	20
46	20
46	20
46	20
46	20
46	20
46	20
46	20
46	20
46	20
46	20
46	20
46	20
46	20
46	20
46	20
46	20
46	20
46	20
46	20
46	20
46	20
46	20
46	20
46	20
46	20
46	20
46	20
46	20
46	20
46	20
46	20
46	20
46	21
46	21
46	21
46	21
46	21
46	21
46	21
46	21
46	21
46	21
46	21
46	21
46	21
46	21
46	21
46	21
46	21
46	21
46	21
46	21
46	21
46	21
46	21
46	21
46	21
46	21
46	21
46	21
46	21
46	21
46	21
46	21
46	21
46	21
46	21
46	21
46	21
46	21
46	21
46	21
46	21
46	21
46	21
46	21
46	21
46	21
46	21
46	21
46	21
46	21
46	22
46	22
46	22
46	22
46	22
46	22
46	22
46	22
46	22
46	22
46	22
46	22
46	22
46	22
46	22
46	22
46	22
46	22
46	22
46	22
46	22
46	22
46	22
46	22
46	22
46	22
46	22
46	22
46	22
46	22
46	22
46	22
46	22
46	22
46	22
46	22
46	22
46	22
46	22
46	22
46	22
46	22
46	22
46	22
46	22
46	22
46	22
46	22
46	22
46	22
46	23
46	23
46	23
46	23
46	23
46	23
46	23
46	23
46	23
46	23
46	23
46	23
46	23
46	23
46	23
46	23
46	23
46	23
46	23
46	23
46	23
46	23
46	23
46	23
46	23
46	23
46	23
46	23
46	23
46	23
46	23
46	23
46	23
46	23
46	23
46	23
46	23
46	23
46	23
46	23
46	23
46	23
46	23
46	23
46	23
46	23
46	23
46	23
46	23
46	23
46	24
46	24
46	24
46	24
46	24
46	24
46	24
46	24
46	24
46	24
46	24
46	24
46	24
46	24
46	24
46	24
46	24
46	24
46	24
46	24
46	24
46	24
46	24
46	24
46	24
46	24
46	24
46	24
46	24
46	24
46	24
46	24
46	24
46	24
46	24
46	24
46	24
46	24
46	24
46	24
46	24
46	24
46	24
46	24
46	24
46	24
46	24
46	24
46	24
46	24
46	25
46	25
46	25
46	25
46	25
46	25
46	25
46	25
46	25
46	25
46	25
46	25
46	25
46	25
46	25
46	25
46	25
46	25
46	25
46	25
46	25
46	25
46	25
46	25
46	25
46	25
46	25
46	25
46	25
46	25
46	25
46	25
46	25
46	25
46	25
46	25
46	25
46	25
46	25
46	25
46	25
46	25
46	25
46	25
46	25
46	25
46	25
46	25
46	25
46	25
46	26
46	26
46	26
46	26
46	26
46	26
46	26
46	26
46	26
46	26
46	26
46	26
46	26
46	26
46	26
46	26
46	26
46	26
46	26
46	26
46	26
46	26
46	26
46	26
46	26
46	26
46	26
46	26
46	26
46	26
46	26
46	26
46	26
46	26
46	26
46	26
46	26
46	26
46	26
46	26
46	26
46	26
46	26
46	26
46	26
46	26
46	26
46	26
46	26
46	26
46	27
46	27
46	27
46	27
46	27
46	27
46	27
46	27
46	27
46	27
46	27
46	27
46	27
46	27
46	27
46	27
46	27
46	27
46	27
46	27
46	27
46	27
46	27
46	27
46	27
46	27
46	27
46	27
46	27
46	27
46	27
46	27
46	27
46	27
46	27
46	27
46	27
46	27
46	27
46	27
46	27
46	27
46	27
46	27
46	27
46	27
46	27
46	27
46	27
46	27
46	28
58	28
58	28
58	28
58	28
58	28
58	28
58	28
58	28
58	28
58	28
58	28
58	28
58	28
58	28
58	28
58	28
58	28
58	28
58	28
58	28
58	28
58	28
58	28
58	28
58	28
58	28
58	28
58	28
58	28
58	28
58	28
58	28
58	28
58	28
58	28
58	28
58	28
58	28
58	28
58	28
58	28
58	28
58	28
58	28
58	28
58	28
58	28
58	28
58	28
70	29
70	29
70	29
70	29
70	29
70	29
70	29
70	29
70	29
70	29
70	29
70	29
70	29
70	29
70	29
70	29
70	29
70	29
70	29
70	29
70	29
70	29
70	29
82	29
82	29
82	29
82	29
82	29
82	29
82	29
82	29
82	29
82	29
82	29
82	29
82	29
82	29
93	29
93	29
93	29
93	29
93	29
93	29
93	29
93	29
93	29
93	29
93	29
105	29
105	29
105	30
105	30
105	30
105	30
105	30
105	30
105	30
105	30
117	30
117	30
117	30
117	30
117	30
117	30
117	30
117	30
117	30
117	30
117	30
117	30
128	30
128	30
128	30
128	30
128	30
128	30
128	30
128	30
128	30
128	30
128	30
128	30
140	30
140	30
140	30
140	30
140	30
140	30
140	30
140	30
140	30
140	30
152	30
152	30
152	30
152	30
152	30
152	30
152	30
152	30
152	31
164	31
164	31
164	31
164	31
164	31
164	31
164	31
164	31
164	31
164	31
175	31
175	31
175	31
175	31
175	31
175	31
175	31
175	31
175	31
187	31
187	31
187	31
187	31
187	31
187	31
187	31
199	31
199	31
199	31
199	31
199	31
199	31
199	31
199	31
210	31
210	31
210	31
210	31
210	31
210	31
210	31
210	31
222	31
222	31
222	31
222	31
222	31
222	31
222	31
234	32
234	32
234	32
234	32
234	32
234	32
234	32
246	32
246	32
246	32
246	32
246	32
246	32
246	32
257	32
257	32
257	32
257	32
257	32
257	32
269	32
269	32
269	32
269	32
269	32
269	32
281	32
281	32
281	32
281	32
281	32
281	32
292	32
292	32
292	32
292	32
292	32
304	32
304	32
304	32
304	32
304	32
304	32
316	32
316	32
316	32
316	32
316	32
316	32
316	32
328	33
328	33
328	33
328	33
328	33
339	33
339	33
339	33
339	33
339	33
339	33
339	33
351	33
351	33
351	33
351	33
351	33
351	33
363	33
363	33
363	33
363	33
363	33
363	33
375	33
375	33
375	33
375	33
375	33
386	33
386	33
386	33
386	33
386	33
386	33
386	33
398	33
398	33
398	33
398	33
398	33
410	33
410	33
410	33
410	33
410	33
410	33
421	33
421	33
421	33
421	34
421	34
433	34
433	34
433	34
433	34
433	34
433	34
445	34
445	34
445	34
445	34
445	34
445	34
457	34
457	34
457	34
457	34
457	34
457	34
457	34
468	34
468	34
468	34
468	34
468	34
468	34
480	34
480	34
480	34
480	34
480	34
480	34
492	34
492	34
492	34
492	34
492	34
492	34
503	34
503	34
503	34
503	34
503	34
503	34
515	34
515	34
515	34
515	34
515	34
527	35
527	35
527	35
527	35
527	35
539	35
539	35
539	35
539	35
539	35
550	35
550	35
550	35
550	35
550	35
562	35
562	35
562	35
562	35
562	35
574	35
574	35
574	35
574	35
574	35
585	35
585	35
585	35
585	35
597	35
597	35
597	35
597	35
597	35
609	35
609	35
609	35
609	35
609	35
621	35
621	35
621	35
621	35
621	35
632	35
632	35
632	35
632	35
632	35
644	35
644	36
644	36
644	36
644	36
656	36
656	36
656	36
656	36
656	36
667	36
667	36
667	36
667	36
679	36
679	36
679	36
679	36
679	36
691	36
691	36
691	36
691	36
691	36
703	36
703	36
703	36
703	36
714	36
714	36
714	36
714	36
714	36
726	36
726	36
726	36
726	36
738	36
738	36
738	36
738	36
750	36
750	36
750	36
750	36
750	36
761	36
761	36
761	36
761	36
773	36
773	37
773	37
773	37
785	37
785	37
785	37
785	37
785	37
796	37
796	37
796	37
796	37
808	37
808	37
808	37
808	37
808	37
820	37
820	37
820	37
820	37
832	37
832	37
832	37
832	37
843	37
843	37
843	37
855	37
855	37
855	37
855	37
867	37
867	37
867	37
867	37
878	37
878	37
878	37
878	37
890	37
890	37
890	37
890	37
890	37
902	37
902	37
902	37
902	37
914	37
914	38
914	38
914	38
914	38
925	38
925	38
925	38
925	38
937	38
937	38
937	38
937	38
949	38
949	38
949	38
949	38
960	38
960	38
960	38
960	38
972	38
972	38
972	38
984	38
984	38
984	38
984	38
996	38
996	38
996	38
1007	38
1007	38
1007	38
1019	38
1019	38
1019	38
1019	38
1031	38
1031	38
1031	38
1042	38
1042	38
1042	38
1054	38
1054	38
1054	38
1054	38
1066	38
1066	38
1066	38
1078	39
1078	39
1078	39
1078	39
1089	39
1089	39
1089	39
1089	39
1101	39
1101	39
1101	39
1101	39
1113	39
1113	39
1113	39
1113	39
1113	39
1125	39
1125	39
1125	39
1125	39
1125	39
1136	39
1136	39
1136	39
1136	39
1148	39
1148	39
1148	39
1148	39
1148	39
1160	39
1160	39
1160	39
1160	39
1171	39
1171	39
1171	39
1171	39
1183	39
1183	39
1183	39
1183	39
1195	39
1195	39
1195	39
1195	39
1207	39
1207	39
1207	39
1207	40
1218	40
1218	40
1218	40
1218	40
1230	40
1230	40
1230	40
1230	40
1242	40
1242	40
1242	40
1253	40
1253	40
1253	40
1253	40
1253	40
1265	40
1265	40
1265	40
1265	40
1277	40
1277	40
1277	40
1277	40
1289	40
1289	40
1289	40
1289	40
1300	40
1300	40
1300	40
1300	40
1312	40
1312	40
1312	40
1312	40
1324	40
1324	40
1324	40
1324	40
1335	40
1335	40
1335	40
1335	40
1335	40
1347	40
1347	40
1347	40
1347	40
1347	41
1359	41
1359	41
1359	41
1359	41
1371	41
1371	41
1371	41
1371	41
1371	41
1382	41
1382	41
1382	41
1382	41
1394	41
1394	41
1394	41
1394	41
1406	41
1406	41
1406	41
1406	41
1417	41
1417	41
1417	41
1417	41
1429	41
1429	41
1429	41
1429	41
1441	41
1441	41
1441	41
1441	41
1453	41
1453	41
1453	41
1464	41
1464	41
1464	41
1464	41
1476	41
1476	41
1476	41
1476	41
1488	41
1488	41
1488	41
1488	41
1500	41
1500	42
1500	42
1511	42
1511	42
1511	42
1511	42
1511	42
1523	42
1523	42
1523	42
1523	42
1535	42
1535	42
1535	42
1535	42
1535	42
1546	42
1546	42
1546	42
1546	42
1558	42
1558	42
1558	42
1558	42
1558	42
1570	42
1570	42
1570	42
1570	42
1570	42
1582	42
1582	42
1582	42
1582	42
1593	42
1593	42
1593	42
1593	42
1605	42
1605	42
1605	42
1605	42
1617	42
1617	42
1617	42
1617	42
1628	42
1628	42
1628	42
1628	42
1640	43
1640	43
1640	43
1640	43
1652	43
1652	43
1652	43
1652	43
1664	43
1664	43
1664	43
1664	43
1675	43
1675	43
1675	43
1675	43
1687	43
1687	43
1687	43
1699	43
1699	43
1699	43
1699	43
1710	43
1710	43
1710	43
1710	43
1722	43
1722	43
1722	43
1722	43
1734	43
1734	43
1734	43
1734	43
1746	43
1746	43
1746	43
1757	43
1757	43
1757	43
1757	43
1769	43
1769	43
1769	43
1769	43
1781	43
1781	43
1781	43
1792	43
1792	44
1792	44
1792	44
1804	44
1804	44
1804	44
1804	44
1816	44
1816	44
1816	44
1828	44
1828	44
1828	44
1828	44
1839	44
1839	44
1839	44
1839	44
1851	44
1851	44
1851	44
1863	44
1863	44
1863	44
1863	44
1875	44
1875	44
1875	44
1875	44
1886	44
1886	44
1886	44
1886	44
1898	44
1898	44
1898	44
1898	44
1910	44
1910	44
1910	44
1910	44
1921	44
1921	44
1921	44
1921	44
1933	44
1933	44
1933	44
1945	44
1945	44
1945	45
1945	45
1957	45
1957	45
1957	45
1957	45
1968	45
1968	45
1968	45
1968	45
1980	45
1980	45
1980	45
1980	45
1980	45
1992	45
1992	45
1992	45
1992	45
2003	45
2003	45
2003	45
2003	45
2003	45
2015	45
2015	45
2015	45
2015	45
2027	45
2027	45
2027	45
2027	45
2039	45
2039	45
2039	45
2039	45
2050	45
2050	45
2050	45
2050	45
2062	45
2062	45
2062	45
2074	45
2074	45
2074	45
2074	45
2085	45
2085	45
2085	45
2085	46
2097	46
2097	46
2097	46
2109	46
2109	46
2109	46
2109	46
2121	46
2121	46
2121	46
2132	46
2132	46
2132	46
2132	46
2144	46
2144	46
2144	46
2144	46
2156	46
2156	46
2156	46
2167	46
2167	46
2167	46
2167	46
2179	46
2179	46
2179	46
2191	46
2191	46
2191	46
2191	46
2203	46
2203	46
2203	46
2203	46
2214	46
2214	46
2214	46
2214	46
2226	46
2226	46
2226	46
2238	46
2238	46
2238	46
2238	46
2250	46
2250	46
2250	47
2250	47
2261	47
2261	47
2261	47
2273	47
2273	47
2273	47
2273	47
2285	47
2285	47
2285	47
2296	47
2296	47
2296	47
2296	47
2308	47
2308	47
2308	47
2320	47
2320	47
2320	47
2332	47
2332	47
2332	47
2343	47
2343	47
2343	47
2355	47
2355	47
2355	47
2367	47
2367	47
2367	47
2378	47
2378	47
2378	47
2390	47
2390	47
2390	47
2390	47
2402	47
2402	47
2402	47
2414	47
2414	47
2414	47
2414	47
2425	47
2425	47
2425	48
2437	48
2437	48
2437	48
2437	48
2449	48
2449	48
2449	48
2460	48
2460	48
2460	48
2472	48
2472	48
2472	48
2484	48
2484	48
2484	48
2496	48
2496	48
2507	48
2507	48
2507	48
2519	48
2519	48
2519	48
2531	48
2531	48
2542	48
2542	48
2542	48
2554	48
2554	48
2566	48
2566	48
2566	48
2578	48
2578	48
2578	48
2589	48
2589	48
2601	48
2601	48
2601	48
2613	48
2613	48
2613	48
2625	48
2625	48
2625	48
2636	48
2636	49
2636	49
2648	49
2648	49
2648	49
2660	49
2660	49
2660	49
2671	49
2671	49
2671	49
2683	49
2683	49
2683	49
2695	49
2695	49
2707	49
2707	49
2707	49
2718	49
2718	49
2718	49
2730	49
2730	49
2730	49
2742	49
2742	49
2742	49
2753	49
2753	49
2753	49
2765	49
2765	49
2765	49
2777	49
2777	49
2777	49
2789	49
2789	49
2789	49
2800	49
2800	49
2800	49
2812	49
2812	49
2812	49
2824	49
2824	49
2835	49
2835	49
2835	50
2847	50
2847	50
2847	50
2859	50
2859	50
2859	50
2871	50
2871	50
2871	50
2882	50
2882	50
2882	50
2894	50
2894	50
2894	50
2906	50
2906	50
2906	50
2917	50
2917	50
2917	50
2929	50
2929	50
2929	50
2941	50
2941	50
2953	50
2953	50
2953	50
2964	50
2964	50
2964	50
2976	50
2976	50
2988	50
2988	50
2988	50
3000	50
3000	50
3011	50
3011	50
3023	50
3023	50
3023	50
3035	50
3035	50
3035	50
3046	50
3046	50
3046	51
3058	51
3058	51
3058	51
3070	51
3070	51
3082	51
3082	51
3082	51
3093	51
3093	51
3093	51
3105	51
3105	51
3105	51
3117	51
3117	51
3128	51
3128	51
3128	51
3140	51
3140	51
3140	51
3152	51
3152	51
3164	51
3164	51
3164	51
3175	51
3175	51
3175	51
3187	51
3187	51
3199	51
3199	51
3199	51
3210	51
3210	51
3222	51
3222	51
3234	51
3234	51
3246	51
3246	51
3257	51
3257	51
3269	51
3269	51
3281	51
3292	51
3292	52
3304	52
3304	52
3316	52
3316	52
3328	52
3328	52
3339	52
3339	52
3351	52
3351	52
3363	52
3363	52
3363	52
3375	52
3375	52
3386	52
3386	52
3386	52
3398	52
3398	52
3410	52
3410	52
3410	52
3421	52
3421	52
3433	52
3433	52
3445	52
3445	52
3457	52
3457	52
3468	52
3468	52
3480	52
3480	52
3492	52
3492	52
3503	52
3503	52
3515	52
3515	52
3515	52
3527	52
3527	52
3539	52
3539	52
3539	52
3550	52
3550	52
3562	53
3562	53
3574	53
3574	53
3585	53
3585	53
3585	53
3597	53
3597	53
3609	53
3609	53
3621	53
3621	53
3621	53
3632	53
3632	53
3644	53
3644	53
3656	53
3656	53
3667	53
3667	53
3667	53
3679	53
3679	53
3691	53
3691	53
3703	53
3703	53
3714	53
3714	53
3714	53
3726	53
3726	53
3738	53
3738	53
3750	53
3750	53
3761	53
3761	53
3773	53
3773	53
3785	53
3785	53
3796	53
3796	53
3796	53
3808	53
3808	53
3820	53
3820	54
3820	54
3832	54
3832	54
3832	54
3843	54
3843	54
3855	54
3855	54
3855	54
3867	54
3867	54
3878	54
3878	54
3878	54
3890	54
3890	54
3902	54
3902	54
3914	54
3914	54
3925	54
3925	54
3937	54
3937	54
3949	54
3949	54
3949	54
3960	54
3960	54
3972	54
3972	54
3984	54
3984	54
3996	54
3996	54
4007	54
4007	54
4019	54
4031	54
4031	54
4042	54
4042	54
4054	54
4054	54
4066	54
4066	54
4078	54
4078	54
4089	54
4089	55
4101	55
4101	55
4113	55
4113	55
4125	55
4125	55
4136	55
4136	55
4148	55
4148	55
4160	55
4160	55
4171	55
4171	55
4183	55
4183	55
4195	55
4207	55
4207	55
4218	55
4218	55
4230	55
4230	55
4242	55
4242	55
4253	55
4253	55
4265	55
4265	55
4277	55
4277	55
4289	55
4289	55
4300	55
4300	55
4312	55
4312	55
4324	55
4324	55
4335	55
4335	55
4347	55
4347	55
4359	55
4359	55
4371	55
4371	55
4382	55
4382	55
4394	56
4394	56
4406	56
4406	56
4417	56
4417	56
4429	56
4429	56
4441	56
4441	56
4453	56
4453	56
4464	56
4464	56
4476	56
4488	56
4488	56
4500	56
4500	56
4511	56
4511	56
4523	56
4523	56
4535	56
4535	56
4546	56
4546	56
4558	56
4558	56
4570	56
4570	56
4582	56
4582	56
4593	56
4593	56
4605	56
4605	56
4617	56
4617	56
4628	56
4628	56
4640	56
4640	56
4652	56
4652	56
4664	56
4664	56
4675	56
4687	56
4687	56
4699	57
4699	57
4710	57
4710	57
4722	57
4722	57
4734	57
4734	57
4746	57
4757	57
4757	57
4769	57
4769	57
4781	57
4781	57
4792	57
4804	57
4804	57
4816	57
4816	57
4828	57
4828	57
4839	57
4851	57
4851	57
4863	57
4863	57
4875	57
4875	57
4886	57
4886	57
4898	57
4898	57
4910	57
4921	57
4921	57
4933	57
4933	57
4945	57
4945	57
4957	57
4957	57
4968	57
4968	57
4980	57
4992	57
4992	57
5003	57
5003	57
5015	57
5015	58
5027	58
5027	58
5039	58
5039	58
5050	58
5062	58
5062	58
5074	58
5074	58
5085	58
5097	58
5097	58
5109	58
5109	58
5121	58
5121	58
5132	58
5132	58
5144	58
5156	58
5156	58
5167	58
5167	58
5179	58
5179	58
5191	58
5191	58
5203	58
5214	58
5214	58
5226	58
5226	58
5238	58
5238	58
5250	58
5261	58
5261	58
5273	58
5273	58
5285	58
5285	58
5296	58
5296	58
5308	58
5308	58
5320	58
5320	58
5332	58
5332	58
5343	59
5343	59
5355	59
5355	59
5367	59
5367	59
5378	59
5378	59
5390	59
5390	59
5402	59
5402	59
5414	59
5425	59
5425	59
5437	59
5449	59
5449	59
5460	59
5460	59
5472	59
5472	59
5484	59
5496	59
5496	59
5507	59
5519	59
5519	59
5531	59
5542	59
5542	59
5554	59
5566	59
5566	59
5578	59
5589	59
5589	59
5601	59
5601	59
5613	59
5625	59
5625	59
5636	59
5636	59
5648	59
5660	59
5660	59
5671	59
5671	59
5683	59
5695	60
5707	60
5707	60
5718	60
5730	60
5730	60
5742	60
5753	60
5753	60
5765	60
5777	60
5777	60
5789	60
5789	60
5800	60
5800	60
5812	60
5824	60
5824	60
5835	60
5847	60
5847	60
5859	60
5871	60
5871	60
5882	60
5894	60
5894	60
5906	60
5917	60
5917	60
5929	60
5941	60
5953	60
5953	60
5964	60
5976	60
5976	60
5988	60
5988	60
6000	60
6011	60
6011	60
6023	60
6035	60
6035	60
6046	60
6046	60
6058	60
6070	60
6070	61
6082	61
6082	61
6093	61
6105	61
6105	61
6117	61
6117	61
6128	61
6140	61
6140	61
6152	61
6152	61
6164	61
6175	61
6175	61
6187	61
6199	61
6199	61
6210	61
6222	61
6222	61
6234	61
6246	61
6246	61
6257	61
6257	61
6269	61
6281	61
6281	61
6292	61
6304	61
6304	61
6316	61
6328	61
6328	61
6339	61
6351	61
6351	61
6363	61
6375	61
6375	61
6386	61
6398	61
6398	61
6410	61
6421	61
6421	61
6433	61
6433	61
6445	62
6457	62
6457	62
6468	62
6480	62
6480	62
6492	62
6503	62
6503	62
6515	62
6527	62
6527	62
6539	62
6550	62
6550	62
6562	62
6574	62
6574	62
6585	62
6597	62
6597	62
6609	62
6621	62
6621	62
6632	62
6644	62
6644	62
6656	62
6667	62
6679	62
6679	62
6691	62
6703	62
6703	62
6714	62
6726	62
6726	62
6738	62
6750	62
6750	62
6761	62
6773	62
6773	62
6785	62
6796	62
6796	62
6808	62
6820	62
6820	62
6832	62
6832	63
6843	63
6855	63
6855	63
6867	63
6867	63
6878	63
6890	63
6890	63
6902	63
6902	63
6914	63
6925	63
6937	63
6937	63
6949	63
6960	63
6960	63
6972	63
6984	63
6984	63
6996	63
7007	63
7007	63
7019	63
7031	63
7031	63
7042	63
7054	63
7054	63
7066	63
7078	63
7078	63
7089	63
7101	63
7113	63
7113	63
7125	63
7136	63
7136	63
7148	63
7160	63
7171	63
7171	63
7183	63
7195	63
7195	63
7207	63
7218	63
7218	63
7230	64
7242	64
7242	64
7253	64
7265	64
7265	64
7277	64
7289	64
7289	64
7300	64
7312	64
7324	64
7324	64
7335	64
7347	64
7347	64
7359	64
7371	64
7382	64
7382	64
7394	64
7406	64
7417	64
7429	64
7429	64
7441	64
7453	64
7464	64
7464	64
7476	64
7488	64
7488	64
7500	64
7511	64
7523	64
7523	64
7535	64
7546	64
7546	64
7558	64
7570	64
7570	64
7582	64
7593	64
7593	64
7605	64
7617	64
7617	64
7628	64
7640	64
7640	65
7652	65
7664	65
7675	65
7675	65
7687	65
7699	65
7710	65
7710	65
7722	65
7734	65
7746	65
7746	65
7757	65
7769	65
7769	65
7781	65
7792	65
7792	65
7804	65
7816	65
7828	65
7828	65
7839	65
7851	65
7863	65
7863	65
7875	65
7886	65
7898	65
7898	65
7910	65
7921	65
7921	65
7933	65
7945	65
7945	65
7957	65
7968	65
7980	65
7980	65
7992	65
8003	65
8015	65
8015	65
8027	65
8039	65
8039	65
8050	65
8062	65
8074	66
8074	66
8085	66
8097	66
8109	66
8121	66
8121	66
8132	66
8144	66
8156	66
8167	66
8179	66
8191	66
8191	66
8203	66
8214	66
8226	66
8238	66
8238	66
8250	66
8261	66
8273	66
8273	66
8285	66
8296	66
8308	66
8308	66
8320	66
8332	66
8343	66
8343	66
8355	66
8367	66
8367	66
8378	66
8390	66
8402	66
8402	66
8414	66
8425	66
8437	66
8449	66
8449	66
8460	66
8472	66
8484	66
8484	66
8496	66
8507	66
8519	66
8519	67
8531	67
8542	67
8554	67
8554	67
8566	67
8578	67
8589	67
8589	67
8601	67
8613	67
8625	67
8636	67
8636	67
8648	67
8660	67
8671	67
8671	67
8683	67
8695	67
8707	67
8707	67
8718	67
8730	67
8742	67
8742	67
8753	67
8765	67
8777	67
8789	67
8789	67
8800	67
8812	67
8824	67
8824	67
8835	67
8847	67
8859	67
8871	67
8882	67
8894	67
8906	67
8917	67
8929	67
8941	67
8941	67
8953	67
8964	67
8976	67
8988	67
9000	68
9000	68
9011	68
9023	68
9035	68
9046	68
9058	68
9058	68
9070	68
9082	68
9093	68
9093	68
9105	68
9117	68
9128	68
9128	68
9140	68
9152	68
9164	68
9175	68
9187	68
9187	68
9199	68
9210	68
9222	68
9234	68
9234	68
9246	68
9257	68
9269	68
9281	68
9281	68
9292	68
9304	68
9316	68
9328	68
9328	68
9339	68
9351	68
9363	68
9375	68
9386	68
9386	68
9398	68
9410	68
9421	68
9433	68
9433	68
9445	68
9457	68
9468	69
9480	69
9492	69
9503	69
9503	69
9515	69
9527	69
9539	69
9550	69
9550	69
9562	69
9574	69
9585	69
9597	69
9609	69
9621	69
9632	69
9644	69
9656	69
9667	69
9679	69
9691	69
9703	69
9703	69
9714	69
9726	69
9738	69
9750	69
9761	69
9773	69
9773	69
9785	69
9796	69
9808	69
9820	69
9832	69
9832	69
9843	69
9855	69
9867	69
9867	69
9878	69
9890	69
9902	69
9914	69
9925	69
9925	69
9937	69
9949	69
9960	69
9972	70
9984	70
9984	70
9996	70
10007	70
10019	70
10031	70
10042	70
10042	70
10054	70
10066	70
10078	70
10089	70
10089	70
10101	70
10113	70
10125	70
10136	70
10148	70
10160	70
10171	70
10171	70
10183	70
10195	70
10207	70
10207	70
10218	70
10230	70
10242	70
10253	70
10265	70
10265	70
10277	70
10289	70
10300	70
10312	70
10324	70
10335	70
10347	70
10347	70
10359	70
10371	70
10382	70
10394	70
10406	70
10417	70
10429	70
10441	70
10453	70
10464	70
10476	71
10488	71
10500	71
10511	71
10511	71
10523	71
10535	71
10546	71
10558	71
10570	71
10582	71
10593	71
10605	71
10605	71
10617	71
10628	71
10640	71
10652	71
10664	71
10675	71
10675	71
10687	71
10699	71
10710	71
10722	71
10734	71
10746	71
10757	71
10769	71
10769	71
10781	71
10792	71
10804	71
10816	71
10828	71
10839	71
10851	71
10863	71
10863	71
10875	71
10886	71
10898	71
10910	71
10921	71
10933	71
10933	71
10945	71
10957	71
10968	71
10980	71
10992	72
10992	72
11003	72
11015	72
11027	72
11039	72
11050	72
11062	72
11074	72
11074	72
11085	72
11097	72
11109	72
11121	72
11132	72
11144	72
11156	72
11167	72
11179	72
11191	72
11203	72
11214	72
11226	72
11238	72
11250	72
11250	72
11261	72
11273	72
11285	72
11296	72
11308	72
11320	72
11332	72
11343	72
11355	72
11355	72
11367	72
11378	72
11390	72
11402	72
11414	72
11425	72
11437	72
11437	72
11449	72
11460	72
11472	72
11484	72
11496	72
11507	72
11519	73
11531	73
11542	73
11554	73
11566	73
11578	73
11589	73
11601	73
11601	73
11613	73
11625	73
11636	73
11648	73
11660	73
11671	73
11683	73
11683	73
11695	73
11707	73
11718	73
11730	73
11742	73
11753	73
11765	73
11765	73
11777	73
11789	73
11800	73
11812	73
11824	73
11835	73
11847	73
11859	73
11871	73
11882	73
11894	73
11906	73
11917	73
11929	73
11941	73
11953	73
11964	73
11976	73
11988	73
11988	73
12000	73
12011	73
12023	73
12035	73
12046	73
12058	74
12070	74
12082	74
12093	74
12105	74
12117	74
12128	74
12140	74
12152	74
12164	74
12175	74
12187	74
12199	74
12210	74
12222	74
12222	74
12234	74
12246	74
12269	74
12281	74
12292	74
12304	74
12316	74
12316	74
12328	74
12339	74
12351	74
12363	74
12375	74
12386	74
12398	74
12410	74
12421	74
12433	74
12433	74
12445	74
12457	74
12468	74
12468	74
12480	74
12492	74
12503	74
12515	74
12527	74
12539	74
12539	74
12550	74
12562	74
12574	74
12585	74
12597	75
12609	75
12621	75
12632	75
12644	75
12656	75
12656	75
12667	75
12679	75
12691	75
12703	75
12714	75
12726	75
12738	75
12750	75
12761	75
12773	75
12785	75
12796	75
12808	75
12820	75
12832	75
12843	75
12855	75
12867	75
12878	75
12890	75
12902	75
12914	75
12914	75
12925	75
12937	75
12949	75
12960	75
12972	75
12984	75
13007	75
13019	75
13031	75
13042	75
13054	75
13066	75
13078	75
13089	75
13101	75
13113	75
13125	75
13136	75
13148	75
13160	75
13171	76
13183	76
13195	76
13207	76
13218	76
13230	76
13242	76
13253	76
13253	76
13265	76
13277	76
13289	76
13300	76
13312	76
13324	76
13335	76
13347	76
13359	76
13371	76
13382	76
13394	76
13406	76
13417	76
13429	76
13441	76
13441	76
13453	76
13464	76
13476	76
13488	76
13500	76
13511	76
13523	76
13535	76
13546	76
13558	76
13570	76
13582	76
13593	76
13605	76
13617	76
13628	76
13640	76
13652	76
13664	76
13675	76
13687	76
13699	76
13710	76
13722	76
13734	77
13746	77
13757	77
13769	77
13781	77
13804	77
13816	77
13828	77
13839	77
13851	77
13863	77
13875	77
13886	77
13898	77
13910	77
13921	77
13933	77
13945	77
13957	77
13968	77
13980	77
13992	77
14003	77
14015	77
14027	77
14039	77
14050	77
14062	77
14074	77
14085	77
14097	77
14109	77
14121	77
14121	77
14132	77
14144	77
14156	77
14167	77
14179	77
14191	77
14203	77
14214	77
14226	77
14238	77
14250	77
14261	77
14285	77
14285	77
14296	77
14308	77
14320	78
14343	78
14355	78
14367	78
14378	78
14390	78
14402	78
14414	78
14425	78
14437	78
14449	78
14460	78
14472	78
14484	78
14496	78
14519	78
14531	78
14542	78
14554	78
14578	78
14589	78
14601	78
14613	78
14625	78
14636	78
14648	78
14660	78
14671	78
14683	78
14695	78
14707	78
14718	78
14730	78
14742	78
14753	78
14765	78
14777	78
14789	78
14800	78
14812	78
14824	78
14835	78
14847	78
14859	78
14871	78
14882	78
14894	78
14906	78
14917	78
14929	78
14941	79
14941	79
14953	79
14964	79
14976	79
15000	79
15011	79
15023	79
15035	79
15046	79
15058	79
15058	79
15070	79
15082	79
15093	79
15105	79
15117	79
15128	79
15140	79
15152	79
15164	79
15175	79
15187	79
15199	79
15210	79
15234	79
15246	79
15257	79
15281	79
15292	79
15304	79
15316	79
15339	79
15351	79
15363	79
15375	79
15386	79
15398	79
15410	79
15421	79
15433	79
15445	79
15468	79
15480	79
15492	79
15503	79
15515	79
15527	79
15539	79
15550	79
15562	80
15574	80
15585	80
15597	80
15609	80
15621	80
15632	80
15644	80
15656	80
15667	80
15679	80
15691	80
15703	80
15726	80
15738	80
15750	80
15761	80
15773	80
15785	80
15796	80
15808	80
15820	80
15832	80
15832	80
15843	80
15855	80
15867	80
15878	80
15890	80
15902	80
15914	80
15925	80
15937	80
15949	80
15960	80
15972	80
15996	80
16007	80
16019	80
16031	80
16042	80
16054	80
16078	80
16089	80
16101	80
16113	80
16125	80
16136	80
16148	80
16160	80
16171	81
16183	81
16195	81
16218	81
16230	81
16242	81
16253	81
16265	81
16277	81
16289	81
16300	81
16312	81
16324	81
16335	81
16359	81
16371	81
16382	81
16394	81
16406	81
16417	81
16429	81
16441	81
16453	81
16464	81
16488	81
16500	81
16511	81
16523	81
16535	81
16546	81
16558	81
16570	81
16582	81
16593	81
16605	81
16617	81
16628	81
16640	81
16652	81
16664	81
16675	81
16687	81
16710	81
16722	81
16734	81
16746	81
16757	81
16769	81
16792	81
16804	81
16816	82
16828	82
16839	82
16851	82
16863	82
16886	82
16898	82
16910	82
16921	82
16933	82
16945	82
16957	82
16968	82
16980	82
16992	82
17003	82
17015	82
17027	82
17050	82
17062	82
17074	82
17085	82
17097	82
17109	82
17121	82
17132	82
17144	82
17156	82
17179	82
17191	82
17203	82
17214	82
17226	82
17238	82
17250	82
17261	82
17273	82
17285	82
17296	82
17308	82
17320	82
17332	82
17343	82
17355	82
17367	82
17378	82
17390	82
17402	82
17414	82
17425	82
17437	83
17449	83
17472	83
17484	83
17496	83
17507	83
17519	83
17531	83
17554	83
17566	83
17578	83
17589	83
17601	83
17625	83
17636	83
17648	83
17660	83
17671	83
17683	83
17707	83
17718	83
17730	83
17753	83
17765	83
17777	83
17789	83
17800	83
17812	83
17824	83
17835	83
17859	83
17871	83
17882	83
17894	83
17917	83
17929	83
17941	83
17953	83
17964	83
17988	83
18000	83
18011	83
18023	83
18035	83
18046	83
18058	83
18070	83
18082	83
18093	83
18105	83
18128	84
18140	84
18152	84
18164	84
18175	84
18187	84
18199	84
18210	84
18222	84
18246	84
18257	84
18269	84
18281	84
18292	84
18304	84
18328	84
18339	84
18351	84
18363	84
18375	84
18386	84
18410	84
18421	84
18433	84
18445	84
18457	84
18468	84
18480	84
18492	84
18515	84
18527	84
18539	84
18550	84
18562	84
18574	84
18585	84
18609	84
18621	84
18632	84
18644	84
18656	84
18679	84
18691	84
18703	84
18714	84
18726	84
18738	84
18761	84
18773	84
18785	84
18796	85
18808	85
18820	85
18832	85
18843	85
18855	85
18867	85
18878	85
18890	85
18914	85
18925	85
18937	85
18949	85
18960	85
18972	85
18984	85
19007	85
19019	85
19031	85
19042	85
19054	85
19066	85
19078	85
19101	85
19113	85
19125	85
19136	85
19148	85
19160	85
19183	85
19195	85
19207	85
19218	85
19230	85
19242	85
19253	85
19277	85
19289	85
19300	85
19312	85
19324	85
19335	85
19347	85
19371	85
19382	85
19394	85
19417	85
19429	85
19441	85
19453	85
19476	86
19488	86
19500	86
19511	86
19523	86
19535	86
19558	86
19570	86
19582	86
19593	86
19605	86
19617	86
19628	86
19640	86
19652	86
19664	86
19687	86
19699	86
19710	86
19722	86
19734	86
19746	86
19757	86
19769	86
19792	86
19804	86
19816	86
19828	86
19839	86
19851	86
19875	86
19886	86
19898	86
19910	86
19921	86
19933	86
19945	86
19957	86
19980	86
19992	86
20003	86
20015	86
20027	86
20039	86
20050	86
20062	86
20085	86
20097	86
20109	86
20121	86
20144	87
20156	87
20167	87
20191	87
20203	87
20214	87
20226	87
20250	87
20261	87
20273	87
20285	87
20296	87
20308	87
20320	87
20332	87
20355	87
20367	87
20378	87
20390	87
20402	87
20414	87
20425	87
20437	87
20460	87
20472	87
20484	87
20496	87
20507	87
20519	87
20531	87
20542	87
20566	87
20578	87
20589	87
20601	87
20613	87
20625	87
20648	87
20660	87
20671	87
20683	87
20695	87
20707	87
20730	87
20742	87
20753	87
20765	87
20777	87
20789	87
20800	87
20824	88
20835	88
20847	88
20859	88
20882	88
20894	88
20906	88
20929	88
20941	88
20953	88
20976	88
20988	88
21000	88
21011	88
21023	88
21046	88
21058	88
21070	88
21082	88
21093	88
21105	88
21117	88
21128	88
21152	88
21164	88
21175	88
21187	88
21199	88
21222	88
21234	88
21246	88
21257	88
21269	88
21281	88
21292	88
21316	88
21328	88
21339	88
21351	88
21363	88
21386	88
21398	88
21410	88
21421	88
21433	88
21457	88
21468	88
21480	88
21492	88
21503	88
21527	89
21539	89
21550	89
21562	89
21574	89
21597	89
21609	89
21621	89
21644	89
21656	89
21667	89
21691	89
21703	89
21714	89
21726	89
21750	89
21761	89
21773	89
21785	89
21796	89
21820	89
21832	89
21843	89
21855	89
21867	89
21878	89
21890	89
21902	89
21925	89
21937	89
21949	89
21960	89
21972	89
21996	89
22007	89
22019	89
22031	89
22042	89
22054	89
22066	89
22089	89
22101	89
22113	89
22125	89
22148	89
22160	89
22171	89
22183	89
22195	89
22207	89
22218	90
22230	90
22253	90
22265	90
22277	90
22289	90
22300	90
22312	90
22335	90
22347	90
22359	90
22382	90
22394	90
22406	90
22429	90
22441	90
22453	90
22464	90
22488	90
22500	90
22511	90
22523	90
22535	90
22558	90
22570	90
22582	90
22593	90
22617	90
22628	90
22640	90
22652	90
22664	90
22687	90
22699	90
22710	90
22722	90
22746	90
22757	90
22769	90
22781	90
22804	90
22816	90
22828	90
22839	90
22863	90
22875	90
22886	90
22898	90
22910	90
22933	90
22945	91
22957	91
22968	91
22980	91
22992	91
23003	91
23027	91
23039	91
23050	91
23062	91
23074	91
23097	91
23109	91
23121	91
23132	91
23156	91
23167	91
23179	91
23203	91
23214	91
23226	91
23238	91
23261	91
23273	91
23285	91
23296	91
23308	91
23332	91
23343	91
23355	91
23367	91
23378	91
23402	91
23414	91
23425	91
23437	91
23449	91
23472	91
23484	91
23496	91
23519	91
23531	91
23542	91
23554	91
23578	91
23589	91
23601	91
23613	91
23636	91
23648	91
23660	92
23671	92
23683	92
23707	92
23718	92
23730	92
23742	92
23753	92
23765	92
23789	92
23800	92
23812	92
23824	92
23847	92
23859	92
23871	92
23894	92
23906	92
23917	92
23941	92
23953	92
23964	92
23988	92
24000	92
24011	92
24023	92
24035	92
24058	92
24070	92
24082	92
24105	92
24117	92
24140	92
24152	92
24164	92
24175	92
24187	92
24199	92
24222	92
24234	92
24246	92
24269	92
24281	92
24292	92
24316	92
24328	92
24339	92
24351	92
24375	92
24386	92
24398	93
24410	93
24421	93
24445	93
24457	93
24468	93
24480	93
24492	93
24503	93
24515	93
24527	93
24539	93
24562	93
24574	93
24585	93
24597	93
24609	93
24632	93
24644	93
24656	93
24667	93
24679	93
24703	93
24714	93
24726	93
24738	93
24761	93
24773	93
24785	93
24796	93
24820	93
24832	93
24843	93
24867	93
24878	93
24890	93
24902	93
24925	93
24937	93
24949	93
24960	93
24984	93
24996	93
25019	93
25031	93
25054	93
25066	93
25078	93
25101	93
25113	93
25125	94
25136	94
25160	94
25171	94
25183	94
25195	94
25218	94
25230	94
25242	94
25253	94
25277	94
25289	94
25300	94
25312	94
25335	94
25347	94
25359	94
25371	94
25382	94
25406	94
25417	94
25429	94
25441	94
25464	94
25476	94
25488	94
25500	94
25523	94
25535	94
25546	94
25558	94
25570	94
25593	94
25605	94
25617	94
25628	94
25652	94
25664	94
25675	94
25687	94
25710	94
25722	94
25734	94
25757	94
25769	94
25792	94
25816	94
25828	94
25839	94
25863	94
25875	95
25886	95
25898	95
25921	95
25933	95
25945	95
25968	95
25980	95
25992	95
26003	95
26027	95
26039	95
26050	95
26062	95
26085	95
26097	95
26109	95
26121	95
26144	95
26156	95
26167	95
26179	95
26203	95
26214	95
26226	95
26238	95
26261	95
26273	95
26285	95
26308	95
26320	95
26332	95
26343	95
26367	95
26378	95
26390	95
26414	95
26425	95
26437	95
26449	95
26472	95
26484	95
26507	95
26519	95
26542	95
26566	95
26578	95
26589	95
26613	95
26625	95
26636	96
26648	96
26671	96
26683	96
26695	96
26718	96
26730	96
26742	96
26753	96
26777	96
26789	96
26800	96
26824	96
26835	96
26847	96
26859	96
26871	96
26894	96
26906	96
26917	96
26929	96
26941	96
26964	96
26976	96
26988	96
27011	96
27023	96
27035	96
27046	96
27058	96
27082	96
27093	96
27105	96
27117	96
27140	96
27152	96
27164	96
27175	96
27199	96
27210	96
27222	96
27246	96
27257	96
27281	96
27304	96
27316	96
27339	96
27351	96
27363	96
27386	96
27398	97
27410	97
27433	97
27445	97
27468	97
27480	97
27503	97
27515	97
27527	97
27539	97
27562	97
27574	97
27585	97
27609	97
27621	97
27632	97
27644	97
27667	97
27679	97
27691	97
27703	97
27726	97
27738	97
27750	97
27773	97
27785	97
27796	97
27808	97
27820	97
27832	97
27843	97
27867	97
27878	97
27890	97
27902	97
27925	97
27937	97
27949	97
27972	97
27984	97
27996	97
28019	97
28031	97
28054	97
28066	97
28078	97
28101	97
28113	97
28125	97
28148	97
28160	98
28171	98
28195	98
28207	98
28230	98
28242	98
28253	98
28265	98
28289	98
28300	98
28312	98
28335	98
28347	98
28359	98
28382	98
28394	98
28406	98
28429	98
28441	98
28453	98
28476	98
28488	98
28500	98
28523	98
28535	98
28546	98
28570	98
28582	98
28593	98
28605	98
28628	98
28640	98
28652	98
28664	98
28687	98
28699	98
28710	98
28734	98
28746	98
28769	98
28781	98
28804	98
28816	98
28828	98
28851	98
28863	98
28875	98
28898	98
28910	98
28921	98
28945	99
28957	99
28968	99
28992	99
29003	99
29015	99
29039	99
29050	99
29062	99
29085	99
29097	99
29109	99
29121	99
29144	99
29156	99
29167	99
29191	99
29203	99
29214	99
29238	99
29250	99
29261	99
29285	99
29296	99
29308	99
29320	99
29332	99
29343	99
29367	99
29378	99
29390	99
29402	99
29425	99
29437	99
29449	99
29472	99
29484	99
29496	99
29519	99
29531	99
29554	99
29566	99
29589	99
29601	99
29613	99
29636	99
29648	99
29660	99
29683	99
29695	99
29718	100
29742	100
29753	100
29765	100
29789	100
29800	100
29812	100
29835	100
29847	100
29871	100
29882	100
29906	100
29917	100
29941	100
29953	100
29976	100
29988	100
30000	100
30023	100
30035	100
30046	100
30070	100
30082	100
30093	100
30105	100
30128	100
30140	100
30152	100
30175	100
30187	100
30199	100
30222	100
30234	100
30246	100
30269	100
30281	100
30304	100
30316	100
30339	100
30351	100
30363	100
30386	100
30398	100
30410	100
30433	100
30445	100
30457	100
30480	100
30492	100
30503	100
30527	101
30539	101
30550	101
30574	101
30585	101
30609	101
30621	101
30644	101
30656	101
30667	101
30691	101
30703	101
30726	101
30738	101
30750	101
30773	101
30785	101
30796	101
30820	101
30832	101
30843	101
30855	101
30867	101
30890	101
30902	101
30914	101
30937	101
30949	101
30972	101
30984	101
30996	101
31019	101
31031	101
31042	101
31066	101
31078	101
31089	101
31113	101
31125	101
31148	101
31160	101
31171	101
31195	101
31207	101
31218	101
31242	101
31253	101
31277	101
31289	101
31300	101
31324	102
31335	102
31347	102
31371	102
31394	102
31406	102
31429	102
31441	102
31464	102
31476	102
31488	102
31511	102
31523	102
31546	102
31558	102
31570	102
31582	102
31605	102
31617	102
31628	102
31652	102
31664	102
31675	102
31699	102
31710	102
31734	102
31746	102
31757	102
31781	102
31792	102
31804	102
31828	102
31839	102
31851	102
31875	102
31886	102
31910	102
31921	102
31933	102
31957	102
31968	102
31980	102
32003	102
32015	102
32027	102
32050	102
32062	102
32085	102
32097	102
32121	102
32132	103
32156	103
32167	103
32191	103
32203	103
32226	103
32238	103
32261	103
32273	103
32296	103
32308	103
32320	103
32343	103
32355	103
32367	103
32378	103
32402	103
32414	103
32437	103
32449	103
32472	103
32484	103
32496	103
32519	103
32531	103
32542	103
32566	103
32578	103
32589	103
32613	103
32625	103
32648	103
32660	103
32683	103
32695	103
32707	103
32730	103
32742	103
32765	103
32777	103
32789	103
32812	103
32824	103
32847	103
32859	103
32882	103
32894	103
32917	103
32941	103
32953	103
32976	104
32988	104
33011	104
33023	104
33035	104
33058	104
33070	104
33093	104
33105	104
33117	104
33140	104
33152	104
33164	104
33187	104
33199	104
33222	104
33234	104
33257	104
33269	104
33281	104
33304	104
33316	104
33339	104
33351	104
33375	104
33386	104
33398	104
33421	104
33433	104
33457	104
33468	104
33492	104
33503	104
33515	104
33539	104
33550	104
33574	104
33585	104
33609	104
33621	104
33644	104
33667	104
33679	104
33703	104
33714	104
33738	104
33750	104
33773	104
33785	104
33796	104
33820	105
33832	105
33855	105
33867	105
33878	105
33890	105
33914	105
33925	105
33949	105
33960	105
33984	105
33996	105
34007	105
34031	105
34042	105
34054	105
34078	105
34089	105
34113	105
34125	105
34148	105
34160	105
34171	105
34195	105
34207	105
34218	105
34242	105
34253	105
34265	105
34289	105
34300	105
34324	105
34335	105
34359	105
34371	105
34394	105
34406	105
34429	105
34441	105
34464	105
34476	105
34500	105
34511	105
34535	105
34546	105
34570	105
34582	105
34605	105
34617	105
34628	105
34652	106
34664	106
34687	106
34699	106
34722	106
34734	106
34746	106
34769	106
34792	106
34804	106
34816	106
34839	106
34851	106
34875	106
34886	106
34910	106
34921	106
34933	106
34957	106
34968	106
34992	106
35003	106
35015	106
35039	106
35050	106
35074	106
35085	106
35097	106
35121	106
35144	106
35156	106
35179	106
35191	106
35214	106
35226	106
35250	106
35261	106
35273	106
35296	106
35308	106
35332	106
35343	106
35367	106
35378	106
35390	106
35414	106
35425	106
35449	106
35460	106
35484	106
35496	107
35519	107
35531	107
35554	107
35566	107
35589	107
35601	107
35625	107
35636	107
35648	107
35671	107
35683	107
35707	107
35718	107
35730	107
35753	107
35765	107
35789	107
35800	107
35824	107
35835	107
35847	107
35871	107
35894	107
35906	107
35929	107
35941	107
35964	107
35988	107
36000	107
36011	107
36035	107
36046	107
36070	107
36093	107
36105	107
36128	107
36140	107
36164	107
36175	107
36199	107
36210	107
36234	107
36246	107
36269	107
36281	107
36304	107
36316	107
36339	107
36351	107
36375	108
36386	108
36410	108
36421	108
36433	108
36457	108
36468	108
36480	108
36492	108
36515	108
36527	108
36550	108
36562	108
36574	108
36597	108
36609	108
36632	108
36644	108
36656	108
36679	108
36691	108
36714	108
36726	108
36750	108
36761	108
36785	108
36796	108
36808	108
36832	108
36855	108
36867	108
36890	108
36902	108
36914	108
36937	108
36949	108
36972	108
36984	108
37007	108
37031	108
37054	108
37066	108
37089	108
37101	108
37125	108
37136	108
37160	108
37171	108
37195	108
37207	108
37230	109
37242	109
37253	109
37277	109
37289	109
37312	109
37324	109
37347	109
37359	109
37371	109
37394	109
37406	109
37429	109
37441	109
37464	109
37476	109
37488	109
37511	109
37523	109
37546	109
37558	109
37582	109
37593	109
37605	109
37628	109
37640	109
37664	109
37675	109
37699	109
37710	109
37734	109
37746	109
37769	109
37792	109
37816	109
37828	109
37851	109
37863	109
37886	109
37898	109
37910	109
37933	109
37945	109
37968	109
37980	109
38003	109
38015	109
38039	109
38050	109
38074	109
38085	110
38109	110
38121	110
38132	110
38156	110
38167	110
38191	110
38203	110
38226	110
38238	110
38261	110
38273	110
38296	110
38308	110
38320	110
38343	110
38367	110
38378	110
38402	110
38414	110
38425	110
38449	110
38460	110
38484	110
38507	110
38531	110
38554	110
38566	110
38589	110
38613	110
38625	110
38636	110
38660	110
38671	110
38695	110
38707	110
38730	110
38742	110
38765	110
38777	110
38800	110
38812	110
38835	110
38847	110
38859	110
38882	110
38894	110
38917	110
38929	110
38941	110
38964	111
38976	111
39000	111
39011	111
39035	111
39046	111
39058	111
39082	111
39093	111
39105	111
39128	111
39140	111
39164	111
39175	111
39199	111
39210	111
39234	111
39257	111
39281	111
39304	111
39316	111
39339	111
39363	111
39375	111
39386	111
39410	111
39433	111
39445	111
39468	111
39492	111
39503	111
39527	111
39539	111
39562	111
39574	111
39597	111
39609	111
39632	111
39644	111
39667	111
39679	111
39703	111
39714	111
39738	111
39750	111
39773	111
39785	111
39796	111
39820	111
39832	111
39843	112
39855	112
39878	112
39890	112
39914	112
39925	112
39949	112
39960	112
39984	112
39996	112
40019	112
40042	112
40054	112
40078	112
40089	112
40113	112
40125	112
40148	112
40160	112
40183	112
40207	112
40218	112
40242	112
40253	112
40277	112
40289	112
40312	112
40324	112
40347	112
40359	112
40382	112
40394	112
40417	112
40441	112
40453	112
40476	112
40488	112
40511	112
40523	112
40546	112
40558	112
40570	112
40593	112
40605	112
40628	112
40640	112
40664	112
40675	112
40699	112
40710	112
40734	113
40746	113
40769	113
40792	113
40816	113
40828	113
40851	113
40863	113
40886	113
40898	113
40921	113
40933	113
40957	113
40968	113
40992	113
41003	113
41027	113
41039	113
41062	113
41074	113
41097	113
41109	113
41132	113
41156	113
41167	113
41191	113
41203	113
41226	113
41238	113
41261	113
41273	113
41296	113
41308	113
41320	113
41343	113
41355	113
41367	113
41390	113
41402	113
41425	113
41437	113
41460	113
41472	113
41496	113
41519	113
41531	113
41554	113
41578	113
41589	113
41613	113
41625	114
41648	114
41660	114
41683	114
41707	114
41730	114
41753	114
41765	114
41789	114
41800	114
41824	114
41835	114
41859	114
41882	114
41894	114
41917	114
41941	114
41964	114
41976	114
42000	114
42011	114
42035	114
42046	114
42070	114
42082	114
42105	114
42117	114
42140	114
42152	114
42175	114
42187	114
42210	114
42234	114
42246	114
42269	114
42281	114
42304	114
42328	114
42339	114
42363	114
42386	114
42398	114
42421	114
42433	114
42457	114
42468	114
42492	114
42503	114
42527	114
42550	114
42562	115
42585	115
42597	115
42621	115
42644	115
42656	115
42679	115
42703	115
42714	115
42738	115
42750	115
42773	115
42796	115
42808	115
42820	115
42843	115
42855	115
42878	115
42890	115
42914	115
42925	115
42949	115
42960	115
42984	115
42996	115
43019	115
43042	115
43054	115
43078	115
43089	115
43113	115
43136	115
43148	115
43171	115
43183	115
43207	115
43218	115
43242	115
43253	115
43277	115
43300	115
43312	115
43335	115
43347	115
43371	115
43394	115
43417	115
43441	115
43453	115
43476	115
43488	116
43511	116
43535	116
43546	116
43570	116
43582	116
43605	116
43617	116
43640	116
43652	116
43675	116
43699	116
43710	116
43734	116
43746	116
43769	116
43781	116
43804	116
43816	116
43839	116
43863	116
43875	116
43898	116
43921	116
43933	116
43957	116
43968	116
43992	116
44003	116
44027	116
44039	116
44062	116
44085	116
44097	116
44121	116
44144	116
44167	116
44191	116
44203	116
44226	116
44250	116
44261	116
44285	116
44308	116
44320	116
44343	116
44355	116
44378	116
44390	116
44414	116
44425	117
44449	117
44472	117
44484	117
44507	117
44519	117
44542	117
44554	117
44578	117
44601	117
44613	117
44636	117
44660	117
44671	117
44695	117
44707	117
44730	117
44742	117
44765	117
44789	117
44800	117
44824	117
44835	117
44859	117
44882	117
44906	117
44929	117
44953	117
44964	117
44988	117
45011	117
45023	117
45046	117
45070	117
45082	117
45105	117
45117	117
45140	117
45152	117
45175	117
45199	117
45210	117
45234	117
45246	117
45269	117
45292	117
45304	117
45328	117
45351	117
45363	117
45386	118
45410	118
45421	118
45445	118
45457	118
45480	118
45503	118
45515	118
45539	118
45562	118
45574	118
45597	118
45621	118
45644	118
45667	118
45691	118
45714	118
45726	118
45750	118
45773	118
45785	118
45808	118
45820	118
45843	118
45867	118
45878	118
45902	118
45914	118
45937	118
45960	118
45972	118
45996	118
46019	118
46031	118
46054	118
46066	118
46089	118
46113	118
46125	118
46148	118
46171	118
46183	118
46207	118
46218	118
46242	118
46265	118
46277	118
46300	118
46324	118
46335	118
46359	119
46382	119
46406	119
46429	119
46441	119
46464	119
46488	119
46511	119
46523	119
46546	119
46570	119
46582	119
46605	119
46628	119
46640	119
46664	119
46687	119
46699	119
46722	119
46746	119
46769	119
46781	119
46804	119
46828	119
46839	119
46863	119
46886	119
46910	119
46921	119
46945	119
46957	119
46980	119
47003	119
47015	119
47039	119
47062	119
47074	119
47097	119
47121	119
47144	119
47156	119
47179	119
47203	119
47226	119
47238	119
47261	119
47285	119
47308	119
47320	119
47343	119
47367	120
47378	120
47402	120
47425	120
47437	120
47460	120
47484	120
47507	120
47519	120
47542	120
47566	120
47589	120
47601	120
47625	120
47648	120
47671	120
47683	120
47707	120
47718	120
47742	120
47765	120
47777	120
47800	120
47824	120
47847	120
47859	120
47882	120
47906	120
47929	120
47953	120
47976	120
47988	120
48011	120
48035	120
48046	120
48070	120
48093	120
48117	120
48140	120
48164	120
48175	120
48199	120
48222	120
48234	120
48257	120
48281	120
48304	120
48328	120
48339	120
48363	120
48386	121
48410	121
48421	121
48445	121
48457	121
48480	121
48492	121
48515	121
48527	121
48550	121
48574	121
48585	121
48609	121
48632	121
48644	121
48667	121
48691	121
48703	121
48726	121
48750	121
48773	121
48785	121
48808	121
48832	121
48855	121
48878	121
48890	121
48914	121
48937	121
48949	121
48972	121
48996	121
49019	121
49042	121
49066	121
49089	121
49113	121
49136	121
49148	121
49171	121
49195	121
49207	121
49230	121
49253	121
49265	121
49289	121
49312	121
49335	121
49347	121
49371	121
49394	122
49406	122
49429	122
49453	122
49464	122
49488	122
49511	122
49535	122
49546	122
49570	122
49582	122
49605	122
49628	122
49652	122
49664	122
49687	122
49710	122
49722	122
49746	122
49769	122
49804	122
49828	122
49839	122
49863	122
49886	122
49898	122
49921	122
49945	122
49968	122
49980	122
50003	122
50027	122
50039	122
50062	122
50085	122
50097	122
50121	122
50144	122
50167	122
50179	122
50203	122
50226	122
50238	122
50261	122
50285	122
50308	122
50320	122
50343	122
50367	122
50390	122
50402	123
50425	123
50449	123
50460	123
50484	123
50519	123
50542	123
50566	123
50589	123
50613	123
50625	123
50648	123
50671	123
50683	123
50707	123
50730	123
50753	123
50765	123
50789	123
50812	123
50824	123
50847	123
50871	123
50882	123
50906	123
50917	123
50941	123
50964	123
50976	123
51000	123
51023	123
51046	123
51058	123
51082	123
51093	123
51117	123
51140	123
51152	123
51175	123
51199	123
51210	123
51234	123
51269	123
51292	123
51316	123
51339	123
51363	123
51375	123
51398	123
51421	123
51445	124
51468	124
51492	124
51503	124
51527	124
51550	124
51574	124
51585	124
51609	124
51632	124
51644	124
51667	124
51691	124
51703	124
51726	124
51750	124
51773	124
51796	124
51808	124
51820	124
51843	124
51855	124
51878	124
51902	124
51914	124
51937	124
51960	124
51984	124
51996	124
52019	124
52042	124
52066	124
52089	124
52113	124
52136	124
52148	124
52171	124
52195	124
52218	124
52242	124
52265	124
52277	124
52300	124
52324	124
52347	124
52359	124
52382	124
52406	124
52429	124
52441	124
52464	125
52488	125
52511	125
52535	125
52546	125
52570	125
52582	125
52605	125
52628	125
52652	125
52664	125
52687	125
52710	125
52734	125
52746	125
52769	125
52792	125
52816	125
52839	125
52863	125
52886	125
52898	125
52921	125
52945	125
52968	125
52980	125
53003	125
53027	125
53050	125
53062	125
53085	125
53109	125
53132	125
53144	125
53167	125
53191	125
53214	125
53226	125
53250	125
53273	125
53296	125
53308	125
53332	125
53343	125
53367	125
53378	125
53402	125
53425	125
53449	125
53460	125
53484	126
53507	126
53531	126
53554	126
53578	126
53601	126
53625	126
53636	126
53660	126
53683	126
53707	126
53730	126
53753	126
53777	126
53800	126
53824	126
53835	126
53859	126
53882	126
53906	126
53941	126
53953	126
53976	126
54000	126
54023	126
54046	126
54058	126
54082	126
54105	126
54117	126
54140	126
54164	126
54187	126
54210	126
54222	126
54246	126
54269	126
54292	126
54316	126
54339	126
54351	126
54375	126
54398	126
54421	126
54445	126
54457	126
54480	126
54503	126
54527	126
54539	126
54562	127
54585	127
54609	127
54632	127
54656	127
54679	127
54703	127
54714	127
54738	127
54761	127
54785	127
54808	127
54820	127
54843	127
54855	127
54878	127
54902	127
54925	127
54949	127
54960	127
54984	127
55007	127
55031	127
55042	127
55066	127
55089	127
55113	127
55136	127
55160	127
55183	127
55195	127
55218	127
55242	127
55265	127
55289	127
55300	127
55324	127
55347	127
55371	127
55394	127
55417	127
55441	127
55464	127
55488	127
55511	127
55535	127
55558	127
55570	127
55593	127
55617	127
55628	128
55652	128
55675	128
55699	128
55722	128
55734	128
55757	128
55781	128
55804	128
55816	128
55839	128
55863	128
55886	128
55910	128
55933	128
55945	128
55968	128
55992	128
56015	128
56027	128
56050	128
56074	128
56097	128
56121	128
56144	128
56167	128
56191	128
56214	128
56238	128
56261	128
56285	128
56308	128
56320	128
56343	128
56367	128
56390	128
56402	128
56425	128
56449	128
56472	128
56496	128
56519	128
56531	128
56554	128
56578	128
56601	128
56625	128
56648	128
56671	128
56683	128
56707	129
56730	129
56753	129
56777	129
56789	129
56812	129
56835	129
56859	129
56894	129
56917	129
56941	129
56964	129
56988	129
57011	129
57035	129
57058	129
57070	129
57093	129
57117	129
57140	129
57152	129
57175	129
57199	129
57222	129
57246	129
57269	129
57292	129
57316	129
57328	129
57351	129
57375	129
57398	129
57421	129
57445	129
57468	129
57492	129
57503	129
57527	129
57550	129
57574	129
57597	129
57621	129
57644	129
57667	129
57703	129
57726	129
57738	129
57761	129
57785	129
57808	129
57832	130
57855	130
57867	130
57890	130
57914	130
57937	130
57960	130
57984	130
58007	130
58019	130
58042	130
58066	130
58089	130
58113	130
58136	130
58160	130
58183	130
58195	130
58218	130
58242	130
58265	130
58289	130
58312	130
58335	130
58359	130
58382	130
58406	130
58429	130
58453	130
58476	130
58500	130
58523	130
58546	130
58570	130
58593	130
58617	130
58640	130
58664	130
58687	130
58710	130
58722	130
58746	130
58769	130
58792	130
58816	130
58839	130
58863	130
58886	130
58910	130
58933	130
58957	131
58980	131
59003	131
59015	131
59039	131
59062	131
59085	131
59109	131
59132	131
59156	131
59179	131
59203	131
59226	131
59250	131
59273	131
59296	131
59320	131
59343	131
59367	131
59390	131
59414	131
59437	131
59460	131
59484	131
59507	131
59531	131
59554	131
59578	131
59601	131
59625	131
59648	131
59671	131
59695	131
59707	131
59730	131
59753	131
59777	131
59800	131
59824	131
59847	131
59871	131
59894	131
59929	131
59953	131
59976	131
60000	131
60023	131
60046	131
60070	131
60093	131
60128	132
60140	132
60164	132
60187	132
60210	132
60246	132
60269	132
60292	132
60316	132
60339	132
60363	132
60386	132
60410	132
60433	132
60457	132
60468	132
60492	132
60515	132
60539	132
60562	132
60585	132
60609	132
60632	132
60656	132
60679	132
60691	132
60714	132
60750	132
60773	132
60796	132
60820	132
60843	132
60867	132
60890	132
60914	132
60937	132
60960	132
60984	132
61007	132
61042	132
61066	132
61089	132
61113	132
61136	132
61160	132
61183	132
61207	132
61230	132
61253	132
61277	132
61300	133
61324	133
61347	133
61371	133
61394	133
61417	133
61441	133
61464	133
61488	133
61511	133
61535	133
61558	133
61582	133
61605	133
61628	133
61652	133
61675	133
61699	133
61722	133
61746	133
61781	133
61804	133
61828	133
61863	133
61886	133
61898	133
61933	133
61957	133
61980	133
62003	133
62027	133
62050	133
62074	133
62097	133
62121	133
62144	133
62167	133
62191	133
62214	133
62238	133
62261	133
62285	133
62308	133
62332	133
62355	133
62378	133
62402	133
62425	133
62449	133
62472	133
62507	134
62531	134
62566	134
62589	134
62613	134
62636	134
62660	134
62683	134
62707	134
62730	134
62753	134
62777	134
62800	134
62824	134
62847	134
62871	134
62894	134
62917	134
62941	134
62964	134
62988	134
63011	134
63035	134
63058	134
63082	134
63105	134
63128	134
63152	134
63175	134
63199	134
63222	134
63246	134
63281	134
63304	134
63339	134
63363	134
63386	134
63410	134
63433	134
63457	134
63492	134
63515	134
63539	134
63562	134
63585	134
63609	134
63632	134
63656	134
63679	134
63703	134
63726	135
63750	135
63773	135
63796	135
63820	135
63843	135
63855	135
63878	135
63902	135
63925	135
63949	135
63972	135
64007	135
64031	135
64054	135
64078	135
64101	135
64125	135
64148	135
64171	135
64207	135
64230	135
64253	135
64277	135
64300	135
64324	135
64347	135
64371	135
64394	135
64417	135
64453	135
64476	135
64500	135
64523	135
64546	135
64570	135
64593	135
64617	135
64640	135
64664	135
64687	135
64710	135
64734	135
64757	135
64781	135
64816	135
64839	135
64863	135
64886	135
64910	135
64933	136
64957	136
64980	136
65003	136
65027	136
65050	136
65085	136
65109	136
65132	136
65156	136
65179	136
65203	136
65226	136
65250	136
65273	136
65296	136
65320	136
65343	136
65355	136
65378	136
65402	136
65425	136
65449	136
65472	136
65507	136
65531	136
65554	136
65578	136
65601	136
65636	136
65660	136
65683	136
65707	136
65742	136
65765	136
65789	136
65812	136
65835	136
65859	136
65894	136
65917	136
65941	136
65964	136
65988	136
66011	136
66046	136
66070	136
66082	136
66105	136
66128	136
66152	137
66175	137
66199	137
66234	137
66257	137
66281	137
66304	137
66328	137
66351	137
66375	137
66398	137
66421	137
66457	137
66480	137
66503	137
66527	137
66550	137
66574	137
66597	137
66621	137
66644	137
66679	137
66703	137
66726	137
66750	137
66773	137
66796	137
66820	137
66843	137
66867	137
66890	137
66914	137
66937	137
66960	137
66984	137
67007	137
67031	137
67054	137
67089	137
67113	137
67136	137
67160	137
67183	137
67207	137
67230	137
67253	137
67277	137
67300	137
67324	137
67359	137
67382	138
67406	138
67441	138
67464	138
67488	138
67511	138
67535	138
67558	138
67582	138
67605	138
67628	138
67652	138
67675	138
67699	138
67722	138
67746	138
67769	138
67804	138
67828	138
67851	138
67875	138
67898	138
67921	138
67945	138
67968	138
67992	138
68015	138
68039	138
68062	138
68085	138
68121	138
68144	138
68179	138
68203	138
68226	138
68250	138
68273	138
68296	138
68320	138
68343	138
68367	138
68390	138
68414	138
68449	138
68472	138
68496	138
68519	138
68542	138
68566	138
68589	138
68613	139
68636	139
68671	139
68695	139
68718	139
68742	139
68765	139
68789	139
68812	139
68835	139
68871	139
68894	139
68929	139
68953	139
68976	139
69000	139
69035	139
69058	139
69082	139
69105	139
69128	139
69152	139
69175	139
69199	139
69222	139
69246	139
69281	139
69304	139
69328	139
69351	139
69375	139
69398	139
69421	139
69445	139
69480	139
69503	139
69527	139
69550	139
69574	139
69597	139
69632	139
69656	139
69691	139
69714	139
69738	139
69761	139
69796	139
69820	139
69843	139
69867	139
69890	140
69914	140
69937	140
69960	140
69984	140
70007	140
70031	140
70054	140
70078	140
70113	140
70136	140
70160	140
70183	140
70207	140
70230	140
70253	140
70277	140
70300	140
70335	140
70359	140
70382	140
70417	140
70441	140
70476	140
70500	140
70523	140
70546	140
70570	140
70605	140
70628	140
70652	140
70675	140
70699	140
70722	140
70757	140
70781	140
70804	140
70839	140
70863	140
70886	140
70910	140
70933	140
70957	140
70980	140
71003	140
71039	140
71062	140
71085	140
71109	140
71144	140
71167	141
71191	141
71214	141
71250	141
71273	141
71296	141
71320	141
71343	141
71378	141
71402	141
71425	141
71449	141
71472	141
71507	141
71531	141
71554	141
71578	141
71613	141
71636	141
71660	141
71683	141
71707	141
71730	141
71753	141
71777	141
71812	141
71835	141
71859	141
71882	141
71917	141
71941	141
71976	141
72000	141
72023	141
72046	141
72082	141
72105	141
72140	141
72164	141
72187	141
72210	141
72234	141
72269	141
72292	141
72328	141
72351	141
72375	141
72398	141
72421	141
72445	141
72468	142
72492	142
72515	142
72539	142
72574	142
72597	142
72621	142
72644	142
72667	142
72691	142
72726	142
72750	142
72773	142
72796	142
72820	142
72855	142
72878	142
72902	142
72925	142
72960	142
72984	142
73019	142
73042	142
73078	142
73101	142
73125	142
73160	142
73183	142
73207	142
73230	142
73253	142
73277	142
73312	142
73335	142
73359	142
73382	142
73406	142
73429	142
73464	142
73488	142
73511	142
73535	142
73558	142
73582	142
73617	142
73640	142
73664	142
73687	142
73710	142
73746	142
73769	143
73804	143
73828	143
73863	143
73886	143
73910	143
73933	143
73968	143
73992	143
74015	143
74039	143
74062	143
74085	143
74121	143
74144	143
74167	143
74191	143
74214	143
74250	143
74273	143
74296	143
74320	143
74343	143
74378	143
74402	143
74425	143
74449	143
74484	143
74507	143
74542	143
74578	143
74601	143
74625	143
74648	143
74683	143
74707	143
74730	143
74753	143
74777	143
74812	143
74835	143
74859	143
74882	143
74906	143
74929	143
74953	143
74976	143
75000	143
75035	143
75058	143
75082	144
75105	144
75128	144
75152	144
75175	144
75199	144
75234	144
75257	144
75292	144
75328	144
75351	144
75375	144
75398	144
75433	144
75457	144
75492	144
75515	144
75539	144
75574	144
75597	144
75621	144
75644	144
75667	144
75691	144
75714	144
75750	144
75773	144
75796	144
75820	144
75843	144
75867	144
75890	144
75914	144
75937	144
75960	144
75996	144
76019	144
76042	144
76078	144
76101	144
76125	144
76148	144
76183	144
76207	144
76242	144
76265	144
76289	144
76312	144
76335	144
76371	144
76394	145
76417	145
76453	145
76476	145
76500	145
76523	145
76546	145
76582	145
76605	145
76628	145
76652	145
76675	145
76699	145
76734	145
76757	145
76792	145
76816	145
76839	145
76875	145
76898	145
76921	145
76945	145
76980	145
77003	145
77027	145
77050	145
77074	145
77109	145
77132	145
77156	145
77179	145
77203	145
77238	145
77261	145
77285	145
77308	145
77332	145
77355	145
77378	145
77402	145
77425	145
77449	145
77484	145
77507	145
77531	145
77566	145
77589	145
77625	145
77648	145
77671	145
77707	146
77730	146
77765	146
77789	146
77812	146
77835	146
77871	146
77894	146
77929	146
77953	146
77988	146
78011	146
78035	146
78058	146
78082	146
78117	146
78140	146
78164	146
78187	146
78222	146
78246	146
78269	146
78292	146
78328	146
78351	146
78375	146
78410	146
78433	146
78457	146
78480	146
78515	146
78539	146
78562	146
78585	146
78621	146
78644	146
78679	146
78703	146
78726	146
78761	146
78785	146
78808	146
78832	146
78855	146
78878	146
78902	146
78925	146
78960	146
78984	146
79007	146
79031	147
79066	147
79089	147
79113	147
79148	147
79171	147
79195	147
79218	147
79242	147
79277	147
79300	147
79324	147
79359	147
79382	147
79417	147
79441	147
79476	147
79500	147
79523	147
79546	147
79582	147
79605	147
79628	147
79652	147
79675	147
79710	147
79734	147
79757	147
79781	147
79804	147
79839	147
79863	147
79886	147
79921	147
79945	147
79968	147
79992	147
80015	147
80050	147
80074	147
80097	147
80132	147
80167	147
80191	147
80226	147
80250	147
80273	147
80308	147
80332	147
80355	147
80378	148
80402	148
80437	148
80460	148
80484	148
80507	148
80542	148
80566	148
80589	148
80613	148
80648	148
80671	148
80695	148
80718	148
80753	148
80777	148
80800	148
80835	148
80859	148
80894	148
80917	148
80953	148
80976	148
81011	148
81035	148
81058	148
81082	148
81117	148
81140	148
81164	148
81187	148
81222	148
81246	148
81269	148
81304	148
81328	148
81351	148
81386	148
81410	148
81433	148
81457	148
81492	148
81515	148
81539	148
81574	148
81597	148
81632	148
81656	148
81691	148
81726	148
81750	149
81773	149
81808	149
81832	149
81855	149
81878	149
81902	149
81937	149
81960	149
81984	149
82019	149
82042	149
82066	149
82089	149
82125	149
82148	149
82183	149
82207	149
82230	149
82253	149
82289	149
82312	149
82335	149
82371	149
82394	149
82429	149
82464	149
82488	149
82511	149
82546	149
82570	149
82593	149
82628	149
82652	149
82675	149
82710	149
82734	149
82769	149
82792	149
82816	149
82851	149
82875	149
82910	149
82933	149
82957	149
82980	149
83015	149
83039	149
83062	149
83097	149
83121	150
83156	150
83179	150
83214	150
83238	150
83261	150
83296	150
83320	150
83355	150
83378	150
83402	150
83437	150
83460	150
83484	150
83519	150
83542	150
83578	150
83601	150
83636	150
83660	150
83683	150
83718	150
83742	150
83765	150
83800	150
83824	150
83847	150
83882	150
83917	150
83941	150
83976	150
84000	150
84035	150
84058	150
84093	150
84128	150
84152	150
84175	150
84210	150
84234	150
84269	150
84304	150
84328	150
84363	150
84386	150
84410	150
84445	150
84468	150
84492	150
84515	150
84539	151
84574	151
84597	151
84621	151
84656	151
84679	151
84703	151
84738	151
84761	151
84796	151
84820	151
84855	151
84878	151
84914	151
84937	151
84972	151
84996	151
85031	151
85066	151
85101	151
85125	151
85148	151
85183	151
85207	151
85242	151
85265	151
85289	151
85324	151
85347	151
85371	151
85406	151
85429	151
85464	151
85488	151
85523	151
85546	151
85570	151
85605	151
85628	151
85652	151
85687	151
85710	151
85746	151
85781	151
85816	151
85839	151
85875	151
85898	151
85933	151
85957	151
85992	152
86015	152
86039	152
86074	152
86097	152
86132	152
86156	152
86191	152
86214	152
86238	152
86273	152
86296	152
86332	152
86355	152
86390	152
86414	152
86449	152
86472	152
86507	152
86542	152
86578	152
86613	152
86636	152
86671	152
86695	152
86730	152
86753	152
86777	152
86812	152
86835	152
86859	152
86894	152
86917	152
86941	152
86964	152
87000	152
87035	152
87058	152
87082	152
87105	152
87140	152
87164	152
87187	152
87222	152
87257	152
87292	152
87328	152
87363	152
87386	152
87410	152
87445	153
87480	153
87515	153
87539	153
87562	153
87597	153
87621	153
87656	153
87679	153
87703	153
87738	153
87761	153
87796	153
87820	153
87843	153
87867	153
87890	153
87925	153
87949	153
87984	153
88007	153
88042	153
88078	153
88101	153
88136	153
88160	153
88195	153
88230	153
88253	153
88277	153
88312	153
88347	153
88371	153
88406	153
88429	153
88464	153
88488	153
88523	153
88546	153
88570	153
88605	153
88628	153
88664	153
88687	153
88722	153
88746	153
88781	153
88816	153
88839	153
88875	153
88898	154
88933	154
88957	154
88992	154
89015	154
89039	154
89074	154
89097	154
89132	154
89156	154
89191	154
89214	154
89250	154
89273	154
89308	154
89332	154
89355	154
89378	154
89402	154
89437	154
89460	154
89496	154
89519	154
89554	154
89589	154
89613	154
89648	154
89671	154
89707	154
89742	154
89777	154
89800	154
89824	154
89859	154
89894	154
89929	154
89953	154
89988	154
90011	154
90046	154
90070	154
90105	154
90128	154
90152	154
90187	154
90222	154
90246	154
90281	154
90304	154
90339	154
90363	155
90398	155
90421	155
90457	155
90480	155
90515	155
90539	155
90574	155
90597	155
90632	155
90667	155
90691	155
90726	155
90761	155
90785	155
90808	155
90843	155
90867	155
90890	155
90925	155
90949	155
90984	155
91007	155
91042	155
91066	155
91101	155
91125	155
91160	155
91183	155
91218	155
91242	155
91277	155
91300	155
91335	155
91359	155
91394	155
91429	155
91453	155
91488	155
91511	155
91546	155
91570	155
91605	155
91628	155
91652	155
91687	155
91722	155
91746	155
91769	155
91804	155
91828	156
91863	156
91898	156
91921	156
91945	156
91980	156
92003	156
92039	156
92062	156
92097	156
92132	156
92167	156
92191	156
92226	156
92261	156
92285	156
92320	156
92343	156
92367	156
92402	156
92425	156
92460	156
92484	156
92519	156
92542	156
92578	156
92601	156
92636	156
92660	156
92695	156
92718	156
92753	156
92777	156
92812	156
92835	156
92871	156
92906	156
92941	156
92976	156
93000	156
93035	156
93058	156
93093	156
93117	156
93152	156
93175	156
93210	156
93234	156
93269	156
93292	156
93328	157
93351	157
93386	157
93421	157
93445	157
93480	157
93503	157
93539	157
93562	157
93597	157
93632	157
93667	157
93703	157
93726	157
93761	157
93785	157
93820	157
93843	157
93878	157
93902	157
93937	157
93960	157
93996	157
94019	157
94054	157
94078	157
94113	157
94136	157
94171	157
94195	157
94230	157
94253	157
94289	157
94312	157
94347	157
94382	157
94406	157
94441	157
94476	157
94511	157
94535	157
94570	157
94593	157
94628	157
94652	157
94687	157
94722	157
94746	157
94781	157
94816	157
94839	158
94875	158
94910	158
94933	158
94968	158
94992	158
95027	158
95050	158
95085	158
95109	158
95144	158
95179	158
95214	158
95238	158
95273	158
95308	158
95332	158
95367	158
95390	158
95425	158
95449	158
95484	158
95519	158
95554	158
95578	158
95613	158
95648	158
95671	158
95707	158
95730	158
95765	158
95789	158
95824	158
95847	158
95882	158
95917	158
95953	158
95988	158
96011	158
96046	158
96082	158
96117	158
96140	158
96175	158
96210	158
96234	158
96269	158
96304	158
96339	158
96363	158
96398	159
96421	159
96457	159
96480	159
96503	159
96539	159
96574	159
96597	159
96632	159
96656	159
96691	159
96714	159
96750	159
96785	159
96808	159
96843	159
96878	159
96902	159
96937	159
96972	159
97007	159
97042	159
97078	159
97113	159
97136	159
97171	159
97207	159
97230	159
97265	159
97289	159
97324	159
97347	159
97382	159
97417	159
97441	159
97476	159
97511	159
97535	159
97570	159
97593	159
97628	159
97652	159
97687	159
97722	159
97757	159
97792	159
97828	159
97863	159
97886	159
97921	159
97957	160
97980	160
98015	160
98039	160
98074	160
98109	160
98132	160
98167	160
98191	160
98226	160
98261	160
98285	160
98320	160
98355	160
98378	160
98414	160
98437	160
98472	160
98519	160
98554	160
98589	160
98625	160
98648	160
98683	160
98707	160
98742	160
98765	160
98800	160
98835	160
98859	160
98894	160
98917	160
98953	160
98976	160
99011	160
99046	160
99070	160
99093	160
99128	160
99152	160
99187	160
99222	160
99257	160
99292	160
99328	160
99363	160
99398	160
99421	160
99457	160
99492	160
99527	161
99562	161
99585	161
99621	161
99656	161
99679	161
99714	161
99738	161
99773	161
99808	161
99832	161
99855	161
99878	161
99914	161
99949	161
99972	161
100007	161
100042	161
100078	161
100113	161
100136	161
100171	161
100207	161
100230	161
100265	161
100300	161
100324	161
100359	161
100394	161
100417	161
100453	161
100488	161
100523	161
100546	161
100582	161
100605	161
100640	161
100664	161
100699	161
100734	161
100757	161
100792	161
100828	161
100863	161
100898	161
100921	161
100957	161
100980	161
101015	161
101050	161
101074	162
101109	162
101144	162
101167	162
101203	162
101238	162
101261	162
101296	162
101320	162
101343	162
101378	162
101402	162
101437	162
101460	162
101496	162
101531	162
101566	162
101601	162
101625	162
101660	162
101695	162
101730	162
101765	162
101789	162
101824	162
101859	162
101894	162
101929	162
101964	162
101988	162
102023	162
102058	162
102082	162
102117	162
102140	162
102175	162
102210	162
102234	162
102269	162
102304	162
102328	162
102363	162
102398	162
102421	162
102457	162
102492	162
102515	162
102550	162
102585	162
102609	162
102644	163
102679	163
102714	163
102738	163
102773	163
102808	163
102832	163
102855	163
102890	163
102925	163
102949	163
102984	163
103007	163
103042	163
103078	163
103113	163
103136	163
103171	163
103195	163
103230	163
103265	163
103289	163
103324	163
103359	163
103394	163
103429	163
103464	163
103488	163
103523	163
103558	163
103582	163
103617	163
103640	163
103675	163
103710	163
103734	163
103769	163
103792	163
103828	163
103863	163
103886	163
103921	163
103957	163
103980	163
104015	163
104039	163
104074	163
104109	163
104144	163
104179	163
104214	164
104250	164
104273	164
104308	164
104332	164
104367	164
104390	164
104425	164
104460	164
104484	164
104519	164
104554	164
104578	164
104613	164
104648	164
104671	164
104707	164
104730	164
104765	164
104800	164
104824	164
104859	164
104894	164
104929	164
104964	164
105000	164
105035	164
105058	164
105093	164
105117	164
105152	164
105187	164
105210	164
105246	164
105281	164
105304	164
105339	164
105375	164
105398	164
105433	164
105468	164
105503	164
105527	164
105562	164
105597	164
105621	164
105667	164
105703	164
105738	164
105761	164
105796	165
105832	165
105855	165
105890	165
105914	165
105949	165
105984	165
106007	165
106042	165
106066	165
106101	165
106136	165
106171	165
106195	165
106230	165
106253	165
106289	165
106324	165
106347	165
106382	165
106417	165
106453	165
106488	165
106523	165
106558	165
106582	165
106617	165
106652	165
106675	165
106710	165
106746	165
106781	165
106816	165
106839	165
106875	165
106910	165
106933	165
106968	165
106992	165
107027	165
107062	165
107097	165
107121	165
107156	165
107191	165
107226	165
107261	165
107285	165
107320	165
107355	165
107390	166
107414	166
107449	166
107484	166
107519	166
107554	166
107578	166
107613	166
107648	166
107683	166
107707	166
107742	166
107765	166
107800	166
107835	166
107871	166
107906	166
107941	166
107976	166
108000	166
108035	166
108070	166
108105	166
108140	166
108175	166
108210	166
108234	166
108269	166
108304	166
108339	166
108375	166
108410	166
108433	166
108468	166
108492	166
108515	166
108550	166
108585	166
108621	166
108644	166
108679	166
108714	166
108738	166
108773	166
108808	166
108843	166
108878	166
108902	166
108937	166
108972	166
109007	167
109042	167
109078	167
109113	167
109148	167
109183	167
109207	167
109242	167
109277	167
109300	167
109335	167
109371	167
109394	167
109429	167
109464	167
109488	167
109523	167
109558	167
109582	167
109617	167
109652	167
109675	167
109710	167
109746	167
109792	167
109828	167
109863	167
109886	167
109921	167
109957	167
109992	167
110015	167
110050	167
110085	167
110109	167
110144	167
110179	167
110203	167
110238	167
110273	167
110308	167
110343	167
110378	167
110402	167
110437	167
110472	167
110507	167
110542	167
110589	167
110613	167
110648	168
110683	168
110718	168
110742	168
110777	168
110812	168
110835	168
110871	168
110894	168
110929	168
110964	168
110988	168
111023	168
111058	168
111082	168
111117	168
111140	168
111175	168
111210	168
111246	168
111281	168
111328	168
111363	168
111386	168
111421	168
111457	168
111492	168
111527	168
111562	168
111585	168
111621	168
111656	168
111679	168
111714	168
111750	168
111785	168
111808	168
111832	168
111855	168
111890	168
111925	168
111949	168
111984	168
112019	168
112054	168
112089	168
112125	168
112160	168
112183	168
112218	168
112253	169
112289	169
112312	169
112347	169
112382	169
112417	169
112453	169
112476	169
112511	169
112546	169
112570	169
112605	169
112640	169
112664	169
112699	169
112734	169
112769	169
112804	169
112839	169
112863	169
112898	169
112933	169
112968	169
112992	169
113027	169
113062	169
113085	169
113121	169
113156	169
113179	169
113214	169
113250	169
113285	169
113308	169
113332	169
113367	169
113390	169
113425	169
113460	169
113484	169
113519	169
113554	169
113589	169
113625	169
113648	169
113683	169
113730	169
113765	169
113789	169
113824	169
113859	170
113894	170
113929	170
113964	170
114000	170
114023	170
114058	170
114093	170
114117	170
114152	170
114175	170
114210	170
114246	170
114281	170
114316	170
114339	170
114375	170
114410	170
114445	170
114468	170
114503	170
114539	170
114562	170
114597	170
114632	170
114667	170
114703	170
114738	170
114761	170
114796	170
114820	170
114855	170
114878	170
114914	170
114949	170
114972	170
115007	170
115042	170
115066	170
115101	170
115136	170
115171	170
115195	170
115230	170
115265	170
115300	170
115324	170
115359	170
115394	170
115429	170
115464	171
115500	171
115535	171
115558	171
115593	171
115617	171
115652	171
115687	171
115710	171
115746	171
115781	171
115804	171
115839	171
115875	171
115910	171
115933	171
115968	171
116003	171
116027	171
116062	171
116097	171
116132	171
116167	171
116203	171
116238	171
116261	171
116296	171
116332	171
116355	171
116390	171
116414	171
116449	171
116484	171
116507	171
116542	171
116578	171
116601	171
116636	171
116671	171
116695	171
116730	171
116765	171
116800	171
116824	171
116859	171
116894	171
116941	171
116964	171
117000	171
117035	171
117070	172
117093	172
117128	172
117152	172
117187	172
117222	172
117246	172
117281	172
117316	172
117351	172
117375	172
117410	172
117445	172
117480	172
117503	172
117539	172
117574	172
117609	172
117644	172
117679	172
117714	172
117750	172
117773	172
117808	172
117832	172
117867	172
117902	172
117925	172
117960	172
117996	172
118019	172
118054	172
118078	172
118113	172
118148	172
118183	172
118207	172
118242	172
118265	172
118300	172
118335	172
118359	172
118394	172
118441	172
118464	172
118500	172
118535	172
118570	172
118593	172
118628	172
118664	173
118687	173
118722	173
118757	173
118792	173
118816	173
118851	173
118886	173
118921	173
118945	173
118980	173
119003	173
119039	173
119074	173
119109	173
119132	173
119167	173
119203	173
119238	173
119273	173
119308	173
119332	173
119367	173
119402	173
119425	173
119460	173
119496	173
119531	173
119566	173
119601	173
119625	173
119660	173
119695	173
119718	173
119753	173
119789	173
119812	173
119847	173
119882	173
119917	173
119953	173
119988	173
120023	173
120046	173
120093	173
120128	173
120152	173
120187	173
120222	173
120257	173
120292	174
120328	174
120351	174
120386	174
120421	174
120445	174
120480	174
120503	174
120527	174
120562	174
120597	174
120621	174
120656	174
120691	174
120726	174
120750	174
120785	174
120820	174
120855	174
120890	174
120914	174
120949	174
120984	174
121019	174
121054	174
121089	174
121125	174
121160	174
121195	174
121218	174
121253	174
121277	174
121312	174
121347	174
121382	174
121406	174
121441	174
121476	174
121500	174
121535	174
121570	174
121593	174
121628	174
121664	174
121687	174
121722	174
121769	174
121804	174
121839	174
121875	174
121898	175
121933	175
121968	175
122003	175
122027	175
122062	175
122097	175
122121	175
122156	175
122191	175
122214	175
122250	175
122285	175
122320	175
122355	175
122378	175
122414	175
122449	175
122484	175
122519	175
122554	175
122589	175
122625	175
122660	175
122683	175
122718	175
122753	175
122777	175
122812	175
122847	175
122871	175
122906	175
122929	175
122964	175
122988	175
123023	175
123058	175
123082	175
123117	175
123140	175
123175	175
123199	175
123234	175
123281	175
123316	175
123351	175
123386	175
123410	175
123445	175
123492	175
123515	176
123550	176
123585	176
123609	176
123644	176
123679	176
123703	176
123738	176
123773	176
123796	176
123832	176
123855	176
123878	176
123914	176
123949	176
123972	176
124007	176
124042	176
124078	176
124113	176
124136	176
124171	176
124207	176
124242	176
124277	176
124300	176
124335	176
124371	176
124406	176
124429	176
124464	176
124500	176
124535	176
124558	176
124593	176
124617	176
124652	176
124687	176
124710	176
124746	176
124781	176
124816	176
124851	176
124875	176
124910	176
124945	176
124968	176
125003	176
125039	176
125062	176
125097	177
125132	177
125156	177
125191	177
125226	177
125250	177
125285	177
125308	177
125332	177
125367	177
125390	177
125425	177
125449	177
125484	177
125519	177
125554	177
125589	177
125613	177
125648	177
125683	177
125718	177
125753	177
125789	177
125812	177
125847	177
125882	177
125917	177
125953	177
125988	177
126011	177
126046	177
126082	177
126105	177
126140	177
126164	177
126199	177
126234	177
126257	177
126292	177
126328	177
126363	177
126386	177
126421	177
126457	177
126480	177
126515	177
126550	177
126574	177
126609	177
126644	177
126679	178
126714	178
126738	178
126773	178
126808	178
126832	178
126855	178
126890	178
126914	178
126949	178
126984	178
127007	178
127042	178
127078	178
127101	178
127136	178
127171	178
127195	178
127230	178
127265	178
127289	178
127324	178
127359	178
127394	178
127429	178
127453	178
127488	178
127523	178
127546	178
127582	178
127605	178
127640	178
127664	178
127699	178
127734	178
127757	178
127792	178
127828	178
127851	178
127886	178
127921	178
127945	178
127980	178
128003	178
128039	178
128074	178
128097	178
128132	178
128179	178
128203	178
128238	179
128273	179
128296	179
128332	179
128355	179
128390	179
128414	179
128449	179
128484	179
128507	179
128542	179
128566	179
128601	179
128636	179
128671	179
128695	179
128730	179
128753	179
128789	179
128824	179
128847	179
128882	179
128929	179
128964	179
128988	179
129023	179
129058	179
129082	179
129117	179
129140	179
129175	179
129199	179
129234	179
129269	179
129292	179
129328	179
129363	179
129386	179
129421	179
129445	179
129480	179
129515	179
129539	179
129574	179
129609	179
129644	179
129679	179
129714	179
129750	179
129773	179
129808	180
129832	180
129867	180
129890	180
129925	180
129960	180
129984	180
130019	180
130042	180
130078	180
130113	180
130136	180
130171	180
130207	180
130230	180
130265	180
130289	180
130324	180
130359	180
130394	180
130429	180
130453	180
130488	180
130523	180
130546	180
130582	180
130617	180
130640	180
130675	180
130710	180
130734	180
130769	180
130804	180
130839	180
130863	180
130898	180
130933	180
130957	180
130992	180
131015	180
131050	180
131074	180
131109	180
131144	180
131179	180
131214	180
131238	180
131273	180
131308	180
131332	180
131367	181
131402	181
131425	181
131460	181
131496	181
131519	181
131554	181
131589	181
131625	181
131648	181
131683	181
131718	181
131742	181
131777	181
131800	181
131835	181
131871	181
131906	181
131941	181
131976	181
132000	181
132035	181
132070	181
132105	181
132140	181
132164	181
132199	181
132234	181
132269	181
132304	181
132328	181
132363	181
132398	181
132421	181
132457	181
132480	181
132503	181
132539	181
132574	181
132597	181
132632	181
132656	181
132691	181
132726	181
132750	181
132785	181
132820	181
132855	181
132890	181
132914	181
132949	182
132984	182
133019	182
133054	182
133089	182
133125	182
133148	182
133183	182
133218	182
133242	182
133277	182
133300	182
133335	182
133371	182
133394	182
133429	182
133453	182
133488	182
133523	182
133546	182
133582	182
133617	182
133640	182
133675	182
133699	182
133734	182
133781	182
133816	182
133851	182
133875	182
133910	182
133945	182
133968	182
134003	182
134039	182
134062	182
134097	182
134132	182
134156	182
134191	182
134226	182
134250	182
134285	182
134320	182
134343	182
134378	182
134414	182
134437	182
134472	182
134519	182
134554	183
134589	183
134625	183
134648	183
134683	183
134718	183
134742	183
134777	183
134812	183
134835	183
134871	183
134894	183
134929	183
134953	183
134988	183
135023	183
135046	183
135082	183
135105	183
135140	183
135164	183
135199	183
135234	183
135269	183
135304	183
135339	183
135375	183
135410	183
135445	183
135480	183
135503	183
135539	183
135574	183
135597	183
135632	183
135667	183
135691	183
135726	183
135761	183
135785	183
135820	183
135843	183
135867	183
135902	183
135925	183
135960	183
135996	183
136019	183
136054	183
136089	183
136125	184
136160	184
136183	184
136218	184
136253	184
136289	184
136312	184
136347	184
136382	184
136406	184
136441	184
136476	184
136511	184
136535	184
136570	184
136593	184
136628	184
136652	184
136687	184
136722	184
136746	184
136781	184
136816	184
136851	184
136886	184
136910	184
136945	184
136980	184
137003	184
137039	184
137062	184
137097	184
137132	184
137156	184
137191	184
137214	184
137250	184
137285	184
137308	184
137332	184
137355	184
137390	184
137425	184
137449	184
137484	184
137519	184
137554	184
137578	184
137613	184
137648	184
137671	185
137718	185
137753	185
137777	185
137812	185
137847	185
137882	185
137917	185
137953	185
137976	185
138011	185
138046	185
138070	185
138105	185
138128	185
138164	185
138199	185
138222	185
138257	185
138292	185
138316	185
138351	185
138386	185
138421	185
138445	185
138480	185
138515	185
138539	185
138574	185
138609	185
138632	185
138667	185
138703	185
138738	185
138761	185
138796	185
138820	185
138855	185
138878	185
138902	185
138937	185
138972	185
138996	185
139031	185
139066	185
139089	185
139125	185
139160	185
139183	185
139218	185
139242	186
139277	186
139300	186
139335	186
139371	186
139406	186
139441	186
139464	186
139500	186
139535	186
139558	186
139593	186
139617	186
139652	186
139675	186
139710	186
139734	186
139769	186
139792	186
139828	186
139863	186
139886	186
139921	186
139957	186
139980	186
140015	186
140039	186
140074	186
140109	186
140144	186
140179	186
140214	186
140250	186
140273	186
140308	186
140332	186
140367	186
140390	186
140425	186
140460	186
140484	186
140519	186
140542	186
140578	186
140613	186
140636	186
140671	186
140707	186
140730	186
140765	186
140789	187
140824	187
140859	187
140894	187
140929	187
140964	187
141000	187
141023	187
141058	187
141082	187
141117	187
141140	187
141175	187
141210	187
141234	187
141269	187
141292	187
141328	187
141363	187
141386	187
141421	187
141457	187
141480	187
141515	187
141550	187
141574	187
141609	187
141644	187
141679	187
141714	187
141750	187
141773	187
141808	187
141832	187
141867	187
141890	187
141925	187
141960	187
141984	187
142019	187
142042	187
142078	187
142113	187
142136	187
142171	187
142195	187
142230	187
142253	187
142289	187
142324	187
142347	188
142382	188
142417	188
142453	188
142488	188
142523	188
142546	188
142582	188
142617	188
142652	188
142675	188
142710	188
142746	188
142769	188
142804	188
142839	188
142875	188
142898	188
142933	188
142957	188
142992	188
143027	188
143050	188
143085	188
143121	188
143144	188
143179	188
143214	188
143250	188
143273	188
143308	188
143343	188
143378	188
143402	188
143437	188
143460	188
143496	188
143531	188
143566	188
143601	188
143625	188
143660	188
143683	188
143718	188
143742	188
143777	188
143812	188
143835	188
143871	188
143906	188
143941	189
143976	189
144000	189
144035	189
144070	189
144105	189
144140	189
144164	189
144199	189
144234	189
144269	189
144304	189
144328	189
144363	189
144398	189
144421	189
144457	189
144480	189
144503	189
144539	189
144562	189
144597	189
144632	189
144656	189
144691	189
144726	189
144750	189
144785	189
144820	189
144855	189
144878	189
144914	189
144949	189
144972	189
145019	189
145054	189
145089	189
145125	189
145148	189
145183	189
145218	189
145242	189
145277	189
145300	189
145335	189
145371	189
145394	189
145429	189
145453	189
145488	189
145523	190
145546	190
145582	190
145617	190
145640	190
145675	190
145710	190
145734	190
145781	190
145816	190
145851	190
145875	190
145910	190
145933	190
145968	190
146003	190
146027	190
146062	190
146097	190
146121	190
146156	190
146179	190
146214	190
146250	190
146273	190
146308	190
146343	190
146378	190
146402	190
146437	190
146460	190
146496	190
146542	190
146578	190
146613	190
146636	190
146671	190
146707	190
146730	190
146765	190
146789	190
146824	190
146859	190
146882	190
146906	190
146941	190
146964	190
147000	190
147035	190
147058	190
147093	191
147117	191
147152	191
147175	191
147210	191
147246	191
147292	191
147328	191
147363	191
147386	191
147421	191
147457	191
147492	191
147527	191
147550	191
147585	191
147609	191
147644	191
147679	191
147703	191
147738	191
147773	191
147796	191
147820	191
147843	191
147878	191
147902	191
147937	191
147972	191
147996	191
148031	191
148066	191
148101	191
148125	191
148160	191
148195	191
148230	191
148253	191
148289	191
148312	191
148347	191
148382	191
148406	191
148441	191
148476	191
148500	191
148535	191
148570	191
148593	191
148628	191
148652	192
148687	192
148710	192
148746	192
148781	192
148816	192
148851	192
148875	192
148910	192
148945	192
148968	192
149003	192
149027	192
149062	192
149097	192
149121	192
149156	192
149191	192
149214	192
149250	192
149285	192
149308	192
149332	192
149355	192
149390	192
149414	192
149449	192
149484	192
149507	192
149542	192
149578	192
149613	192
149636	192
149671	192
149707	192
149742	192
149777	192
149812	192
149835	192
149871	192
149906	192
149941	192
149976	192
150011	192
150035	192
150070	192
150093	192
150128	192
150152	192
150187	192
150210	193
150246	193
150281	193
150304	193
150339	193
150375	193
150398	193
150433	193
150468	193
150492	193
150527	193
150550	193
150585	193
150621	193
150644	193
150679	193
150714	193
150738	193
150773	193
150808	193
150832	193
150855	193
150890	193
150914	193
150949	193
150972	193
151007	193
151042	193
151066	193
151101	193
151125	193
151160	193
151195	193
151218	193
151253	193
151289	193
151312	193
151347	193
151382	193
151417	193
151453	193
151476	193
151511	193
151546	193
151570	193
151605	193
151628	193
151652	193
151687	193
151722	193
151746	194
151781	194
151816	194
151839	194
151875	194
151910	194
151933	194
151968	194
151992	194
152027	194
152062	194
152085	194
152121	194
152156	194
152191	194
152226	194
152261	194
152285	194
152320	194
152343	194
152378	194
152402	194
152437	194
152472	194
152496	194
152519	194
152554	194
152589	194
152613	194
152648	194
152683	194
152707	194
152742	194
152765	194
152800	194
152824	194
152859	194
152894	194
152929	194
152964	194
153000	194
153035	194
153058	194
153093	194
153117	194
153152	194
153175	194
153210	194
153234	194
153269	194
153304	195
153328	195
153363	195
153398	195
153421	195
153457	195
153492	195
153515	195
153550	195
153574	195
153609	195
153644	195
153679	195
153714	195
153750	195
153785	195
153808	195
153843	195
153867	195
153902	195
153925	195
153960	195
153996	195
154019	195
154054	195
154078	195
154113	195
154148	195
154171	195
154207	195
154230	195
154265	195
154289	195
154324	195
154359	195
154394	195
154429	195
154464	195
154488	195
154523	195
154558	195
154582	195
154617	195
154652	195
154675	195
154710	195
154746	195
154769	195
154804	195
154839	195
154875	196
154898	196
154933	196
154957	196
154992	196
155015	196
155050	196
155074	196
155109	196
155144	196
155179	196
155203	196
155238	196
155273	196
155296	196
155332	196
155367	196
155390	196
155425	196
155449	196
155484	196
155519	196
155554	196
155578	196
155613	196
155648	196
155671	196
155707	196
155730	196
155765	196
155789	196
155824	196
155859	196
155882	196
155917	196
155953	196
155988	196
156023	196
156046	196
156082	196
156117	196
156152	196
156187	196
156210	196
156246	196
156281	196
156316	196
156351	196
156375	196
156410	196
156433	197
156468	197
156492	197
156515	197
156550	197
156585	197
156609	197
156644	197
156667	197
156703	197
156738	197
156761	197
156796	197
156832	197
156867	197
156890	197
156925	197
156960	197
156996	197
157031	197
157066	197
157101	197
157125	197
157160	197
157195	197
157218	197
157253	197
157277	197
157312	197
157335	197
157371	197
157406	197
157429	197
157464	197
157488	197
157523	197
157546	197
157582	197
157617	197
157640	197
157675	197
157699	197
157734	197
157769	197
157804	197
157839	197
157875	197
157898	197
157933	197
157968	197
157992	198
158027	198
158050	198
158085	198
158109	198
158144	198
158179	198
158203	198
158238	198
158261	198
158296	198
158332	198
158367	198
158390	198
158425	198
158449	198
158484	198
158519	198
158566	198
158601	198
158625	198
158660	198
158683	198
158718	198
158742	198
158777	198
158812	198
158835	198
158871	198
158894	198
158917	198
158953	198
158976	198
159011	198
159046	198
159070	198
159093	198
159128	198
timepoint: 187.3