0	0
0	0
0	0
0	0
0	0
0	0
0	0
0	0
0	0
0	0
0	0
0	0
0	0
0	0
0	0
0	0
0	0
0	0
0	0
0	0
0	0
0	0
0	0
0	0
0	0
0	0
0	0
0	0
0	0
0	0
0	0
0	0
0	0
0	0
0	0
0	0
0	0
0	0
0	0
0	0
0	0
0	0
0	0
0	0
0	0
0	0
0	0
0	0
0	0
0	0
0	1
0	1
0	1
0	1
0	1
0	1
0	1
0	1
0	1
0	1
0	1
0	1
0	1
0	1
0	1
0	1
0	1
0	1
0	1
0	1
0	1
0	1
0	1
0	1
0	1
0	1
0	1
0	1
0	1
0	1
0	1
0	1
0	1
0	1
0	1
0	1
0	1
0	1
0	1
0	1
0	1
0	1
0	1
0	1
0	1
0	1
0	1
0	1
0	1
0	1
0	2
0	2
0	2
0	2
0	2
0	2
0	2
0	2
0	2
0	2
0	2
0	2
0	2
0	2
0	2
0	2
0	2
0	2
0	2
0	2
0	2
0	2
0	2
0	2
0	2
0	2
0	2
0	2
0	2
0	2
0	2
0	2
0	2
0	2
0	2
0	2
0	2
0	2
0	2
0	2
0	2
0	2
0	2
0	2
0	2
0	2
0	2
0	2
0	2
0	2
0	3
0	3
0	3
0	3
0	3
0	3
0	3
0	3
0	3
0	3
0	3
0	3
0	3
0	3
0	3
0	3
0	3
0	3
0	3
0	3
0	3
0	3
0	3
0	3
0	3
0	3
0	3
0	3
0	3
0	3
0	3
0	3
0	3
0	3
0	3
0	3
0	3
0	3
0	3
0	3
0	3
0	3
0	3
0	3
0	3
0	3
0	3
0	3
0	3
0	3
0	4
0	4
0	4
0	4
0	4
0	4
0	4
0	4
0	4
0	4
0	4
0	4
0	4
0	4
0	4
0	4
0	4
0	4
0	4
0	4
0	4
0	4
0	4
0	4
0	4
0	4
0	4
0	4
0	4
0	4
0	4
0	4
0	4
0	4
0	4
0	4
0	4
0	4
0	4
0	4
0	4
0	4
0	4
0	4
0	4
11	4
11	4
11	4
11	4
11	4
11	5
11	5
11	5
11	5
11	5
23	5
23	5
23	5
23	5
23	5
23	5
23	5
23	5
23	5
23	5
23	5
23	5
23	5
23	5
23	5
23	5
23	5
23	5
23	5
23	5
23	5
23	5
23	5
23	5
23	5
23	5
23	5
23	5
23	5
23	5
23	5
23	5
23	5
23	5
23	5
23	5
11	5
11	5
11	5
11	5
11	5
11	5
11	5
11	5
11	5
11	6
11	6
11	6
11	6
11	6
11	6
11	6
11	6
11	6
11	6
11	6
11	6
11	6
11	6
11	6
11	6
11	6
11	6
11	6
11	6
23	6
23	6
23	6
23	6
23	6
23	6
23	6
23	6
23	6
23	6
23	6
23	6
23	6
23	6
35	6
35	6
35	6
35	6
35	6
35	6
35	6
35	6
35	6
35	6
35	6
35	6
35	6
35	6
35	6
35	6
35	7
35	7
35	7
35	7
35	7
35	7
35	7
35	7
23	7
23	7
23	7
23	7
23	7
23	7
23	7
23	7
23	7
23	7
23	7
23	7
23	7
23	7
23	7
23	7
23	7
23	7
23	7
23	7
23	7
23	7
23	7
23	7
23	7
23	7
23	7
23	7
23	7
23	7
23	7
23	7
23	7
23	7
23	7
23	7
35	7
35	7
35	7
35	7
35	7
35	7
35	8
35	8
35	8
35	8
35	8
35	8
35	8
35	8
35	8
35	8
35	8
35	8
35	8
35	8
35	8
35	8
35	8
35	8
35	8
35	8
35	8
35	8
35	8
35	8
35	8
35	8
35	8
35	8
35	8
35	8
35	8
35	8
35	8
35	8
35	8
35	8
35	8
35	8
35	8
35	8
35	8
35	8
35	8
35	8
35	8
35	8
35	8
35	8
35	8
35	8
35	9
35	9
35	9
35	9
35	9
35	9
35	9
35	9
35	9
35	9
35	9
35	9
35	9
35	9
35	9
35	9
35	9
35	9
35	9
35	9
35	9
35	9
35	9
35	9
35	9
35	9
35	9
35	9
35	9
35	9
35	9
35	9
35	9
35	9
35	9
35	9
35	9
35	9
35	9
35	9
35	9
35	9
35	9
35	9
35	9
35	9
35	9
35	9
35	9
35	9
35	10
35	10
35	10
35	10
35	10
35	10
35	10
35	10
35	10
35	10
35	10
35	10
35	10
35	10
35	10
35	10
35	10
35	10
35	10
35	10
35	10
35	10
35	10
35	10
35	10
35	10
35	10
35	10
35	10
35	10
35	10
35	10
35	10
35	10
35	10
35	10
35	10
35	10
35	10
35	10
35	10
35	10
35	10
35	10
35	10
35	10
35	10
35	10
35	10
35	10
35	11
35	11
35	11
35	11
35	11
35	11
35	11
35	11
35	11
35	11
35	11
35	11
35	11
35	11
35	11
35	11
35	11
35	11
35	11
35	11
35	11
35	11
35	11
35	11
35	11
35	11
35	11
35	11
35	11
35	11
35	11
35	11
35	11
35	11
35	11
35	11
35	11
35	11
35	11
35	11
35	11
35	11
35	11
35	11
35	11
35	11
35	11
35	11
35	11
35	11
35	12
35	12
35	12
35	12
35	12
35	12
35	12
35	12
35	12
35	12
35	12
35	12
35	12
35	12
35	12
35	12
35	12
35	12
35	12
35	12
35	12
35	12
35	12
35	12
35	12
35	12
35	12
35	12
35	12
35	12
35	12
35	12
35	12
35	12
35	12
35	12
35	12
35	12
35	12
35	12
35	12
35	12
35	12
35	12
35	12
35	12
35	12
35	12
35	12
35	12
35	13
35	13
35	13
35	13
35	13
35	13
35	13
35	13
35	13
35	13
35	13
35	13
35	13
35	13
35	13
35	13
35	13
35	13
35	13
35	13
35	13
35	13
35	13
35	13
35	13
35	13
35	13
35	13
35	13
35	13
35	13
35	13
35	13
35	13
35	13
35	13
35	13
35	13
35	13
35	13
35	13
35	13
35	13
35	13
35	13
35	13
35	13
35	13
35	13
35	13
35	14
35	14
35	14
35	14
35	14
35	14
35	14
35	14
35	14
35	14
35	14
35	14
35	14
35	14
35	14
35	14
35	14
35	14
35	14
35	14
35	14
35	14
35	14
35	14
35	14
35	14
35	14
35	14
35	14
35	14
35	14
35	14
35	14
35	14
35	14
35	14
35	14
35	14
35	14
35	14
35	14
35	14
35	14
35	14
35	14
35	14
35	14
35	14
35	14
35	14
35	15
35	15
35	15
35	15
35	15
35	15
35	15
35	15
35	15
35	15
35	15
35	15
35	15
35	15
35	15
35	15
35	15
35	15
35	15
35	15
35	15
35	15
35	15
35	15
35	15
35	15
35	15
35	15
35	15
35	15
35	15
35	15
35	15
35	15
35	15
35	15
35	15
35	15
35	15
35	15
35	15
35	15
35	15
35	15
35	15
35	15
35	15
35	15
35	15
35	15
35	16
35	16
35	16
35	16
35	16
35	16
35	16
35	16
35	16
35	16
35	16
35	16
35	16
35	16
35	16
35	16
35	16
35	16
35	16
35	16
35	16
35	16
35	16
35	16
35	16
35	16
35	16
35	16
35	16
35	16
35	16
35	16
35	16
35	16
35	16
35	16
35	16
35	16
35	16
35	16
35	16
35	16
35	16
35	16
35	16
35	16
35	16
35	16
35	16
35	16
35	17
35	17
35	17
35	17
35	17
35	17
35	17
35	17
35	17
35	17
35	17
35	17
35	17
35	17
35	17
35	17
35	17
35	17
35	17
35	17
35	17
35	17
35	17
35	17
35	17
35	17
35	17
35	17
35	17
35	17
35	17
35	17
35	17
35	17
35	17
35	17
35	17
35	17
35	17
35	17
35	17
35	17
35	17
35	17
35	17
35	17
35	17
35	17
35	17
35	17
35	18
35	18
35	18
35	18
35	18
35	18
35	18
35	18
35	18
35	18
35	18
35	18
35	18
35	18
35	18
35	18
35	18
35	18
35	18
35	18
35	18
35	18
35	18
35	18
35	18
35	18
35	18
35	18
35	18
35	18
35	18
35	18
35	18
35	18
35	18
35	18
35	18
35	18
35	18
35	18
35	18
35	18
35	18
35	18
35	18
35	18
35	18
35	18
35	18
35	18
35	19
35	19
35	19
35	19
35	19
35	19
35	19
35	19
35	19
35	19
35	19
35	19
35	19
35	19
35	19
35	19
35	19
35	19
35	19
35	19
35	19
35	19
35	19
35	19
35	19
35	19
35	19
35	19
35	19
35	19
35	19
35	19
35	19
35	19
35	19
35	19
35	19
35	19
35	19
35	19
35	19
35	19
35	19
35	19
35	19
35	19
35	19
35	19
35	19
35	19
35	20
35	20
35	20
35	20
35	20
35	20
35	20
35	20
35	20
35	20
35	20
35	20
35	20
35	20
35	20
35	20
35	20
35	20
35	20
35	20
35	20
35	20
35	20
35	20
35	20
35	20
35	20
35	20
35	20
35	20
35	20
35	20
35	20
35	20
35	20
35	20
35	20
35	20
35	20
35	20
35	20
35	20
35	20
35	20
35	20
35	20
35	20
35	20
35	20
35	20
35	21
35	21
35	21
35	21
35	21
35	21
35	21
35	21
35	21
35	21
35	21
35	21
35	21
35	21
35	21
35	21
35	21
35	21
35	21
35	21
35	21
35	21
35	21
35	21
35	21
35	21
35	21
35	21
35	21
35	21
35	21
35	21
35	21
35	21
35	21
35	21
35	21
35	21
35	21
35	21
35	21
35	21
35	21
35	21
35	21
35	21
35	21
35	21
35	21
35	21
35	22
35	22
35	22
35	22
35	22
35	22
35	22
35	22
35	22
35	22
35	22
35	22
35	22
35	22
35	22
35	22
35	22
35	22
35	22
35	22
35	22
35	22
35	22
35	22
35	22
35	22
35	22
35	22
35	22
35	22
35	22
35	22
35	22
35	22
35	22
35	22
35	22
35	22
35	22
35	22
35	22
35	22
35	22
35	22
35	22
35	22
35	22
35	22
35	22
35	22
35	23
35	23
35	23
35	23
35	23
35	23
35	23
35	23
35	23
35	23
35	23
35	23
35	23
35	23
35	23
35	23
35	23
35	23
35	23
35	23
35	23
35	23
35	23
35	23
35	23
35	23
35	23
35	23
35	23
35	23
35	23
35	23
35	23
35	23
35	23
35	23
35	23
35	23
35	23
35	23
35	23
35	23
35	23
35	23
35	23
35	23
35	23
35	23
35	23
35	23
35	24
35	24
35	24
35	24
35	24
35	24
35	24
35	24
35	24
35	24
35	24
35	24
35	24
35	24
35	24
35	24
35	24
35	24
35	24
35	24
35	24
35	24
35	24
35	24
35	24
35	24
35	24
35	24
35	24
35	24
35	24
35	24
35	24
35	24
35	24
35	24
35	24
35	24
35	24
35	24
35	24
35	24
35	24
35	24
35	24
35	24
35	24
35	24
35	24
35	24
35	25
35	25
35	25
35	25
35	25
35	25
35	25
35	25
35	25
35	25
35	25
35	25
35	25
35	25
35	25
35	25
35	25
35	25
35	25
35	25
35	25
35	25
35	25
35	25
35	25
35	25
35	25
35	25
35	25
35	25
35	25
35	25
35	25
35	25
35	25
35	25
35	25
35	25
35	25
35	25
35	25
35	25
35	25
35	25
35	25
35	25
35	25
35	25
35	25
35	25
35	26
35	26
35	26
35	26
35	26
35	26
35	26
35	26
35	26
35	26
35	26
35	26
35	26
35	26
35	26
35	26
35	26
35	26
35	26
35	26
35	26
35	26
35	26
35	26
35	26
35	26
35	26
35	26
35	26
35	26
35	26
35	26
35	26
35	26
35	26
35	26
35	26
35	26
35	26
35	26
35	26
35	26
35	26
35	26
35	26
35	26
35	26
35	26
35	26
35	26
35	27
35	27
35	27
35	27
35	27
35	27
35	27
35	27
35	27
35	27
35	27
35	27
35	27
35	27
35	27
35	27
35	27
35	27
35	27
35	27
35	27
35	27
35	27
35	27
35	27
35	27
35	27
35	27
35	27
35	27
35	27
35	27
35	27
35	27
35	27
35	27
35	27
35	27
35	27
35	27
35	27
35	27
35	27
35	27
35	27
35	27
35	27
35	27
35	27
35	27
35	28
35	28
35	28
35	28
35	28
35	28
35	28
35	28
35	28
35	28
35	28
35	28
35	28
35	28
35	28
35	28
35	28
35	28
35	28
35	28
35	28
35	28
35	28
35	28
35	28
35	28
35	28
35	28
35	28
35	28
35	28
35	28
35	28
35	28
35	28
35	28
35	28
35	28
35	28
35	28
35	28
35	28
35	28
35	28
35	28
35	28
35	28
35	28
35	28
35	28
35	29
35	29
35	29
35	29
35	29
35	29
35	29
35	29
35	29
35	29
35	29
35	29
35	29
35	29
35	29
35	29
35	29
35	29
35	29
35	29
35	29
35	29
35	29
35	29
35	29
35	29
35	29
35	29
35	29
35	29
35	29
35	29
35	29
35	29
35	29
35	29
35	29
35	29
35	29
35	29
35	29
35	29
35	29
35	29
35	29
35	29
35	29
35	29
35	29
35	29
35	30
35	30
35	30
35	30
35	30
35	30
35	30
35	30
35	30
35	30
35	30
35	30
35	30
35	30
35	30
35	30
35	30
35	30
35	30
35	30
35	30
35	30
35	30
35	30
35	30
35	30
35	30
35	30
35	30
35	30
35	30
35	30
35	30
35	30
35	30
35	30
35	30
35	30
35	30
35	30
35	30
35	30
35	30
46	30
46	30
46	30
46	30
46	30
46	30
46	30
46	31
46	31
46	31
46	31
46	31
46	31
46	31
46	31
46	31
46	31
46	31
46	31
46	31
46	31
46	31
46	31
46	31
46	31
46	31
46	31
46	31
46	31
46	31
46	31
46	31
46	31
46	31
46	31
46	31
46	31
46	31
46	31
46	31
46	31
46	31
46	31
46	31
46	31
46	31
46	31
46	31
46	31
58	31
58	31
58	31
58	31
58	31
58	31
58	31
58	31
58	32
58	32
58	32
58	32
58	32
58	32
58	32
58	32
58	32
58	32
58	32
58	32
58	32
58	32
58	32
70	32
70	32
70	32
70	32
70	32
70	32
70	32
70	32
70	32
70	32
70	32
70	32
70	32
82	32
82	32
82	32
82	32
82	32
82	32
82	32
82	32
82	32
82	32
82	32
82	32
82	32
82	32
82	32
93	32
93	32
93	32
93	32
93	32
93	32
93	32
93	33
93	33
93	33
105	33
105	33
105	33
105	33
105	33
105	33
105	33
105	33
105	33
105	33
117	33
117	33
117	33
117	33
117	33
117	33
117	33
117	33
117	33
117	33
128	33
128	33
128	33
128	33
128	33
128	33
128	33
128	33
140	33
140	33
140	33
140	33
140	33
140	33
140	33
140	33
152	33
152	33
152	33
152	33
152	33
152	33
152	33
152	33
164	33
164	33
164	33
164	34
164	34
164	34
164	34
164	34
175	34
175	34
175	34
175	34
175	34
175	34
175	34
175	34
175	34
175	34
187	34
187	34
187	34
187	34
187	34
187	34
187	34
199	34
199	34
199	34
199	34
199	34
199	34
199	34
199	34
199	34
199	34
210	34
210	34
210	34
210	34
210	34
210	34
210	34
222	34
222	34
222	34
222	34
222	34
222	34
222	34
234	34
234	34
234	34
234	34
234	35
234	35
234	35
246	35
246	35
246	35
246	35
246	35
246	35
246	35
257	35
257	35
257	35
257	35
257	35
257	35
269	35
269	35
269	35
269	35
269	35
269	35
281	35
281	35
281	35
281	35
281	35
281	35
292	35
292	35
292	35
292	35
292	35
292	35
304	35
304	35
304	35
304	35
304	35
304	35
316	35
316	35
316	35
316	35
316	35
328	35
328	35
328	35
328	35
328	35
328	36
339	36
339	36
339	36
339	36
339	36
339	36
351	36
351	36
351	36
351	36
351	36
351	36
363	36
363	36
363	36
363	36
363	36
363	36
375	36
375	36
375	36
375	36
375	36
386	36
386	36
386	36
386	36
386	36
386	36
398	36
398	36
398	36
398	36
398	36
398	36
410	36
410	36
410	36
410	36
410	36
421	36
421	36
421	36
421	36
421	36
421	36
433	36
433	36
433	36
433	37
433	37
445	37
445	37
445	37
445	37
445	37
445	37
457	37
457	37
457	37
457	37
457	37
457	37
468	37
468	37
468	37
468	37
468	37
468	37
480	37
480	37
480	37
480	37
480	37
480	37
492	37
492	37
492	37
492	37
492	37
492	37
503	37
503	37
503	37
503	37
503	37
503	37
515	37
515	37
515	37
515	37
515	37
515	37
515	37
527	37
527	37
527	37
527	37
527	37
539	38
539	38
539	38
539	38
539	38
539	38
550	38
550	38
550	38
550	38
550	38
562	38
562	38
562	38
562	38
562	38
574	38
574	38
574	38
574	38
574	38
585	38
585	38
585	38
585	38
585	38
597	38
597	38
597	38
597	38
609	38
609	38
609	38
609	38
609	38
621	38
621	38
621	38
621	38
621	38
621	38
632	38
632	38
632	38
632	38
632	38
644	38
644	38
644	38
644	38
644	39
656	39
656	39
656	39
656	39
656	39
667	39
667	39
667	39
667	39
667	39
679	39
679	39
679	39
679	39
679	39
691	39
691	39
691	39
691	39
703	39
703	39
703	39
703	39
703	39
714	39
714	39
714	39
714	39
726	39
726	39
726	39
726	39
726	39
738	39
738	39
738	39
738	39
738	39
750	39
750	39
750	39
750	39
761	39
761	39
761	39
761	39
761	39
773	39
773	39
773	40
773	40
773	40
785	40
785	40
785	40
785	40
796	40
796	40
796	40
796	40
796	40
808	40
808	40
808	40
808	40
820	40
820	40
820	40
820	40
820	40
832	40
832	40
832	40
832	40
843	40
843	40
843	40
843	40
843	40
855	40
855	40
855	40
855	40
867	40
867	40
867	40
867	40
878	40
878	40
878	40
878	40
890	40
890	40
890	40
890	40
902	40
902	40
902	40
902	40
914	41
914	41
914	41
914	41
925	41
925	41
925	41
925	41
925	41
937	41
937	41
937	41
937	41
949	41
949	41
949	41
949	41
949	41
960	41
960	41
960	41
960	41
960	41
972	41
972	41
972	41
972	41
984	41
984	41
984	41
984	41
996	41
996	41
996	41
996	41
1007	41
1007	41
1007	41
1007	41
1019	41
1019	41
1019	41
1019	41
1031	41
1031	41
1031	41
1042	41
1042	41
1042	41
1042	41
1054	42
1054	42
1054	42
1066	42
1066	42
1066	42
1066	42
1078	42
1078	42
1078	42
1078	42
1089	42
1089	42
1089	42
1101	42
1101	42
1101	42
1101	42
1113	42
1113	42
1113	42
1113	42
1113	42
1125	42
1125	42
1125	42
1125	42
1136	42
1136	42
1136	42
1136	42
1136	42
1148	42
1148	42
1148	42
1148	42
1148	42
1160	42
1160	42
1160	42
1160	42
1171	42
1171	42
1171	42
1171	42
1171	42
1183	42
1183	42
1183	42
1183	42
1183	43
1195	43
1195	43
1195	43
1195	43
1207	43
1207	43
1207	43
1207	43
1218	43
1218	43
1218	43
1218	43
1230	43
1230	43
1230	43
1230	43
1242	43
1242	43
1242	43
1242	43
1253	43
1253	43
1253	43
1253	43
1265	43
1265	43
1265	43
1265	43
1277	43
1277	43
1277	43
1277	43
1277	43
1289	43
1289	43
1289	43
1289	43
1289	43
1300	43
1300	43
1300	43
1300	43
1312	43
1312	43
1312	43
1312	43
1312	43
1324	43
1324	43
1324	44
1324	44
1324	44
1335	44
1335	44
1335	44
1335	44
1335	44
1347	44
1347	44
1347	44
1347	44
1359	44
1359	44
1359	44
1359	44
1359	44
1371	44
1371	44
1371	44
1371	44
1371	44
1382	44
1382	44
1382	44
1382	44
1394	44
1394	44
1394	44
1394	44
1406	44
1406	44
1406	44
1406	44
1406	44
1417	44
1417	44
1417	44
1417	44
1429	44
1429	44
1429	44
1429	44
1441	44
1441	44
1441	44
1441	44
1453	44
1453	44
1453	44
1453	45
1464	45
1464	45
1464	45
1464	45
1476	45
1476	45
1476	45
1476	45
1476	45
1488	45
1488	45
1488	45
1488	45
1500	45
1500	45
1500	45
1500	45
1500	45
1511	45
1511	45
1511	45
1511	45
1511	45
1523	45
1523	45
1523	45
1523	45
1523	45
1535	45
1535	45
1535	45
1535	45
1546	45
1546	45
1546	45
1546	45
1546	45
1558	45
1558	45
1558	45
1558	45
1558	45
1570	45
1570	45
1570	45
1570	45
1582	45
1582	45
1582	45
1582	46
1582	46
1593	46
1593	46
1593	46
1593	46
1605	46
1605	46
1605	46
1605	46
1617	46
1617	46
1617	46
1617	46
1617	46
1628	46
1628	46
1628	46
1640	46
1640	46
1640	46
1640	46
1652	46
1652	46
1652	46
1652	46
1664	46
1664	46
1664	46
1664	46
1664	46
1675	46
1675	46
1675	46
1675	46
1687	46
1687	46
1687	46
1687	46
1687	46
1699	46
1699	46
1699	46
1699	46
1699	46
1710	46
1710	46
1710	46
1710	46
1710	46
1722	47
1722	47
1722	47
1722	47
1722	47
1734	47
1734	47
1734	47
1734	47
1734	47
1746	47
1746	47
1746	47
1746	47
1757	47
1757	47
1757	47
1757	47
1769	47
1769	47
1769	47
1769	47
1781	47
1781	47
1781	47
1792	47
1792	47
1792	47
1792	47
1804	47
1804	47
1804	47
1816	47
1816	47
1816	47
1828	47
1828	47
1828	47
1828	47
1839	47
1839	47
1839	47
1851	47
1851	47
1851	47
1851	47
1863	47
1863	47
1863	47
1875	47
1875	48
1875	48
1875	48
1886	48
1886	48
1886	48
1886	48
1898	48
1898	48
1898	48
1898	48
1898	48
1910	48
1910	48
1910	48
1910	48
1921	48
1921	48
1921	48
1921	48
1921	48
1921	48
1933	48
1933	48
1933	48
1933	48
1945	48
1945	48
1945	48
1945	48
1945	48
1957	48
1957	48
1957	48
1957	48
1968	48
1968	48
1968	48
1968	48
1980	48
1980	48
1980	48
1980	48
1992	48
1992	48
1992	48
1992	48
2003	48
2003	48
2003	48
2003	49
2015	49
2015	49
2015	49
2015	49
2027	49
2027	49
2027	49
2039	49
2039	49
2039	49
2039	49
2050	49
2050	49
2050	49
2050	49
2062	49
2062	49
2062	49
2062	49
2074	49
2074	49
2074	49
2074	49
2085	49
2085	49
2085	49
2097	49
2097	49
2097	49
2097	49
2109	49
2109	49
2109	49
2109	49
2121	49
2121	49
2121	49
2121	49
2132	49
2132	49
2132	49
2132	49
2144	49
2144	49
2144	49
2144	49
2156	49
2156	49
2156	49
2156	50
2167	50
2167	50
2167	50
2167	50
2179	50
2179	50
2179	50
2179	50
2191	50
2191	50
2191	50
2191	50
2203	50
2203	50
2203	50
2203	50
2214	50
2214	50
2214	50
2226	50
2226	50
2226	50
2226	50
2238	50
2238	50
2238	50
2238	50
2250	50
2250	50
2250	50
2261	50
2261	50
2261	50
2273	50
2273	50
2273	50
2273	50
2285	50
2285	50
2285	50
2296	50
2296	50
2296	50
2308	50
2308	50
2308	50
2308	50
2320	50
2320	50
2320	51
2332	51
2332	51
2332	51
2332	51
2343	51
2343	51
2343	51
2355	51
2355	51
2355	51
2355	51
2367	51
2367	51
2367	51
2378	51
2378	51
2378	51
2390	51
2390	51
2390	51
2390	51
2402	51
2402	51
2402	51
2414	51
2414	51
2414	51
2425	51
2425	51
2425	51
2425	51
2437	51
2437	51
2437	51
2437	51
2449	51
2449	51
2449	51
2460	51
2460	51
2460	51
2460	51
2472	51
2472	51
2472	51
2484	51
2484	51
2484	51
2496	51
2496	52
2507	52
2507	52
2507	52
2519	52
2519	52
2519	52
2531	52
2531	52
2542	52
2542	52
2554	52
2554	52
2554	52
2566	52
2566	52
2578	52
2578	52
2589	52
2589	52
2589	52
2601	52
2601	52
2613	52
2613	52
2613	52
2625	52
2625	52
2625	52
2636	52
2636	52
2636	52
2648	52
2648	52
2648	52
2660	52
2660	52
2660	52
2671	52
2671	52
2671	52
2671	52
2683	52
2683	52
2683	52
2695	52
2695	52
2695	52
2707	52
2707	52
2707	53
2718	53
2718	53
2730	53
2730	53
2730	53
2742	53
2742	53
2742	53
2753	53
2753	53
2753	53
2765	53
2765	53
2765	53
2777	53
2777	53
2777	53
2789	53
2789	53
2789	53
2800	53
2800	53
2800	53
2812	53
2812	53
2824	53
2824	53
2824	53
2835	53
2835	53
2835	53
2847	53
2847	53
2859	53
2859	53
2859	53
2871	53
2871	53
2871	53
2882	53
2882	53
2882	53
2894	53
2894	53
2906	53
2906	53
2906	53
2917	53
2917	53
2917	54
2929	54
2929	54
2929	54
2941	54
2941	54
2941	54
2953	54
2953	54
2953	54
2964	54
2964	54
2964	54
2976	54
2976	54
2976	54
2988	54
2988	54
2988	54
3000	54
3000	54
3000	54
3011	54
3011	54
3011	54
3023	54
3023	54
3035	54
3035	54
3035	54
3046	54
3046	54
3058	54
3058	54
3058	54
3070	54
3070	54
3082	54
3082	54
3082	54
3093	54
3093	54
3093	54
3105	54
3105	54
3105	54
3117	54
3117	54
3117	54
3128	54
3128	55
3140	55
3140	55
3140	55
3152	55
3152	55
3164	55
3164	55
3164	55
3175	55
3175	55
3187	55
3187	55
3187	55
3199	55
3199	55
3199	55
3210	55
3210	55
3222	55
3222	55
3222	55
3234	55
3234	55
3246	55
3246	55
3257	55
3257	55
3257	55
3269	55
3269	55
3281	55
3281	55
3292	55
3292	55
3304	55
3304	55
3316	55
3316	55
3328	55
3328	55
3339	55
3339	55
3351	55
3351	55
3363	55
3363	55
3375	55
3375	55
3386	55
3386	56
3398	56
3398	56
3398	56
3410	56
3410	56
3421	56
3421	56
3421	56
3433	56
3433	56
3445	56
3445	56
3457	56
3457	56
3468	56
3468	56
3480	56
3480	56
3492	56
3492	56
3503	56
3503	56
3515	56
3515	56
3527	56
3527	56
3539	56
3539	56
3539	56
3550	56
3550	56
3562	56
3562	56
3574	56
3574	56
3574	56
3585	56
3585	56
3597	56
3597	56
3609	56
3609	56
3621	56
3621	56
3621	56
3632	56
3632	56
3644	56
3644	56
3656	57
3656	57
3656	57
3667	57
3667	57
3679	57
3679	57
3691	57
3691	57
3703	57
3703	57
3703	57
3714	57
3714	57
3726	57
3726	57
3738	57
3738	57
3738	57
3750	57
3750	57
3761	57
3761	57
3773	57
3773	57
3785	57
3785	57
3796	57
3796	57
3808	57
3808	57
3808	57
3820	57
3820	57
3832	57
3832	57
3843	57
3843	57
3843	57
3855	57
3855	57
3855	57
3867	57
3867	57
3878	57
3878	57
3878	57
3890	57
3890	57
3902	57
3902	58
3902	58
3914	58
3914	58
3925	58
3925	58
3937	58
3937	58
3949	58
3949	58
3960	58
3960	58
3972	58
3972	58
3972	58
3984	58
3984	58
3996	58
3996	58
4007	58
4007	58
4019	58
4019	58
4031	58
4031	58
4042	58
4042	58
4054	58
4054	58
4066	58
4066	58
4078	58
4078	58
4089	58
4089	58
4101	58
4101	58
4113	58
4113	58
4125	58
4125	58
4136	58
4136	58
4148	58
4148	58
4160	58
4160	58
4171	58
4171	58
4183	58
4183	59
4195	59
4195	59
4207	59
4207	59
4218	59
4218	59
4230	59
4230	59
4242	59
4242	59
4253	59
4253	59
4265	59
4265	59
4277	59
4277	59
4289	59
4289	59
4300	59
4300	59
4312	59
4312	59
4324	59
4324	59
4335	59
4335	59
4347	59
4347	59
4359	59
4359	59
4371	59
4371	59
4382	59
4382	59
4394	59
4394	59
4406	59
4406	59
4417	59
4417	59
4429	59
4429	59
4441	59
4441	59
4453	59
4453	59
4464	59
4464	59
4476	59
4476	60
4488	60
4488	60
4500	60
4500	60
4511	60
4511	60
4523	60
4523	60
4535	60
4535	60
4546	60
4546	60
4558	60
4558	60
4570	60
4570	60
4582	60
4582	60
4593	60
4593	60
4605	60
4605	60
4617	60
4617	60
4628	60
4628	60
4640	60
4640	60
4652	60
4652	60
4664	60
4664	60
4675	60
4675	60
4687	60
4687	60
4699	60
4699	60
4710	60
4710	60
4722	60
4722	60
4734	60
4746	60
4746	60
4757	60
4757	60
4769	60
4769	60
4781	61
4781	61
4792	61
4804	61
4804	61
4816	61
4816	61
4828	61
4839	61
4839	61
4851	61
4851	61
4863	61
4863	61
4875	61
4886	61
4886	61
4898	61
4898	61
4910	61
4910	61
4921	61
4921	61
4933	61
4933	61
4945	61
4945	61
4957	61
4968	61
4968	61
4980	61
4980	61
4992	61
4992	61
5003	61
5003	61
5015	61
5015	61
5027	61
5027	61
5039	61
5039	61
5050	61
5062	61
5062	61
5074	61
5074	61
5085	61
5085	61
5097	61
5097	62
5109	62
5121	62
5121	62
5132	62
5132	62
5144	62
5144	62
5156	62
5156	62
5167	62
5179	62
5179	62
5191	62
5191	62
5203	62
5203	62
5214	62
5214	62
5226	62
5238	62
5238	62
5250	62
5250	62
5261	62
5261	62
5273	62
5285	62
5285	62
5296	62
5296	62
5308	62
5320	62
5320	62
5332	62
5332	62
5343	62
5343	62
5355	62
5355	62
5367	62
5367	62
5367	62
5378	62
5378	62
5390	62
5390	62
5402	62
5402	62
5414	62
5414	63
5425	63
5437	63
5437	63
5449	63
5449	63
5460	63
5460	63
5472	63
5484	63
5484	63
5496	63
5496	63
5507	63
5519	63
5519	63
5531	63
5531	63
5542	63
5554	63
5554	63
5566	63
5566	63
5578	63
5589	63
5589	63
5601	63
5613	63
5613	63
5625	63
5636	63
5636	63
5648	63
5648	63
5660	63
5671	63
5671	63
5683	63
5683	63
5695	63
5707	63
5707	63
5718	63
5730	63
5730	63
5742	63
5753	63
5765	63
5765	63
5777	63
5789	64
5789	64
5800	64
5800	64
5812	64
5824	64
5824	64
5835	64
5835	64
5847	64
5859	64
5859	64
5871	64
5882	64
5882	64
5894	64
5906	64
5906	64
5917	64
5929	64
5929	64
5941	64
5953	64
5953	64
5964	64
5976	64
5976	64
5988	64
6000	64
6000	64
6011	64
6023	64
6023	64
6035	64
6035	64
6046	64
6058	64
6058	64
6070	64
6070	64
6082	64
6093	64
6093	64
6105	64
6105	64
6117	64
6128	64
6128	64
6140	64
6140	64
6152	65
6164	65
6164	65
6175	65
6175	65
6187	65
6199	65
6199	65
6210	65
6210	65
6222	65
6234	65
6234	65
6246	65
6257	65
6257	65
6269	65
6281	65
6281	65
6292	65
6304	65
6304	65
6316	65
6328	65
6328	65
6339	65
6351	65
6351	65
6363	65
6375	65
6375	65
6386	65
6398	65
6398	65
6410	65
6421	65
6421	65
6433	65
6433	65
6445	65
6457	65
6457	65
6468	65
6480	65
6480	65
6492	65
6492	65
6503	65
6515	65
6515	65
6527	66
6539	66
6539	66
6550	66
6562	66
6562	66
6574	66
6574	66
6585	66
6597	66
6597	66
6609	66
6621	66
6621	66
6632	66
6644	66
6644	66
6656	66
6667	66
6679	66
6679	66
6691	66
6703	66
6703	66
6714	66
6726	66
6726	66
6738	66
6750	66
6750	66
6761	66
6773	66
6773	66
6785	66
6796	66
6796	66
6808	66
6820	66
6820	66
6832	66
6843	66
6843	66
6855	66
6855	66
6867	66
6878	66
6878	66
6890	66
6890	66
6902	66
6914	67
6914	67
6925	67
6925	67
6937	67
6949	67
6949	67
6960	67
6972	67
6984	67
6984	67
6996	67
6996	67
7007	67
7019	67
7019	67
7031	67
7042	67
7042	67
7054	67
7066	67
7066	67
7078	67
7089	67
7089	67
7101	67
7113	67
7113	67
7125	67
7136	67
7148	67
7148	67
7160	67
7171	67
7171	67
7183	67
7195	67
7195	67
7207	67
7218	67
7218	67
7230	67
7242	67
7242	67
7253	67
7265	67
7265	67
7277	67
7289	67
7289	67
7300	68
7312	68
7312	68
7324	68
7335	68
7347	68
7347	68
7359	68
7371	68
7371	68
7382	68
7394	68
7406	68
7406	68
7417	68
7429	68
7441	68
7453	68
7453	68
7464	68
7476	68
7488	68
7488	68
7500	68
7511	68
7523	68
7523	68
7535	68
7546	68
7546	68
7558	68
7570	68
7570	68
7582	68
7593	68
7605	68
7605	68
7617	68
7628	68
7628	68
7640	68
7640	68
7652	68
7664	68
7664	68
7675	68
7687	68
7699	68
7699	68
7710	68
7722	69
7722	69
7734	69
7746	69
7757	69
7757	69
7769	69
7781	69
7781	69
7792	69
7804	69
7804	69
7816	69
7828	69
7839	69
7839	69
7851	69
7863	69
7863	69
7875	69
7886	69
7898	69
7898	69
7910	69
7921	69
7933	69
7933	69
7945	69
7957	69
7968	69
7968	69
7980	69
7992	69
7992	69
8003	69
8015	69
8015	69
8027	69
8039	69
8050	69
8050	69
8062	69
8074	69
8085	69
8085	69
8097	69
8109	69
8109	69
8121	69
8132	69
8144	70
8156	70
8167	70
8167	70
8179	70
8191	70
8203	70
8214	70
8226	70
8226	70
8238	70
8250	70
8261	70
8273	70
8273	70
8285	70
8296	70
8308	70
8308	70
8320	70
8332	70
8343	70
8343	70
8355	70
8367	70
8367	70
8378	70
8390	70
8390	70
8402	70
8414	70
8425	70
8425	70
8437	70
8449	70
8460	70
8460	70
8472	70
8484	70
8496	70
8507	70
8507	70
8519	70
8531	70
8531	70
8542	70
8554	70
8566	70
8566	70
8578	70
8589	71
8601	71
8601	71
8613	71
8625	71
8636	71
8636	71
8648	71
8660	71
8671	71
8683	71
8683	71
8695	71
8707	71
8718	71
8718	71
8730	71
8742	71
8753	71
8753	71
8765	71
8777	71
8789	71
8789	71
8800	71
8812	71
8824	71
8824	71
8835	71
8847	71
8859	71
8871	71
8871	71
8882	71
8894	71
8906	71
8917	71
8929	71
8941	71
8953	71
8964	71
8976	71
8976	71
8988	71
9000	71
9011	71
9023	71
9035	71
9035	71
9046	71
9058	72
9070	72
9070	72
9082	72
9093	72
9105	72
9117	72
9117	72
9128	72
9140	72
9152	72
9152	72
9164	72
9175	72
9187	72
9187	72
9199	72
9210	72
9222	72
9234	72
9246	72
9246	72
9257	72
9269	72
9281	72
9292	72
9292	72
9304	72
9316	72
9328	72
9339	72
9339	72
9351	72
9363	72
9375	72
9386	72
9386	72
9398	72
9410	72
9421	72
9433	72
9445	72
9445	72
9457	72
9468	72
9480	72
9480	72
9492	72
9503	72
9515	72
9527	73
9539	73
9539	73
9550	73
9562	73
9574	73
9585	73
9585	73
9597	73
9609	73
9621	73
9632	73
9644	73
9656	73
9667	73
9679	73
9679	73
9691	73
9703	73
9714	73
9726	73
9738	73
9750	73
9761	73
9773	73
9785	73
9785	73
9796	73
9808	73
9820	73
9832	73
9843	73
9843	73
9855	73
9867	73
9878	73
9890	73
9890	73
9902	73
9914	73
9925	73
9925	73
9937	73
9949	73
9960	73
9972	73
9984	73
9996	73
9996	73
10007	73
10019	74
10031	74
10042	74
10042	74
10054	74
10066	74
10078	74
10089	74
10089	74
10101	74
10113	74
10125	74
10136	74
10148	74
10148	74
10160	74
10171	74
10183	74
10195	74
10207	74
10218	74
10218	74
10230	74
10242	74
10253	74
10253	74
10265	74
10277	74
10289	74
10300	74
10300	74
10312	74
10324	74
10335	74
10347	74
10359	74
10371	74
10371	74
10382	74
10394	74
10406	74
10417	74
10429	74
10441	74
10453	74
10464	74
10476	74
10488	74
10500	74
10511	74
10511	75
10523	75
10535	75
10546	75
10558	75
10570	75
10582	75
10582	75
10593	75
10605	75
10617	75
10628	75
10640	75
10652	75
10664	75
10664	75
10675	75
10687	75
10699	75
10710	75
10722	75
10734	75
10734	75
10746	75
10757	75
10769	75
10781	75
10792	75
10804	75
10816	75
10828	75
10828	75
10839	75
10851	75
10863	75
10875	75
10886	75
10898	75
10910	75
10910	75
10921	75
10933	75
10945	75
10957	75
10968	75
10968	75
10980	75
10992	75
11003	75
11015	75
11027	76
11027	76
11039	76
11050	76
11062	76
11074	76
11085	76
11085	76
11097	76
11109	76
11121	76
11132	76
11144	76
11156	76
11167	76
11179	76
11191	76
11203	76
11203	76
11214	76
11226	76
11238	76
11250	76
11261	76
11273	76
11285	76
11296	76
11308	76
11308	76
11320	76
11332	76
11343	76
11355	76
11367	76
11378	76
11390	76
11402	76
11402	76
11414	76
11425	76
11437	76
11449	76
11460	76
11472	76
11484	76
11484	76
11496	76
11507	76
11519	76
11531	76
11542	77
11554	77
11566	77
11578	77
11589	77
11601	77
11613	77
11613	77
11625	77
11636	77
11648	77
11660	77
11671	77
11683	77
11695	77
11695	77
11707	77
11718	77
11730	77
11742	77
11753	77
11765	77
11765	77
11777	77
11789	77
11800	77
11812	77
11824	77
11835	77
11835	77
11847	77
11859	77
11871	77
11882	77
11894	77
11906	77
11917	77
11929	77
11941	77
11953	77
11964	77
11976	77
11988	77
12000	77
12011	77
12023	77
12023	77
12035	77
12046	77
12058	77
12070	78
12082	78
12093	78
12105	78
12117	78
12128	78
12140	78
12152	78
12164	78
12175	78
12187	78
12199	78
12199	78
12210	78
12222	78
12234	78
12246	78
12257	78
12269	78
12281	78
12292	78
12304	78
12316	78
12328	78
12339	78
12351	78
12363	78
12375	78
12386	78
12398	78
12398	78
12410	78
12421	78
12433	78
12445	78
12457	78
12468	78
12480	78
12480	78
12492	78
12503	78
12515	78
12515	78
12527	78
12539	78
12550	78
12562	78
12574	78
12585	78
12597	78
12609	79
12609	79
12621	79
12632	79
12644	79
12656	79
12667	79
12679	79
12691	79
12691	79
12703	79
12714	79
12726	79
12738	79
12750	79
12761	79
12773	79
12785	79
12796	79
12808	79
12820	79
12832	79
12843	79
12855	79
12867	79
12878	79
12890	79
12902	79
12914	79
12925	79
12937	79
12937	79
12949	79
12960	79
12972	79
12984	79
12996	79
13007	79
13019	79
13031	79
13042	79
13066	79
13078	79
13089	79
13101	79
13113	79
13125	79
13136	79
13148	79
13160	79
13171	80
13183	80
13195	80
13207	80
13218	80
13230	80
13230	80
13242	80
13253	80
13265	80
13277	80
13289	80
13300	80
13312	80
13324	80
13335	80
13347	80
13359	80
13371	80
13382	80
13382	80
13394	80
13406	80
13417	80
13429	80
13441	80
13453	80
13464	80
13476	80
13488	80
13500	80
13511	80
13523	80
13535	80
13546	80
13558	80
13558	80
13570	80
13582	80
13593	80
13605	80
13617	80
13628	80
13640	80
13652	80
13664	80
13675	80
13687	80
13699	80
13710	80
13722	81
13722	81
13734	81
13757	81
13769	81
13781	81
13792	81
13804	81
13816	81
13828	81
13851	81
13863	81
13875	81
13886	81
13898	81
13910	81
13921	81
13933	81
13933	81
13945	81
13957	81
13968	81
13992	81
14003	81
14015	81
14027	81
14027	81
14039	81
14050	81
14062	81
14074	81
14085	81
14097	81
14109	81
14121	81
14132	81
14144	81
14156	81
14167	81
14179	81
14191	81
14203	81
14214	81
14226	81
14238	81
14250	81
14261	81
14273	81
14285	81
14296	81
14308	82
14320	82
14332	82
14343	82
14355	82
14367	82
14378	82
14390	82
14402	82
14414	82
14425	82
14437	82
14449	82
14460	82
14472	82
14484	82
14496	82
14507	82
14519	82
14531	82
14542	82
14566	82
14578	82
14589	82
14601	82
14625	82
14636	82
14648	82
14660	82
14671	82
14671	82
14683	82
14695	82
14718	82
14730	82
14742	82
14753	82
14765	82
14777	82
14789	82
14800	82
14800	82
14812	82
14824	82
14847	82
14859	82
14871	82
14882	82
14894	82
14894	82
14906	83
14917	83
14929	83
14941	83
14953	83
14964	83
14976	83
14988	83
15000	83
15011	83
15023	83
15035	83
15046	83
15058	83
15070	83
15082	83
15093	83
15105	83
15117	83
15117	83
15128	83
15140	83
15152	83
15164	83
15175	83
15187	83
15199	83
15210	83
15222	83
15234	83
15246	83
15257	83
15281	83
15292	83
15304	83
15328	83
15339	83
15351	83
15363	83
15375	83
15398	83
15410	83
15421	83
15421	83
15433	83
15445	83
15468	83
15480	83
15492	83
15503	83
15527	84
15539	84
15550	84
15562	84
15574	84
15585	84
15597	84
15609	84
15621	84
15632	84
15644	84
15656	84
15667	84
15679	84
15691	84
15703	84
15714	84
15726	84
15738	84
15750	84
15761	84
15773	84
15785	84
15796	84
15808	84
15820	84
15832	84
15843	84
15855	84
15867	84
15878	84
15890	84
15890	84
15902	84
15914	84
15925	84
15937	84
15949	84
15960	84
15984	84
15996	84
16007	84
16019	84
16031	84
16042	84
16054	84
16066	84
16078	84
16089	84
16113	84
16125	85
16136	85
16148	85
16160	85
16171	85
16183	85
16195	85
16207	85
16218	85
16230	85
16242	85
16265	85
16277	85
16289	85
16300	85
16312	85
16324	85
16335	85
16347	85
16359	85
16371	85
16382	85
16394	85
16406	85
16417	85
16441	85
16453	85
16464	85
16476	85
16488	85
16500	85
16511	85
16523	85
16535	85
16546	85
16558	85
16570	85
16582	85
16593	85
16605	85
16617	85
16628	85
16640	85
16664	85
16675	85
16687	85
16699	85
16710	85
16722	85
16734	85
16746	86
16757	86
16769	86
16781	86
16792	86
16816	86
16828	86
16839	86
16851	86
16863	86
16875	86
16886	86
16898	86
16921	86
16933	86
16945	86
16957	86
16968	86
16980	86
16992	86
17003	86
17015	86
17027	86
17039	86
17050	86
17062	86
17074	86
17085	86
17097	86
17121	86
17132	86
17144	86
17156	86
17167	86
17179	86
17191	86
17203	86
17214	86
17226	86
17238	86
17250	86
17261	86
17273	86
17296	86
17308	86
17320	86
17332	86
17343	86
17355	86
17367	86
17378	87
17378	87
17390	87
17402	87
17414	87
17425	87
17437	87
17460	87
17472	87
17484	87
17496	87
17507	87
17519	87
17531	87
17542	87
17566	87
17578	87
17589	87
17601	87
17613	87
17625	87
17648	87
17660	87
17671	87
17683	87
17695	87
17707	87
17718	87
17742	87
17753	87
17765	87
17777	87
17800	87
17812	87
17824	87
17835	87
17847	87
17859	87
17871	87
17882	87
17894	87
17917	87
17929	87
17941	87
17953	87
17976	87
17988	87
18000	87
18011	87
18023	87
18035	88
18046	88
18070	88
18082	88
18093	88
18105	88
18117	88
18128	88
18140	88
18152	88
18164	88
18175	88
18187	88
18199	88
18210	88
18222	88
18246	88
18257	88
18269	88
18281	88
18292	88
18304	88
18316	88
18339	88
18351	88
18363	88
18375	88
18386	88
18398	88
18421	88
18433	88
18445	88
18457	88
18468	88
18480	88
18492	88
18503	88
18527	88
18539	88
18550	88
18562	88
18574	88
18585	88
18597	88
18609	88
18621	88
18644	88
18656	88
18667	88
18679	88
18691	89
18714	89
18726	89
18738	89
18750	89
18761	89
18773	89
18785	89
18808	89
18820	89
18832	89
18843	89
18855	89
18867	89
18878	89
18890	89
18902	89
18914	89
18925	89
18937	89
18949	89
18960	89
18984	89
18996	89
19007	89
19019	89
19031	89
19042	89
19054	89
19066	89
19078	89
19101	89
19113	89
19125	89
19136	89
19148	89
19160	89
19183	89
19195	89
19207	89
19218	89
19230	89
19242	89
19253	89
19265	89
19277	89
19300	89
19312	89
19324	89
19335	89
19347	90
19359	90
19371	90
19394	90
19406	90
19417	90
19429	90
19453	90
19464	90
19476	90
19488	90
19500	90
19523	90
19535	90
19546	90
19558	90
19570	90
19582	90
19593	90
19605	90
19617	90
19628	90
19640	90
19652	90
19675	90
19687	90
19699	90
19710	90
19722	90
19734	90
19746	90
19757	90
19769	90
19792	90
19804	90
19816	90
19828	90
19839	90
19851	90
19863	90
19875	90
19886	90
19910	90
19921	90
19933	90
19945	90
19957	90
19968	90
19980	90
19992	90
20003	91
20027	91
20039	91
20050	91
20062	91
20074	91
20085	91
20097	91
20109	91
20132	91
20144	91
20156	91
20167	91
20191	91
20203	91
20214	91
20226	91
20250	91
20261	91
20273	91
20285	91
20296	91
20308	91
20332	91
20343	91
20355	91
20367	91
20378	91
20390	91
20402	91
20414	91
20425	91
20437	91
20449	91
20472	91
20484	91
20496	91
20507	91
20519	91
20531	91
20542	91
20554	91
20578	91
20589	91
20601	91
20613	91
20625	91
20636	91
20648	91
20671	91
20683	92
20695	92
20707	92
20718	92
20730	92
20742	92
20753	92
20777	92
20789	92
20800	92
20812	92
20824	92
20835	92
20847	92
20871	92
20882	92
20894	92
20906	92
20929	92
20941	92
20953	92
20976	92
20988	92
21000	92
21011	92
21035	92
21046	92
21058	92
21070	92
21082	92
21093	92
21105	92
21128	92
21140	92
21152	92
21164	92
21175	92
21187	92
21199	92
21210	92
21234	92
21246	92
21257	92
21269	92
21281	92
21292	92
21304	92
21328	92
21339	92
21351	92
21363	93
21375	93
21386	93
21410	93
21421	93
21433	93
21445	93
21457	93
21468	93
21492	93
21503	93
21515	93
21527	93
21539	93
21562	93
21574	93
21585	93
21597	93
21609	93
21621	93
21644	93
21656	93
21667	93
21691	93
21703	93
21714	93
21738	93
21750	93
21761	93
21773	93
21785	93
21796	93
21820	93
21832	93
21843	93
21855	93
21867	93
21878	93
21890	93
21902	93
21914	93
21937	93
21949	93
21960	93
21972	93
21984	93
21996	93
22019	93
22031	93
22042	93
22054	94
22066	94
22078	94
22089	94
22101	94
22125	94
22136	94
22148	94
22160	94
22171	94
22195	94
22207	94
22218	94
22230	94
22242	94
22253	94
22265	94
22277	94
22289	94
22312	94
22324	94
22335	94
22347	94
22359	94
22371	94
22394	94
22406	94
22417	94
22441	94
22453	94
22464	94
22476	94
22500	94
22511	94
22523	94
22535	94
22546	94
22570	94
22582	94
22593	94
22605	94
22617	94
22640	94
22652	94
22664	94
22675	94
22687	94
22699	94
22722	94
22734	94
22746	95
22757	95
22769	95
22792	95
22804	95
22816	95
22828	95
22851	95
22863	95
22875	95
22886	95
22898	95
22910	95
22933	95
22945	95
22957	95
22968	95
22980	95
22992	95
23003	95
23027	95
23039	95
23050	95
23062	95
23074	95
23085	95
23109	95
23121	95
23132	95
23144	95
23156	95
23179	95
23191	95
23203	95
23226	95
23238	95
23250	95
23261	95
23273	95
23296	95
23308	95
23320	95
23332	95
23343	95
23367	95
23378	95
23390	95
23402	95
23414	95
23437	95
23449	96
23460	96
23472	96
23484	96
23507	96
23519	96
23531	96
23542	96
23554	96
23578	96
23589	96
23601	96
23613	96
23636	96
23648	96
23660	96
23671	96
23683	96
23707	96
23718	96
23730	96
23742	96
23753	96
23765	96
23789	96
23800	96
23812	96
23824	96
23835	96
23847	96
23871	96
23882	96
23894	96
23906	96
23929	96
23941	96
23953	96
23976	96
23988	96
24000	96
24011	96
24023	96
24046	96
24058	96
24070	96
24082	96
24105	96
24117	96
24128	96
24152	96
24164	97
24175	97
24187	97
24199	97
24222	97
24234	97
24246	97
24257	97
24281	97
24292	97
24304	97
24328	97
24339	97
24351	97
24363	97
24386	97
24398	97
24410	97
24421	97
24433	97
24457	97
24468	97
24480	97
24492	97
24503	97
24515	97
24527	97
24539	97
24550	97
24562	97
24574	97
24597	97
24609	97
24621	97
24632	97
24644	97
24656	97
24679	97
24691	97
24703	97
24714	97
24726	97
24750	97
24761	97
24773	97
24785	97
24808	97
24820	97
24832	97
24843	97
24855	98
24878	98
24890	98
24902	98
24925	98
24937	98
24949	98
24960	98
24972	98
24984	98
25007	98
25019	98
25042	98
25054	98
25078	98
25089	98
25101	98
25125	98
25136	98
25148	98
25160	98
25183	98
25195	98
25207	98
25218	98
25242	98
25253	98
25265	98
25277	98
25289	98
25312	98
25324	98
25335	98
25347	98
25371	98
25382	98
25394	98
25406	98
25417	98
25441	98
25453	98
25464	98
25476	98
25488	98
25511	98
25523	98
25535	98
25558	98
25570	98
25582	98
25593	99
25605	99
25617	99
25640	99
25652	99
25664	99
25675	99
25699	99
25710	99
25722	99
25734	99
25757	99
25769	99
25781	99
25804	99
25816	99
25839	99
25851	99
25875	99
25886	99
25898	99
25910	99
25933	99
25945	99
25957	99
25968	99
25992	99
26003	99
26015	99
26027	99
26050	99
26062	99
26074	99
26085	99
26109	99
26121	99
26132	99
26144	99
26167	99
26179	99
26191	99
26203	99
26226	99
26238	99
26250	99
26261	99
26285	99
26296	99
26308	99
26320	99
26343	100
26355	100
26367	100
26378	100
26402	100
26414	100
26425	100
26449	100
26460	100
26472	100
26484	100
26507	100
26519	100
26542	100
26554	100
26578	100
26589	100
26613	100
26625	100
26648	100
26660	100
26671	100
26683	100
26695	100
26718	100
26730	100
26742	100
26765	100
26777	100
26789	100
26800	100
26812	100
26835	100
26847	100
26859	100
26882	100
26894	100
26906	100
26917	100
26929	100
26941	100
26964	100
26976	100
26988	100
27000	100
27011	100
27035	100
27046	100
27058	100
27082	100
27093	101
27105	101
27117	101
27128	101
27140	101
27164	101
27175	101
27187	101
27199	101
27210	101
27234	101
27246	101
27257	101
27281	101
27304	101
27316	101
27339	101
27351	101
27375	101
27386	101
27398	101
27421	101
27433	101
27445	101
27457	101
27480	101
27492	101
27515	101
27527	101
27550	101
27562	101
27574	101
27585	101
27609	101
27621	101
27632	101
27656	101
27667	101
27679	101
27691	101
27714	101
27726	101
27738	101
27750	101
27773	101
27785	101
27796	101
27820	101
27832	101
27843	101
27855	102
27867	102
27878	102
27890	102
27902	102
27914	102
27937	102
27949	102
27960	102
27984	102
27996	102
28007	102
28019	102
28042	102
28054	102
28078	102
28089	102
28101	102
28125	102
28136	102
28148	102
28171	102
28183	102
28195	102
28207	102
28230	102
28242	102
28265	102
28277	102
28289	102
28312	102
28324	102
28335	102
28347	102
28371	102
28382	102
28394	102
28417	102
28429	102
28441	102
28464	102
28476	102
28488	102
28511	102
28523	102
28535	102
28558	102
28570	102
28582	102
28593	102
28617	103
28628	103
28640	103
28652	103
28675	103
28687	103
28699	103
28710	103
28734	103
28746	103
28757	103
28781	103
28792	103
28816	103
28828	103
28839	103
28863	103
28875	103
28898	103
28910	103
28921	103
28933	103
28957	103
28968	103
28980	103
29003	103
29015	103
29027	103
29039	103
29062	103
29074	103
29085	103
29109	103
29121	103
29132	103
29156	103
29167	103
29179	103
29191	103
29214	103
29226	103
29238	103
29261	103
29273	103
29285	103
29308	103
29320	103
29332	103
29343	103
29355	103
29367	104
29378	104
29390	104
29414	104
29425	104
29437	104
29449	104
29472	104
29484	104
29496	104
29519	104
29531	104
29554	104
29566	104
29578	104
29601	104
29613	104
29636	104
29648	104
29660	104
29683	104
29695	104
29707	104
29730	104
29742	104
29765	104
29789	104
29800	104
29812	104
29824	104
29847	104
29859	104
29871	104
29894	104
29906	104
29929	104
29941	104
29964	104
29976	104
30000	104
30011	104
30023	104
30046	104
30058	104
30070	104
30093	104
30105	104
30117	104
30140	104
30152	104
30164	105
30175	105
30199	105
30210	105
30222	105
30246	105
30257	105
30269	105
30292	105
30304	105
30316	105
30339	105
30351	105
30375	105
30386	105
30398	105
30421	105
30433	105
30445	105
30468	105
30480	105
30492	105
30515	105
30527	105
30539	105
30562	105
30574	105
30585	105
30609	105
30621	105
30632	105
30656	105
30667	105
30691	105
30703	105
30714	105
30738	105
30750	105
30773	105
30785	105
30796	105
30820	105
30832	105
30843	105
30855	105
30878	105
30890	105
30902	105
30914	105
30937	105
30949	106
30960	106
30984	106
30996	106
31007	106
31031	106
31042	106
31054	106
31078	106
31089	106
31101	106
31125	106
31136	106
31160	106
31171	106
31183	106
31207	106
31218	106
31230	106
31253	106
31265	106
31277	106
31300	106
31312	106
31324	106
31347	106
31359	106
31382	106
31394	106
31406	106
31429	106
31441	106
31464	106
31476	106
31500	106
31511	106
31535	106
31546	106
31558	106
31582	106
31593	106
31605	106
31617	106
31640	106
31652	106
31664	106
31687	106
31699	106
31710	106
31734	106
31746	107
31757	107
31781	107
31792	107
31804	107
31828	107
31839	107
31851	107
31875	107
31886	107
31910	107
31921	107
31933	107
31957	107
31968	107
31980	107
32003	107
32015	107
32027	107
32050	107
32062	107
32074	107
32097	107
32109	107
32132	107
32144	107
32167	107
32179	107
32203	107
32214	107
32238	107
32250	107
32273	107
32285	107
32308	107
32320	107
32332	107
32355	107
32367	107
32378	107
32402	107
32414	107
32425	107
32437	107
32460	107
32472	107
32496	107
32507	107
32519	107
32542	107
32554	108
32566	108
32589	108
32601	108
32613	108
32636	108
32648	108
32671	108
32683	108
32695	108
32718	108
32730	108
32742	108
32765	108
32777	108
32800	108
32812	108
32824	108
32847	108
32859	108
32882	108
32894	108
32917	108
32929	108
32953	108
32976	108
32988	108
33011	108
33023	108
33035	108
33058	108
33070	108
33082	108
33105	108
33117	108
33140	108
33152	108
33164	108
33175	108
33199	108
33210	108
33234	108
33246	108
33257	108
33281	108
33292	108
33304	108
33328	108
33339	108
33363	108
33375	109
33386	109
33410	109
33421	109
33445	109
33457	109
33468	109
33492	109
33503	109
33515	109
33539	109
33550	109
33574	109
33585	109
33597	109
33621	109
33632	109
33656	109
33667	109
33691	109
33714	109
33726	109
33750	109
33761	109
33773	109
33796	109
33808	109
33832	109
33843	109
33855	109
33878	109
33890	109
33902	109
33914	109
33937	109
33949	109
33972	109
33984	109
33996	109
34019	109
34031	109
34042	109
34066	109
34078	109
34089	109
34113	109
34125	109
34148	109
34160	109
34183	109
34195	110
34207	110
34218	110
34242	110
34253	110
34265	110
34289	110
34300	110
34312	110
34335	110
34347	110
34371	110
34382	110
34406	110
34417	110
34441	110
34453	110
34476	110
34488	110
34511	110
34523	110
34546	110
34558	110
34570	110
34593	110
34605	110
34628	110
34640	110
34652	110
34675	110
34687	110
34710	110
34722	110
34734	110
34757	110
34769	110
34792	110
34804	110
34828	110
34839	110
34851	110
34875	110
34886	110
34910	110
34921	110
34945	110
34957	110
34968	110
34992	110
35003	110
35015	111
35039	111
35050	111
35062	111
35085	111
35097	111
35109	111
35132	111
35144	111
35167	111
35179	111
35203	111
35214	111
35238	111
35250	111
35273	111
35285	111
35308	111
35320	111
35332	111
35355	111
35367	111
35390	111
35402	111
35414	111
35437	111
35449	111
35460	111
35484	111
35496	111
35519	111
35531	111
35554	111
35566	111
35589	111
35601	111
35625	111
35636	111
35648	111
35671	111
35683	111
35707	111
35718	111
35730	111
35753	111
35765	111
35777	111
35800	111
35812	111
35835	111
35847	112
35859	112
35882	112
35894	112
35917	112
35929	112
35953	112
35976	112
35988	112
36011	112
36023	112
36035	112
36058	112
36070	112
36093	112
36105	112
36128	112
36152	112
36164	112
36175	112
36199	112
36210	112
36234	112
36246	112
36269	112
36281	112
36304	112
36316	112
36339	112
36351	112
36375	112
36386	112
36398	112
36421	112
36433	112
36457	112
36468	112
36480	112
36492	112
36515	112
36527	112
36539	112
36550	112
36574	112
36585	112
36609	112
36621	112
36632	112
36656	112
36667	112
36679	113
36703	113
36714	113
36738	113
36750	113
36761	113
36785	113
36796	113
36820	113
36832	113
36855	113
36867	113
36890	113
36902	113
36925	113
36937	113
36949	113
36972	113
36984	113
37007	113
37019	113
37042	113
37066	113
37078	113
37101	113
37113	113
37136	113
37148	113
37171	113
37183	113
37195	113
37218	113
37230	113
37253	113
37265	113
37289	113
37300	113
37312	113
37335	113
37347	113
37359	113
37382	113
37394	113
37417	113
37429	113
37441	113
37464	113
37476	113
37500	113
37511	113
37523	114
37546	114
37558	114
37582	114
37593	114
37605	114
37628	114
37640	114
37664	114
37675	114
37687	114
37710	114
37722	114
37734	114
37757	114
37781	114
37792	114
37816	114
37839	114
37851	114
37875	114
37886	114
37910	114
37921	114
37933	114
37957	114
37968	114
37992	114
38003	114
38027	114
38039	114
38062	114
38074	114
38085	114
38109	114
38121	114
38144	114
38156	114
38167	114
38191	114
38203	114
38226	114
38238	114
38250	114
38273	114
38285	114
38308	114
38320	114
38343	114
38355	114
38367	115
38390	115
38414	115
38425	115
38437	115
38460	115
38472	115
38484	115
38507	115
38531	115
38542	115
38566	115
38589	115
38613	115
38625	115
38648	115
38660	115
38671	115
38695	115
38707	115
38730	115
38742	115
38765	115
38777	115
38789	115
38812	115
38824	115
38847	115
38859	115
38882	115
38894	115
38906	115
38917	115
38941	115
38953	115
38964	115
38988	115
39000	115
39023	115
39035	115
39058	115
39070	115
39082	115
39105	115
39117	115
39128	115
39152	115
39164	115
39187	115
39199	115
39210	116
39234	116
39246	116
39269	116
39292	116
39316	116
39328	116
39351	116
39375	116
39386	116
39410	116
39421	116
39433	116
39457	116
39480	116
39492	116
39515	116
39539	116
39550	116
39562	116
39585	116
39597	116
39621	116
39632	116
39656	116
39667	116
39691	116
39703	116
39714	116
39738	116
39750	116
39773	116
39785	116
39808	116
39820	116
39832	116
39855	116
39867	116
39878	116
39890	116
39914	116
39925	116
39937	116
39960	116
39972	116
39996	116
40007	116
40031	116
40042	116
40066	116
40078	117
40101	117
40125	117
40136	117
40160	117
40171	117
40183	117
40207	117
40218	117
40242	117
40265	117
40277	117
40300	117
40312	117
40324	117
40347	117
40359	117
40382	117
40394	117
40417	117
40429	117
40453	117
40464	117
40488	117
40500	117
40523	117
40535	117
40558	117
40570	117
40593	117
40605	117
40628	117
40640	117
40652	117
40675	117
40687	117
40710	117
40722	117
40746	117
40757	117
40781	117
40804	117
40816	117
40839	117
40851	117
40875	117
40898	117
40910	117
40921	117
40945	117
40957	118
40980	118
40992	118
41015	118
41027	118
41050	118
41062	118
41085	118
41097	118
41121	118
41132	118
41156	118
41167	118
41191	118
41203	118
41226	118
41238	118
41261	118
41273	118
41296	118
41308	118
41332	118
41343	118
41355	118
41367	118
41390	118
41402	118
41414	118
41437	118
41449	118
41472	118
41484	118
41507	118
41519	118
41542	118
41554	118
41578	118
41601	118
41613	118
41636	118
41648	118
41671	118
41683	118
41707	118
41730	118
41742	118
41765	118
41789	118
41800	118
41824	118
41835	119
41859	119
41882	119
41894	119
41917	119
41941	119
41953	119
41976	119
42000	119
42011	119
42035	119
42046	119
42070	119
42082	119
42105	119
42117	119
42140	119
42152	119
42164	119
42187	119
42199	119
42222	119
42234	119
42257	119
42281	119
42292	119
42316	119
42328	119
42351	119
42363	119
42386	119
42410	119
42421	119
42445	119
42457	119
42480	119
42492	119
42515	119
42527	119
42550	119
42562	119
42585	119
42597	119
42621	119
42632	119
42656	119
42679	119
42691	119
42714	119
42726	119
42750	120
42761	120
42785	120
42808	120
42820	120
42843	120
42855	120
42867	120
42890	120
42902	120
42914	120
42937	120
42949	120
42972	120
42996	120
43007	120
43031	120
43042	120
43066	120
43078	120
43101	120
43113	120
43136	120
43148	120
43171	120
43195	120
43207	120
43230	120
43242	120
43265	120
43277	120
43300	120
43312	120
43335	120
43347	120
43371	120
43394	120
43406	120
43429	120
43453	120
43476	120
43488	120
43511	120
43523	120
43546	120
43570	120
43582	120
43605	120
43617	120
43628	120
43652	121
43664	121
43687	121
43699	121
43722	121
43746	121
43757	121
43781	121
43792	121
43816	121
43828	121
43851	121
43863	121
43886	121
43898	121
43921	121
43945	121
43957	121
43980	121
43992	121
44015	121
44027	121
44050	121
44062	121
44085	121
44097	121
44121	121
44144	121
44156	121
44179	121
44203	121
44226	121
44238	121
44261	121
44285	121
44296	121
44320	121
44332	121
44355	121
44367	121
44390	121
44402	121
44425	121
44437	121
44460	121
44472	121
44496	121
44507	121
44531	121
44542	121
44566	122
44589	122
44601	122
44625	122
44636	122
44660	122
44671	122
44695	122
44718	122
44730	122
44753	122
44765	122
44789	122
44800	122
44824	122
44835	122
44859	122
44882	122
44906	122
44917	122
44941	122
44964	122
44988	122
45011	122
45023	122
45046	122
45058	122
45082	122
45105	122
45117	122
45140	122
45152	122
45175	122
45187	122
45210	122
45234	122
45246	122
45269	122
45281	122
45304	122
45316	122
45339	122
45363	122
45375	122
45398	122
45421	122
45433	122
45457	122
45468	122
45492	122
45515	123
45527	123
45550	123
45562	123
45585	123
45609	123
45621	123
45644	123
45667	123
45691	123
45714	123
45726	123
45750	123
45773	123
45785	123
45808	123
45832	123
45843	123
45867	123
45878	123
45902	123
45914	123
45937	123
45960	123
45972	123
45996	123
46007	123
46031	123
46054	123
46066	123
46089	123
46101	123
46125	123
46148	123
46160	123
46183	123
46207	123
46218	123
46242	123
46253	123
46277	123
46289	123
46312	123
46324	123
46347	123
46371	123
46382	123
46406	123
46429	123
46453	123
46476	124
46500	124
46511	124
46535	124
46546	124
46570	124
46593	124
46605	124
46628	124
46652	124
46664	124
46687	124
46710	124
46722	124
46746	124
46769	124
46781	124
46804	124
46828	124
46851	124
46863	124
46886	124
46910	124
46921	124
46945	124
46968	124
46980	124
47003	124
47015	124
47039	124
47062	124
47074	124
47097	124
47121	124
47132	124
47156	124
47179	124
47203	124
47226	124
47238	124
47261	124
47285	124
47296	124
47320	124
47343	124
47355	124
47378	124
47402	124
47414	124
47437	124
47460	125
47472	125
47496	125
47519	125
47531	125
47554	125
47578	125
47601	125
47625	125
47636	125
47660	125
47683	125
47695	125
47718	125
47730	125
47753	125
47777	125
47789	125
47812	125
47824	125
47847	125
47871	125
47882	125
47906	125
47929	125
47953	125
47976	125
48000	125
48011	125
48035	125
48058	125
48070	125
48093	125
48117	125
48140	125
48164	125
48187	125
48199	125
48222	125
48234	125
48257	125
48281	125
48304	125
48328	125
48351	125
48363	125
48386	125
48410	125
48421	125
48445	125
48468	126
48480	126
48503	126
48515	126
48527	126
48550	126
48574	126
48585	126
48609	126
48632	126
48644	126
48667	126
48691	126
48703	126
48726	126
48750	126
48761	126
48785	126
48808	126
48832	126
48843	126
48867	126
48890	126
48914	126
48925	126
48949	126
48972	126
48984	126
49007	126
49031	126
49054	126
49078	126
49101	126
49125	126
49148	126
49160	126
49183	126
49207	126
49218	126
49242	126
49265	126
49277	126
49300	126
49312	126
49335	126
49359	126
49382	126
49394	126
49417	126
49429	126
49453	127
49476	127
49488	127
49511	127
49535	127
49558	127
49570	127
49593	127
49605	127
49628	127
49652	127
49664	127
49687	127
49710	127
49722	127
49746	127
49769	127
49792	127
49816	127
49839	127
49863	127
49886	127
49898	127
49921	127
49945	127
49957	127
49980	127
50003	127
50027	127
50039	127
50062	127
50074	127
50097	127
50121	127
50144	127
50156	127
50179	127
50203	127
50214	127
50238	127
50261	127
50273	127
50296	127
50320	127
50332	127
50355	127
50378	127
50402	127
50414	127
50437	127
50449	128
50472	128
50496	128
50519	128
50542	128
50566	128
50589	128
50613	128
50636	128
50648	128
50671	128
50695	128
50707	128
50730	128
50753	128
50765	128
50789	128
50812	128
50824	128
50847	128
50871	128
50882	128
50906	128
50917	128
50941	128
50953	128
50976	128
51000	128
51011	128
51035	128
51058	128
51070	128
51093	128
51105	128
51128	128
51152	128
51164	128
51187	128
51210	128
51222	128
51246	128
51269	128
51292	128
51316	128
51339	128
51363	128
51386	128
51410	128
51421	128
51445	128
51468	129
51492	129
51515	129
51539	129
51550	129
51574	129
51597	129
51621	129
51632	129
51656	129
51679	129
51691	129
51714	129
51738	129
51750	129
51773	129
51796	129
51820	129
51832	129
51855	129
51867	129
51878	129
51902	129
51914	129
51937	129
51960	129
51972	129
51996	129
52019	129
52042	129
52066	129
52078	129
52101	129
52125	129
52148	129
52171	129
52183	129
52207	129
52230	129
52253	129
52265	129
52289	129
52312	129
52335	129
52347	129
52371	129
52394	129
52417	129
52429	129
52453	129
52476	130
52500	130
52511	130
52535	130
52558	130
52582	130
52593	130
52617	130
52640	130
52652	130
52675	130
52699	130
52710	130
52734	130
52757	130
52781	130
52804	130
52828	130
52851	130
52863	130
52886	130
52910	130
52933	130
52945	130
52968	130
52992	130
53015	130
53027	130
53050	130
53074	130
53085	130
53109	130
53132	130
53156	130
53167	130
53191	130
53214	130
53238	130
53250	130
53273	130
53296	130
53320	130
53332	130
53355	130
53367	130
53390	130
53402	130
53425	130
53437	130
53460	130
53484	131
53507	131
53519	131
53542	131
53566	131
53589	131
53613	131
53636	131
53660	131
53671	131
53695	131
53718	131
53742	131
53765	131
53789	131
53812	131
53824	131
53847	131
53871	131
53894	131
53917	131
53941	131
53964	131
53988	131
54011	131
54023	131
54046	131
54070	131
54093	131
54105	131
54128	131
54152	131
54164	131
54187	131
54210	131
54234	131
54246	131
54269	131
54292	131
54316	131
54339	131
54363	131
54375	131
54398	131
54421	131
54445	131
54468	131
54480	131
54503	131
54527	131
54550	132
54562	132
54585	132
54609	132
54632	132
54656	132
54679	132
54691	132
54714	132
54738	132
54761	132
54785	132
54808	132
54820	132
54843	132
54867	132
54878	132
54902	132
54914	132
54937	132
54960	132
54984	132
55007	132
55019	132
55042	132
55066	132
55089	132
55101	132
55125	132
55148	132
55171	132
55195	132
55207	132
55230	132
55253	132
55277	132
55289	132
55312	132
55335	132
55359	132
55371	132
55394	132
55417	132
55441	132
55464	132
55488	132
55511	132
55535	132
55558	132
55570	132
55593	133
55617	133
55640	133
55652	133
55675	133
55699	133
55710	133
55734	133
55757	133
55781	133
55804	133
55816	133
55839	133
55863	133
55886	133
55910	133
55921	133
55945	133
55968	133
55992	133
56003	133
56027	133
56050	133
56074	133
56097	133
56121	133
56132	133
56156	133
56191	133
56214	133
56238	133
56261	133
56285	133
56296	133
56320	133
56343	133
56367	133
56378	133
56402	133
56425	133
56449	133
56460	133
56484	133
56507	133
56531	133
56554	133
56566	133
56589	133
56613	133
56636	133
56660	134
56671	134
56695	134
56718	134
56742	134
56765	134
56777	134
56800	134
56824	134
56847	134
56871	134
56894	134
56917	134
56941	134
56964	134
56988	134
57011	134
57035	134
57046	134
57070	134
57093	134
57117	134
57140	134
57152	134
57175	134
57199	134
57222	134
57246	134
57269	134
57281	134
57304	134
57328	134
57351	134
57375	134
57398	134
57421	134
57433	134
57457	134
57480	134
57503	134
57527	134
57550	134
57574	134
57585	134
57609	134
57632	134
57667	134
57691	134
57714	134
57738	134
57761	135
57785	135
57808	135
57832	135
57843	135
57867	135
57890	135
57914	135
57937	135
57949	135
57972	135
57996	135
58019	135
58042	135
58066	135
58078	135
58101	135
58125	135
58148	135
58171	135
58195	135
58218	135
58230	135
58253	135
58277	135
58300	135
58324	135
58335	135
58359	135
58382	135
58406	135
58429	135
58453	135
58488	135
58511	135
58523	135
58546	135
58570	135
58593	135
58617	135
58640	135
58664	135
58687	135
58699	135
58722	135
58746	135
58769	135
58792	135
58816	135
58839	135
58863	136
58886	136
58910	136
58933	136
58957	136
58980	136
58992	136
59015	136
59039	136
59062	136
59085	136
59109	136
59132	136
59156	136
59179	136
59203	136
59226	136
59250	136
59273	136
59296	136
59320	136
59343	136
59367	136
59390	136
59414	136
59437	136
59460	136
59472	136
59496	136
59519	136
59554	136
59578	136
59601	136
59625	136
59648	136
59671	136
59683	136
59707	136
59730	136
59753	136
59777	136
59800	136
59824	136
59847	136
59871	136
59882	136
59917	136
59941	136
59964	136
59988	136
60011	137
60035	137
60058	137
60082	137
60105	137
60128	137
60152	137
60175	137
60199	137
60222	137
60246	137
60269	137
60292	137
60316	137
60339	137
60363	137
60386	137
60410	137
60433	137
60457	137
60480	137
60503	137
60515	137
60539	137
60562	137
60585	137
60609	137
60632	137
60656	137
60667	137
60691	137
60714	137
60738	137
60761	137
60785	137
60808	137
60832	137
60855	137
60890	137
60914	137
60937	137
60960	137
60984	137
61007	137
61031	137
61054	137
61089	137
61113	137
61136	137
61160	137
61183	138
61207	138
61230	138
61253	138
61277	138
61300	138
61324	138
61347	138
61371	138
61394	138
61417	138
61441	138
61464	138
61488	138
61511	138
61535	138
61558	138
61582	138
61593	138
61617	138
61640	138
61664	138
61687	138
61710	138
61734	138
61757	138
61781	138
61816	138
61839	138
61863	138
61886	138
61910	138
61933	138
61957	138
61980	138
62003	138
62027	138
62050	138
62074	138
62097	138
62121	138
62144	138
62167	138
62191	138
62214	138
62238	138
62261	138
62285	138
62308	138
62332	138
62355	139
62378	139
62402	139
62425	139
62449	139
62472	139
62496	139
62519	139
62554	139
62578	139
62613	139
62636	139
62660	139
62683	139
62707	139
62730	139
62753	139
62777	139
62800	139
62824	139
62847	139
62871	139
62894	139
62917	139
62929	139
62953	139
62976	139
63000	139
63023	139
63046	139
63070	139
63093	139
63117	139
63140	139
63164	139
63187	139
63199	139
63222	139
63246	139
63281	139
63304	139
63339	139
63363	139
63386	139
63410	139
63433	139
63457	139
63480	139
63515	139
63539	139
63562	140
63585	140
63609	140
63632	140
63656	140
63679	140
63703	140
63726	140
63738	140
63761	140
63796	140
63820	140
63832	140
63855	140
63878	140
63890	140
63914	140
63937	140
63960	140
63984	140
64007	140
64031	140
64066	140
64089	140
64113	140
64136	140
64160	140
64183	140
64207	140
64230	140
64253	140
64289	140
64300	140
64324	140
64359	140
64382	140
64406	140
64429	140
64453	140
64476	140
64500	140
64523	140
64546	140
64570	140
64593	140
64617	140
64640	140
64664	140
64687	140
64710	140
64734	141
64757	141
64781	141
64804	141
64828	141
64851	141
64875	141
64898	141
64921	141
64945	141
64968	141
64992	141
65015	141
65039	141
65062	141
65085	141
65109	141
65132	141
65156	141
65179	141
65203	141
65226	141
65250	141
65273	141
65296	141
65320	141
65343	141
65367	141
65378	141
65402	141
65425	141
65449	141
65472	141
65496	141
65519	141
65542	141
65566	141
65601	141
65625	141
65648	141
65671	141
65695	141
65718	141
65742	141
65777	141
65800	141
65824	141
65847	141
65871	141
65894	141
65929	142
65953	142
65976	142
66000	142
66023	142
66046	142
66070	142
66093	142
66117	142
66140	142
66164	142
66187	142
66210	142
66234	142
66257	142
66281	142
66316	142
66339	142
66363	142
66386	142
66410	142
66433	142
66457	142
66480	142
66503	142
66527	142
66550	142
66574	142
66597	142
66621	142
66644	142
66679	142
66703	142
66726	142
66750	142
66773	142
66796	142
66820	142
66843	142
66867	142
66890	142
66914	142
66925	142
66960	142
66984	142
67007	142
67031	142
67054	142
67078	142
67101	142
67125	143
67148	143
67171	143
67195	143
67218	143
67242	143
67265	143
67289	143
67312	143
67335	143
67359	143
67382	143
67406	143
67441	143
67464	143
67488	143
67511	143
67546	143
67570	143
67593	143
67617	143
67640	143
67652	143
67675	143
67699	143
67734	143
67757	143
67781	143
67804	143
67828	143
67851	143
67875	143
67898	143
67921	143
67945	143
67968	143
67992	143
68015	143
68039	143
68062	143
68085	143
68109	143
68132	143
68167	143
68191	143
68226	143
68250	143
68273	143
68296	143
68320	143
68343	144
68367	144
68390	144
68414	144
68437	144
68460	144
68484	144
68507	144
68531	144
68554	144
68578	144
68601	144
68625	144
68648	144
68671	144
68707	144
68718	144
68742	144
68777	144
68800	144
68824	144
68847	144
68871	144
68894	144
68917	144
68953	144
68976	144
69011	144
69035	144
69058	144
69082	144
69105	144
69128	144
69152	144
69175	144
69199	144
69222	144
69246	144
69269	144
69292	144
69316	144
69339	144
69363	144
69398	144
69421	144
69445	144
69468	144
69492	144
69515	144
69539	144
69562	145
69597	145
69621	145
69644	145
69667	145
69703	145
69726	145
69761	145
69785	145
69808	145
69832	145
69855	145
69878	145
69902	145
69925	145
69949	145
69972	145
69996	145
70019	145
70042	145
70066	145
70101	145
70125	145
70148	145
70171	145
70195	145
70218	145
70242	145
70265	145
70289	145
70312	145
70335	145
70359	145
70394	145
70417	145
70441	145
70476	145
70500	145
70523	145
70546	145
70570	145
70593	145
70628	145
70652	145
70675	145
70699	145
70722	145
70746	145
70769	145
70804	145
70828	146
70851	146
70875	146
70898	146
70921	146
70957	146
70980	146
71003	146
71027	146
71050	146
71074	146
71097	146
71121	146
71144	146
71179	146
71203	146
71226	146
71261	146
71285	146
71308	146
71332	146
71355	146
71378	146
71414	146
71437	146
71460	146
71484	146
71507	146
71542	146
71566	146
71589	146
71613	146
71648	146
71671	146
71695	146
71718	146
71742	146
71765	146
71789	146
71812	146
71835	146
71871	146
71894	146
71917	146
71953	146
71976	146
72000	146
72023	146
72058	146
72082	146
72105	147
72140	147
72164	147
72187	147
72210	147
72234	147
72269	147
72292	147
72316	147
72351	147
72375	147
72398	147
72421	147
72445	147
72468	147
72492	147
72515	147
72539	147
72562	147
72585	147
72609	147
72632	147
72656	147
72691	147
72714	147
72738	147
72761	147
72785	147
72820	147
72843	147
72867	147
72890	147
72925	147
72949	147
72972	147
72996	147
73031	147
73054	147
73089	147
73113	147
73148	147
73171	147
73195	147
73218	147
73242	147
73265	147
73289	147
73324	147
73347	147
73371	147
73394	148
73417	148
73441	148
73476	148
73500	148
73523	148
73546	148
73570	148
73593	148
73617	148
73652	148
73675	148
73699	148
73722	148
73746	148
73781	148
73804	148
73839	148
73863	148
73898	148
73921	148
73945	148
73968	148
73992	148
74015	148
74039	148
74074	148
74097	148
74121	148
74144	148
74167	148
74191	148
74226	148
74250	148
74273	148
74296	148
74320	148
74343	148
74378	148
74402	148
74425	148
74449	148
74472	148
74507	148
74531	148
74566	148
74601	148
74625	148
74648	148
74671	148
74695	149
74730	149
74753	149
74777	149
74800	149
74824	149
74847	149
74882	149
74906	149
74929	149
74953	149
74976	149
75000	149
75023	149
75046	149
75070	149
75093	149
75117	149
75140	149
75164	149
75199	149
75222	149
75246	149
75269	149
75304	149
75339	149
75363	149
75398	149
75421	149
75445	149
75468	149
75503	149
75527	149
75550	149
75585	149
75609	149
75632	149
75656	149
75679	149
75703	149
75726	149
75761	149
75785	149
75808	149
75832	149
75855	149
75878	149
75902	149
75925	149
75949	149
75972	150
75996	150
76019	150
76054	150
76078	150
76113	150
76136	150
76160	150
76183	150
76207	150
76242	150
76265	150
76289	150
76312	150
76347	150
76371	150
76394	150
76417	150
76453	150
76476	150
76500	150
76523	150
76558	150
76582	150
76605	150
76628	150
76652	150
76675	150
76699	150
76734	150
76757	150
76781	150
76816	150
76839	150
76863	150
76898	150
76921	150
76945	150
76968	150
76992	150
77027	150
77050	150
77074	150
77097	150
77121	150
77156	150
77179	150
77203	150
77226	150
77250	150
77285	151
77308	151
77332	151
77355	151
77378	151
77390	151
77425	151
77449	151
77472	151
77496	151
77519	151
77554	151
77578	151
77613	151
77636	151
77660	151
77683	151
77718	151
77742	151
77777	151
77800	151
77824	151
77847	151
77882	151
77906	151
77941	151
77964	151
78000	151
78023	151
78046	151
78070	151
78093	151
78128	151
78152	151
78175	151
78199	151
78222	151
78246	151
78281	151
78304	151
78328	151
78363	151
78386	151
78410	151
78433	151
78468	151
78492	151
78515	151
78539	151
78562	151
78597	152
78621	152
78644	152
78679	152
78703	152
78726	152
78761	152
78785	152
78808	152
78832	152
78855	152
78878	152
78902	152
78925	152
78960	152
78984	152
79007	152
79031	152
79066	152
79089	152
79113	152
79136	152
79171	152
79195	152
79218	152
79242	152
79277	152
79300	152
79324	152
79347	152
79382	152
79406	152
79429	152
79464	152
79488	152
79523	152
79546	152
79570	152
79593	152
79617	152
79640	152
79675	152
79699	152
79722	152
79746	152
79781	152
79804	152
79828	152
79851	152
79875	152
79910	153
79933	153
79957	153
79980	153
80015	153
80039	153
80062	153
80085	153
80109	153
80144	153
80167	153
80203	153
80238	153
80261	153
80285	153
80320	153
80343	153
80367	153
80390	153
80414	153
80437	153
80472	153
80496	153
80519	153
80542	153
80578	153
80601	153
80625	153
80648	153
80683	153
80707	153
80730	153
80753	153
80789	153
80812	153
80835	153
80859	153
80894	153
80917	153
80953	153
80988	153
81011	153
81035	153
81070	153
81093	153
81117	153
81140	153
81164	153
81187	153
81222	153
81246	154
81269	154
81304	154
81328	154
81351	154
81375	154
81410	154
81433	154
81457	154
81492	154
81515	154
81539	154
81562	154
81597	154
81621	154
81644	154
81679	154
81714	154
81738	154
81773	154
81796	154
81820	154
81855	154
81878	154
81902	154
81925	154
81949	154
81984	154
82007	154
82031	154
82054	154
82089	154
82113	154
82136	154
82171	154
82195	154
82218	154
82242	154
82265	154
82300	154
82324	154
82347	154
82382	154
82406	154
82441	154
82464	154
82500	154
82523	154
82546	154
82582	154
82605	155
82628	155
82664	155
82687	155
82710	155
82746	155
82769	155
82792	155
82828	155
82851	155
82886	155
82910	155
82933	155
82968	155
82992	155
83015	155
83039	155
83062	155
83097	155
83121	155
83144	155
83179	155
83203	155
83238	155
83261	155
83296	155
83320	155
83343	155
83378	155
83402	155
83425	155
83460	155
83484	155
83507	155
83542	155
83566	155
83601	155
83625	155
83648	155
83683	155
83707	155
83730	155
83765	155
83789	155
83812	155
83847	155
83871	155
83894	155
83929	155
83964	155
83988	156
84023	156
84046	156
84070	156
84105	156
84140	156
84164	156
84187	156
84222	156
84246	156
84281	156
84304	156
84339	156
84363	156
84398	156
84421	156
84445	156
84468	156
84492	156
84515	156
84539	156
84574	156
84597	156
84621	156
84656	156
84679	156
84703	156
84738	156
84761	156
84785	156
84820	156
84843	156
84867	156
84902	156
84925	156
84960	156
84984	156
85007	156
85042	156
85078	156
85113	156
85136	156
85171	156
85195	156
85218	156
85253	156
85277	156
85300	156
85324	156
85359	156
85382	157
85406	157
85441	157
85464	157
85488	157
85523	157
85546	157
85582	157
85605	157
85628	157
85652	157
85687	157
85710	157
85734	157
85769	157
85804	157
85839	157
85863	157
85898	157
85921	157
85945	157
85980	157
86003	157
86039	157
86062	157
86085	157
86121	157
86144	157
86167	157
86203	157
86226	157
86250	157
86285	157
86308	157
86343	157
86367	157
86402	157
86425	157
86449	157
86472	157
86507	157
86542	157
86578	157
86613	157
86636	157
86671	157
86695	157
86718	157
86753	157
86777	157
86800	158
86824	158
86859	158
86882	158
86906	158
86929	158
86964	158
86988	158
87011	158
87046	158
87070	158
87093	158
87117	158
87140	158
87175	158
87199	158
87222	158
87257	158
87281	158
87316	158
87351	158
87386	158
87410	158
87433	158
87468	158
87503	158
87539	158
87562	158
87585	158
87621	158
87644	158
87667	158
87703	158
87726	158
87750	158
87785	158
87808	158
87832	158
87855	158
87878	158
87902	158
87937	158
87960	158
87996	158
88019	158
88054	158
88078	158
88113	158
88136	158
88171	158
88195	159
88230	159
88253	159
88289	159
88312	159
88335	159
88371	159
88394	159
88429	159
88453	159
88488	159
88511	159
88546	159
88570	159
88593	159
88617	159
88652	159
88675	159
88699	159
88734	159
88757	159
88792	159
88816	159
88851	159
88886	159
88910	159
88933	159
88968	159
88992	159
89015	159
89050	159
89074	159
89097	159
89132	159
89156	159
89191	159
89214	159
89238	159
89273	159
89296	159
89320	159
89355	159
89367	159
89390	159
89425	159
89449	159
89472	159
89507	159
89531	159
89566	159
89589	160
89625	160
89648	160
89683	160
89707	160
89742	160
89777	160
89800	160
89835	160
89859	160
89894	160
89917	160
89953	160
89988	160
90011	160
90046	160
90070	160
90105	160
90128	160
90152	160
90175	160
90210	160
90234	160
90269	160
90292	160
90328	160
90351	160
90386	160
90410	160
90445	160
90468	160
90492	160
90527	160
90550	160
90585	160
90609	160
90644	160
90667	160
90703	160
90726	160
90761	160
90785	160
90820	160
90843	160
90867	160
90890	160
90914	160
90949	160
90972	160
91007	160
91031	161
91054	161
91089	161
91113	161
91148	161
91171	161
91207	161
91230	161
91253	161
91289	161
91312	161
91347	161
91371	161
91406	161
91429	161
91464	161
91500	161
91523	161
91558	161
91582	161
91605	161
91640	161
91664	161
91687	161
91722	161
91746	161
91769	161
91804	161
91828	161
91863	161
91886	161
91921	161
91945	161
91968	161
92003	161
92027	161
92062	161
92085	161
92109	161
92144	161
92179	161
92214	161
92238	161
92273	161
92296	161
92332	161
92355	161
92390	161
92414	161
92437	161
92472	162
92496	162
92531	162
92554	162
92578	162
92613	162
92636	162
92671	162
92695	162
92730	162
92753	162
92789	162
92812	162
92835	162
92871	162
92906	162
92929	162
92964	162
93000	162
93035	162
93058	162
93082	162
93117	162
93140	162
93164	162
93199	162
93222	162
93257	162
93281	162
93316	162
93339	162
93363	162
93398	162
93421	162
93457	162
93480	162
93515	162
93539	162
93574	162
93597	162
93632	162
93656	162
93691	162
93726	162
93761	162
93785	162
93820	162
93843	162
93867	162
93902	162
93925	163
93949	163
93984	163
94007	163
94042	163
94066	163
94101	163
94125	163
94160	163
94183	163
94218	163
94242	163
94265	163
94300	163
94324	163
94359	163
94382	163
94417	163
94453	163
94488	163
94511	163
94546	163
94570	163
94605	163
94628	163
94664	163
94687	163
94722	163
94757	163
94781	163
94816	163
94839	163
94875	163
94898	163
94933	163
94957	163
94992	163
95015	163
95050	163
95074	163
95109	163
95132	163
95167	163
95203	163
95226	163
95261	163
95285	163
95320	163
95343	163
95378	163
95402	164
95437	164
95460	164
95496	164
95531	164
95554	164
95589	164
95613	164
95648	164
95671	164
95707	164
95730	164
95765	164
95789	164
95824	164
95847	164
95882	164
95906	164
95941	164
95976	164
96011	164
96035	164
96070	164
96105	164
96140	164
96164	164
96199	164
96222	164
96257	164
96292	164
96328	164
96351	164
96386	164
96410	164
96445	164
96468	164
96503	164
96527	164
96550	164
96585	164
96609	164
96644	164
96667	164
96703	164
96726	164
96761	164
96796	164
96820	164
96855	164
96890	164
96914	165
96949	165
96972	165
97007	165
97042	165
97078	165
97113	165
97148	165
97171	165
97207	165
97242	165
97265	165
97300	165
97324	165
97359	165
97382	165
97417	165
97441	165
97476	165
97500	165
97535	165
97570	165
97593	165
97617	165
97652	165
97687	165
97710	165
97734	165
97769	165
97804	165
97839	165
97875	165
97910	165
97933	165
97968	165
98003	165
98027	165
98062	165
98085	165
98121	165
98144	165
98179	165
98203	165
98238	165
98273	165
98296	165
98332	165
98355	165
98390	165
98425	165
98449	166
98484	166
98519	166
98554	166
98589	166
98625	166
98660	166
98683	166
98718	166
98742	166
98777	166
98800	166
98835	166
98871	166
98894	166
98929	166
98953	166
98976	166
99011	166
99046	166
99070	166
99105	166
99128	166
99164	166
99187	166
99222	166
99246	166
99281	166
99328	166
99363	166
99398	166
99421	166
99457	166
99492	166
99527	166
99562	166
99585	166
99621	166
99644	166
99679	166
99703	166
99738	166
99773	166
99796	166
99832	166
99855	166
99878	166
99902	166
99937	166
99960	166
99996	167
100031	167
100066	167
100089	167
100125	167
100160	167
100183	167
100218	167
100253	167
100289	167
100312	167
100347	167
100371	167
100406	167
100441	167
100464	167
100500	167
100535	167
100558	167
100593	167
100617	167
100652	167
100675	167
100710	167
100734	167
100769	167
100804	167
100839	167
100875	167
100898	167
100933	167
100968	167
100992	167
101027	167
101050	167
101085	167
101121	167
101144	167
101179	167
101203	167
101238	167
101273	167
101296	167
101332	167
101355	167
101378	167
101402	167
101437	167
101472	167
101496	167
101531	168
101566	168
101601	168
101625	168
101660	168
101695	168
101730	168
101765	168
101800	168
101824	168
101859	168
101882	168
101917	168
101953	168
101988	168
102023	168
102046	168
102082	168
102117	168
102140	168
102175	168
102199	168
102234	168
102257	168
102292	168
102328	168
102363	168
102386	168
102421	168
102457	168
102480	168
102515	168
102539	168
102574	168
102609	168
102632	168
102667	168
102703	168
102738	168
102761	168
102796	168
102832	168
102855	168
102878	168
102914	168
102937	168
102972	168
103007	168
103031	168
103066	168
103089	169
103125	169
103160	169
103183	169
103218	169
103253	169
103277	169
103312	169
103335	169
103371	169
103406	169
103441	169
103476	169
103511	169
103535	169
103570	169
103605	169
103628	169
103652	169
103687	169
103722	169
103746	169
103781	169
103816	169
103839	169
103875	169
103898	169
103933	169
103968	169
103992	169
104027	169
104062	169
104085	169
104121	169
104156	169
104191	169
104226	169
104261	169
104285	169
104320	169
104355	169
104378	169
104402	169
104437	169
104472	169
104496	169
104531	169
104554	169
104589	169
104625	169
104648	170
104683	170
104718	170
104742	170
104777	170
104800	170
104835	170
104871	170
104906	170
104941	170
104976	170
105011	170
105035	170
105070	170
105105	170
105128	170
105164	170
105187	170
105222	170
105257	170
105281	170
105316	170
105351	170
105375	170
105410	170
105445	170
105468	170
105503	170
105539	170
105562	170
105597	170
105632	170
105667	170
105703	170
105738	170
105773	170
105796	170
105832	170
105867	170
105890	170
105925	170
105949	170
105984	170
106019	170
106042	170
106078	170
106101	170
106136	170
106171	170
106207	170
106230	171
106265	171
106289	171
106324	171
106359	171
106382	171
106417	171
106453	171
106488	171
106523	171
106558	171
106582	171
106617	171
106652	171
106687	171
106710	171
106746	171
106781	171
106804	171
106839	171
106875	171
106910	171
106945	171
106968	171
107003	171
107027	171
107062	171
107085	171
107121	171
107156	171
107191	171
107226	171
107261	171
107285	171
107320	171
107355	171
107390	171
107414	171
107449	171
107484	171
107507	171
107542	171
107578	171
107613	171
107648	171
107683	171
107707	171
107742	171
107777	171
107800	171
107835	172
107871	172
107894	172
107929	172
107964	172
108000	172
108035	172
108070	172
108105	172
108140	172
108175	172
108199	172
108234	172
108269	172
108304	172
108339	172
108375	172
108398	172
108433	172
108468	172
108492	172
108515	172
108550	172
108574	172
108609	172
108644	172
108667	172
108703	172
108738	172
108761	172
108796	172
108832	172
108867	172
108902	172
108925	172
108960	172
108996	172
109031	172
109066	172
109101	172
109136	172
109171	172
109207	172
109230	172
109265	172
109300	172
109324	172
109359	172
109394	172
109417	172
109453	173
109488	173
109511	173
109546	173
109582	173
109617	173
109640	173
109675	173
109710	173
109734	173
109769	173
109804	173
109851	173
109886	173
109910	173
109945	173
109980	173
110015	173
110039	173
110074	173
110109	173
110132	173
110167	173
110203	173
110226	173
110261	173
110296	173
110332	173
110355	173
110390	173
110425	173
110460	173
110484	173
110519	173
110566	173
110601	173
110636	173
110671	173
110695	173
110730	173
110765	173
110789	173
110824	173
110859	173
110882	173
110917	173
110941	173
110976	173
111011	173
111035	173
111070	174
111093	174
111128	174
111164	174
111187	174
111222	174
111257	174
111292	174
111328	174
111375	174
111398	174
111433	174
111468	174
111503	174
111539	174
111574	174
111597	174
111632	174
111667	174
111691	174
111726	174
111761	174
111785	174
111820	174
111855	174
111878	174
111902	174
111937	174
111960	174
111996	174
112031	174
112066	174
112101	174
112136	174
112160	174
112195	174
112230	174
112265	174
112300	174
112324	174
112359	174
112394	174
112429	174
112464	174
112488	174
112523	174
112558	174
112582	174
112617	174
112652	174
112675	175
112710	175
112746	175
112769	175
112804	175
112839	175
112875	175
112910	175
112945	175
112968	175
113003	175
113039	175
113062	175
113097	175
113132	175
113156	175
113191	175
113226	175
113250	175
113285	175
113320	175
113343	175
113367	175
113402	175
113425	175
113460	175
113496	175
113519	175
113554	175
113589	175
113625	175
113660	175
113683	175
113718	175
113765	175
113800	175
113824	175
113859	175
113894	175
113929	175
113964	175
114000	175
114023	175
114058	175
114093	175
114117	175
114152	175
114187	175
114210	175
114246	175
114281	176
114316	176
114351	176
114375	176
114410	176
114445	176
114468	176
114503	176
114539	176
114574	176
114597	176
114632	176
114667	176
114703	176
114738	176
114773	176
114796	176
114832	176
114867	176
114890	176
114914	176
114949	176
114984	176
115007	176
115042	176
115078	176
115101	176
115136	176
115171	176
115207	176
115230	176
115265	176
115300	176
115324	176
115359	176
115394	176
115429	176
115464	176
115500	176
115535	176
115558	176
115593	176
115617	176
115652	176
115675	176
115710	176
115746	176
115769	176
115804	176
115839	176
115863	177
115898	177
115933	177
115968	177
115992	177
116027	177
116050	177
116085	177
116121	177
116156	177
116191	177
116226	177
116261	177
116296	177
116320	177
116355	177
116378	177
116414	177
116437	177
116472	177
116507	177
116531	177
116566	177
116601	177
116625	177
116660	177
116695	177
116730	177
116753	177
116789	177
116824	177
116847	177
116882	177
116917	177
116953	177
116988	177
117023	177
117058	177
117093	177
117117	177
117152	177
117175	177
117210	177
117246	177
117281	177
117304	177
117339	177
117375	177
117398	177
117433	177
117468	178
117492	178
117527	178
117562	178
117597	178
117621	178
117656	178
117703	178
117738	178
117761	178
117796	178
117832	178
117855	178
117890	178
117914	178
117949	178
117984	178
118007	178
118042	178
118078	178
118101	178
118136	178
118171	178
118195	178
118230	178
118253	178
118289	178
118324	178
118347	178
118382	178
118417	178
118453	178
118488	178
118523	178
118546	178
118582	178
118617	178
118652	178
118675	178
118710	178
118746	178
118781	178
118804	178
118839	178
118875	178
118910	178
118933	178
118968	178
119003	178
119027	178
119062	179
119097	179
119121	179
119156	179
119191	179
119226	179
119261	179
119296	179
119320	179
119355	179
119390	179
119425	179
119449	179
119484	179
119519	179
119554	179
119589	179
119613	179
119648	179
119683	179
119718	179
119742	179
119777	179
119800	179
119835	179
119871	179
119906	179
119941	179
119976	179
120011	179
120035	179
120070	179
120105	179
120140	179
120175	179
120210	179
120234	179
120269	179
120304	179
120339	179
120375	179
120410	179
120433	179
120468	179
120492	179
120527	179
120550	179
120585	179
120609	179
120644	179
120679	180
120703	180
120738	180
120773	180
120808	180
120832	180
120867	180
120902	180
120937	180
120960	180
120996	180
121031	180
121078	180
121113	180
121148	180
121171	180
121207	180
121242	180
121265	180
121300	180
121335	180
121359	180
121394	180
121429	180
121453	180
121488	180
121523	180
121558	180
121582	180
121617	180
121652	180
121675	180
121710	180
121746	180
121781	180
121816	180
121851	180
121886	180
121921	180
121957	180
121980	180
122015	180
122050	180
122074	180
122109	180
122144	180
122179	180
122203	180
122238	180
122273	180
122308	181
122332	181
122367	181
122402	181
122437	181
122460	181
122496	181
122531	181
122578	181
122613	181
122648	181
122671	181
122707	181
122742	181
122765	181
122800	181
122835	181
122859	181
122894	181
122917	181
122953	181
122976	181
123011	181
123046	181
123082	181
123105	181
123140	181
123164	181
123199	181
123222	181
123257	181
123304	181
123339	181
123375	181
123410	181
123433	181
123468	181
123515	181
123539	181
123574	181
123609	181
123632	181
123667	181
123703	181
123726	181
123761	181
123796	181
123832	181
123855	181
123878	181
123902	182
123937	182
123972	182
124007	182
124031	182
124066	182
124101	182
124136	182
124171	182
124195	182
124230	182
124265	182
124300	182
124335	182
124359	182
124394	182
124429	182
124464	182
124488	182
124523	182
124558	182
124593	182
124617	182
124652	182
124675	182
124710	182
124746	182
124769	182
124804	182
124839	182
124875	182
124910	182
124945	182
124968	182
125003	182
125039	182
125062	182
125097	182
125132	182
125156	182
125191	182
125226	182
125250	182
125285	182
125320	182
125343	182
125367	182
125390	182
125425	182
125460	182
125484	183
125519	183
125554	183
125589	183
125625	183
125648	183
125683	183
125718	183
125753	183
125789	183
125824	183
125847	183
125882	183
125917	183
125953	183
125988	183
126023	183
126046	183
126082	183
126117	183
126140	183
126175	183
126199	183
126234	183
126269	183
126292	183
126328	183
126363	183
126398	183
126421	183
126457	183
126492	183
126515	183
126550	183
126585	183
126609	183
126644	183
126679	183
126714	183
126750	183
126773	183
126808	183
126843	183
126867	183
126890	183
126925	183
126949	183
126984	183
127019	183
127042	183
127078	184
127113	184
127136	184
127171	184
127207	184
127230	184
127265	184
127300	184
127324	184
127359	184
127394	184
127429	184
127464	184
127500	184
127523	184
127558	184
127593	184
127617	184
127652	184
127675	184
127710	184
127734	184
127769	184
127804	184
127828	184
127863	184
127898	184
127921	184
127957	184
127980	184
128015	184
128050	184
128074	184
128109	184
128144	184
128179	184
128214	184
128250	184
128285	184
128308	184
128343	184
128367	184
128402	184
128425	184
128460	184
128496	184
128519	184
128554	184
128578	184
128613	184
128648	185
128671	185
128707	185
128742	185
128765	185
128800	185
128835	185
128859	185
128894	185
128929	185
128964	185
129000	185
129035	185
129070	185
129093	185
129128	185
129152	185
129187	185
129210	185
129246	185
129281	185
129304	185
129339	185
129375	185
129398	185
129433	185
129468	185
129492	185
129527	185
129562	185
129585	185
129621	185
129656	185
129691	185
129726	185
129761	185
129796	185
129820	185
129855	185
129878	185
129914	185
129937	185
129972	185
130007	185
130031	185
130066	185
130101	185
130125	185
130160	185
130195	185
130218	186
130253	186
130277	186
130312	186
130335	186
130371	186
130406	186
130441	186
130476	186
130511	186
130535	186
130570	186
130605	186
130628	186
130664	186
130699	186
130722	186
130757	186
130792	186
130828	186
130851	186
130886	186
130921	186
130945	186
130980	186
131003	186
131039	186
131074	186
131097	186
131132	186
131167	186
131203	186
131226	186
131261	186
131296	186
131332	186
131355	186
131390	186
131425	186
131449	186
131484	186
131519	186
131554	186
131578	186
131613	186
131648	186
131683	186
131707	186
131742	186
131765	186
131800	187
131835	187
131859	187
131894	187
131929	187
131964	187
132000	187
132035	187
132058	187
132093	187
132128	187
132164	187
132199	187
132222	187
132257	187
132292	187
132328	187
132363	187
132398	187
132421	187
132457	187
132480	187
132503	187
132539	187
132562	187
132597	187
132632	187
132656	187
132691	187
132726	187
132750	187
132785	187
132820	187
132843	187
132878	187
132914	187
132949	187
132972	187
133007	187
133042	187
133078	187
133125	187
133148	187
133183	187
133218	187
133242	187
133277	187
133300	187
133335	187
133371	187
133394	188
133429	188
133464	188
133488	188
133523	188
133558	188
133582	188
133617	188
133640	188
133675	188
133710	188
133734	188
133769	188
133816	188
133851	188
133886	188
133910	188
133945	188
133980	188
134003	188
134039	188
134074	188
134097	188
134132	188
134167	188
134191	188
134226	188
134261	188
134285	188
134320	188
134355	188
134390	188
134414	188
134449	188
134472	188
134507	188
134554	188
134589	188
134625	188
134660	188
134683	188
134718	188
134753	188
134777	188
134812	188
134847	188
134871	188
134906	188
134929	188
134964	188
134988	189
135023	189
135058	189
135082	189
135117	189
135140	189
135175	189
135199	189
135234	189
135269	189
135304	189
135339	189
135375	189
135410	189
135445	189
135480	189
135515	189
135550	189
135574	189
135609	189
135632	189
135667	189
135703	189
135726	189
135761	189
135796	189
135820	189
135855	189
135878	189
135902	189
135937	189
135960	189
135996	189
136031	189
136066	189
136101	189
136125	189
136160	189
136195	189
136230	189
136253	189
136289	189
136324	189
136347	189
136382	189
136417	189
136453	189
136476	189
136511	189
136546	189
136582	190
136605	190
136640	190
136664	190
136699	190
136722	190
136757	190
136792	190
136828	190
136863	190
136898	190
136921	190
136957	190
136992	190
137015	190
137050	190
137074	190
137109	190
137144	190
137167	190
137203	190
137238	190
137261	190
137296	190
137332	190
137355	190
137378	190
137402	190
137437	190
137460	190
137496	190
137531	190
137566	190
137601	190
137625	190
137660	190
137695	190
137718	190
137765	190
137800	190
137824	190
137859	190
137894	190
137929	190
137964	190
137988	190
138023	190
138058	190
138093	190
138117	190
138140	191
138175	191
138210	191
138234	191
138269	191
138304	191
138339	191
138363	191
138398	191
138433	191
138457	191
138492	191
138527	191
138550	191
138585	191
138621	191
138644	191
138679	191
138714	191
138750	191
138785	191
138808	191
138843	191
138867	191
138890	191
138925	191
138949	191
138984	191
139019	191
139042	191
139078	191
139113	191
139136	191
139171	191
139207	191
139230	191
139265	191
139300	191
139324	191
139359	191
139382	191
139417	191
139453	191
139488	191
139523	191
139546	191
139582	191
139617	191
139640	191
139664	191
139699	192
139734	192
139757	192
139792	192
139816	192
139851	192
139886	192
139910	192
139945	192
139968	192
140003	192
140039	192
140062	192
140097	192
140132	192
140167	192
140203	192
140238	192
140261	192
140296	192
140332	192
140355	192
140390	192
140414	192
140449	192
140484	192
140507	192
140542	192
140566	192
140601	192
140625	192
140660	192
140695	192
140730	192
140753	192
140789	192
140812	192
140847	192
140882	192
140917	192
140953	192
140988	192
141023	192
141046	192
141082	192
141117	192
141140	192
141175	192
141199	192
141234	192
141269	193
141292	193
141328	193
141351	193
141386	193
141421	193
141445	193
141480	193
141515	193
141539	193
141574	193
141609	193
141632	193
141667	193
141703	193
141738	193
141773	193
141808	193
141832	193
141867	193
141890	193
141925	193
141949	193
141984	193
142019	193
142042	193
142078	193
142101	193
142136	193
142171	193
142207	193
142230	193
142253	193
142289	193
142324	193
142347	193
142382	193
142417	193
142453	193
142488	193
142523	193
142546	193
142582	193
142617	193
142652	193
142675	193
142710	193
142746	193
142769	193
142804	193
142839	194
142875	194
142898	194
142933	194
142968	194
142992	194
143027	194
143050	194
143085	194
143121	194
143144	194
143179	194
143214	194
143250	194
143285	194
143320	194
143343	194
143378	194
143414	194
143437	194
143472	194
143507	194
143531	194
143566	194
143601	194
143636	194
143671	194
143695	194
143730	194
143753	194
143789	194
143824	194
143847	194
143882	194
143917	194
143953	194
143988	194
144011	194
144046	194
144082	194
144117	194
144152	194
144187	194
144210	194
144246	194
144281	194
144316	194
144351	194
144375	194
144410	194
144445	195
144468	195
144492	195
144527	195
144550	195
144585	195
144609	195
144644	195
144667	195
144703	195
144738	195
144773	195
144796	195
144832	195
144867	195
144902	195
144925	195
144960	195
144996	195
145031	195
145066	195
145101	195
145136	195
145171	195
145195	195
145230	195
145265	195
145289	195
145324	195
145359	195
145382	195
145417	195
145453	195
145476	195
145511	195
145546	195
145570	195
145605	195
145640	195
145664	195
145699	195
145734	195
145757	195
145804	195
145839	195
145875	195
145898	195
145933	195
145968	195
145992	195
146027	196
146062	196
146085	196
146121	196
146156	196
146179	196
146214	196
146238	196
146273	196
146308	196
146332	196
146367	196
146402	196
146437	196
146460	196
146496	196
146531	196
146566	196
146601	196
146636	196
146671	196
146695	196
146730	196
146765	196
146789	196
146824	196
146859	196
146882	196
146917	196
146941	196
146976	196
147000	196
147035	196
147070	196
147093	196
147117	196
147152	196
147187	196
147210	196
147246	196
147281	196
147328	196
147363	196
147398	196
147421	196
147457	196
147492	196
147527	196
147562	196
147585	196
147621	197
147656	197
147679	197
147714	197
147750	197
147773	197
147808	197
147843	197
147867	197
147890	197
147925	197
147949	197
147984	197
148007	197
148042	197
148078	197
148113	197
148148	197
148171	197
148207	197
148242	197
148277	197
148312	197
148335	197
148371	197
148406	197
148429	197
148464	197
148500	197
148523	197
148558	197
148593	197
148617	197
148652	197
148675	197
148710	197
148734	197
148769	197
148804	197
148839	197
148875	197
148898	197
148933	197
148968	197
148992	197
149027	197
149062	197
149085	197
149121	197
149144	197
149179	198
149214	198
149238	198
149273	198
149308	198
149332	198
149367	198
149390	198
149414	198
149449	198
149472	198
149507	198
149542	198
149578	198
149613	198
149636	198
149671	198
149707	198
149742	198
149777	198
149812	198
149835	198
149871	198
149906	198
149941	198
149976	198
150011	198
150046	198
150070	198
150105	198
150128	198
150164	198
150187	198
150222	198
150257	198
150281	198
150316	198
150351	198
150386	198
150421	198
150445	198
150480	198
150515	198
150539	198
150574	198
150609	198
150632	198
150667	198
150703	198
150738	198
150761	199
150796	199
150832	199
150855	199
150878	199
150914	199
150937	199
150972	199
151007	199
151031	199
151066	199
151089	199
151125	199
151160	199
151183	199
151218	199
151253	199
151277	199
151312	199
151347	199
151371	199
151406	199
151441	199
151476	199
151511	199
151546	199
151570	199
151605	199
151628	199
151664	199
151687	199
151722	199
151757	199
151781	199
151816	199
151839	199
151875	199
151910	199
151945	199
151968	199
152003	199
152027	199
152062	199
152097	199
152132	199
152156	199
152203	199
152226	199
152261	199
152296	199
152332	200
152355	200
152390	200
152414	200
152449	200
152484	200
152507	200
152542	200
152566	200
152601	200
152636	200
152660	200
152695	200
152718	200
152753	200
152789	200
152812	200
152847	200
152882	200
152917	200
152953	200
152988	200
153023	200
153046	200
153082	200
153117	200
153140	200
153164	200
153199	200
153234	200
153257	200
153292	200
153328	200
153351	200
153386	200
153421	200
153445	200
153480	200
153515	200
153539	200
153574	200
153597	200
153632	200
153667	200
153703	200
153738	200
153773	200
153808	200
153832	200
153867	200
153902	201
153925	201
153960	201
153984	201
154019	201
154054	201
154078	201
154113	201
154148	201
154171	201
154207	201
154242	201
154265	201
154300	201
154324	201
154359	201
154394	201
154429	201
154464	201
154500	201
154523	201
154558	201
154593	201
154628	201
154652	201
154687	201
154722	201
154757	201
154781	201
154816	201
154851	201
154886	201
154910	201
154945	201
154980	201
155003	201
155039	201
155062	201
155097	201
155132	201
155156	201
155191	201
155226	201
155261	201
155296	201
155320	201
155355	201
155390	201
155414	201
155449	201
155484	202
155507	202
155542	202
155578	202
155613	202
155648	202
155671	202
155707	202
155730	202
155765	202
155800	202
155824	202
155859	202
155894	202
155917	202
155964	202
155988	202
156023	202
156058	202
156093	202
156128	202
156164	202
156187	202
156222	202
156257	202
156292	202
156328	202
156363	202
156386	202
156421	202
156457	202
156480	202
156503	202
156539	202
156562	202
156597	202
156632	202
156656	202
156691	202
156714	202
156750	202
156785	202
156820	202
156843	202
156878	202
156914	202
156949	202
156972	202
157007	202
157042	202
157078	203
157113	203
157148	203
157183	203
157207	203
157242	203
157277	203
157300	203
157335	203
157359	203
157394	203
157417	203
157453	203
157488	203
157511	203
157546	203
157582	203
157605	203
157640	203
157675	203
157699	203
157734	203
157757	203
157804	203
157839	203
157875	203
157898	203
157933	203
157968	203
157992	203
158027	203
158062	203
158085	203
158121	203
158144	203
158179	203
158214	203
158238	203
158273	203
158308	203
158332	203
158367	203
158402	203
158437	203
158460	203
158496	203
158531	203
158566	203
158601	203
158636	203
158671	204
158695	204
158730	204
158765	204
158789	204
158824	204
158847	204
158882	204
158906	204
158941	204
158964	204
159000	204
159023	204
159058	204
159093	204
159117	204
timepoint: 191.4