0	0
0	0
0	0
0	0
0	0
0	0
0	0
0	0
0	0
0	0
0	0
0	0
0	0
0	0
0	0
0	0
0	0
0	0
0	0
0	0
0	0
0	0
0	0
0	0
0	0
0	0
0	0
0	0
0	0
0	0
0	0
0	0
0	0
0	0
0	0
0	0
0	0
0	0
0	0
0	0
0	0
0	0
0	0
0	0
0	0
0	0
0	0
0	0
0	0
0	0
0	1
0	1
0	1
0	1
0	1
0	1
0	1
0	1
0	1
0	1
0	1
0	1
0	1
0	1
0	1
0	1
0	1
0	1
0	1
0	1
0	1
0	1
0	1
0	1
0	1
0	1
0	1
0	1
0	1
0	1
0	1
0	1
0	1
0	1
0	1
0	1
0	1
0	1
0	1
0	1
0	1
0	1
0	1
0	1
0	1
0	1
0	1
0	1
0	1
0	1
0	2
0	2
0	2
0	2
0	2
0	2
0	2
0	2
0	2
0	2
0	2
0	2
0	2
0	2
0	2
0	2
0	2
0	2
0	2
0	2
0	2
0	2
0	2
0	2
0	2
0	2
0	2
0	2
0	2
0	2
0	2
0	2
0	2
0	2
0	2
0	2
0	2
0	2
0	2
0	2
0	2
0	2
0	2
0	2
0	2
0	2
0	2
0	2
0	2
0	2
0	3
0	3
0	3
0	3
0	3
0	3
0	3
0	3
0	3
0	3
0	3
0	3
0	3
0	3
0	3
0	3
0	3
0	3
0	3
0	3
0	3
0	3
0	3
0	3
0	3
0	3
0	3
0	3
0	3
0	3
0	3
0	3
0	3
0	3
0	3
0	3
0	3
0	3
0	3
0	3
0	3
0	3
0	3
0	3
0	3
0	3
0	3
0	3
0	3
0	3
0	4
0	4
0	4
0	4
0	4
0	4
0	4
0	4
0	4
0	4
0	4
0	4
0	4
0	4
0	4
0	4
0	4
0	4
0	4
0	4
0	4
0	4
0	4
0	4
0	4
0	4
0	4
0	4
0	4
0	4
0	4
0	4
0	4
0	4
0	4
0	4
0	4
0	4
0	4
0	4
0	4
0	4
0	4
0	4
0	4
0	4
0	4
0	4
0	4
0	4
0	5
0	5
0	5
0	5
0	5
0	5
0	5
0	5
0	5
0	5
0	5
0	5
0	5
0	5
0	5
0	5
0	5
0	5
0	5
0	5
0	5
0	5
0	5
0	5
11	5
11	5
11	5
11	5
11	5
11	5
11	5
11	5
11	5
11	5
23	5
23	5
23	5
23	5
23	5
23	5
23	5
23	5
23	5
23	5
23	5
23	5
23	5
23	5
35	5
35	5
35	6
35	6
35	6
35	6
35	6
35	6
35	6
35	6
35	6
23	6
23	6
23	6
23	6
23	6
23	6
23	6
23	6
23	6
23	6
23	6
23	6
23	6
23	6
23	6
23	6
11	6
11	6
11	6
11	6
11	6
11	6
11	6
11	6
11	6
11	6
11	6
11	6
11	6
11	6
11	6
11	6
11	6
11	6
11	6
11	6
11	6
11	6
11	6
23	6
23	6
23	7
23	7
23	7
23	7
23	7
23	7
23	7
23	7
23	7
23	7
23	7
23	7
23	7
35	7
35	7
35	7
35	7
35	7
35	7
35	7
35	7
35	7
35	7
35	7
35	7
35	7
35	7
35	7
35	7
35	7
35	7
35	7
35	7
35	7
35	7
35	7
35	7
35	7
35	7
35	7
35	7
23	7
23	7
23	7
23	7
23	7
23	7
23	7
23	7
23	7
23	8
23	8
23	8
23	8
23	8
23	8
23	8
23	8
23	8
23	8
23	8
23	8
23	8
23	8
23	8
23	8
23	8
23	8
23	8
23	8
23	8
23	8
23	8
23	8
23	8
23	8
23	8
23	8
35	8
35	8
35	8
35	8
35	8
35	8
35	8
35	8
35	8
35	8
35	8
35	8
35	8
35	8
35	8
35	8
35	8
35	8
35	8
35	8
35	8
35	8
35	9
35	9
35	9
35	9
35	9
35	9
35	9
35	9
35	9
35	9
35	9
35	9
35	9
35	9
35	9
35	9
35	9
35	9
35	9
35	9
35	9
35	9
35	9
23	9
23	9
23	9
23	9
23	9
23	9
23	9
23	9
23	9
23	9
23	9
23	9
23	9
23	9
23	9
23	9
23	9
23	9
23	9
23	9
23	9
23	9
23	9
23	9
35	9
35	9
35	9
35	10
35	10
35	10
35	10
35	10
35	10
35	10
35	10
35	10
35	10
35	10
35	10
35	10
35	10
35	10
35	10
35	10
35	10
35	10
35	10
35	10
35	10
35	10
35	10
35	10
35	10
35	10
35	10
35	10
35	10
35	10
35	10
35	10
35	10
35	10
35	10
35	10
35	10
35	10
35	10
35	10
35	10
35	10
35	10
35	10
35	10
35	10
35	10
35	10
35	10
35	11
35	11
35	11
35	11
35	11
35	11
35	11
35	11
35	11
35	11
35	11
35	11
35	11
35	11
35	11
35	11
35	11
35	11
35	11
35	11
35	11
35	11
35	11
35	11
35	11
35	11
35	11
35	11
35	11
35	11
35	11
35	11
35	11
35	11
35	11
35	11
35	11
35	11
35	11
35	11
35	11
35	11
35	11
35	11
35	11
35	11
35	11
35	11
35	11
35	11
35	12
35	12
35	12
35	12
35	12
35	12
35	12
35	12
35	12
35	12
35	12
35	12
35	12
35	12
35	12
35	12
35	12
35	12
35	12
35	12
35	12
35	12
35	12
35	12
35	12
35	12
35	12
35	12
35	12
35	12
35	12
35	12
35	12
35	12
35	12
35	12
35	12
35	12
35	12
35	12
35	12
35	12
35	12
35	12
35	12
35	12
35	12
35	12
35	12
35	12
35	13
35	13
35	13
35	13
35	13
35	13
35	13
35	13
35	13
35	13
35	13
35	13
35	13
35	13
35	13
35	13
35	13
35	13
35	13
35	13
35	13
35	13
35	13
35	13
35	13
35	13
35	13
35	13
35	13
35	13
35	13
35	13
35	13
35	13
35	13
35	13
35	13
35	13
35	13
35	13
35	13
35	13
35	13
35	13
35	13
35	13
35	13
35	13
35	13
35	13
35	14
35	14
35	14
35	14
35	14
35	14
35	14
35	14
35	14
35	14
35	14
35	14
35	14
35	14
35	14
35	14
35	14
35	14
35	14
35	14
35	14
35	14
35	14
35	14
35	14
35	14
35	14
35	14
35	14
35	14
35	14
35	14
35	14
35	14
35	14
35	14
35	14
35	14
35	14
35	14
35	14
35	14
35	14
35	14
35	14
35	14
35	14
35	14
35	14
35	14
35	15
35	15
35	15
35	15
35	15
35	15
35	15
35	15
35	15
35	15
35	15
35	15
35	15
35	15
35	15
35	15
35	15
35	15
35	15
35	15
35	15
35	15
35	15
35	15
35	15
35	15
35	15
35	15
35	15
35	15
35	15
35	15
35	15
35	15
35	15
35	15
35	15
35	15
35	15
35	15
35	15
35	15
35	15
35	15
35	15
35	15
35	15
35	15
35	15
35	15
35	16
35	16
35	16
35	16
35	16
35	16
35	16
35	16
35	16
35	16
35	16
35	16
35	16
35	16
35	16
35	16
35	16
35	16
35	16
35	16
35	16
35	16
35	16
35	16
35	16
35	16
35	16
35	16
35	16
35	16
35	16
35	16
35	16
35	16
35	16
35	16
35	16
35	16
35	16
35	16
35	16
35	16
35	16
35	16
35	16
35	16
35	16
35	16
35	16
35	16
35	17
35	17
35	17
35	17
35	17
35	17
35	17
35	17
35	17
35	17
35	17
35	17
35	17
35	17
35	17
35	17
35	17
35	17
35	17
35	17
35	17
35	17
35	17
35	17
35	17
35	17
35	17
35	17
35	17
35	17
35	17
35	17
35	17
35	17
35	17
35	17
35	17
35	17
35	17
35	17
35	17
35	17
35	17
35	17
35	17
35	17
35	17
35	17
35	17
35	17
35	18
35	18
35	18
35	18
35	18
35	18
35	18
35	18
35	18
35	18
35	18
35	18
35	18
35	18
35	18
35	18
35	18
35	18
35	18
35	18
35	18
35	18
35	18
35	18
35	18
35	18
35	18
35	18
35	18
35	18
35	18
35	18
35	18
35	18
35	18
35	18
35	18
35	18
35	18
35	18
35	18
35	18
35	18
35	18
35	18
35	18
35	18
35	18
35	18
35	18
35	19
35	19
35	19
35	19
35	19
35	19
35	19
35	19
35	19
35	19
35	19
35	19
35	19
35	19
35	19
35	19
35	19
35	19
35	19
35	19
35	19
35	19
35	19
35	19
35	19
35	19
35	19
35	19
35	19
35	19
35	19
35	19
35	19
35	19
35	19
35	19
35	19
35	19
35	19
35	19
35	19
35	19
35	19
35	19
35	19
35	19
35	19
35	19
35	19
35	19
35	20
35	20
35	20
35	20
35	20
35	20
35	20
35	20
35	20
35	20
35	20
35	20
35	20
35	20
35	20
35	20
35	20
35	20
35	20
35	20
35	20
35	20
35	20
35	20
35	20
35	20
35	20
35	20
35	20
35	20
35	20
35	20
35	20
35	20
35	20
35	20
35	20
35	20
35	20
35	20
35	20
35	20
35	20
35	20
35	20
35	20
35	20
35	20
35	20
35	20
35	21
35	21
35	21
35	21
35	21
35	21
35	21
35	21
35	21
35	21
35	21
35	21
35	21
35	21
35	21
35	21
35	21
35	21
35	21
35	21
35	21
35	21
35	21
35	21
35	21
35	21
35	21
35	21
35	21
35	21
35	21
35	21
35	21
35	21
35	21
35	21
35	21
35	21
35	21
35	21
35	21
35	21
35	21
35	21
35	21
35	21
35	21
35	21
35	21
35	21
35	22
35	22
35	22
35	22
35	22
35	22
35	22
35	22
35	22
35	22
35	22
35	22
35	22
35	22
35	22
35	22
35	22
35	22
35	22
35	22
35	22
35	22
35	22
35	22
35	22
35	22
35	22
35	22
35	22
35	22
35	22
35	22
35	22
35	22
35	22
35	22
35	22
35	22
35	22
35	22
35	22
35	22
35	22
35	22
35	22
35	22
35	22
35	22
35	22
35	22
35	23
35	23
35	23
35	23
35	23
35	23
35	23
35	23
35	23
35	23
35	23
35	23
35	23
35	23
35	23
35	23
35	23
35	23
35	23
35	23
35	23
35	23
35	23
35	23
35	23
35	23
35	23
35	23
35	23
35	23
35	23
35	23
35	23
35	23
35	23
35	23
35	23
35	23
35	23
35	23
35	23
35	23
35	23
35	23
35	23
35	23
35	23
35	23
35	23
35	23
35	24
35	24
35	24
35	24
35	24
35	24
35	24
35	24
35	24
35	24
35	24
35	24
35	24
35	24
35	24
35	24
35	24
35	24
35	24
35	24
35	24
35	24
35	24
35	24
35	24
35	24
35	24
35	24
35	24
35	24
35	24
35	24
35	24
35	24
35	24
35	24
35	24
35	24
35	24
35	24
35	24
35	24
35	24
35	24
35	24
35	24
35	24
35	24
35	24
35	24
35	25
35	25
35	25
35	25
35	25
35	25
35	25
35	25
35	25
35	25
35	25
35	25
35	25
35	25
35	25
35	25
35	25
35	25
35	25
35	25
35	25
35	25
35	25
35	25
35	25
35	25
35	25
35	25
35	25
35	25
35	25
35	25
35	25
35	25
35	25
35	25
35	25
35	25
35	25
35	25
35	25
35	25
35	25
35	25
35	25
35	25
35	25
35	25
35	25
35	25
35	26
35	26
35	26
35	26
35	26
35	26
35	26
35	26
35	26
35	26
35	26
35	26
35	26
35	26
35	26
35	26
35	26
35	26
35	26
35	26
35	26
35	26
35	26
35	26
35	26
35	26
35	26
35	26
35	26
35	26
35	26
35	26
35	26
35	26
35	26
35	26
35	26
35	26
35	26
35	26
35	26
35	26
35	26
35	26
35	26
35	26
35	26
35	26
35	26
35	26
35	27
35	27
35	27
35	27
35	27
35	27
35	27
35	27
35	27
35	27
35	27
35	27
35	27
35	27
35	27
35	27
35	27
35	27
35	27
35	27
35	27
35	27
35	27
35	27
35	27
35	27
35	27
35	27
35	27
35	27
35	27
35	27
35	27
35	27
35	27
35	27
35	27
35	27
35	27
35	27
35	27
35	27
35	27
35	27
35	27
35	27
35	27
35	27
35	27
35	27
35	28
35	28
35	28
35	28
35	28
35	28
35	28
35	28
35	28
35	28
35	28
35	28
35	28
35	28
35	28
35	28
35	28
35	28
35	28
35	28
35	28
35	28
35	28
35	28
35	28
35	28
35	28
35	28
35	28
35	28
35	28
35	28
35	28
35	28
35	28
35	28
35	28
35	28
35	28
35	28
35	28
35	28
35	28
35	28
35	28
35	28
35	28
35	28
35	28
35	28
35	29
35	29
35	29
35	29
35	29
35	29
35	29
35	29
35	29
35	29
35	29
35	29
35	29
35	29
35	29
35	29
35	29
35	29
35	29
35	29
35	29
35	29
35	29
35	29
35	29
35	29
35	29
35	29
35	29
35	29
35	29
35	29
35	29
35	29
35	29
35	29
35	29
35	29
35	29
35	29
35	29
35	29
35	29
35	29
35	29
35	29
35	29
35	29
35	29
35	29
35	30
35	30
35	30
35	30
35	30
35	30
35	30
35	30
35	30
35	30
35	30
35	30
35	30
35	30
35	30
35	30
35	30
35	30
35	30
35	30
35	30
35	30
35	30
35	30
35	30
35	30
35	30
35	30
35	30
35	30
35	30
35	30
35	30
35	30
35	30
35	30
35	30
35	30
35	30
35	30
35	30
35	30
35	30
35	30
35	30
35	30
35	30
35	30
35	30
35	30
35	31
35	31
35	31
35	31
35	31
35	31
35	31
35	31
35	31
35	31
35	31
35	31
35	31
35	31
35	31
35	31
35	31
35	31
35	31
35	31
35	31
35	31
35	31
35	31
35	31
35	31
35	31
35	31
35	31
35	31
35	31
35	31
35	31
35	31
35	31
35	31
35	31
35	31
35	31
35	31
35	31
35	31
35	31
35	31
35	31
35	31
35	31
35	31
35	31
35	31
35	32
35	32
35	32
35	32
35	32
35	32
35	32
35	32
35	32
35	32
35	32
35	32
35	32
35	32
35	32
35	32
35	32
35	32
35	32
35	32
35	32
35	32
35	32
46	32
46	32
46	32
46	32
46	32
46	32
46	32
46	32
46	32
46	32
46	32
46	32
46	32
46	32
46	32
46	32
46	32
46	32
46	32
46	32
46	32
46	32
46	32
46	32
46	32
46	32
58	32
58	33
58	33
58	33
58	33
58	33
58	33
58	33
58	33
58	33
58	33
58	33
58	33
58	33
58	33
58	33
58	33
70	33
70	33
70	33
70	33
70	33
70	33
70	33
70	33
70	33
70	33
70	33
70	33
82	33
82	33
82	33
82	33
82	33
82	33
82	33
82	33
82	33
82	33
82	33
82	33
82	33
82	33
93	33
93	33
93	33
93	33
93	33
93	33
93	33
93	33
93	34
93	34
93	34
93	34
93	34
93	34
105	34
105	34
105	34
105	34
105	34
105	34
105	34
105	34
105	34
105	34
117	34
117	34
117	34
117	34
117	34
117	34
117	34
117	34
128	34
128	34
128	34
128	34
128	34
128	34
128	34
128	34
128	34
140	34
140	34
140	34
140	34
140	34
140	34
140	34
140	34
140	34
152	34
152	34
152	34
152	34
152	34
152	34
152	34
152	34
164	35
164	35
164	35
164	35
164	35
164	35
164	35
164	35
164	35
175	35
175	35
175	35
175	35
175	35
175	35
175	35
175	35
187	35
187	35
187	35
187	35
187	35
187	35
187	35
187	35
187	35
199	35
199	35
199	35
199	35
199	35
199	35
199	35
199	35
199	35
210	35
210	35
210	35
210	35
210	35
210	35
210	35
210	35
222	35
222	35
222	35
222	35
222	35
222	35
222	35
222	36
234	36
234	36
234	36
234	36
234	36
234	36
246	36
246	36
246	36
246	36
246	36
246	36
246	36
257	36
257	36
257	36
257	36
257	36
257	36
257	36
257	36
269	36
269	36
269	36
269	36
269	36
269	36
269	36
281	36
281	36
281	36
281	36
281	36
281	36
281	36
292	36
292	36
292	36
292	36
292	36
292	36
292	36
292	36
304	36
304	36
304	36
304	36
304	36
304	36
304	37
316	37
316	37
316	37
316	37
316	37
316	37
316	37
328	37
328	37
328	37
328	37
328	37
328	37
328	37
339	37
339	37
339	37
339	37
339	37
339	37
351	37
351	37
351	37
351	37
351	37
351	37
351	37
363	37
363	37
363	37
363	37
363	37
363	37
375	37
375	37
375	37
375	37
375	37
375	37
386	37
386	37
386	37
386	37
386	37
386	37
398	37
398	37
398	37
398	37
398	38
410	38
410	38
410	38
410	38
410	38
410	38
421	38
421	38
421	38
421	38
421	38
421	38
433	38
433	38
433	38
433	38
433	38
433	38
445	38
445	38
445	38
445	38
445	38
445	38
457	38
457	38
457	38
457	38
457	38
457	38
468	38
468	38
468	38
468	38
468	38
480	38
480	38
480	38
480	38
480	38
480	38
492	38
492	38
492	38
492	38
492	38
503	38
503	38
503	38
503	39
503	39
503	39
515	39
515	39
515	39
515	39
515	39
527	39
527	39
527	39
527	39
527	39
527	39
539	39
539	39
539	39
539	39
539	39
550	39
550	39
550	39
550	39
550	39
562	39
562	39
562	39
562	39
562	39
574	39
574	39
574	39
574	39
574	39
585	39
585	39
585	39
585	39
585	39
597	39
597	39
597	39
597	39
597	39
609	39
609	39
609	39
609	39
609	39
621	39
621	40
621	40
621	40
621	40
621	40
632	40
632	40
632	40
632	40
632	40
644	40
644	40
644	40
644	40
644	40
656	40
656	40
656	40
656	40
656	40
667	40
667	40
667	40
667	40
667	40
679	40
679	40
679	40
679	40
679	40
691	40
691	40
691	40
691	40
691	40
703	40
703	40
703	40
703	40
703	40
714	40
714	40
714	40
714	40
714	40
726	40
726	40
726	40
726	40
726	40
738	41
738	41
738	41
738	41
738	41
750	41
750	41
750	41
750	41
750	41
761	41
761	41
761	41
761	41
761	41
773	41
773	41
773	41
773	41
785	41
785	41
785	41
785	41
785	41
796	41
796	41
796	41
796	41
808	41
808	41
808	41
808	41
820	41
820	41
820	41
820	41
832	41
832	41
832	41
832	41
843	41
843	41
843	41
843	41
855	41
855	41
855	41
855	41
867	41
867	41
867	42
867	42
878	42
878	42
878	42
878	42
890	42
890	42
890	42
890	42
902	42
902	42
902	42
902	42
914	42
914	42
914	42
914	42
914	42
925	42
925	42
925	42
925	42
937	42
937	42
937	42
937	42
937	42
949	42
949	42
949	42
949	42
949	42
960	42
960	42
960	42
960	42
972	42
972	42
972	42
972	42
972	42
984	42
984	42
984	42
984	42
984	42
996	42
996	42
996	42
996	43
996	43
1007	43
1007	43
1007	43
1007	43
1019	43
1019	43
1019	43
1019	43
1019	43
1031	43
1031	43
1031	43
1031	43
1042	43
1042	43
1042	43
1042	43
1042	43
1054	43
1054	43
1054	43
1054	43
1066	43
1066	43
1066	43
1066	43
1066	43
1078	43
1078	43
1078	43
1078	43
1089	43
1089	43
1089	43
1089	43
1089	43
1101	43
1101	43
1101	43
1101	43
1101	43
1113	43
1113	43
1113	43
1113	43
1125	43
1125	43
1125	43
1125	44
1125	44
1136	44
1136	44
1136	44
1136	44
1148	44
1148	44
1148	44
1148	44
1148	44
1160	44
1160	44
1160	44
1160	44
1171	44
1171	44
1171	44
1171	44
1171	44
1183	44
1183	44
1183	44
1183	44
1183	44
1195	44
1195	44
1195	44
1195	44
1207	44
1207	44
1207	44
1207	44
1207	44
1218	44
1218	44
1218	44
1218	44
1230	44
1230	44
1230	44
1230	44
1242	44
1242	44
1242	44
1242	44
1253	44
1253	44
1253	44
1253	44
1253	45
1265	45
1265	45
1265	45
1265	45
1277	45
1277	45
1277	45
1277	45
1289	45
1289	45
1289	45
1289	45
1300	45
1300	45
1300	45
1300	45
1300	45
1312	45
1312	45
1312	45
1312	45
1324	45
1324	45
1324	45
1324	45
1335	45
1335	45
1335	45
1335	45
1347	45
1347	45
1347	45
1347	45
1359	45
1359	45
1359	45
1359	45
1371	45
1371	45
1371	45
1371	45
1371	45
1382	45
1382	45
1382	45
1382	45
1382	45
1394	45
1394	45
1394	46
1394	46
1406	46
1406	46
1406	46
1406	46
1417	46
1417	46
1417	46
1417	46
1417	46
1429	46
1429	46
1429	46
1429	46
1441	46
1441	46
1441	46
1441	46
1453	46
1453	46
1453	46
1453	46
1464	46
1464	46
1464	46
1464	46
1476	46
1476	46
1476	46
1476	46
1488	46
1488	46
1488	46
1488	46
1500	46
1500	46
1500	46
1500	46
1500	46
1511	46
1511	46
1511	46
1511	46
1523	46
1523	46
1523	46
1523	46
1535	46
1535	46
1535	47
1535	47
1546	47
1546	47
1546	47
1546	47
1558	47
1558	47
1558	47
1558	47
1570	47
1570	47
1570	47
1582	47
1582	47
1582	47
1582	47
1593	47
1593	47
1593	47
1605	47
1605	47
1605	47
1605	47
1617	47
1617	47
1617	47
1628	47
1628	47
1628	47
1628	47
1640	47
1640	47
1640	47
1652	47
1652	47
1652	47
1652	47
1664	47
1664	47
1664	47
1664	47
1675	47
1675	47
1675	47
1675	47
1687	47
1687	47
1687	47
1687	47
1699	48
1699	48
1699	48
1699	48
1710	48
1710	48
1710	48
1710	48
1722	48
1722	48
1722	48
1722	48
1734	48
1734	48
1734	48
1734	48
1746	48
1746	48
1746	48
1746	48
1757	48
1757	48
1757	48
1769	48
1769	48
1769	48
1769	48
1781	48
1781	48
1781	48
1781	48
1792	48
1792	48
1792	48
1792	48
1804	48
1804	48
1804	48
1804	48
1816	48
1816	48
1816	48
1816	48
1828	48
1828	48
1828	48
1828	48
1828	48
1839	48
1839	48
1839	49
1839	49
1851	49
1851	49
1851	49
1851	49
1863	49
1863	49
1863	49
1863	49
1875	49
1875	49
1875	49
1875	49
1886	49
1886	49
1886	49
1886	49
1898	49
1898	49
1898	49
1910	49
1910	49
1910	49
1910	49
1921	49
1921	49
1921	49
1921	49
1933	49
1933	49
1933	49
1933	49
1945	49
1945	49
1945	49
1957	49
1957	49
1957	49
1957	49
1968	49
1968	49
1968	49
1968	49
1980	49
1980	49
1980	49
1992	49
1992	49
1992	49
1992	50
2003	50
2003	50
2003	50
2015	50
2015	50
2015	50
2015	50
2027	50
2027	50
2027	50
2039	50
2039	50
2039	50
2039	50
2050	50
2050	50
2050	50
2062	50
2062	50
2062	50
2074	50
2074	50
2074	50
2074	50
2085	50
2085	50
2085	50
2097	50
2097	50
2097	50
2097	50
2109	50
2109	50
2109	50
2121	50
2121	50
2121	50
2121	50
2132	50
2132	50
2132	50
2132	50
2144	50
2144	50
2144	50
2156	50
2156	50
2156	50
2156	50
2167	51
2167	51
2167	51
2179	51
2179	51
2179	51
2191	51
2191	51
2191	51
2203	51
2203	51
2203	51
2214	51
2214	51
2214	51
2214	51
2226	51
2226	51
2226	51
2238	51
2238	51
2238	51
2250	51
2250	51
2250	51
2261	51
2261	51
2261	51
2261	51
2273	51
2273	51
2273	51
2285	51
2285	51
2285	51
2296	51
2296	51
2296	51
2308	51
2308	51
2308	51
2320	51
2320	51
2320	51
2332	51
2332	51
2332	51
2343	51
2343	51
2343	51
2355	52
2355	52
2355	52
2367	52
2367	52
2378	52
2378	52
2378	52
2390	52
2390	52
2390	52
2402	52
2402	52
2402	52
2414	52
2414	52
2414	52
2425	52
2425	52
2425	52
2437	52
2437	52
2437	52
2449	52
2449	52
2449	52
2460	52
2460	52
2460	52
2472	52
2472	52
2472	52
2484	52
2484	52
2484	52
2496	52
2496	52
2496	52
2507	52
2507	52
2507	52
2519	52
2519	52
2519	52
2531	52
2531	52
2531	52
2542	52
2542	52
2542	52
2554	53
2554	53
2554	53
2566	53
2566	53
2566	53
2578	53
2578	53
2578	53
2589	53
2589	53
2589	53
2589	53
2601	53
2601	53
2601	53
2613	53
2613	53
2613	53
2625	53
2625	53
2625	53
2636	53
2636	53
2648	53
2648	53
2648	53
2660	53
2660	53
2660	53
2671	53
2671	53
2671	53
2683	53
2683	53
2683	53
2695	53
2695	53
2695	53
2707	53
2707	53
2707	53
2718	53
2718	53
2718	53
2730	53
2730	53
2730	53
2742	53
2742	53
2753	54
2753	54
2753	54
2765	54
2765	54
2765	54
2777	54
2777	54
2777	54
2789	54
2789	54
2800	54
2800	54
2800	54
2812	54
2812	54
2824	54
2824	54
2824	54
2835	54
2835	54
2847	54
2847	54
2847	54
2859	54
2859	54
2859	54
2871	54
2871	54
2882	54
2882	54
2882	54
2894	54
2894	54
2894	54
2906	54
2906	54
2906	54
2917	54
2917	54
2917	54
2929	54
2929	54
2941	54
2941	54
2941	54
2953	54
2953	54
2953	54
2964	54
2964	55
2976	55
2976	55
2976	55
2988	55
2988	55
2988	55
3000	55
3000	55
3011	55
3011	55
3011	55
3023	55
3023	55
3035	55
3035	55
3035	55
3046	55
3046	55
3058	55
3058	55
3058	55
3070	55
3070	55
3082	55
3082	55
3093	55
3093	55
3105	55
3105	55
3105	55
3117	55
3117	55
3128	55
3128	55
3140	55
3140	55
3152	55
3152	55
3164	55
3164	55
3175	55
3175	55
3175	55
3187	55
3187	55
3199	55
3199	55
3199	55
3210	55
3210	56
3222	56
3222	56
3222	56
3234	56
3234	56
3246	56
3246	56
3257	56
3257	56
3257	56
3269	56
3269	56
3281	56
3281	56
3292	56
3292	56
3292	56
3304	56
3304	56
3316	56
3316	56
3316	56
3328	56
3328	56
3339	56
3339	56
3339	56
3351	56
3351	56
3363	56
3363	56
3363	56
3375	56
3375	56
3386	56
3386	56
3398	56
3398	56
3410	56
3410	56
3410	56
3421	56
3421	56
3433	56
3433	56
3445	56
3445	56
3445	56
3457	56
3457	57
3468	57
3468	57
3480	57
3480	57
3492	57
3492	57
3503	57
3503	57
3515	57
3515	57
3527	57
3527	57
3527	57
3539	57
3539	57
3550	57
3550	57
3562	57
3562	57
3574	57
3574	57
3585	57
3585	57
3585	57
3597	57
3597	57
3609	57
3609	57
3621	57
3621	57
3621	57
3632	57
3632	57
3644	57
3644	57
3656	57
3656	57
3656	57
3667	57
3667	57
3679	57
3679	57
3691	57
3691	57
3691	57
3703	57
3703	57
3714	57
3714	57
3726	58
3726	58
3726	58
3738	58
3738	58
3750	58
3750	58
3761	58
3761	58
3773	58
3773	58
3785	58
3785	58
3785	58
3796	58
3796	58
3808	58
3808	58
3820	58
3820	58
3832	58
3832	58
3843	58
3843	58
3855	58
3867	58
3867	58
3878	58
3878	58
3890	58
3890	58
3902	58
3902	58
3914	58
3914	58
3925	58
3925	58
3937	58
3937	58
3949	58
3949	58
3960	58
3960	58
3972	58
3972	58
3984	58
3984	58
3996	58
3996	58
3996	58
4007	59
4007	59
4019	59
4019	59
4031	59
4031	59
4042	59
4042	59
4054	59
4054	59
4066	59
4066	59
4078	59
4078	59
4089	59
4089	59
4101	59
4101	59
4113	59
4113	59
4113	59
4125	59
4125	59
4136	59
4136	59
4148	59
4148	59
4160	59
4160	59
4171	59
4171	59
4183	59
4183	59
4195	59
4195	59
4207	59
4207	59
4218	59
4218	59
4230	59
4230	59
4242	59
4253	59
4253	59
4265	59
4265	59
4277	59
4277	59
4289	59
4289	59
4300	60
4300	60
4312	60
4312	60
4324	60
4324	60
4335	60
4335	60
4347	60
4347	60
4359	60
4359	60
4371	60
4371	60
4382	60
4382	60
4394	60
4394	60
4406	60
4406	60
4417	60
4417	60
4429	60
4429	60
4441	60
4441	60
4441	60
4453	60
4453	60
4464	60
4464	60
4476	60
4476	60
4488	60
4488	60
4500	60
4500	60
4511	60
4511	60
4523	60
4523	60
4535	60
4535	60
4546	60
4546	60
4558	60
4558	60
4570	60
4570	60
4582	60
4593	61
4593	61
4605	61
4605	61
4617	61
4617	61
4628	61
4640	61
4640	61
4652	61
4652	61
4664	61
4675	61
4675	61
4687	61
4687	61
4699	61
4699	61
4710	61
4710	61
4722	61
4722	61
4734	61
4734	61
4746	61
4746	61
4757	61
4769	61
4769	61
4781	61
4781	61
4792	61
4804	61
4804	61
4816	61
4828	61
4828	61
4839	61
4839	61
4851	61
4851	61
4863	61
4863	61
4875	61
4875	61
4886	61
4886	61
4898	61
4898	61
4910	61
4921	62
4921	62
4933	62
4933	62
4945	62
4945	62
4957	62
4968	62
4968	62
4980	62
4980	62
4992	62
5003	62
5003	62
5015	62
5015	62
5027	62
5027	62
5039	62
5050	62
5050	62
5062	62
5062	62
5074	62
5074	62
5085	62
5085	62
5097	62
5097	62
5109	62
5121	62
5121	62
5132	62
5132	62
5144	62
5144	62
5156	62
5156	62
5167	62
5167	62
5179	62
5179	62
5191	62
5191	62
5203	62
5203	62
5214	62
5214	62
5226	62
5226	62
5238	63
5238	63
5250	63
5250	63
5261	63
5261	63
5273	63
5285	63
5285	63
5296	63
5296	63
5308	63
5308	63
5320	63
5320	63
5332	63
5343	63
5343	63
5355	63
5355	63
5367	63
5367	63
5378	63
5390	63
5390	63
5402	63
5402	63
5414	63
5414	63
5425	63
5437	63
5437	63
5449	63
5449	63
5460	63
5460	63
5472	63
5484	63
5484	63
5496	63
5496	63
5507	63
5507	63
5519	63
5531	63
5531	63
5542	63
5554	63
5554	63
5566	63
5578	64
5578	64
5589	64
5589	64
5601	64
5613	64
5613	64
5625	64
5625	64
5636	64
5636	64
5648	64
5660	64
5660	64
5671	64
5671	64
5683	64
5695	64
5695	64
5707	64
5718	64
5730	64
5730	64
5742	64
5753	64
5753	64
5765	64
5777	64
5789	64
5789	64
5800	64
5800	64
5812	64
5824	64
5824	64
5835	64
5835	64
5847	64
5859	64
5859	64
5871	64
5871	64
5882	64
5894	64
5894	64
5906	64
5906	64
5917	64
5929	64
5929	64
5941	65
5941	65
5953	65
5964	65
5964	65
5976	65
5976	65
5988	65
6000	65
6000	65
6011	65
6011	65
6023	65
6035	65
6035	65
6046	65
6058	65
6058	65
6070	65
6070	65
6082	65
6093	65
6093	65
6105	65
6105	65
6117	65
6128	65
6128	65
6140	65
6152	65
6152	65
6164	65
6164	65
6175	65
6187	65
6187	65
6199	65
6210	65
6210	65
6222	65
6234	65
6234	65
6246	65
6246	65
6257	65
6269	65
6269	65
6281	65
6292	65
6292	65
6304	66
6304	66
6316	66
6328	66
6328	66
6339	66
6351	66
6351	66
6363	66
6363	66
6375	66
6386	66
6386	66
6398	66
6410	66
6410	66
6421	66
6433	66
6433	66
6445	66
6457	66
6457	66
6468	66
6480	66
6492	66
6503	66
6503	66
6515	66
6527	66
6539	66
6539	66
6550	66
6562	66
6562	66
6574	66
6585	66
6585	66
6597	66
6609	66
6609	66
6621	66
6632	66
6632	66
6644	66
6656	66
6656	66
6667	66
6679	66
6679	66
6691	66
6703	67
6703	67
6714	67
6726	67
6726	67
6738	67
6750	67
6750	67
6761	67
6773	67
6773	67
6785	67
6796	67
6796	67
6808	67
6820	67
6820	67
6832	67
6843	67
6843	67
6855	67
6867	67
6867	67
6878	67
6890	67
6890	67
6902	67
6914	67
6914	67
6925	67
6937	67
6937	67
6949	67
6960	67
6960	67
6972	67
6984	67
6984	67
6996	67
7007	67
7007	67
7019	67
7031	67
7031	67
7042	67
7054	67
7066	67
7066	67
7078	67
7089	67
7089	68
7101	68
7113	68
7113	68
7125	68
7136	68
7136	68
7148	68
7160	68
7160	68
7171	68
7183	68
7195	68
7195	68
7207	68
7218	68
7230	68
7242	68
7253	68
7265	68
7265	68
7277	68
7289	68
7300	68
7312	68
7312	68
7324	68
7335	68
7335	68
7347	68
7359	68
7359	68
7371	68
7382	68
7382	68
7394	68
7406	68
7417	68
7417	68
7429	68
7441	68
7441	68
7453	68
7464	68
7464	68
7476	68
7488	68
7488	68
7500	68
7511	68
7523	69
7523	69
7535	69
7546	69
7546	69
7558	69
7570	69
7570	69
7582	69
7593	69
7593	69
7605	69
7617	69
7617	69
7628	69
7640	69
7640	69
7652	69
7664	69
7664	69
7675	69
7687	69
7687	69
7699	69
7710	69
7722	69
7722	69
7734	69
7746	69
7746	69
7757	69
7769	69
7769	69
7781	69
7792	69
7792	69
7804	69
7816	69
7816	69
7828	69
7839	69
7851	69
7851	69
7863	69
7875	69
7875	69
7886	69
7898	69
7910	69
7910	69
7921	70
7933	70
7945	70
7957	70
7957	70
7968	70
7980	70
7992	70
8003	70
8015	70
8027	70
8039	70
8050	70
8050	70
8062	70
8074	70
8085	70
8085	70
8097	70
8109	70
8109	70
8121	70
8132	70
8144	70
8156	70
8167	70
8167	70
8179	70
8191	70
8203	70
8214	70
8214	70
8226	70
8238	70
8250	70
8250	70
8261	70
8273	70
8285	70
8285	70
8296	70
8308	70
8320	70
8320	70
8332	70
8343	70
8355	70
8355	70
8367	70
8378	70
8378	71
8390	71
8402	71
8414	71
8414	71
8425	71
8437	71
8449	71
8449	71
8460	71
8472	71
8484	71
8496	71
8496	71
8507	71
8519	71
8519	71
8531	71
8542	71
8542	71
8554	71
8554	71
8566	71
8578	71
8578	71
8589	71
8601	71
8613	71
8613	71
8625	71
8636	71
8648	71
8648	71
8660	71
8671	71
8683	71
8695	71
8695	71
8707	71
8718	71
8730	71
8742	71
8753	71
8753	71
8765	71
8777	71
8789	71
8800	71
8812	71
8812	71
8824	72
8835	72
8847	72
8847	72
8859	72
8871	72
8882	72
8882	72
8894	72
8906	72
8917	72
8929	72
8941	72
8941	72
8953	72
8964	72
8976	72
8976	72
8988	72
9000	72
9011	72
9011	72
9023	72
9035	72
9046	72
9058	72
9058	72
9070	72
9082	72
9093	72
9105	72
9105	72
9117	72
9128	72
9140	72
9152	72
9152	72
9164	72
9175	72
9187	72
9199	72
9199	72
9210	72
9222	72
9234	72
9246	72
9246	72
9257	72
9269	72
9281	72
9281	73
9292	73
9304	73
9316	73
9328	73
9328	73
9339	73
9351	73
9363	73
9363	73
9375	73
9386	73
9398	73
9410	73
9410	73
9421	73
9433	73
9445	73
9457	73
9468	73
9468	73
9480	73
9492	73
9503	73
9515	73
9527	73
9539	73
9550	73
9550	73
9562	73
9574	73
9585	73
9597	73
9597	73
9609	73
9621	73
9632	73
9644	73
9644	73
9656	73
9667	73
9679	73
9691	73
9691	73
9703	73
9714	73
9726	73
9726	73
9738	73
9750	73
9761	74
9773	74
9785	74
9785	74
9796	74
9808	74
9820	74
9832	74
9832	74
9843	74
9855	74
9867	74
9878	74
9878	74
9890	74
9902	74
9914	74
9925	74
9937	74
9937	74
9949	74
9960	74
9972	74
9984	74
9996	74
9996	74
10007	74
10019	74
10031	74
10031	74
10042	74
10054	74
10054	74
10066	74
10078	74
10078	74
10089	74
10101	74
10113	74
10125	74
10125	74
10136	74
10148	74
10160	74
10171	74
10183	74
10183	74
10195	74
10207	74
10218	74
10230	75
10242	75
10253	75
10265	75
10277	75
10277	75
10289	75
10300	75
10312	75
10324	75
10335	75
10347	75
10347	75
10359	75
10371	75
10382	75
10394	75
10406	75
10417	75
10429	75
10441	75
10453	75
10464	75
10464	75
10476	75
10488	75
10500	75
10511	75
10511	75
10523	75
10535	75
10546	75
10558	75
10570	75
10582	75
10593	75
10605	75
10617	75
10628	75
10640	75
10652	75
10652	75
10664	75
10675	75
10687	75
10699	75
10710	75
10722	75
10722	75
10734	75
10746	76
10757	76
10769	76
10781	76
10792	76
10792	76
10804	76
10816	76
10828	76
10839	76
10839	76
10851	76
10863	76
10875	76
10886	76
10898	76
10898	76
10910	76
10921	76
10933	76
10945	76
10957	76
10968	76
10968	76
10980	76
10992	76
11003	76
11015	76
11027	76
11039	76
11050	76
11062	76
11062	76
11074	76
11085	76
11097	76
11109	76
11121	76
11132	76
11132	76
11144	76
11156	76
11167	76
11179	76
11191	76
11203	76
11203	76
11214	76
11226	76
11238	76
11250	77
11261	77
11261	77
11273	77
11285	77
11296	77
11308	77
11320	77
11332	77
11343	77
11355	77
11355	77
11367	77
11378	77
11390	77
11402	77
11414	77
11425	77
11437	77
11449	77
11460	77
11460	77
11472	77
11484	77
11496	77
11507	77
11519	77
11519	77
11531	77
11542	77
11554	77
11566	77
11566	77
11578	77
11589	77
11601	77
11613	77
11613	77
11625	77
11636	77
11648	77
11660	77
11671	77
11683	77
11695	77
11695	77
11707	77
11718	77
11730	77
11742	77
11753	78
11765	78
11777	78
11777	78
11789	78
11800	78
11812	78
11824	78
11835	78
11847	78
11859	78
11859	78
11871	78
11882	78
11894	78
11906	78
11917	78
11929	78
11929	78
11941	78
11953	78
11964	78
11976	78
11988	78
12000	78
12000	78
12011	78
12023	78
12035	78
12046	78
12058	78
12070	78
12082	78
12093	78
12105	78
12117	78
12128	78
12140	78
12152	78
12164	78
12175	78
12187	78
12187	78
12199	78
12210	78
12222	78
12234	78
12246	78
12257	78
12269	78
12281	79
12281	79
12292	79
12304	79
12316	79
12328	79
12339	79
12339	79
12351	79
12363	79
12375	79
12386	79
12398	79
12410	79
12421	79
12421	79
12433	79
12445	79
12457	79
12468	79
12480	79
12492	79
12503	79
12503	79
12515	79
12527	79
12539	79
12550	79
12562	79
12574	79
12585	79
12597	79
12609	79
12621	79
12621	79
12632	79
12644	79
12656	79
12667	79
12679	79
12691	79
12703	79
12703	79
12714	79
12726	79
12738	79
12750	79
12761	79
12773	79
12785	79
12796	80
12808	80
12820	80
12832	80
12843	80
12855	80
12867	80
12878	80
12890	80
12902	80
12914	80
12925	80
12937	80
12949	80
12960	80
12972	80
12972	80
12984	80
12996	80
13007	80
13019	80
13031	80
13042	80
13054	80
13066	80
13078	80
13078	80
13089	80
13101	80
13113	80
13125	80
13136	80
13148	80
13160	80
13171	80
13183	80
13195	80
13195	80
13207	80
13218	80
13230	80
13242	80
13253	80
13265	80
13277	80
13289	80
13300	80
13312	80
13324	80
13335	80
13347	81
13347	81
13359	81
13371	81
13382	81
13394	81
13406	81
13417	81
13429	81
13441	81
13453	81
13464	81
13476	81
13488	81
13488	81
13500	81
13511	81
13523	81
13535	81
13546	81
13558	81
13570	81
13582	81
13605	81
13617	81
13628	81
13640	81
13652	81
13664	81
13675	81
13687	81
13699	81
13710	81
13722	81
13734	81
13746	81
13757	81
13769	81
13781	81
13792	81
13792	81
13804	81
13816	81
13828	81
13839	81
13851	81
13863	81
13875	81
13886	81
13898	81
13910	82
13921	82
13933	82
13945	82
13957	82
13968	82
13980	82
13992	82
14003	82
14015	82
14015	82
14027	82
14039	82
14050	82
14062	82
14074	82
14085	82
14097	82
14109	82
14121	82
14132	82
14144	82
14156	82
14167	82
14179	82
14191	82
14203	82
14214	82
14226	82
14238	82
14250	82
14261	82
14273	82
14285	82
14296	82
14308	82
14320	82
14332	82
14343	82
14367	82
14378	82
14390	82
14402	82
14414	82
14425	82
14437	82
14449	82
14460	82
14472	82
14484	82
14496	83
14507	83
14519	83
14531	83
14542	83
14554	83
14566	83
14578	83
14589	83
14601	83
14613	83
14625	83
14636	83
14648	83
14660	83
14671	83
14683	83
14695	83
14707	83
14707	83
14718	83
14730	83
14742	83
14753	83
14765	83
14777	83
14789	83
14800	83
14812	83
14824	83
14835	83
14847	83
14871	83
14871	83
14882	83
14894	83
14906	83
14917	83
14929	83
14941	83
14953	83
14964	83
14976	83
14988	83
15000	83
15011	83
15023	83
15035	83
15046	83
15058	83
15070	84
15093	84
15105	84
15117	84
15128	84
15140	84
15152	84
15164	84
15175	84
15199	84
15210	84
15222	84
15234	84
15246	84
15257	84
15269	84
15281	84
15292	84
15304	84
15316	84
15328	84
15339	84
15351	84
15363	84
15375	84
15386	84
15398	84
15410	84
15421	84
15433	84
15445	84
15457	84
15468	84
15492	84
15503	84
15515	84
15527	84
15539	84
15550	84
15562	84
15574	84
15585	84
15597	84
15609	84
15621	84
15632	84
15644	84
15656	84
15667	84
15679	84
15691	85
15703	85
15714	85
15726	85
15738	85
15750	85
15761	85
15785	85
15796	85
15808	85
15820	85
15832	85
15843	85
15855	85
15867	85
15878	85
15902	85
15914	85
15925	85
15937	85
15949	85
15960	85
15972	85
15984	85
15996	85
16007	85
16019	85
16031	85
16042	85
16066	85
16078	85
16089	85
16101	85
16113	85
16125	85
16136	85
16148	85
16160	85
16171	85
16183	85
16195	85
16207	85
16230	85
16242	85
16253	85
16265	85
16277	85
16289	85
16300	85
16324	85
16335	86
16347	86
16359	86
16371	86
16382	86
16394	86
16406	86
16417	86
16429	86
16441	86
16453	86
16464	86
16476	86
16488	86
16500	86
16523	86
16535	86
16546	86
16558	86
16570	86
16582	86
16593	86
16617	86
16628	86
16640	86
16652	86
16664	86
16687	86
16699	86
16710	86
16722	86
16734	86
16746	86
16757	86
16769	86
16792	86
16804	86
16816	86
16839	86
16851	86
16863	86
16875	86
16886	86
16898	86
16910	86
16921	86
16933	86
16945	86
16968	86
16980	86
16992	87
17003	87
17027	87
17039	87
17050	87
17062	87
17074	87
17085	87
17097	87
17109	87
17121	87
17132	87
17144	87
17156	87
17167	87
17179	87
17191	87
17203	87
17214	87
17226	87
17238	87
17261	87
17273	87
17285	87
17296	87
17308	87
17320	87
17332	87
17343	87
17355	87
17378	87
17390	87
17402	87
17414	87
17425	87
17437	87
17449	87
17472	87
17484	87
17496	87
17507	87
17519	87
17531	87
17554	87
17566	87
17578	87
17589	87
17601	87
17613	87
17636	87
17648	88
17660	88
17671	88
17683	88
17707	88
17718	88
17730	88
17753	88
17765	88
17777	88
17800	88
17812	88
17824	88
17835	88
17847	88
17859	88
17871	88
17894	88
17906	88
17917	88
17929	88
17941	88
17953	88
17964	88
17976	88
18000	88
18011	88
18023	88
18035	88
18046	88
18058	88
18070	88
18093	88
18105	88
18117	88
18128	88
18140	88
18152	88
18164	88
18187	88
18199	88
18210	88
18222	88
18234	88
18246	88
18269	88
18281	88
18292	88
18304	88
18316	88
18328	89
18351	89
18363	89
18375	89
18386	89
18398	89
18410	89
18421	89
18445	89
18457	89
18468	89
18492	89
18503	89
18527	89
18539	89
18550	89
18574	89
18585	89
18597	89
18609	89
18621	89
18632	89
18644	89
18667	89
18679	89
18691	89
18703	89
18714	89
18738	89
18750	89
18761	89
18773	89
18785	89
18796	89
18820	89
18832	89
18843	89
18855	89
18867	89
18890	89
18902	89
18914	89
18925	89
18937	89
18949	89
18972	89
18984	89
18996	89
19007	89
19019	89
19042	90
19054	90
19066	90
19078	90
19101	90
19113	90
19125	90
19136	90
19148	90
19160	90
19183	90
19195	90
19207	90
19230	90
19242	90
19265	90
19277	90
19300	90
19312	90
19324	90
19335	90
19347	90
19371	90
19382	90
19394	90
19406	90
19429	90
19441	90
19453	90
19464	90
19476	90
19488	90
19511	90
19523	90
19535	90
19546	90
19558	90
19570	90
19593	90
19605	90
19617	90
19628	90
19640	90
19652	90
19664	90
19675	90
19699	90
19710	90
19722	90
19734	90
19746	91
19769	91
19781	91
19792	91
19804	91
19816	91
19828	91
19839	91
19851	91
19875	91
19886	91
19898	91
19910	91
19921	91
19945	91
19957	91
19980	91
19992	91
20015	91
20027	91
20039	91
20062	91
20074	91
20085	91
20097	91
20109	91
20132	91
20144	91
20156	91
20179	91
20191	91
20203	91
20226	91
20238	91
20250	91
20261	91
20273	91
20296	91
20308	91
20320	91
20332	91
20343	91
20355	91
20378	91
20390	91
20402	91
20414	91
20425	91
20437	91
20460	91
20472	92
20484	92
20496	92
20507	92
20519	92
20531	92
20542	92
20554	92
20566	92
20589	92
20601	92
20613	92
20625	92
20636	92
20648	92
20671	92
20683	92
20695	92
20707	92
20730	92
20742	92
20753	92
20777	92
20789	92
20800	92
20812	92
20824	92
20847	92
20859	92
20871	92
20882	92
20894	92
20917	92
20929	92
20941	92
20964	92
20976	92
20988	92
21000	92
21011	92
21035	92
21046	92
21058	92
21070	92
21082	92
21105	92
21117	92
21128	92
21140	92
21164	92
21175	93
21187	93
21199	93
21222	93
21234	93
21246	93
21257	93
21269	93
21281	93
21304	93
21316	93
21328	93
21339	93
21351	93
21363	93
21386	93
21398	93
21410	93
21421	93
21445	93
21457	93
21468	93
21480	93
21503	93
21515	93
21527	93
21550	93
21562	93
21574	93
21585	93
21609	93
21621	93
21632	93
21644	93
21656	93
21679	93
21691	93
21703	93
21714	93
21726	93
21738	93
21761	93
21773	93
21785	93
21796	93
21820	93
21832	93
21843	93
21855	93
21867	93
21890	94
21902	94
21914	94
21925	94
21937	94
21960	94
21972	94
21984	94
21996	94
22007	94
22019	94
22042	94
22042	94
22054	94
22066	94
22089	94
22101	94
22113	94
22125	94
22136	94
22160	94
22171	94
22183	94
22195	94
22218	94
22230	94
22242	94
22265	94
22277	94
22289	94
22300	94
22324	94
22335	94
22347	94
22359	94
22382	94
22394	94
22406	94
22429	94
22441	94
22464	94
22476	94
22488	94
22500	94
22511	94
22535	94
22546	94
22558	94
22570	94
22593	94
22605	95
22628	95
22640	95
22652	95
22675	95
22687	95
22699	95
22710	95
22734	95
22746	95
22757	95
22769	95
22781	95
22804	95
22816	95
22828	95
22839	95
22851	95
22863	95
22886	95
22898	95
22910	95
22921	95
22945	95
22957	95
22968	95
22980	95
23003	95
23015	95
23027	95
23050	95
23062	95
23074	95
23085	95
23109	95
23121	95
23132	95
23144	95
23156	95
23179	95
23191	95
23203	95
23214	95
23238	95
23250	95
23261	95
23273	95
23285	95
23308	95
23320	95
23332	96
23355	96
23367	96
23378	96
23402	96
23414	96
23425	96
23437	96
23460	96
23472	96
23484	96
23496	96
23519	96
23531	96
23542	96
23554	96
23566	96
23578	96
23589	96
23601	96
23625	96
23636	96
23648	96
23660	96
23683	96
23695	96
23707	96
23718	96
23730	96
23753	96
23765	96
23777	96
23789	96
23812	96
23824	96
23835	96
23859	96
23871	96
23882	96
23894	96
23906	96
23929	96
23941	96
23953	96
23964	96
23988	96
24000	96
24011	96
24023	96
24035	96
24058	97
24070	97
24082	97
24105	97
24117	97
24140	97
24152	97
24164	97
24187	97
24199	97
24210	97
24222	97
24246	97
24257	97
24269	97
24281	97
24292	97
24316	97
24328	97
24339	97
24351	97
24363	97
24386	97
24398	97
24410	97
24421	97
24445	97
24457	97
24468	97
24480	97
24492	97
24515	97
24527	97
24539	97
24550	97
24574	97
24585	97
24597	97
24609	97
24632	97
24644	97
24656	97
24667	97
24679	97
24703	97
24714	97
24726	97
24738	97
24761	97
24773	97
24785	98
24796	98
24820	98
24832	98
24843	98
24867	98
24878	98
24902	98
24914	98
24925	98
24949	98
24960	98
24972	98
24984	98
25007	98
25019	98
25031	98
25042	98
25066	98
25078	98
25089	98
25101	98
25113	98
25136	98
25148	98
25160	98
25171	98
25195	98
25207	98
25218	98
25230	98
25253	98
25265	98
25277	98
25289	98
25312	98
25324	98
25335	98
25347	98
25371	98
25382	98
25394	98
25406	98
25429	98
25441	98
25453	98
25476	98
25488	98
25500	98
25511	98
25523	99
25546	99
25558	99
25582	99
25593	99
25617	99
25628	99
25652	99
25664	99
25675	99
25699	99
25710	99
25722	99
25734	99
25757	99
25769	99
25781	99
25792	99
25816	99
25828	99
25839	99
25851	99
25863	99
25886	99
25898	99
25910	99
25933	99
25945	99
25957	99
25968	99
25992	99
26003	99
26015	99
26039	99
26050	99
26062	99
26074	99
26097	99
26109	99
26121	99
26144	99
26156	99
26167	99
26191	99
26203	99
26214	99
26226	99
26250	99
26261	99
26273	99
26296	100
26308	100
26320	100
26343	100
26355	100
26378	100
26402	100
26414	100
26425	100
26449	100
26460	100
26472	100
26496	100
26507	100
26519	100
26531	100
26554	100
26566	100
26578	100
26589	100
26613	100
26625	100
26636	100
26660	100
26671	100
26683	100
26695	100
26718	100
26730	100
26742	100
26765	100
26777	100
26789	100
26800	100
26824	100
26835	100
26859	100
26871	100
26882	100
26894	100
26917	100
26929	100
26941	100
26953	100
26976	100
26988	100
27000	100
27023	100
27035	100
27046	100
27070	101
27082	101
27105	101
27117	101
27128	101
27152	101
27164	101
27187	101
27199	101
27210	101
27234	101
27246	101
27257	101
27281	101
27292	101
27316	101
27328	101
27339	101
27363	101
27375	101
27386	101
27398	101
27421	101
27433	101
27457	101
27468	101
27480	101
27503	101
27515	101
27539	101
27550	101
27562	101
27585	101
27597	101
27609	101
27632	101
27644	101
27656	101
27679	101
27691	101
27703	101
27726	101
27738	101
27750	101
27761	101
27785	101
27796	101
27820	101
27832	101
27855	101
27867	102
27878	102
27902	102
27914	102
27937	102
27949	102
27960	102
27984	102
27996	102
28019	102
28031	102
28042	102
28066	102
28078	102
28089	102
28113	102
28125	102
28136	102
28160	102
28171	102
28183	102
28207	102
28218	102
28242	102
28253	102
28277	102
28289	102
28312	102
28324	102
28335	102
28359	102
28371	102
28382	102
28406	102
28417	102
28429	102
28453	102
28464	102
28476	102
28500	102
28511	102
28523	102
28546	102
28558	102
28582	102
28593	102
28617	102
28628	102
28652	102
28664	102
28687	103
28699	103
28722	103
28734	103
28746	103
28769	103
28792	103
28804	103
28828	103
28839	103
28863	103
28875	103
28886	103
28910	103
28921	103
28945	103
28957	103
28980	103
28992	103
29015	103
29027	103
29050	103
29062	103
29074	103
29097	103
29109	103
29121	103
29144	103
29156	103
29167	103
29179	103
29203	103
29214	103
29226	103
29238	103
29261	103
29273	103
29296	103
29308	103
29320	103
29343	103
29355	103
29378	103
29390	103
29402	103
29425	103
29437	103
29460	103
29472	103
29484	103
29507	104
29519	104
29542	104
29554	104
29578	104
29589	104
29613	104
29625	104
29636	104
29660	104
29671	104
29695	104
29718	104
29730	104
29753	104
29777	104
29789	104
29812	104
29824	104
29847	104
29859	104
29871	104
29894	104
29906	104
29929	104
29941	104
29964	104
29976	104
29988	104
30011	104
30023	104
30046	104
30058	104
30070	104
30093	104
30105	104
30128	104
30140	104
30152	104
30175	104
30187	104
30210	104
30222	104
30246	104
30257	104
30269	104
30292	104
30304	104
30328	104
30339	104
30363	105
30375	105
30386	105
30410	105
30421	105
30445	105
30457	105
30480	105
30503	105
30527	105
30539	105
30562	105
30574	105
30597	105
30609	105
30621	105
30644	105
30656	105
30679	105
30691	105
30714	105
30726	105
30750	105
30761	105
30785	105
30796	105
30808	105
30832	105
30843	105
30867	105
30878	105
30902	105
30914	105
30937	105
30949	105
30972	105
30984	105
30996	105
31019	105
31031	105
31054	105
31078	105
31089	105
31101	105
31125	105
31136	105
31160	105
31171	105
31195	105
31218	105
31230	106
31253	106
31277	106
31300	106
31312	106
31335	106
31347	106
31359	106
31382	106
31406	106
31417	106
31441	106
31453	106
31464	106
31488	106
31500	106
31523	106
31535	106
31558	106
31570	106
31582	106
31605	106
31617	106
31628	106
31652	106
31664	106
31687	106
31699	106
31722	106
31734	106
31757	106
31769	106
31781	106
31804	106
31816	106
31839	106
31851	106
31863	106
31886	106
31898	106
31921	106
31933	106
31957	106
31980	106
32003	106
32027	106
32039	106
32062	106
32085	106
32097	106
32109	107
32132	107
32156	107
32167	107
32191	107
32214	107
32226	107
32250	107
32261	107
32285	107
32296	107
32320	107
32332	107
32343	107
32367	107
32378	107
32402	107
32414	107
32437	107
32449	107
32472	107
32484	107
32507	107
32519	107
32531	107
32554	107
32566	107
32578	107
32601	107
32613	107
32625	107
32648	107
32660	107
32683	107
32695	107
32718	107
32742	107
32753	107
32777	107
32800	107
32812	107
32835	107
32847	107
32871	107
32882	107
32906	107
32917	107
32941	107
32964	107
32976	107
33000	108
33011	108
33035	108
33046	108
33070	108
33082	108
33105	108
33117	108
33140	108
33152	108
33175	108
33199	108
33210	108
33234	108
33246	108
33269	108
33281	108
33292	108
33316	108
33328	108
33351	108
33363	108
33386	108
33398	108
33421	108
33433	108
33457	108
33480	108
33492	108
33515	108
33539	108
33550	108
33574	108
33585	108
33609	108
33621	108
33644	108
33656	108
33679	108
33691	108
33714	108
33726	108
33750	108
33761	108
33785	108
33808	108
33820	108
33843	108
33855	108
33878	108
33890	109
33914	109
33925	109
33949	109
33960	109
33984	109
33996	109
34019	109
34031	109
34042	109
34066	109
34078	109
34089	109
34113	109
34125	109
34148	109
34160	109
34183	109
34195	109
34218	109
34242	109
34253	109
34277	109
34300	109
34312	109
34335	109
34347	109
34371	109
34394	109
34406	109
34429	109
34453	109
34476	109
34488	109
34511	109
34523	109
34546	109
34558	109
34582	109
34605	109
34617	109
34640	109
34664	109
34675	109
34699	109
34710	109
34734	109
34746	109
34769	109
34781	109
34804	110
34816	110
34839	110
34851	110
34875	110
34886	110
34910	110
34921	110
34945	110
34957	110
34980	110
35003	110
35015	110
35039	110
35050	110
35074	110
35097	110
35109	110
35132	110
35144	110
35167	110
35179	110
35203	110
35214	110
35238	110
35250	110
35273	110
35285	110
35308	110
35332	110
35343	110
35367	110
35378	110
35402	110
35425	110
35437	110
35460	110
35472	110
35496	110
35507	110
35531	110
35542	110
35566	110
35578	110
35589	110
35613	110
35625	110
35648	110
35671	110
35683	110
35707	111
35718	111
35742	111
35753	111
35777	111
35789	111
35812	111
35824	111
35847	111
35871	111
35882	111
35906	111
35917	111
35941	111
35953	111
35976	111
35988	111
36011	111
36023	111
36046	111
36070	111
36082	111
36105	111
36128	111
36140	111
36164	111
36187	111
36199	111
36222	111
36234	111
36257	111
36269	111
36292	111
36304	111
36328	111
36339	111
36363	111
36375	111
36398	111
36410	111
36433	111
36445	111
36468	111
36480	111
36503	111
36515	111
36539	111
36562	111
36574	111
36597	111
36609	112
36632	112
36644	112
36667	112
36679	112
36703	112
36714	112
36738	112
36750	112
36773	112
36796	112
36808	112
36832	112
36855	112
36867	112
36890	112
36914	112
36937	112
36949	112
36972	112
36984	112
37007	112
37019	112
37042	112
37054	112
37078	112
37089	112
37113	112
37125	112
37148	112
37160	112
37183	112
37195	112
37218	112
37230	112
37253	112
37277	112
37289	112
37312	112
37324	112
37347	112
37359	112
37382	112
37394	112
37417	112
37441	112
37453	112
37476	112
37488	112
37511	112
37523	113
37546	113
37558	113
37582	113
37605	113
37628	113
37652	113
37664	113
37687	113
37710	113
37722	113
37746	113
37757	113
37781	113
37792	113
37816	113
37828	113
37851	113
37863	113
37886	113
37910	113
37921	113
37945	113
37957	113
37980	113
37992	113
38015	113
38027	113
38050	113
38074	113
38085	113
38109	113
38121	113
38144	113
38156	113
38179	113
38203	113
38214	113
38238	113
38250	113
38273	113
38285	113
38308	113
38332	113
38355	113
38367	113
38390	113
38414	113
38437	113
38449	113
38472	114
38484	114
38507	114
38531	114
38542	114
38566	114
38578	114
38589	114
38613	114
38636	114
38648	114
38671	114
38683	114
38707	114
38718	114
38742	114
38753	114
38777	114
38800	114
38812	114
38835	114
38847	114
38871	114
38882	114
38906	114
38917	114
38941	114
38964	114
38976	114
39000	114
39011	114
39035	114
39046	114
39070	114
39093	114
39117	114
39128	114
39152	114
39175	114
39199	114
39210	114
39234	114
39246	114
39269	114
39292	114
39304	114
39328	114
39351	114
39363	114
39386	114
39398	115
39421	115
39445	115
39457	115
39480	115
39503	115
39515	115
39539	115
39562	115
39574	115
39597	115
39621	115
39632	115
39656	115
39667	115
39691	115
39703	115
39726	115
39750	115
39761	115
39785	115
39796	115
39820	115
39843	115
39867	115
39878	115
39902	115
39925	115
39949	115
39960	115
39984	115
39996	115
40019	115
40042	115
40054	115
40078	115
40101	115
40113	115
40136	115
40148	115
40171	115
40195	115
40207	115
40230	115
40253	115
40277	115
40289	115
40312	115
40335	115
40347	115
40371	116
40394	116
40406	116
40429	116
40441	116
40464	116
40488	116
40500	116
40523	116
40546	116
40558	116
40582	116
40605	116
40628	116
40652	116
40664	116
40687	116
40710	116
40722	116
40746	116
40769	116
40792	116
40816	116
40839	116
40851	116
40875	116
40886	116
40910	116
40933	116
40957	116
40980	116
40992	116
41015	116
41039	116
41062	116
41074	116
41097	116
41121	116
41132	116
41156	116
41167	116
41191	116
41203	116
41226	116
41238	116
41261	116
41285	116
41296	116
41320	116
41343	116
41355	117
41378	117
41402	117
41414	117
41437	117
41460	117
41472	117
41496	117
41519	117
41531	117
41554	117
41578	117
41601	117
41625	117
41636	117
41660	117
41683	117
41695	117
41718	117
41753	117
41777	117
41789	117
41812	117
41835	117
41847	117
41871	117
41894	117
41917	117
41929	117
41953	117
41976	117
41988	117
42011	117
42035	117
42046	117
42070	117
42093	117
42105	117
42128	117
42152	117
42164	117
42187	117
42210	117
42222	117
42246	117
42269	117
42281	117
42304	117
42328	117
42351	117
42363	118
42386	118
42398	118
42421	118
42445	118
42468	118
42492	118
42515	118
42539	118
42562	118
42585	118
42597	118
42621	118
42644	118
42667	118
42679	118
42703	118
42726	118
42738	118
42761	118
42785	118
42808	118
42820	118
42843	118
42867	118
42890	118
42902	118
42925	118
42949	118
42972	118
42984	118
43007	118
43031	118
43042	118
43066	118
43089	118
43113	118
43125	118
43148	118
43171	118
43195	118
43218	118
43242	118
43265	118
43289	118
43312	118
43335	118
43359	118
43371	118
43394	118
43417	119
43441	119
43453	119
43476	119
43500	119
43511	119
43535	119
43558	119
43582	119
43593	119
43617	119
43628	119
43652	119
43675	119
43687	119
43710	119
43734	119
43757	119
43769	119
43792	119
43816	119
43828	119
43851	119
43875	119
43886	119
43910	119
43933	119
43957	119
43980	119
44003	119
44027	119
44050	119
44074	119
44097	119
44121	119
44132	119
44156	119
44191	119
44203	119
44226	119
44250	119
44273	119
44285	119
44308	119
44332	119
44355	119
44367	119
44390	119
44414	119
44425	119
44449	120
44472	120
44496	120
44519	120
44531	120
44542	120
44566	120
44578	120
44601	120
44625	120
44648	120
44660	120
44683	120
44707	120
44730	120
44753	120
44777	120
44800	120
44824	120
44835	120
44859	120
44882	120
44906	120
44929	120
44941	120
44964	120
44988	120
45011	120
45023	120
45046	120
45070	120
45093	120
45117	120
45140	120
45152	120
45175	120
45199	120
45222	120
45246	120
45257	120
45281	120
45304	120
45316	120
45339	120
45363	120
45386	120
45398	120
45421	120
45445	120
45468	120
45492	121
45515	121
45539	121
45562	121
45574	121
45597	121
45621	121
45644	121
45667	121
45679	121
45703	121
45726	121
45750	121
45761	121
45785	121
45808	121
45832	121
45843	121
45867	121
45890	121
45914	121
45925	121
45949	121
45972	121
45996	121
46019	121
46031	121
46054	121
46066	121
46089	121
46101	121
46125	121
46148	121
46171	121
46183	121
46207	121
46230	121
46253	121
46277	121
46300	121
46324	121
46347	121
46359	121
46382	121
46406	121
46429	121
46453	121
46476	121
46500	121
46523	121
46535	122
46558	122
46582	122
46605	122
46628	122
46652	122
46675	122
46699	122
46722	122
46734	122
46757	122
46781	122
46804	122
46816	122
46839	122
46863	122
46875	122
46898	122
46921	122
46945	122
46968	122
46980	122
47003	122
47027	122
47050	122
47074	122
47097	122
47109	122
47132	122
47156	122
47179	122
47203	122
47214	122
47238	122
47261	122
47285	122
47296	122
47320	122
47343	122
47367	122
47390	122
47414	122
47437	122
47449	122
47472	122
47496	122
47519	122
47531	122
47554	122
47566	122
47589	123
47613	123
47636	123
47648	123
47671	123
47695	123
47718	123
47730	123
47753	123
47777	123
47800	123
47824	123
47835	123
47859	123
47882	123
47906	123
47917	123
47941	123
47964	123
47988	123
48000	123
48023	123
48046	123
48070	123
48093	123
48117	123
48140	123
48164	123
48187	123
48210	123
48222	123
48246	123
48269	123
48292	123
48304	123
48328	123
48351	123
48363	123
48386	123
48410	123
48433	123
48445	123
48468	123
48492	123
48515	123
48527	123
48550	123
48574	123
48597	123
48621	123
48632	124
48656	124
48679	124
48703	124
48714	124
48738	124
48761	124
48785	124
48808	124
48820	124
48855	124
48878	124
48902	124
48925	124
48937	124
48960	124
48984	124
49007	124
49031	124
49042	124
49066	124
49089	124
49101	124
49125	124
49148	124
49171	124
49183	124
49207	124
49230	124
49253	124
49265	124
49289	124
49312	124
49335	124
49359	124
49371	124
49394	124
49417	124
49441	124
49464	124
49476	124
49500	124
49523	124
49546	124
49570	124
49593	124
49617	124
49640	124
49664	124
49687	124
49710	125
49722	125
49746	125
49769	125
49792	125
49804	125
49828	125
49851	125
49875	125
49886	125
49910	125
49933	125
49957	125
49980	125
49992	125
50015	125
50039	125
50062	125
50085	125
50097	125
50121	125
50144	125
50167	125
50191	125
50203	125
50226	125
50250	125
50273	125
50296	125
50308	125
50343	125
50367	125
50390	125
50414	125
50437	125
50449	125
50472	125
50496	125
50519	125
50542	125
50554	125
50578	125
50601	125
50613	125
50636	125
50660	125
50683	125
50707	125
50718	125
50742	125
50765	126
50789	126
50812	126
50824	126
50847	126
50871	126
50894	126
50906	126
50929	126
50953	126
50976	126
50988	126
51011	126
51035	126
51058	126
51082	126
51105	126
51128	126
51152	126
51175	126
51199	126
51222	126
51234	126
51257	126
51281	126
51304	126
51328	126
51351	126
51363	126
51386	126
51410	126
51433	126
51457	126
51480	126
51492	126
51515	126
51539	126
51562	126
51585	126
51609	126
51632	126
51644	126
51667	126
51691	126
51714	126
51726	126
51750	126
51773	126
51796	126
51820	126
51843	127
51867	127
51890	127
51914	127
51925	127
51949	127
51972	127
51996	127
52019	127
52042	127
52066	127
52078	127
52101	127
52125	127
52148	127
52171	127
52183	127
52207	127
52230	127
52253	127
52277	127
52300	127
52324	127
52347	127
52371	127
52382	127
52406	127
52429	127
52453	127
52476	127
52488	127
52511	127
52535	127
52558	127
52582	127
52605	127
52628	127
52652	127
52675	127
52699	127
52722	127
52746	127
52757	127
52792	127
52816	127
52839	127
52863	127
52875	127
52898	127
52921	127
52945	128
52968	128
52992	128
53015	128
53039	128
53062	128
53085	128
53109	128
53132	128
53144	128
53167	128
53179	128
53203	128
53226	128
53250	128
53273	128
53285	128
53308	128
53332	128
53355	128
53378	128
53402	128
53414	128
53437	128
53460	128
53484	128
53507	128
53531	128
53554	128
53578	128
53601	128
53625	128
53648	128
53660	128
53683	128
53718	128
53742	128
53765	128
53789	128
53812	128
53835	128
53859	128
53882	128
53906	128
53929	128
53953	128
53964	128
53988	128
54011	128
54035	128
54058	129
54082	129
54093	129
54117	129
54140	129
54164	129
54187	129
54210	129
54234	129
54257	129
54281	129
54292	129
54316	129
54339	129
54363	129
54386	129
54410	129
54433	129
54457	129
54480	129
54503	129
54539	129
54562	129
54585	129
54597	129
54621	129
54644	129
54667	129
54691	129
54714	129
54738	129
54761	129
54785	129
54808	129
54832	129
54855	129
54867	129
54890	129
54914	129
54937	129
54960	129
54984	129
55007	129
55031	129
55054	129
55078	129
55101	129
55125	129
55148	129
55160	129
55195	130
55218	130
55242	130
55277	130
55300	130
55324	130
55347	130
55371	130
55394	130
55417	130
55429	130
55453	130
55476	130
55500	130
55523	130
55546	130
55570	130
55593	130
55605	130
55628	130
55652	130
55675	130
55699	130
55722	130
55746	130
55757	130
55781	130
55804	130
55828	130
55851	130
55875	130
55886	130
55910	130
55945	130
55968	130
55992	130
56027	130
56050	130
56074	130
56097	130
56121	130
56144	130
56167	130
56203	130
56226	130
56238	130
56261	130
56285	130
56308	130
56332	130
56355	131
56378	131
56402	131
56425	131
56449	131
56472	131
56496	131
56519	131
56531	131
56554	131
56578	131
56589	131
56613	131
56636	131
56660	131
56683	131
56707	131
56730	131
56765	131
56789	131
56812	131
56835	131
56859	131
56882	131
56906	131
56929	131
56953	131
56976	131
57000	131
57023	131
57046	131
57070	131
57093	131
57117	131
57140	131
57164	131
57187	131
57210	131
57234	131
57257	131
57281	131
57304	131
57316	131
57339	131
57363	131
57386	131
57410	131
57433	131
57457	131
57492	131
57515	132
57539	132
57562	132
57585	132
57609	132
57632	132
57656	132
57679	132
57703	132
57726	132
57750	132
57773	132
57796	132
57820	132
57843	132
57867	132
57878	132
57902	132
57925	132
57949	132
57972	132
57996	132
58019	132
58042	132
58054	132
58078	132
58101	132
58125	132
58148	132
58171	132
58195	132
58218	132
58242	132
58277	132
58300	132
58324	132
58347	132
58371	132
58394	132
58417	132
58441	132
58476	132
58488	132
58511	132
58535	132
58570	132
58593	132
58617	132
58640	132
58664	132
58687	133
58710	133
58734	133
58757	133
58781	133
58804	133
58828	133
58851	133
58875	133
58898	133
58921	133
58945	133
58968	133
58992	133
59015	133
59039	133
59062	133
59097	133
59121	133
59132	133
59156	133
59179	133
59203	133
59226	133
59250	133
59273	133
59296	133
59332	133
59355	133
59378	133
59402	133
59425	133
59449	133
59472	133
59496	133
59519	133
59542	133
59566	133
59589	133
59601	133
59625	133
59660	133
59683	133
59695	133
59718	133
59753	133
59777	133
59800	133
59824	133
59847	133
59871	134
59894	134
59917	134
59941	134
59964	134
59988	134
60011	134
60035	134
60058	134
60082	134
60105	134
60140	134
60164	134
60187	134
60210	134
60234	134
60257	134
60281	134
60304	134
60328	134
60351	134
60375	134
60398	134
60421	134
60445	134
60468	134
60492	134
60515	134
60539	134
60562	134
60585	134
60609	134
60632	134
60656	134
60679	134
60703	134
60726	134
60750	134
60773	134
60796	134
60820	134
60843	134
60878	134
60902	134
60925	134
60949	134
60972	134
60996	134
61019	134
61042	134
61066	135
61089	135
61113	135
61136	135
61160	135
61183	135
61207	135
61230	135
61253	135
61277	135
61300	135
61324	135
61347	135
61371	135
61394	135
61417	135
61441	135
61476	135
61500	135
61523	135
61546	135
61570	135
61593	135
61628	135
61652	135
61675	135
61699	135
61722	135
61757	135
61781	135
61804	135
61828	135
61851	135
61875	135
61898	135
61921	135
61945	135
61968	135
61992	135
62015	135
62039	135
62062	135
62085	135
62109	135
62132	135
62156	135
62179	135
62214	135
62238	135
62261	135
62285	136
62308	136
62332	136
62367	136
62390	136
62414	136
62437	136
62472	136
62496	136
62519	136
62542	136
62566	136
62589	136
62613	136
62636	136
62660	136
62683	136
62707	136
62730	136
62753	136
62777	136
62800	136
62824	136
62847	136
62871	136
62894	136
62917	136
62941	136
62964	136
62988	136
63011	136
63046	136
63070	136
63093	136
63128	136
63152	136
63175	136
63199	136
63222	136
63246	136
63281	136
63304	136
63328	136
63351	136
63375	136
63398	136
63421	136
63457	136
63480	136
63503	136
63527	137
63562	137
63585	137
63609	137
63632	137
63656	137
63679	137
63703	137
63726	137
63750	137
63773	137
63808	137
63832	137
63855	137
63878	137
63914	137
63937	137
63960	137
63984	137
64007	137
64031	137
64066	137
64089	137
64113	137
64136	137
64160	137
64183	137
64207	137
64242	137
64265	137
64289	137
64324	137
64347	137
64371	137
64394	137
64417	137
64441	137
64464	137
64488	137
64511	137
64535	137
64570	137
64593	137
64628	137
64652	137
64675	137
64699	137
64734	137
64757	137
64781	137
64816	138
64839	138
64863	138
64886	138
64921	138
64945	138
64968	138
65003	138
65027	138
65050	138
65074	138
65097	138
65132	138
65156	138
65167	138
65191	138
65214	138
65238	138
65261	138
65296	138
65320	138
65343	138
65367	138
65390	138
65414	138
65449	138
65472	138
65496	138
65519	138
65542	138
65578	138
65601	138
65625	138
65648	138
65671	138
65707	138
65730	138
65765	138
65789	138
65824	138
65847	138
65871	138
65894	138
65917	138
65953	138
65976	138
66000	138
66023	138
66046	138
66070	138
66093	139
66128	139
66152	139
66175	139
66199	139
66222	139
66257	139
66281	139
66304	139
66328	139
66351	139
66375	139
66398	139
66433	139
66457	139
66492	139
66527	139
66550	139
66574	139
66597	139
66632	139
66656	139
66679	139
66714	139
66738	139
66761	139
66785	139
66808	139
66832	139
66867	139
66890	139
66914	139
66937	139
66972	139
66996	139
67019	139
67042	139
67078	139
67101	139
67125	139
67148	139
67171	139
67207	139
67242	139
67277	139
67300	139
67324	139
67347	139
67382	139
67406	139
67429	140
67453	140
67476	140
67511	140
67535	140
67558	140
67582	140
67605	140
67628	140
67652	140
67675	140
67710	140
67734	140
67757	140
67781	140
67804	140
67828	140
67851	140
67875	140
67910	140
67933	140
67968	140
68003	140
68027	140
68062	140
68085	140
68109	140
68132	140
68167	140
68203	140
68226	140
68250	140
68273	140
68308	140
68332	140
68355	140
68378	140
68402	140
68437	140
68460	140
68484	140
68507	140
68531	140
68554	140
68578	140
68601	140
68625	140
68660	140
68683	140
68707	140
68742	141
68765	141
68800	141
68824	141
68847	141
68871	141
68906	141
68929	141
68953	141
68988	141
69011	141
69035	141
69058	141
69093	141
69117	141
69140	141
69164	141
69199	141
69222	141
69246	141
69269	141
69292	141
69328	141
69351	141
69375	141
69398	141
69421	141
69457	141
69480	141
69515	141
69539	141
69562	141
69585	141
69621	141
69644	141
69667	141
69691	141
69714	141
69750	141
69773	141
69796	141
69820	141
69843	141
69878	141
69902	141
69925	141
69949	141
69984	141
70007	141
70031	141
70054	142
70066	142
70089	142
70125	142
70148	142
70171	142
70195	142
70230	142
70253	142
70289	142
70312	142
70335	142
70371	142
70394	142
70429	142
70453	142
70476	142
70511	142
70535	142
70558	142
70593	142
70617	142
70652	142
70675	142
70699	142
70734	142
70757	142
70781	142
70804	142
70828	142
70851	142
70886	142
70910	142
70933	142
70957	142
70992	142
71015	142
71039	142
71074	142
71097	142
71121	142
71144	142
71167	142
71203	142
71226	142
71250	142
71273	142
71308	142
71332	142
71355	142
71378	143
71414	143
71437	143
71460	143
71496	143
71519	143
71542	143
71566	143
71589	143
71613	143
71636	143
71660	143
71695	143
71718	143
71742	143
71765	143
71800	143
71824	143
71847	143
71871	143
71894	143
71929	143
71953	143
71976	143
72000	143
72035	143
72058	143
72082	143
72117	143
72140	143
72175	143
72199	143
72222	143
72257	143
72281	143
72304	143
72328	143
72351	143
72375	143
72410	143
72433	143
72457	143
72480	143
72503	143
72539	143
72562	143
72585	143
72621	143
72644	143
72667	143
72691	144
72714	144
72738	144
72773	144
72796	144
72820	144
72855	144
72878	144
72914	144
72937	144
72960	144
72996	144
73019	144
73042	144
73066	144
73089	144
73113	144
73148	144
73171	144
73195	144
73218	144
73242	144
73265	144
73300	144
73324	144
73347	144
73371	144
73406	144
73429	144
73453	144
73476	144
73500	144
73535	144
73558	144
73582	144
73617	144
73652	144
73675	144
73699	144
73722	144
73757	144
73781	144
73804	144
73828	144
73851	144
73886	144
73910	144
73933	144
73957	144
73992	144
74015	145
74039	145
74062	145
74097	145
74121	145
74144	145
74167	145
74203	145
74226	145
74250	145
74285	145
74308	145
74332	145
74367	145
74402	145
74425	145
74449	145
74484	145
74507	145
74531	145
74554	145
74578	145
74613	145
74636	145
74660	145
74683	145
74718	145
74742	145
74765	145
74789	145
74812	145
74847	145
74871	145
74894	145
74917	145
74941	145
74976	145
75000	145
75023	145
75046	145
75082	145
75105	145
75140	145
75164	145
75199	145
75222	145
75246	145
75269	145
75304	145
75328	145
75351	146
75375	146
75410	146
75433	146
75457	146
75480	146
75515	146
75539	146
75562	146
75597	146
75621	146
75644	146
75667	146
75691	146
75726	146
75750	146
75773	146
75796	146
75832	146
75855	146
75890	146
75914	146
75949	146
75972	146
75996	146
76019	146
76054	146
76078	146
76101	146
76125	146
76160	146
76183	146
76218	146
76242	146
76277	146
76300	146
76324	146
76359	146
76382	146
76406	146
76429	146
76464	146
76488	146
76511	146
76535	146
76570	146
76593	146
76628	146
76652	146
76687	146
76710	147
76734	147
76769	147
76804	147
76828	147
76863	147
76886	147
76910	147
76945	147
76968	147
77003	147
77027	147
77050	147
77085	147
77109	147
77132	147
77156	147
77179	147
77203	147
77226	147
77261	147
77285	147
77308	147
77332	147
77367	147
77390	147
77414	147
77449	147
77472	147
77496	147
77531	147
77554	147
77589	147
77613	147
77636	147
77660	147
77695	147
77730	147
77753	147
77789	147
77824	147
77847	147
77871	147
77894	147
77929	147
77953	147
77976	147
78011	147
78035	147
78058	147
78093	148
78117	148
78140	148
78175	148
78199	148
78222	148
78257	148
78281	148
78304	148
78339	148
78363	148
78386	148
78410	148
78445	148
78480	148
78515	148
78539	148
78574	148
78597	148
78621	148
78656	148
78679	148
78714	148
78738	148
78761	148
78796	148
78820	148
78843	148
78878	148
78902	148
78925	148
78960	148
78984	148
79007	148
79042	148
79066	148
79101	148
79125	148
79148	148
79183	148
79218	148
79253	148
79277	148
79312	148
79335	148
79359	148
79394	148
79417	148
79453	148
79476	148
79500	149
79535	149
79558	149
79582	149
79605	149
79628	149
79664	149
79687	149
79710	149
79746	149
79769	149
79792	149
79816	149
79851	149
79875	149
79898	149
79933	149
79957	149
79992	149
80027	149
80062	149
80085	149
80121	149
80144	149
80179	149
80214	149
80238	149
80261	149
80296	149
80320	149
80343	149
80378	149
80402	149
80425	149
80460	149
80484	149
80519	149
80542	149
80554	149
80589	149
80613	149
80636	149
80671	149
80695	149
80730	149
80753	149
80789	149
80812	149
80847	149
80871	149
80906	150
80929	150
80964	150
80988	150
81011	150
81046	150
81070	150
81105	150
81128	150
81152	150
81187	150
81210	150
81246	150
81269	150
81292	150
81316	150
81351	150
81375	150
81398	150
81433	150
81457	150
81492	150
81527	150
81550	150
81585	150
81609	150
81632	150
81667	150
81691	150
81714	150
81750	150
81773	150
81796	150
81832	150
81855	150
81878	150
81914	150
81937	150
81972	150
81996	150
82019	150
82042	150
82066	150
82089	150
82125	150
82148	150
82183	150
82207	150
82242	150
82265	150
82300	151
82324	151
82359	151
82382	151
82417	151
82453	151
82476	151
82511	151
82535	151
82570	151
82593	151
82628	151
82664	151
82687	151
82722	151
82746	151
82769	151
82804	151
82828	151
82851	151
82886	151
82910	151
82945	151
82968	151
83003	151
83027	151
83062	151
83085	151
83109	151
83144	151
83167	151
83203	151
83226	151
83250	151
83285	151
83308	151
83343	151
83367	151
83402	151
83425	151
83460	151
83484	151
83519	151
83542	151
83566	151
83589	151
83613	151
83648	151
83671	151
83707	151
83730	152
83753	152
83789	152
83812	152
83847	152
83871	152
83906	152
83929	152
83953	152
83988	152
84011	152
84046	152
84070	152
84105	152
84140	152
84164	152
84199	152
84222	152
84257	152
84281	152
84304	152
84328	152
84363	152
84386	152
84421	152
84445	152
84480	152
84503	152
84527	152
84562	152
84585	152
84621	152
84644	152
84667	152
84703	152
84726	152
84761	152
84785	152
84820	152
84855	152
84878	152
84914	152
84949	152
84972	152
85007	152
85031	152
85054	152
85078	152
85113	152
85136	152
85171	153
85195	153
85218	153
85253	153
85277	153
85312	153
85335	153
85371	153
85394	153
85417	153
85453	153
85476	153
85500	153
85535	153
85558	153
85593	153
85628	153
85664	153
85687	153
85722	153
85746	153
85781	153
85804	153
85828	153
85863	153
85886	153
85921	153
85945	153
85968	153
86003	153
86027	153
86062	153
86085	153
86121	153
86144	153
86179	153
86203	153
86238	153
86261	153
86296	153
86320	153
86355	153
86390	153
86425	153
86449	153
86484	153
86507	153
86542	153
86566	153
86601	153
86625	154
86660	154
86683	154
86707	154
86742	154
86765	154
86800	154
86824	154
86859	154
86882	154
86917	154
86941	154
86976	154
87000	154
87023	154
87058	154
87093	154
87128	154
87152	154
87187	154
87210	154
87246	154
87269	154
87304	154
87328	154
87363	154
87386	154
87421	154
87445	154
87480	154
87515	154
87539	154
87574	154
87597	154
87632	154
87656	154
87679	154
87714	154
87738	154
87773	154
87796	154
87832	154
87855	154
87890	154
87925	154
87949	154
87984	154
88007	154
88042	154
88066	154
88101	155
88125	155
88160	155
88183	155
88218	155
88253	155
88277	155
88312	155
88335	155
88371	155
88394	155
88429	155
88453	155
88488	155
88511	155
88546	155
88570	155
88605	155
88640	155
88675	155
88699	155
88734	155
88757	155
88792	155
88828	155
88863	155
88886	155
88921	155
88957	155
88980	155
89015	155
89050	155
89074	155
89109	155
89132	155
89167	155
89191	155
89214	155
89238	155
89273	155
89308	155
89332	155
89355	155
89390	155
89425	155
89449	155
89484	155
89507	155
89542	155
89578	155
89601	156
89636	156
89660	156
89695	156
89730	156
89765	156
89800	156
89824	156
89859	156
89882	156
89917	156
89953	156
89976	156
90000	156
90035	156
90058	156
90093	156
90128	156
90152	156
90187	156
90210	156
90246	156
90269	156
90304	156
90328	156
90363	156
90386	156
90421	156
90445	156
90480	156
90527	156
90550	156
90585	156
90609	156
90644	156
90679	156
90703	156
90738	156
90761	156
90796	156
90820	156
90855	156
90890	156
90914	156
90949	156
90972	156
91007	156
91042	156
91066	156
91101	156
91125	157
91160	157
91195	157
91230	157
91265	157
91300	157
91335	157
91359	157
91394	157
91429	157
91453	157
91488	157
91511	157
91546	157
91570	157
91605	157
91628	157
91652	157
91687	157
91722	157
91746	157
91769	157
91804	157
91828	157
91863	157
91886	157
91921	157
91957	157
91992	157
92027	157
92062	157
92097	157
92121	157
92156	157
92191	157
92226	157
92250	157
92285	157
92308	157
92343	157
92367	157
92402	157
92425	157
92460	157
92496	157
92519	157
92542	157
92566	157
92601	157
92625	157
92660	158
92683	158
92718	158
92753	158
92789	158
92824	158
92847	158
92882	158
92906	158
92941	158
92976	158
93000	158
93035	158
93070	158
93093	158
93128	158
93164	158
93187	158
93222	158
93257	158
93281	158
93316	158
93339	158
93375	158
93398	158
93433	158
93468	158
93503	158
93527	158
93562	158
93597	158
93621	158
93656	158
93691	158
93714	158
93750	158
93773	158
93808	158
93832	158
93867	158
93902	158
93925	158
93960	158
93996	158
94019	158
94042	158
94066	158
94101	158
94125	158
94160	158
94183	159
94218	159
94253	159
94289	159
94324	159
94347	159
94382	159
94417	159
94453	159
94476	159
94511	159
94546	159
94570	159
94605	159
94640	159
94675	159
94710	159
94734	159
94769	159
94792	159
94828	159
94851	159
94886	159
94921	159
94945	159
94980	159
95015	159
95050	159
95074	159
95109	159
95144	159
95167	159
95203	159
95226	159
95261	159
95296	159
95320	159
95355	159
95390	159
95425	159
95449	159
95484	159
95519	159
95542	159
95566	159
95601	159
95625	159
95660	159
95695	159
95718	159
95753	160
95777	160
95812	160
95847	160
95871	160
95906	160
95929	160
95964	160
96000	160
96023	160
96058	160
96093	160
96128	160
96164	160
96187	160
96222	160
96257	160
96281	160
96304	160
96339	160
96363	160
96398	160
96433	160
96457	160
96492	160
96515	160
96550	160
96585	160
96609	160
96644	160
96667	160
96703	160
96738	160
96761	160
96796	160
96832	160
96867	160
96902	160
96937	160
96960	160
96996	160
97031	160
97054	160
97089	160
97113	160
97148	160
97183	160
97207	160
97242	160
97265	160
97300	161
97335	161
97371	161
97394	161
97429	161
97453	161
97488	161
97523	161
97546	161
97582	161
97617	161
97664	161
97687	161
97722	161
97757	161
97781	161
97816	161
97839	161
97875	161
97910	161
97933	161
97968	161
98003	161
98027	161
98062	161
98097	161
98121	161
98156	161
98179	161
98214	161
98250	161
98273	161
98308	161
98343	161
98378	161
98414	161
98449	161
98472	161
98507	161
98542	161
98566	161
98601	161
98625	161
98660	161
98695	161
98718	161
98753	161
98777	161
98812	161
98847	161
98871	162
98906	162
98929	162
98964	162
99000	162
99023	162
99058	162
99093	162
99128	162
99164	162
99199	162
99234	162
99257	162
99292	162
99328	162
99351	162
99386	162
99421	162
99457	162
99480	162
99515	162
99550	162
99585	162
99621	162
99644	162
99679	162
99703	162
99738	162
99773	162
99796	162
99832	162
99867	162
99902	162
99937	162
99972	162
99996	162
100031	162
100066	162
100089	162
100125	162
100160	162
100183	162
100218	162
100253	162
100289	162
100324	162
100347	162
100382	162
100417	162
100441	162
100476	163
100500	163
100535	163
100570	163
100605	163
100640	163
100675	163
100710	163
100734	163
100769	163
100804	163
100839	163
100875	163
100910	163
100933	163
100968	163
101003	163
101039	163
101074	163
101097	163
101132	163
101167	163
101191	163
101214	163
101250	163
101285	163
101308	163
101343	163
101378	163
101402	163
101437	163
101472	163
101507	163
101531	163
101566	163
101601	163
101636	163
101671	163
101707	163
101742	163
101777	163
101812	163
101847	163
101882	163
101906	163
101941	163
101976	163
102000	163
102035	163
102070	163
102105	164
102128	164
102164	164
102199	164
102234	164
102257	164
102292	164
102328	164
102351	164
102386	164
102421	164
102457	164
102492	164
102527	164
102562	164
102597	164
102632	164
102656	164
102691	164
102726	164
102761	164
102785	164
102820	164
102855	164
102878	164
102914	164
102949	164
102984	164
103007	164
103042	164
103078	164
103113	164
103136	164
103171	164
103207	164
103253	164
103289	164
103324	164
103347	164
103382	164
103417	164
103453	164
103476	164
103511	164
103546	164
103570	164
103605	164
103628	164
103664	164
103699	164
103734	165
103757	165
103792	165
103816	165
103851	165
103886	165
103910	165
103957	165
103992	165
104027	165
104062	165
104097	165
104132	165
104167	165
104203	165
104238	165
104273	165
104308	165
104332	165
104367	165
104402	165
104425	165
104460	165
104496	165
104519	165
104554	165
104578	165
104613	165
104636	165
104671	165
104707	165
104742	165
104777	165
104812	165
104847	165
104871	165
104906	165
104941	165
104976	165
105011	165
105035	165
105070	165
105105	165
105140	165
105175	165
105199	165
105234	165
105269	165
105292	165
105328	165
105363	166
105386	166
105421	166
105457	166
105492	166
105527	166
105562	166
105597	166
105621	166
105656	166
105691	166
105714	166
105750	166
105785	166
105820	166
105843	166
105878	166
105914	166
105937	166
105972	166
106007	166
106031	166
106054	166
106089	166
106125	166
106148	166
106183	166
106218	166
106253	166
106289	166
106324	166
106359	166
106382	166
106429	166
106464	166
106500	166
106523	166
106558	166
106593	166
106628	166
106664	166
106699	166
106734	166
106769	166
106792	166
106828	166
106851	166
106886	166
106921	166
106957	166
106992	167
107027	167
107050	167
107085	167
107121	167
107156	167
107179	167
107214	167
107250	167
107285	167
107308	167
107343	167
107378	167
107414	167
107449	167
107472	167
107507	167
107542	167
107566	167
107601	167
107625	167
107660	167
107695	167
107718	167
107753	167
107789	167
107824	167
107847	167
107882	167
107917	167
107941	167
107976	167
108011	167
108046	167
108070	167
108117	167
108152	167
108175	167
108210	167
108246	167
108281	167
108304	167
108339	167
108363	167
108398	167
108433	167
108468	167
108492	167
108527	167
108562	167
108597	168
108621	168
108656	168
108691	168
108726	168
108750	168
108785	168
108820	168
108855	168
108890	168
108925	168
108960	168
108996	168
109019	168
109054	168
109089	168
109113	168
109148	168
109183	168
109207	168
109242	168
109277	168
109300	168
109335	168
109371	168
109406	168
109429	168
109464	168
109500	168
109535	168
109558	168
109605	168
109640	168
109675	168
109699	168
109734	168
109769	168
109804	168
109828	168
109863	168
109886	168
109921	168
109957	168
109992	168
110015	168
110050	168
110085	168
110121	168
110144	168
110179	168
110214	169
110238	169
110273	169
110308	169
110343	169
110378	169
110414	169
110449	169
110484	169
110519	169
110542	169
110578	169
110601	169
110636	169
110671	169
110707	169
110730	169
110765	169
110800	169
110824	169
110859	169
110894	169
110917	169
110953	169
110988	169
111023	169
111046	169
111082	169
111117	169
111152	169
111187	169
111222	169
111257	169
111292	169
111316	169
111351	169
111386	169
111421	169
111445	169
111480	169
111515	169
111550	169
111585	169
111621	169
111644	169
111679	169
111703	169
111738	169
111773	169
111808	169
111832	170
111867	170
111902	170
111937	170
111972	170
112007	170
112031	170
112066	170
112101	170
112136	170
112160	170
112195	170
112230	170
112265	170
112300	170
112324	170
112359	170
112394	170
112429	170
112453	170
112488	170
112511	170
112546	170
112582	170
112617	170
112652	170
112687	170
112722	170
112757	170
112792	170
112828	170
112863	170
112886	170
112921	170
112957	170
112992	170
113027	170
113062	170
113097	170
113121	170
113156	170
113179	170
113203	170
113238	170
113273	170
113308	170
113332	170
113367	170
113402	170
113425	170
113460	171
113496	171
113531	171
113566	171
113601	171
113625	171
113660	171
113695	171
113730	171
113777	171
113812	171
113835	171
113871	171
113906	171
113929	171
113964	171
114000	171
114023	171
114058	171
114093	171
114117	171
114152	171
114187	171
114222	171
114246	171
114281	171
114316	171
114339	171
114375	171
114410	171
114433	171
114480	171
114515	171
114550	171
114585	171
114609	171
114644	171
114679	171
114714	171
114738	171
114773	171
114808	171
114832	171
114867	171
114902	171
114925	171
114960	171
114996	171
115031	171
115066	171
115089	172
115125	172
115160	172
115195	172
115230	172
115265	172
115300	172
115335	172
115371	172
115394	172
115429	172
115464	172
115488	172
115523	172
115558	172
115582	172
115617	172
115640	172
115675	172
115710	172
115746	172
115769	172
115804	172
115828	172
115863	172
115886	172
115921	172
115957	172
116003	172
116039	172
116074	172
116097	172
116132	172
116167	172
116203	172
116238	172
116273	172
116296	172
116332	172
116367	172
116390	172
116425	172
116460	172
116496	172
116519	172
116542	172
116566	172
116601	172
116636	172
116660	172
116695	173
116730	173
116765	173
116800	173
116824	173
116859	173
116894	173
116929	173
116964	173
116988	173
117023	173
117058	173
117082	173
117117	173
117152	173
117187	173
117210	173
117246	173
117281	173
117304	173
117339	173
117363	173
117398	173
117433	173
117457	173
117492	173
117527	173
117562	173
117597	173
117621	173
117656	173
117691	173
117714	173
117750	173
117785	173
117808	173
117843	173
117878	173
117902	173
117937	173
117972	173
117996	173
118031	173
118054	173
118078	173
118113	173
118136	173
118171	173
118207	173
118242	173
118277	174
118300	174
118335	174
118371	174
118406	174
118441	174
118476	174
118500	174
118535	174
118570	174
118605	174
118640	174
118675	174
118699	174
118734	174
118769	174
118792	174
118828	174
118851	174
118886	174
118921	174
118945	174
118980	174
119015	174
119050	174
119074	174
119109	174
119144	174
119167	174
119203	174
119238	174
119261	174
119296	174
119332	174
119355	174
119390	174
119425	174
119460	174
119484	174
119519	174
119542	174
119566	174
119601	174
119636	174
119660	174
119695	174
119718	174
119753	174
119789	174
119812	174
119847	175
119882	175
119906	175
119941	175
119964	175
120000	175
120035	175
120058	175
120093	175
120128	175
120164	175
120199	175
120222	175
120257	175
120281	175
120316	175
120339	175
120375	175
120398	175
120433	175
120468	175
120492	175
120527	175
120550	175
120585	175
120621	175
120644	175
120679	175
120703	175
120738	175
120773	175
120796	175
120832	175
120867	175
120902	175
120937	175
120972	175
120996	175
121031	175
121054	175
121089	175
121113	175
121148	175
121183	175
121207	175
121242	175
121265	175
121300	175
121324	175
121359	175
121394	176
121417	176
121453	176
121488	176
121511	176
121546	176
121582	176
121617	176
121652	176
121675	176
121710	176
121746	176
121769	176
121804	176
121828	176
121863	176
121886	176
121921	176
121957	176
121980	176
122015	176
122039	176
122074	176
122109	176
122132	176
122167	176
122191	176
122226	176
122261	176
122285	176
122320	176
122355	176
122390	176
122425	176
122449	176
122484	176
122519	176
122542	176
122578	176
122601	176
122636	176
122660	176
122695	176
122718	176
122753	176
122777	176
122812	176
122847	176
122871	176
122906	176
122929	177
122964	177
122988	177
123023	177
123058	177
123082	177
123117	177
123152	177
123187	177
123222	177
123246	177
123281	177
123316	177
123339	177
123375	177
123398	177
123433	177
123468	177
123503	177
123527	177
123562	177
123597	177
123621	177
123656	177
123679	177
123714	177
123738	177
123773	177
123796	177
123832	177
123867	177
123902	177
123925	177
123960	177
123996	177
124019	177
124054	177
124089	177
124113	177
124148	177
124171	177
124207	177
124242	177
124277	177
124300	177
124335	177
124359	177
124394	177
124417	177
124453	177
124488	178
124511	178
124546	178
124570	178
124605	178
124640	178
124675	178
124710	178
124734	178
124769	178
124804	178
124839	178
124875	178
124898	178
124933	178
124968	178
124992	178
125027	178
125062	178
125085	178
125121	178
125144	178
125179	178
125203	178
125226	178
125261	178
125296	178
125320	178
125355	178
125378	178
125414	178
125449	178
125472	178
125507	178
125542	178
125566	178
125601	178
125636	178
125660	178
125695	178
125730	178
125765	178
125800	178
125835	178
125859	178
125894	178
125929	178
125953	178
125988	178
126011	178
126046	179
126070	179
126105	179
126128	179
126164	179
126199	179
126222	179
126257	179
126281	179
126316	179
126351	179
126375	179
126410	179
126433	179
126468	179
126503	179
126539	179
126574	179
126609	179
126632	179
126667	179
126691	179
126726	179
126750	179
126785	179
126820	179
126843	179
126878	179
126902	179
126937	179
126972	179
126996	179
127031	179
127066	179
127089	179
127125	179
127148	179
127183	179
127218	179
127253	179
127289	179
127324	179
127359	179
127382	179
127417	179
127441	179
127476	179
127500	179
127535	179
127558	179
127593	180
127617	180
127652	180
127675	180
127710	180
127746	180
127769	180
127792	180
127828	180
127851	180
127886	180
127910	180
127945	180
127980	180
128027	180
128062	180
128085	180
128121	180
128144	180
128179	180
128214	180
128250	180
128273	180
128308	180
128332	180
128367	180
128402	180
128425	180
128460	180
128484	180
128519	180
128542	180
128566	180
128589	180
128625	180
128648	180
128683	180
128718	180
128753	180
128777	180
128812	180
128847	180
128871	180
128906	180
128941	180
128964	180
129000	180
129023	180
129058	180
129093	180
129117	181
129152	181
129187	181
129210	181
129246	181
129269	181
129304	181
129328	181
129363	181
129386	181
129421	181
129445	181
129480	181
129515	181
129550	181
129585	181
129609	181
129644	181
129667	181
129703	181
129726	181
129761	181
129785	181
129820	181
129855	181
129878	181
129914	181
129937	181
129972	181
130007	181
130031	181
130054	181
130078	181
130101	181
130136	181
130171	181
130195	181
130230	181
130265	181
130300	181
130324	181
130359	181
130382	181
130417	181
130464	181
130488	181
130523	181
130546	181
130582	181
130617	181
130652	182
130687	182
130710	182
130746	182
130769	182
130804	182
130828	182
130863	182
130886	182
130921	182
130945	182
130980	182
131015	182
131039	182
131074	182
131109	182
131132	182
131167	182
131191	182
131226	182
131261	182
131285	182
131320	182
131355	182
131378	182
131414	182
131449	182
131472	182
131507	182
131531	182
131554	182
131589	182
131613	182
131648	182
131671	182
131707	182
131742	182
131765	182
131800	182
131824	182
131859	182
131894	182
131917	182
131953	182
131976	182
132011	182
132035	182
132070	182
132105	182
132140	182
132175	183
132199	183
132234	183
132269	183
132292	183
132316	183
132351	183
132375	183
132410	183
132445	183
132468	183
132503	183
132527	183
132562	183
132597	183
132621	183
132656	183
132679	183
132714	183
132738	183
132773	183
132808	183
132832	183
132867	183
132902	183
132937	183
132972	183
132996	183
133031	183
133054	183
133078	183
133113	183
133136	183
133171	183
133195	183
133230	183
133253	183
133289	183
133324	183
133347	183
133382	183
133406	183
133441	183
133464	183
133500	183
133523	183
133558	183
133593	183
133628	183
133664	183
133699	184
133722	184
133757	184
133781	184
133816	184
133839	184
133875	184
133898	184
133933	184
133968	184
133992	184
134027	184
134050	184
134085	184
134121	184
134144	184
134179	184
134214	184
134238	184
134273	184
134308	184
134332	184
134378	184
134402	184
134437	184
134472	184
134507	184
134531	184
134566	184
134589	184
134625	184
134648	184
134683	184
134707	184
134742	184
134777	184
134800	184
134835	184
134871	184
134894	184
134917	184
134953	184
134988	184
135011	184
135046	184
135082	184
135105	184
135140	184
135175	184
135210	184
135234	185
135269	185
135304	185
135328	185
135363	185
135386	185
135421	185
135457	185
135492	185
135515	185
135550	185
135585	185
135609	185
135644	185
135667	185
135703	185
135726	185
135761	185
135785	185
135820	185
135855	185
135890	185
135925	185
135949	185
135984	185
136007	185
136042	185
136078	185
136101	185
136136	185
136171	185
136195	185
136230	185
136265	185
136300	185
136324	185
136359	185
136394	185
136417	185
136453	185
136476	185
136511	185
136546	185
136570	185
136605	185
136652	185
136675	185
136710	185
136746	185
136781	185
136816	186
136851	186
136875	186
136910	186
136945	186
136980	186
137015	186
137039	186
137074	186
137109	186
137132	186
137167	186
137191	186
137214	186
137250	186
137285	186
137308	186
137343	186
137367	186
137402	186
137437	186
137460	186
137496	186
137531	186
137566	186
137589	186
137625	186
137660	186
137683	186
137730	186
137765	186
137800	186
137824	186
137859	186
137894	186
137917	186
137953	186
137976	186
138011	186
138046	186
138070	186
138105	186
138140	186
138164	186
138199	186
138234	186
138257	186
138292	186
138328	186
138351	186
138386	187
138410	187
138445	187
138480	187
138527	187
138562	187
138585	187
138621	187
138656	187
138679	187
138714	187
138750	187
138773	187
138808	187
138843	187
138867	187
138902	187
138937	187
138972	187
138996	187
139031	187
139066	187
139101	187
139125	187
139160	187
139195	187
139230	187
139277	187
139312	187
139335	187
139371	187
139406	187
139429	187
139464	187
139488	187
139523	187
139558	187
139582	187
139617	187
139640	187
139675	187
139710	187
139734	187
139769	187
139792	187
139828	187
139851	187
139886	187
139921	187
139957	187
139992	188
140027	188
140062	188
140097	188
140121	188
140156	188
140203	188
140226	188
140261	188
140296	188
140320	188
140355	188
140390	188
140414	188
140449	188
140484	188
140507	188
140531	188
140566	188
140589	188
140625	188
140648	188
140683	188
140718	188
140753	188
140789	188
140812	188
140847	188
140882	188
140917	188
140941	188
140976	188
141011	188
141035	188
141070	188
141105	188
141140	188
141164	188
141199	188
141234	188
141257	188
141292	188
141316	188
141351	188
141386	188
141410	188
141445	188
141480	188
141515	188
141550	188
141574	189
141609	189
141644	189
141667	189
141703	189
141738	189
141761	189
141796	189
141820	189
141855	189
141890	189
141914	189
141949	189
141984	189
142007	189
142031	189
142066	189
142089	189
142113	189
142148	189
142183	189
142207	189
142242	189
142277	189
142312	189
142347	189
142371	189
142406	189
142441	189
142476	189
142511	189
142535	189
142570	189
142605	189
142640	189
142675	189
142699	189
142734	189
142769	189
142792	189
142828	189
142851	189
142886	189
142910	189
142945	189
142980	189
143015	189
143039	189
143074	189
143109	189
143132	190
143167	190
143203	190
143226	190
143261	190
143285	190
143320	190
143355	190
143390	190
143414	190
143449	190
143484	190
143507	190
143542	190
143566	190
143601	190
143625	190
143660	190
143683	190
143718	190
143753	190
143777	190
143812	190
143847	190
143871	190
143906	190
143929	190
143964	190
144000	190
144023	190
144058	190
144093	190
144128	190
144152	190
144187	190
144222	190
144246	190
144281	190
144304	190
144339	190
144363	190
144398	190
144433	190
144457	190
144492	190
144515	190
144550	190
144574	190
144609	190
144644	190
144667	191
144703	191
144726	191
144761	191
144785	191
144820	191
144855	191
144890	191
144925	191
144960	191
144984	191
145019	191
145042	191
145078	191
145101	191
145136	191
145160	191
145195	191
145230	191
145253	191
145289	191
145312	191
145347	191
145382	191
145406	191
145441	191
145464	191
145500	191
145535	191
145558	191
145593	191
145628	191
145664	191
145699	191
145734	191
145757	191
145792	191
145816	191
145851	191
145875	191
145910	191
145933	191
145968	191
146003	191
146027	191
146062	191
146085	191
146121	191
146156	191
146179	191
146214	192
146238	192
146273	192
146308	192
146343	192
146378	192
146414	192
146437	192
146472	192
146496	192
146531	192
146554	192
146589	192
146613	192
146648	192
146683	192
146707	192
146730	192
146765	192
146800	192
146824	192
146859	192
146882	192
146917	192
146941	192
146976	192
147000	192
147035	192
147070	192
147105	192
147140	192
147164	192
147199	192
147234	192
147257	192
147292	192
147328	192
147351	192
147386	192
147410	192
147445	192
147480	192
147515	192
147539	192
147574	192
147609	192
147632	192
147667	192
147691	192
147726	192
147750	193
147785	193
147820	193
147855	193
147878	193
147914	193
147949	193
147972	193
148007	193
148042	193
148066	193
148101	193
148136	193
148160	193
148195	193
148230	193
148265	193
148289	193
148324	193
148359	193
148382	193
148417	193
148441	193
148476	193
148500	193
148535	193
148570	193
148605	193
148640	193
148664	193
148699	193
148734	193
148757	193
148792	193
148839	193
148863	193
148898	193
148921	193
148957	193
148992	193
149027	193
149062	193
149085	193
149121	193
149144	193
149167	193
149203	193
149226	193
149261	193
149285	193
149320	194
149343	194
149378	194
149414	194
149437	194
149472	194
149507	194
149542	194
149578	194
149601	194
149636	194
149660	194
149695	194
149730	194
149777	194
149800	194
149835	194
149871	194
149894	194
149929	194
149964	194
149988	194
150023	194
150046	194
150082	194
150117	194
150140	194
150175	194
150210	194
150234	194
150269	194
150292	194
150328	194
150363	194
150386	194
150421	194
150457	194
150492	194
150527	194
150562	194
150597	194
150621	194
150656	194
150691	194
150714	194
150750	194
150785	194
150808	194
150843	194
150878	194
150902	195
150937	195
150972	195
150996	195
151031	195
151066	195
151101	195
151125	195
151160	195
151195	195
151230	195
151265	195
151300	195
151335	195
151359	195
151394	195
151429	195
151453	195
151488	195
151523	195
151546	195
151582	195
151605	195
151640	195
151664	195
151699	195
151734	195
151757	195
151792	195
151816	195
151851	195
151875	195
151910	195
151945	195
151980	195
152015	195
152050	195
152085	195
152121	195
152144	195
152191	195
152214	195
152250	195
152285	195
152308	195
152343	195
152378	195
152402	195
152437	195
152472	195
152496	196
152531	196
152554	196
152578	196
152613	196
152636	196
152671	196
152707	196
152742	196
152765	196
152800	196
152835	196
152871	196
152894	196
152929	196
152964	196
153000	196
153023	196
153058	196
153093	196
153117	196
153152	196
153187	196
153222	196
153246	196
153281	196
153304	196
153339	196
153375	196
153398	196
153433	196
153468	196
153503	196
153539	196
153562	196
153597	196
153632	196
153656	196
153691	196
153726	196
153750	196
153785	196
153820	196
153843	196
153878	196
153902	196
153937	196
153972	196
154007	196
154031	196
154054	197
154078	197
154113	197
154136	197
154171	197
154207	197
154242	197
154277	197
154300	197
154335	197
154371	197
154406	197
154441	197
154476	197
154500	197
154535	197
154570	197
154605	197
154640	197
154675	197
154699	197
154734	197
154769	197
154792	197
154828	197
154851	197
154886	197
154921	197
154945	197
154980	197
155015	197
155050	197
155074	197
155109	197
155144	197
155167	197
155203	197
155238	197
155261	197
155296	197
155332	197
155367	197
155390	197
155425	197
155460	197
155484	197
155519	197
155542	197
155578	197
155601	197
155636	198
155671	198
155695	198
155730	198
155765	198
155789	198
155824	198
155859	198
155882	198
155917	198
155953	198
155976	198
156011	198
156046	198
156070	198
156105	198
156140	198
156175	198
156210	198
156246	198
156269	198
156304	198
156328	198
156363	198
156386	198
156421	198
156457	198
156480	198
156515	198
156539	198
156574	198
156609	198
156644	198
156667	198
156703	198
156726	198
156761	198
156796	198
156820	198
156867	198
156902	198
156925	198
156960	198
156996	198
157019	198
157054	198
157078	198
157113	198
157148	198
157171	198
157207	199
157230	199
157265	199
157300	199
157324	199
157359	199
157394	199
157417	199
157453	199
157488	199
157511	199
157546	199
157582	199
157617	199
157652	199
157687	199
157722	199
157746	199
157781	199
157816	199
157839	199
157875	199
157898	199
timepoint: 186.70000000000002