0	0
0	0
0	0
0	0
0	0
0	0
0	0
0	0
0	0
0	0
0	0
0	0
0	0
0	0
0	0
0	0
0	0
0	0
0	0
0	0
0	0
0	0
0	0
0	0
0	0
0	0
0	0
0	0
0	0
0	0
0	0
0	0
0	0
0	0
0	0
0	0
0	0
0	0
0	0
0	0
0	0
0	0
0	0
0	0
0	0
0	0
0	0
0	0
0	0
0	0
0	1
0	1
0	1
0	1
0	1
0	1
0	1
0	1
0	1
0	1
0	1
0	1
0	1
0	1
0	1
0	1
0	1
0	1
0	1
0	1
0	1
0	1
0	1
0	1
0	1
0	1
0	1
0	1
0	1
0	1
0	1
0	1
0	1
0	1
0	1
0	1
0	1
0	1
0	1
0	1
0	1
0	1
0	1
0	1
0	1
0	1
0	1
0	1
0	1
0	1
0	2
0	2
0	2
0	2
0	2
0	2
0	2
0	2
0	2
0	2
0	2
0	2
0	2
0	2
0	2
0	2
0	2
0	2
0	2
0	2
0	2
0	2
0	2
0	2
0	2
0	2
0	2
0	2
0	2
0	2
0	2
0	2
0	2
0	2
0	2
0	2
0	2
0	2
0	2
0	2
0	2
0	2
0	2
0	2
0	2
0	2
0	2
0	2
0	2
0	2
0	3
0	3
0	3
0	3
0	3
0	3
0	3
0	3
0	3
0	3
0	3
0	3
0	3
0	3
0	3
0	3
0	3
0	3
0	3
0	3
0	3
0	3
0	3
0	3
0	3
0	3
0	3
0	3
0	3
0	3
0	3
0	3
0	3
0	3
0	3
0	3
0	3
0	3
0	3
0	3
0	3
0	3
0	3
0	3
0	3
0	3
0	3
0	3
0	3
0	3
0	4
0	4
0	4
0	4
0	4
0	4
0	4
0	4
0	4
0	4
0	4
0	4
0	4
0	4
0	4
0	4
0	4
0	4
0	4
0	4
0	4
0	4
0	4
0	4
0	4
0	4
0	4
0	4
0	4
0	4
11	4
11	4
11	4
11	4
11	4
11	4
11	4
11	4
11	4
23	4
23	4
23	4
23	4
23	4
23	4
23	4
23	4
23	4
23	4
23	4
35	5
35	5
35	5
35	5
35	5
35	5
35	5
35	5
35	5
35	5
35	5
35	5
35	5
35	5
35	5
35	5
35	5
35	5
35	5
35	5
23	5
23	5
23	5
23	5
23	5
23	5
23	5
23	5
23	5
23	5
23	5
23	5
23	5
23	5
23	5
23	5
23	5
23	5
11	5
11	5
11	5
11	5
11	5
11	5
11	5
11	5
11	5
23	5
23	5
23	5
23	6
23	6
23	6
23	6
23	6
23	6
23	6
23	6
23	6
23	6
23	6
35	6
35	6
35	6
35	6
35	6
35	6
35	6
35	6
35	6
35	6
35	6
35	6
35	6
35	6
35	6
35	6
35	6
35	6
35	6
35	6
35	6
35	6
35	6
35	6
35	6
35	6
35	6
35	6
35	6
35	6
35	6
35	6
35	6
35	6
35	6
35	6
35	6
35	6
35	6
35	7
35	7
35	7
35	7
35	7
35	7
35	7
35	7
35	7
35	7
35	7
35	7
35	7
35	7
35	7
35	7
35	7
35	7
35	7
35	7
35	7
35	7
35	7
35	7
35	7
35	7
35	7
35	7
35	7
35	7
35	7
35	7
35	7
35	7
35	7
35	7
35	7
35	7
46	7
46	7
46	7
46	7
46	7
46	7
46	7
46	7
46	7
46	7
46	7
46	7
46	8
46	8
46	8
46	8
46	8
46	8
46	8
46	8
46	8
46	8
46	8
46	8
46	8
46	8
46	8
46	8
46	8
35	8
35	8
35	8
35	8
35	8
35	8
35	8
35	8
35	8
35	8
35	8
35	8
35	8
35	8
35	8
35	8
35	8
35	8
35	8
35	8
35	8
35	8
35	8
35	8
35	8
35	8
35	8
35	8
35	8
35	8
35	8
35	8
35	8
35	9
35	9
35	9
35	9
35	9
35	9
35	9
35	9
46	9
46	9
46	9
46	9
46	9
46	9
46	9
46	9
46	9
46	9
46	9
46	9
46	9
46	9
46	9
46	9
46	9
46	9
46	9
46	9
46	9
46	9
46	9
46	9
46	9
46	9
46	9
46	9
46	9
46	9
46	9
46	9
46	9
46	9
46	9
46	9
46	9
46	9
35	9
35	9
35	9
35	9
35	10
35	10
35	10
35	10
35	10
35	10
35	10
35	10
35	10
35	10
35	10
35	10
35	10
35	10
35	10
35	10
35	10
35	10
35	10
35	10
35	10
35	10
35	10
35	10
35	10
35	10
35	10
35	10
35	10
46	10
46	10
46	10
46	10
46	10
46	10
46	10
46	10
46	10
46	10
46	10
46	10
46	10
46	10
46	10
46	10
46	10
46	10
46	10
46	10
46	10
46	11
46	11
46	11
46	11
46	11
46	11
46	11
46	11
46	11
46	11
46	11
46	11
46	11
46	11
46	11
46	11
46	11
46	11
46	11
46	11
46	11
46	11
46	11
46	11
46	11
46	11
46	11
46	11
46	11
46	11
46	11
35	11
35	11
35	11
35	11
35	11
35	11
35	11
35	11
35	11
35	11
35	11
35	11
35	11
35	11
46	11
46	11
46	11
46	11
46	11
46	12
46	12
46	12
46	12
46	12
46	12
46	12
46	12
46	12
46	12
46	12
46	12
46	12
46	12
46	12
46	12
46	12
46	12
46	12
46	12
46	12
46	12
46	12
46	12
46	12
46	12
46	12
46	12
46	12
46	12
46	12
46	12
46	12
46	12
46	12
46	12
46	12
46	12
46	12
46	12
46	12
46	12
46	12
46	12
46	12
46	12
46	12
46	12
46	12
46	12
46	13
46	13
46	13
46	13
46	13
46	13
46	13
46	13
46	13
46	13
46	13
46	13
46	13
46	13
46	13
46	13
46	13
46	13
46	13
46	13
46	13
46	13
46	13
46	13
46	13
46	13
46	13
46	13
46	13
46	13
46	13
46	13
46	13
46	13
46	13
46	13
46	13
46	13
46	13
46	13
46	13
46	13
46	13
46	13
46	13
46	13
46	13
46	13
46	13
46	13
46	14
46	14
46	14
46	14
46	14
46	14
46	14
46	14
46	14
46	14
46	14
46	14
46	14
46	14
46	14
46	14
46	14
46	14
46	14
46	14
46	14
46	14
46	14
46	14
46	14
46	14
46	14
46	14
46	14
46	14
46	14
46	14
46	14
46	14
46	14
46	14
46	14
46	14
46	14
46	14
46	14
46	14
46	14
46	14
46	14
46	14
46	14
46	14
46	14
46	14
46	15
46	15
46	15
46	15
46	15
46	15
46	15
46	15
46	15
46	15
46	15
46	15
46	15
46	15
46	15
46	15
46	15
46	15
46	15
46	15
46	15
46	15
46	15
46	15
46	15
46	15
46	15
46	15
46	15
46	15
46	15
46	15
46	15
46	15
46	15
46	15
46	15
46	15
46	15
46	15
46	15
46	15
46	15
46	15
46	15
46	15
46	15
46	15
46	15
46	15
46	16
46	16
46	16
46	16
46	16
46	16
46	16
46	16
46	16
46	16
46	16
46	16
46	16
46	16
46	16
46	16
46	16
46	16
46	16
46	16
46	16
46	16
46	16
46	16
46	16
46	16
46	16
46	16
46	16
46	16
46	16
46	16
46	16
46	16
46	16
46	16
46	16
46	16
46	16
46	16
46	16
46	16
46	16
46	16
46	16
46	16
46	16
46	16
46	16
46	16
46	17
46	17
46	17
46	17
46	17
46	17
46	17
46	17
46	17
46	17
46	17
46	17
46	17
46	17
46	17
46	17
46	17
46	17
46	17
46	17
46	17
46	17
46	17
46	17
46	17
46	17
46	17
46	17
46	17
46	17
46	17
46	17
46	17
46	17
46	17
46	17
46	17
46	17
46	17
46	17
46	17
46	17
46	17
46	17
46	17
46	17
46	17
46	17
46	17
46	17
46	18
46	18
46	18
46	18
46	18
46	18
46	18
46	18
46	18
46	18
46	18
46	18
46	18
46	18
46	18
46	18
46	18
46	18
46	18
46	18
46	18
46	18
46	18
46	18
46	18
46	18
46	18
46	18
46	18
46	18
46	18
46	18
46	18
46	18
46	18
46	18
46	18
46	18
46	18
46	18
46	18
46	18
46	18
46	18
46	18
46	18
46	18
46	18
46	18
46	18
46	19
46	19
46	19
46	19
46	19
46	19
46	19
46	19
46	19
46	19
46	19
46	19
46	19
46	19
46	19
46	19
46	19
46	19
46	19
46	19
46	19
46	19
46	19
46	19
46	19
46	19
46	19
46	19
46	19
46	19
46	19
46	19
46	19
46	19
46	19
46	19
46	19
46	19
46	19
46	19
46	19
46	19
46	19
46	19
46	19
46	19
46	19
46	19
46	19
46	19
46	20
46	20
46	20
46	20
46	20
46	20
46	20
46	20
46	20
46	20
46	20
46	20
46	20
46	20
46	20
46	20
46	20
46	20
46	20
46	20
46	20
46	20
46	20
46	20
46	20
46	20
46	20
46	20
46	20
46	20
46	20
46	20
46	20
46	20
46	20
46	20
46	20
46	20
46	20
46	20
46	20
46	20
46	20
46	20
46	20
46	20
46	20
46	20
46	20
46	20
46	21
46	21
46	21
46	21
46	21
46	21
46	21
46	21
46	21
46	21
46	21
46	21
46	21
46	21
46	21
46	21
46	21
46	21
46	21
46	21
46	21
46	21
46	21
46	21
46	21
46	21
46	21
46	21
46	21
46	21
46	21
46	21
46	21
46	21
46	21
46	21
46	21
46	21
46	21
46	21
46	21
46	21
46	21
46	21
46	21
46	21
46	21
46	21
46	21
46	21
46	22
46	22
46	22
46	22
46	22
46	22
46	22
46	22
46	22
46	22
46	22
46	22
46	22
46	22
46	22
46	22
46	22
46	22
46	22
46	22
46	22
46	22
46	22
46	22
46	22
46	22
46	22
46	22
46	22
46	22
46	22
46	22
46	22
46	22
46	22
46	22
46	22
46	22
46	22
46	22
46	22
46	22
46	22
46	22
46	22
46	22
46	22
46	22
46	22
46	22
46	23
46	23
46	23
46	23
46	23
46	23
46	23
46	23
46	23
46	23
46	23
46	23
46	23
46	23
46	23
46	23
46	23
46	23
46	23
46	23
46	23
46	23
46	23
46	23
46	23
46	23
46	23
46	23
46	23
46	23
46	23
46	23
46	23
46	23
46	23
46	23
46	23
46	23
46	23
46	23
46	23
46	23
46	23
46	23
46	23
46	23
46	23
46	23
46	23
46	23
46	24
46	24
46	24
46	24
46	24
46	24
46	24
46	24
46	24
46	24
46	24
46	24
46	24
46	24
46	24
46	24
46	24
46	24
46	24
46	24
46	24
46	24
46	24
46	24
46	24
46	24
46	24
46	24
46	24
46	24
46	24
46	24
46	24
46	24
46	24
46	24
46	24
46	24
46	24
46	24
46	24
46	24
46	24
46	24
46	24
46	24
46	24
46	24
46	24
46	24
46	25
46	25
46	25
46	25
46	25
46	25
46	25
46	25
46	25
46	25
46	25
46	25
46	25
46	25
46	25
46	25
46	25
46	25
46	25
46	25
46	25
46	25
46	25
46	25
46	25
46	25
46	25
46	25
46	25
46	25
46	25
46	25
46	25
46	25
46	25
46	25
46	25
46	25
46	25
46	25
46	25
46	25
46	25
46	25
46	25
46	25
46	25
46	25
46	25
46	25
46	26
46	26
46	26
46	26
46	26
46	26
46	26
46	26
46	26
46	26
46	26
46	26
46	26
46	26
46	26
46	26
46	26
46	26
46	26
46	26
46	26
46	26
46	26
46	26
46	26
46	26
46	26
46	26
46	26
46	26
46	26
46	26
46	26
46	26
46	26
46	26
46	26
46	26
46	26
46	26
46	26
46	26
46	26
46	26
46	26
46	26
46	26
46	26
46	26
46	26
46	27
46	27
46	27
46	27
46	27
46	27
46	27
46	27
46	27
46	27
46	27
46	27
46	27
46	27
46	27
46	27
46	27
46	27
46	27
46	27
46	27
46	27
46	27
46	27
46	27
46	27
46	27
46	27
46	27
46	27
46	27
46	27
46	27
46	27
46	27
46	27
46	27
46	27
46	27
46	27
46	27
46	27
46	27
46	27
46	27
46	27
46	27
46	27
46	27
46	27
46	28
46	28
46	28
46	28
46	28
46	28
46	28
46	28
46	28
46	28
46	28
46	28
46	28
46	28
46	28
46	28
46	28
46	28
46	28
46	28
46	28
46	28
46	28
46	28
46	28
46	28
46	28
46	28
46	28
46	28
46	28
46	28
46	28
46	28
46	28
46	28
46	28
46	28
46	28
58	28
58	28
58	28
58	28
58	28
58	28
58	28
58	28
58	28
58	28
58	28
58	29
58	29
58	29
58	29
58	29
58	29
58	29
58	29
58	29
58	29
58	29
58	29
58	29
58	29
58	29
58	29
58	29
58	29
70	29
70	29
70	29
70	29
70	29
70	29
70	29
70	29
70	29
70	29
70	29
70	29
70	29
70	29
70	29
70	29
70	29
70	29
70	29
70	29
82	29
82	29
82	29
82	29
82	29
82	29
82	29
82	29
82	29
82	29
82	29
82	29
93	30
93	30
93	30
93	30
93	30
93	30
93	30
93	30
93	30
93	30
93	30
93	30
93	30
105	30
105	30
105	30
105	30
105	30
105	30
105	30
105	30
105	30
105	30
105	30
117	30
117	30
117	30
117	30
117	30
117	30
117	30
117	30
117	30
117	30
117	30
117	30
117	30
117	30
128	30
128	30
128	30
128	30
128	30
128	30
128	30
128	30
128	30
128	30
128	30
140	30
140	31
140	31
140	31
140	31
140	31
140	31
140	31
140	31
152	31
152	31
152	31
152	31
152	31
152	31
152	31
152	31
164	31
164	31
164	31
164	31
164	31
164	31
164	31
164	31
164	31
164	31
175	31
175	31
175	31
175	31
175	31
175	31
175	31
175	31
187	31
187	31
187	31
187	31
187	31
187	31
187	31
187	31
187	31
199	31
199	31
199	31
199	31
199	31
199	31
199	31
199	32
199	32
210	32
210	32
210	32
210	32
210	32
210	32
210	32
210	32
222	32
222	32
222	32
222	32
222	32
222	32
222	32
222	32
222	32
234	32
234	32
234	32
234	32
234	32
234	32
234	32
246	32
246	32
246	32
246	32
246	32
246	32
246	32
246	32
257	32
257	32
257	32
257	32
257	32
257	32
269	32
269	32
269	32
269	32
269	32
269	32
269	32
281	32
281	32
281	32
281	33
281	33
281	33
281	33
292	33
292	33
292	33
292	33
292	33
292	33
292	33
304	33
304	33
304	33
304	33
304	33
304	33
304	33
316	33
316	33
316	33
316	33
316	33
316	33
328	33
328	33
328	33
328	33
328	33
328	33
339	33
339	33
339	33
339	33
339	33
339	33
351	33
351	33
351	33
351	33
351	33
351	33
351	33
363	33
363	33
363	33
363	33
363	33
363	33
375	33
375	34
375	34
375	34
375	34
375	34
386	34
386	34
386	34
386	34
386	34
386	34
398	34
398	34
398	34
398	34
398	34
410	34
410	34
410	34
410	34
410	34
410	34
421	34
421	34
421	34
421	34
421	34
421	34
433	34
433	34
433	34
433	34
433	34
445	34
445	34
445	34
445	34
445	34
445	34
457	34
457	34
457	34
457	34
457	34
457	34
468	34
468	34
468	34
468	34
468	34
468	35
480	35
480	35
480	35
480	35
480	35
492	35
492	35
492	35
492	35
492	35
503	35
503	35
503	35
503	35
503	35
515	35
515	35
515	35
515	35
515	35
527	35
527	35
527	35
527	35
527	35
539	35
539	35
539	35
539	35
539	35
550	35
550	35
550	35
550	35
550	35
562	35
562	35
562	35
562	35
562	35
562	35
574	35
574	35
574	35
574	35
574	35
585	35
585	35
585	35
585	36
585	36
585	36
597	36
597	36
597	36
597	36
597	36
609	36
609	36
609	36
609	36
609	36
621	36
621	36
621	36
621	36
632	36
632	36
632	36
632	36
632	36
632	36
644	36
644	36
644	36
644	36
656	36
656	36
656	36
656	36
656	36
656	36
667	36
667	36
667	36
667	36
679	36
679	36
679	36
679	36
679	36
691	36
691	36
691	36
691	36
691	36
703	36
703	36
703	36
703	37
714	37
714	37
714	37
714	37
726	37
726	37
726	37
726	37
726	37
738	37
738	37
738	37
738	37
750	37
750	37
750	37
750	37
761	37
761	37
761	37
761	37
773	37
773	37
773	37
773	37
785	37
785	37
785	37
785	37
796	37
796	37
796	37
796	37
808	37
808	37
808	37
808	37
820	37
820	37
820	37
820	37
832	37
832	37
832	37
832	37
832	37
843	37
843	37
843	37
843	38
855	38
855	38
855	38
855	38
867	38
867	38
867	38
867	38
867	38
878	38
878	38
878	38
878	38
878	38
890	38
890	38
890	38
890	38
902	38
902	38
902	38
902	38
902	38
914	38
914	38
914	38
914	38
925	38
925	38
925	38
925	38
937	38
937	38
937	38
937	38
937	38
949	38
949	38
949	38
949	38
960	38
960	38
960	38
960	38
960	38
972	38
972	38
972	38
972	38
972	39
984	39
984	39
984	39
984	39
984	39
996	39
996	39
996	39
996	39
996	39
1007	39
1007	39
1007	39
1007	39
1007	39
1019	39
1019	39
1019	39
1019	39
1031	39
1031	39
1031	39
1031	39
1031	39
1042	39
1042	39
1042	39
1042	39
1054	39
1054	39
1054	39
1054	39
1066	39
1066	39
1066	39
1066	39
1078	39
1078	39
1078	39
1078	39
1078	39
1089	39
1089	39
1089	39
1089	39
1101	39
1101	39
1101	39
1101	39
1113	40
1113	40
1113	40
1113	40
1125	40
1125	40
1125	40
1125	40
1125	40
1136	40
1136	40
1136	40
1136	40
1148	40
1148	40
1148	40
1148	40
1160	40
1160	40
1160	40
1160	40
1160	40
1171	40
1171	40
1171	40
1171	40
1183	40
1183	40
1183	40
1183	40
1195	40
1195	40
1195	40
1195	40
1195	40
1207	40
1207	40
1207	40
1207	40
1218	40
1218	40
1218	40
1218	40
1230	40
1230	40
1230	40
1230	40
1242	40
1242	40
1242	40
1242	41
1242	41
1253	41
1253	41
1253	41
1253	41
1265	41
1265	41
1265	41
1265	41
1277	41
1277	41
1277	41
1277	41
1289	41
1289	41
1289	41
1289	41
1300	41
1300	41
1300	41
1300	41
1312	41
1312	41
1312	41
1312	41
1324	41
1324	41
1324	41
1324	41
1324	41
1335	41
1335	41
1335	41
1335	41
1347	41
1347	41
1347	41
1347	41
1359	41
1359	41
1359	41
1359	41
1371	41
1371	41
1371	41
1371	41
1382	41
1382	41
1382	41
1382	42
1394	42
1394	42
1394	42
1394	42
1406	42
1406	42
1406	42
1406	42
1406	42
1417	42
1417	42
1417	42
1417	42
1429	42
1429	42
1429	42
1429	42
1441	42
1441	42
1441	42
1441	42
1453	42
1453	42
1453	42
1453	42
1464	42
1464	42
1464	42
1464	42
1476	42
1476	42
1476	42
1476	42
1488	42
1488	42
1488	42
1488	42
1500	42
1500	42
1500	42
1511	42
1511	42
1511	42
1523	42
1523	42
1523	42
1523	42
1535	42
1535	42
1535	43
1546	43
1546	43
1546	43
1558	43
1558	43
1558	43
1558	43
1570	43
1570	43
1570	43
1582	43
1582	43
1582	43
1582	43
1593	43
1593	43
1593	43
1593	43
1605	43
1605	43
1605	43
1605	43
1617	43
1617	43
1617	43
1617	43
1628	43
1628	43
1628	43
1628	43
1640	43
1640	43
1640	43
1640	43
1652	43
1652	43
1652	43
1652	43
1664	43
1664	43
1664	43
1664	43
1675	43
1675	43
1675	43
1675	43
1687	43
1687	43
1687	43
1687	44
1699	44
1699	44
1699	44
1699	44
1710	44
1710	44
1710	44
1710	44
1722	44
1722	44
1722	44
1722	44
1734	44
1734	44
1734	44
1734	44
1734	44
1746	44
1746	44
1746	44
1746	44
1757	44
1757	44
1757	44
1757	44
1769	44
1769	44
1769	44
1769	44
1781	44
1781	44
1781	44
1781	44
1792	44
1792	44
1792	44
1804	44
1804	44
1804	44
1804	44
1816	44
1816	44
1816	44
1816	44
1828	44
1828	44
1828	44
1828	44
1839	44
1839	45
1839	45
1839	45
1851	45
1851	45
1851	45
1851	45
1863	45
1863	45
1863	45
1863	45
1875	45
1875	45
1875	45
1875	45
1886	45
1886	45
1886	45
1886	45
1898	45
1898	45
1898	45
1898	45
1910	45
1910	45
1910	45
1921	45
1921	45
1921	45
1921	45
1933	45
1933	45
1933	45
1933	45
1945	45
1945	45
1945	45
1957	45
1957	45
1957	45
1957	45
1968	45
1968	45
1968	45
1980	45
1980	45
1980	45
1980	45
1992	45
1992	45
1992	46
2003	46
2003	46
2003	46
2015	46
2015	46
2015	46
2015	46
2027	46
2027	46
2027	46
2039	46
2039	46
2039	46
2039	46
2050	46
2050	46
2050	46
2050	46
2062	46
2062	46
2062	46
2062	46
2074	46
2074	46
2074	46
2085	46
2085	46
2085	46
2085	46
2097	46
2097	46
2097	46
2109	46
2109	46
2109	46
2121	46
2121	46
2121	46
2121	46
2132	46
2132	46
2132	46
2144	46
2144	46
2144	46
2156	46
2156	46
2156	46
2156	46
2167	47
2167	47
2167	47
2179	47
2179	47
2179	47
2179	47
2191	47
2191	47
2191	47
2203	47
2203	47
2203	47
2214	47
2214	47
2214	47
2226	47
2226	47
2226	47
2238	47
2238	47
2238	47
2250	47
2250	47
2261	47
2261	47
2261	47
2273	47
2273	47
2273	47
2285	47
2285	47
2285	47
2296	47
2296	47
2308	47
2308	47
2308	47
2320	47
2320	47
2320	47
2332	47
2332	47
2332	47
2343	47
2343	47
2343	47
2355	47
2355	47
2355	47
2367	48
2367	48
2367	48
2367	48
2378	48
2378	48
2378	48
2390	48
2390	48
2390	48
2402	48
2402	48
2402	48
2414	48
2414	48
2414	48
2425	48
2425	48
2425	48
2437	48
2437	48
2437	48
2437	48
2449	48
2449	48
2449	48
2460	48
2460	48
2460	48
2472	48
2472	48
2472	48
2484	48
2484	48
2484	48
2496	48
2496	48
2496	48
2507	48
2507	48
2507	48
2519	48
2519	48
2519	48
2531	48
2531	48
2531	48
2542	48
2542	48
2542	48
2554	49
2554	49
2554	49
2566	49
2566	49
2566	49
2578	49
2578	49
2578	49
2589	49
2589	49
2589	49
2601	49
2601	49
2601	49
2613	49
2613	49
2613	49
2625	49
2625	49
2625	49
2636	49
2636	49
2636	49
2648	49
2648	49
2648	49
2660	49
2660	49
2660	49
2671	49
2671	49
2671	49
2683	49
2683	49
2683	49
2695	49
2695	49
2695	49
2707	49
2707	49
2718	49
2718	49
2718	49
2730	49
2730	49
2730	49
2742	49
2742	49
2753	49
2753	50
2753	50
2765	50
2765	50
2777	50
2777	50
2777	50
2789	50
2789	50
2789	50
2800	50
2800	50
2812	50
2812	50
2812	50
2824	50
2824	50
2824	50
2835	50
2835	50
2835	50
2847	50
2847	50
2847	50
2859	50
2859	50
2871	50
2871	50
2871	50
2882	50
2882	50
2882	50
2894	50
2894	50
2906	50
2906	50
2906	50
2917	50
2917	50
2917	50
2929	50
2929	50
2941	50
2941	50
2941	50
2953	50
2953	50
2964	50
2964	50
2964	50
2976	51
2976	51
2988	51
2988	51
2988	51
3000	51
3000	51
3011	51
3011	51
3023	51
3023	51
3035	51
3035	51
3035	51
3046	51
3046	51
3058	51
3058	51
3070	51
3070	51
3082	51
3082	51
3093	51
3093	51
3093	51
3105	51
3105	51
3117	51
3117	51
3117	51
3128	51
3128	51
3140	51
3140	51
3140	51
3152	51
3152	51
3164	51
3164	51
3175	51
3175	51
3175	51
3187	51
3187	51
3199	51
3199	51
3210	51
3210	51
3210	51
3222	51
3222	52
3234	52
3234	52
3246	52
3246	52
3246	52
3257	52
3257	52
3269	52
3269	52
3269	52
3281	52
3281	52
3292	52
3292	52
3292	52
3304	52
3304	52
3316	52
3316	52
3328	52
3328	52
3328	52
3339	52
3339	52
3351	52
3351	52
3363	52
3363	52
3363	52
3375	52
3375	52
3386	52
3386	52
3398	52
3398	52
3410	52
3410	52
3421	52
3421	52
3433	52
3433	52
3433	52
3445	52
3445	52
3457	52
3457	52
3468	52
3468	52
3480	52
3480	53
3480	53
3492	53
3492	53
3503	53
3503	53
3515	53
3515	53
3527	53
3527	53
3527	53
3539	53
3539	53
3550	53
3550	53
3562	53
3562	53
3562	53
3574	53
3574	53
3585	53
3585	53
3597	53
3597	53
3597	53
3609	53
3609	53
3621	53
3621	53
3632	53
3632	53
3632	53
3644	53
3644	53
3656	53
3656	53
3667	53
3667	53
3667	53
3679	53
3679	53
3691	53
3691	53
3703	53
3703	53
3714	53
3714	53
3726	53
3726	53
3726	53
3738	54
3738	54
3750	54
3750	54
3761	54
3761	54
3773	54
3773	54
3785	54
3796	54
3796	54
3808	54
3808	54
3820	54
3820	54
3832	54
3832	54
3843	54
3843	54
3855	54
3855	54
3867	54
3867	54
3867	54
3878	54
3878	54
3890	54
3890	54
3902	54
3902	54
3914	54
3914	54
3925	54
3925	54
3937	54
3937	54
3949	54
3949	54
3949	54
3960	54
3960	54
3972	54
3972	54
3984	54
3984	54
3996	54
3996	54
4007	54
4007	54
4019	54
4019	55
4031	55
4031	55
4042	55
4042	55
4042	55
4054	55
4054	55
4066	55
4066	55
4078	55
4078	55
4089	55
4089	55
4101	55
4101	55
4113	55
4113	55
4125	55
4125	55
4136	55
4136	55
4148	55
4148	55
4160	55
4171	55
4171	55
4183	55
4183	55
4195	55
4195	55
4207	55
4207	55
4218	55
4218	55
4230	55
4230	55
4242	55
4242	55
4253	55
4253	55
4265	55
4265	55
4277	55
4277	55
4289	55
4289	55
4289	55
4300	55
4300	55
4312	56
4312	56
4324	56
4324	56
4335	56
4335	56
4347	56
4347	56
4359	56
4359	56
4371	56
4371	56
4382	56
4382	56
4394	56
4394	56
4406	56
4406	56
4417	56
4417	56
4417	56
4429	56
4429	56
4441	56
4441	56
4453	56
4453	56
4464	56
4476	56
4476	56
4488	56
4488	56
4500	56
4500	56
4511	56
4511	56
4523	56
4523	56
4535	56
4546	56
4546	56
4558	56
4558	56
4570	56
4570	56
4582	56
4582	56
4593	56
4605	56
4605	56
4617	57
4617	57
4628	57
4628	57
4640	57
4640	57
4652	57
4652	57
4664	57
4664	57
4675	57
4675	57
4687	57
4687	57
4699	57
4710	57
4710	57
4722	57
4734	57
4734	57
4746	57
4746	57
4757	57
4757	57
4769	57
4769	57
4781	57
4781	57
4792	57
4792	57
4804	57
4804	57
4816	57
4816	57
4828	57
4828	57
4839	57
4851	57
4851	57
4863	57
4863	57
4875	57
4875	57
4886	57
4898	57
4898	57
4910	57
4910	57
4921	57
4933	57
4933	58
4945	58
4945	58
4957	58
4957	58
4968	58
4968	58
4980	58
4992	58
4992	58
5003	58
5003	58
5015	58
5015	58
5027	58
5027	58
5039	58
5039	58
5050	58
5062	58
5062	58
5062	58
5074	58
5074	58
5085	58
5085	58
5097	58
5097	58
5109	58
5109	58
5121	58
5121	58
5132	58
5132	58
5144	58
5144	58
5156	58
5156	58
5167	58
5179	58
5179	58
5191	58
5191	58
5203	58
5203	58
5214	58
5226	58
5226	58
5238	58
5238	58
5250	59
5250	59
5261	59
5261	59
5273	59
5273	59
5285	59
5296	59
5296	59
5308	59
5308	59
5320	59
5320	59
5332	59
5343	59
5343	59
5355	59
5355	59
5367	59
5367	59
5378	59
5390	59
5390	59
5402	59
5402	59
5414	59
5414	59
5425	59
5437	59
5437	59
5449	59
5449	59
5460	59
5472	59
5472	59
5484	59
5496	59
5496	59
5507	59
5519	59
5519	59
5531	59
5531	59
5542	59
5542	59
5554	59
5554	59
5566	59
5578	59
5578	59
5589	60
5601	60
5601	60
5613	60
5613	60
5625	60
5636	60
5648	60
5648	60
5660	60
5671	60
5671	60
5683	60
5695	60
5707	60
5707	60
5718	60
5718	60
5730	60
5742	60
5742	60
5753	60
5753	60
5765	60
5777	60
5777	60
5789	60
5789	60
5800	60
5812	60
5812	60
5824	60
5824	60
5835	60
5847	60
5847	60
5859	60
5859	60
5871	60
5882	60
5882	60
5894	60
5894	60
5906	60
5917	60
5917	60
5929	60
5929	60
5941	60
5953	60
5953	61
5964	61
5964	61
5976	61
5988	61
5988	61
6000	61
6000	61
6011	61
6023	61
6023	61
6035	61
6046	61
6046	61
6058	61
6058	61
6070	61
6082	61
6082	61
6093	61
6105	61
6105	61
6117	61
6117	61
6128	61
6140	61
6140	61
6152	61
6164	61
6164	61
6175	61
6175	61
6187	61
6199	61
6199	61
6210	61
6210	61
6222	61
6234	61
6234	61
6246	61
6257	61
6257	61
6269	61
6281	61
6281	61
6292	61
6292	61
6304	61
6316	61
6316	62
6328	62
6339	62
6339	62
6351	62
6363	62
6363	62
6375	62
6386	62
6398	62
6398	62
6410	62
6421	62
6433	62
6433	62
6445	62
6457	62
6468	62
6468	62
6480	62
6492	62
6492	62
6503	62
6515	62
6515	62
6527	62
6527	62
6539	62
6550	62
6550	62
6562	62
6574	62
6585	62
6585	62
6597	62
6609	62
6609	62
6621	62
6632	62
6632	62
6644	62
6644	62
6656	62
6667	62
6667	62
6679	62
6691	62
6691	62
6703	62
6714	62
6714	63
6726	63
6738	63
6738	63
6750	63
6761	63
6761	63
6773	63
6785	63
6785	63
6796	63
6808	63
6808	63
6820	63
6832	63
6832	63
6843	63
6855	63
6855	63
6867	63
6878	63
6878	63
6890	63
6902	63
6902	63
6914	63
6925	63
6925	63
6937	63
6949	63
6949	63
6960	63
6972	63
6984	63
6984	63
6996	63
7007	63
7019	63
7019	63
7031	63
7031	63
7042	63
7054	63
7054	63
7066	63
7078	63
7078	63
7089	63
7101	63
7113	63
7113	64
7125	64
7136	64
7148	64
7160	64
7171	64
7183	64
7183	64
7195	64
7207	64
7218	64
7218	64
7230	64
7242	64
7253	64
7253	64
7265	64
7265	64
7277	64
7289	64
7289	64
7300	64
7312	64
7324	64
7324	64
7335	64
7347	64
7347	64
7359	64
7371	64
7371	64
7382	64
7394	64
7394	64
7406	64
7417	64
7417	64
7429	64
7441	64
7453	64
7453	64
7464	64
7476	64
7476	64
7488	64
7500	64
7500	64
7511	64
7523	64
7523	64
7535	65
7546	65
7546	65
7558	65
7570	65
7570	65
7582	65
7593	65
7593	65
7605	65
7617	65
7617	65
7628	65
7640	65
7652	65
7652	65
7664	65
7675	65
7675	65
7687	65
7699	65
7699	65
7710	65
7710	65
7722	65
7734	65
7746	65
7746	65
7757	65
7769	65
7769	65
7781	65
7792	65
7792	65
7804	65
7816	65
7816	65
7828	65
7839	65
7851	65
7863	65
7863	65
7875	65
7886	65
7898	65
7910	65
7921	65
7933	65
7945	65
7957	65
7957	66
7968	66
7980	66
7992	66
7992	66
8003	66
8015	66
8015	66
8027	66
8039	66
8050	66
8050	66
8062	66
8074	66
8085	66
8097	66
8109	66
8121	66
8121	66
8132	66
8144	66
8156	66
8156	66
8167	66
8179	66
8179	66
8191	66
8203	66
8214	66
8214	66
8226	66
8238	66
8250	66
8250	66
8261	66
8273	66
8285	66
8285	66
8296	66
8308	66
8308	66
8320	66
8332	66
8343	66
8343	66
8355	66
8367	66
8378	66
8378	66
8390	66
8402	67
8414	67
8414	67
8425	67
8437	67
8437	67
8449	67
8460	67
8460	67
8472	67
8472	67
8484	67
8496	67
8507	67
8507	67
8519	67
8531	67
8531	67
8542	67
8554	67
8566	67
8566	67
8578	67
8589	67
8601	67
8601	67
8613	67
8625	67
8636	67
8648	67
8660	67
8660	67
8671	67
8683	67
8695	67
8707	67
8718	67
8718	67
8730	67
8742	67
8753	67
8765	67
8765	67
8777	67
8789	67
8800	67
8800	67
8812	67
8824	67
8835	67
8847	68
8859	68
8859	68
8871	68
8882	68
8894	68
8894	68
8906	68
8917	68
8929	68
8929	68
8941	68
8953	68
8964	68
8976	68
8976	68
8988	68
9000	68
9011	68
9023	68
9023	68
9035	68
9046	68
9058	68
9070	68
9070	68
9082	68
9093	68
9105	68
9117	68
9117	68
9128	68
9140	68
9152	68
9164	68
9164	68
9175	68
9187	68
9199	68
9199	68
9210	68
9222	68
9234	68
9234	68
9246	68
9257	68
9269	68
9269	68
9281	68
9292	68
9304	69
9316	69
9316	69
9328	69
9339	69
9351	69
9363	69
9363	69
9375	69
9386	69
9398	69
9410	69
9421	69
9433	69
9445	69
9445	69
9457	69
9468	69
9480	69
9492	69
9503	69
9503	69
9515	69
9527	69
9539	69
9539	69
9550	69
9562	69
9574	69
9585	69
9585	69
9597	69
9609	69
9621	69
9632	69
9632	69
9644	69
9656	69
9667	69
9679	69
9679	69
9691	69
9703	69
9714	69
9726	69
9726	69
9738	69
9750	69
9761	69
9773	69
9773	70
9785	70
9796	70
9808	70
9820	70
9820	70
9832	70
9843	70
9855	70
9867	70
9867	70
9878	70
9890	70
9902	70
9914	70
9925	70
9925	70
9937	70
9949	70
9949	70
9960	70
9972	70
9972	70
9984	70
9996	70
10007	70
10007	70
10019	70
10031	70
10042	70
10054	70
10054	70
10066	70
10078	70
10089	70
10101	70
10101	70
10113	70
10125	70
10136	70
10148	70
10160	70
10171	70
10183	70
10195	70
10195	70
10207	70
10218	70
10230	70
10242	70
10253	71
10265	71
10265	71
10277	71
10289	71
10300	71
10312	71
10324	71
10335	71
10347	71
10359	71
10371	71
10382	71
10382	71
10394	71
10406	71
10417	71
10429	71
10429	71
10441	71
10453	71
10464	71
10476	71
10488	71
10500	71
10511	71
10523	71
10535	71
10546	71
10558	71
10558	71
10570	71
10582	71
10593	71
10605	71
10617	71
10628	71
10640	71
10640	71
10652	71
10664	71
10675	71
10687	71
10699	71
10699	71
10710	71
10722	71
10734	71
10746	71
10746	71
10757	72
10769	72
10781	72
10792	72
10792	72
10804	72
10816	72
10828	72
10839	72
10851	72
10863	72
10863	72
10875	72
10886	72
10898	72
10910	72
10921	72
10933	72
10945	72
10957	72
10957	72
10968	72
10980	72
10992	72
11003	72
11015	72
11027	72
11027	72
11039	72
11050	72
11062	72
11074	72
11085	72
11085	72
11097	72
11109	72
11121	72
11132	72
11144	72
11156	72
11156	72
11167	72
11179	72
11191	72
11203	72
11214	72
11226	72
11226	72
11238	72
11250	72
11261	73
11273	73
11285	73
11296	73
11308	73
11320	73
11332	73
11332	73
11343	73
11355	73
11367	73
11378	73
11390	73
11402	73
11414	73
11414	73
11425	73
11437	73
11449	73
11460	73
11460	73
11472	73
11484	73
11496	73
11496	73
11507	73
11519	73
11531	73
11542	73
11554	73
11566	73
11566	73
11578	73
11589	73
11601	73
11613	73
11625	73
11636	73
11636	73
11648	73
11660	73
11671	73
11683	73
11695	73
11707	73
11707	73
11718	73
11730	73
11742	73
11753	73
11765	74
11777	74
11789	74
11789	74
11800	74
11812	74
11824	74
11835	74
11847	74
11859	74
11871	74
11871	74
11882	74
11894	74
11906	74
11917	74
11929	74
11941	74
11941	74
11953	74
11964	74
11976	74
11988	74
12000	74
12011	74
12023	74
12035	74
12046	74
12058	74
12070	74
12082	74
12093	74
12105	74
12117	74
12128	74
12128	74
12140	74
12152	74
12164	74
12175	74
12187	74
12199	74
12210	74
12210	74
12222	74
12234	74
12246	74
12257	74
12269	74
12269	74
12281	75
12292	75
12304	75
12316	75
12328	75
12339	75
12351	75
12363	75
12363	75
12375	75
12386	75
12398	75
12410	75
12421	75
12433	75
12445	75
12445	75
12457	75
12468	75
12480	75
12492	75
12503	75
12515	75
12527	75
12539	75
12550	75
12562	75
12562	75
12574	75
12585	75
12597	75
12609	75
12621	75
12632	75
12644	75
12644	75
12656	75
12667	75
12679	75
12691	75
12703	75
12714	75
12726	75
12738	75
12750	75
12761	75
12773	75
12785	75
12796	75
12808	75
12820	76
12832	76
12843	76
12855	76
12867	76
12878	76
12890	76
12902	76
12914	76
12914	76
12925	76
12937	76
12949	76
12960	76
12972	76
12984	76
12996	76
12996	76
13007	76
13019	76
13031	76
13042	76
13054	76
13066	76
13078	76
13089	76
13101	76
13113	76
13113	76
13125	76
13136	76
13148	76
13160	76
13171	76
13183	76
13195	76
13207	76
13218	76
13218	76
13230	76
13242	76
13253	76
13265	76
13277	76
13289	76
13300	76
13312	76
13324	76
13335	76
13347	76
13359	77
13371	77
13382	77
13382	77
13394	77
13406	77
13417	77
13429	77
13441	77
13453	77
13464	77
13476	77
13488	77
13500	77
13511	77
13523	77
13535	77
13546	77
13570	77
13582	77
13593	77
13605	77
13617	77
13617	77
13628	77
13640	77
13652	77
13664	77
13675	77
13687	77
13699	77
13710	77
13722	77
13734	77
13746	77
13757	77
13757	77
13769	77
13781	77
13792	77
13804	77
13816	77
13828	77
13839	77
13851	77
13863	77
13875	77
13886	77
13898	77
13910	77
13921	78
13933	78
13945	78
13957	78
13968	78
13980	78
13992	78
14003	78
14015	78
14027	78
14039	78
14039	78
14050	78
14062	78
14074	78
14085	78
14097	78
14109	78
14121	78
14132	78
14144	78
14156	78
14167	78
14179	78
14191	78
14203	78
14214	78
14226	78
14238	78
14250	78
14261	78
14273	78
14296	78
14308	78
14320	78
14332	78
14343	78
14355	78
14367	78
14378	78
14390	78
14402	78
14414	78
14425	78
14437	78
14449	78
14460	78
14472	78
14484	78
14496	78
14496	79
14507	79
14519	79
14531	79
14542	79
14554	79
14566	79
14578	79
14589	79
14601	79
14613	79
14625	79
14636	79
14648	79
14660	79
14671	79
14683	79
14695	79
14707	79
14718	79
14730	79
14742	79
14753	79
14765	79
14777	79
14789	79
14800	79
14812	79
14824	79
14835	79
14847	79
14859	79
14871	79
14882	79
14894	79
14906	79
14917	79
14929	79
14941	79
14953	79
14964	79
14976	79
14988	79
15000	79
15011	79
15023	79
15035	79
15046	79
15070	79
15082	79
15093	80
15105	80
15117	80
15128	80
15140	80
15152	80
15164	80
15175	80
15187	80
15199	80
15210	80
15222	80
15234	80
15246	80
15257	80
15269	80
15281	80
15292	80
15304	80
15316	80
15328	80
15339	80
15351	80
15363	80
15375	80
15386	80
15410	80
15421	80
15433	80
15445	80
15457	80
15468	80
15480	80
15492	80
15503	80
15515	80
15527	80
15539	80
15550	80
15562	80
15574	80
15585	80
15597	80
15609	80
15621	80
15632	80
15644	80
15656	80
15667	80
15679	80
15691	81
15703	81
15714	81
15726	81
15738	81
15761	81
15773	81
15785	81
15796	81
15808	81
15820	81
15832	81
15843	81
15855	81
15878	81
15890	81
15902	81
15914	81
15925	81
15937	81
15949	81
15960	81
15972	81
15984	81
15996	81
16007	81
16019	81
16031	81
16042	81
16054	81
16066	81
16078	81
16089	81
16101	81
16125	81
16136	81
16148	81
16160	81
16171	81
16183	81
16195	81
16218	81
16230	81
16242	81
16253	81
16265	81
16277	81
16289	81
16300	81
16312	81
16324	82
16335	82
16347	82
16359	82
16371	82
16382	82
16394	82
16406	82
16417	82
16429	82
16453	82
16464	82
16476	82
16488	82
16500	82
16511	82
16523	82
16546	82
16558	82
16570	82
16582	82
16593	82
16605	82
16628	82
16640	82
16652	82
16664	82
16675	82
16687	82
16699	82
16722	82
16734	82
16746	82
16757	82
16769	82
16781	82
16792	82
16804	82
16828	82
16839	82
16851	82
16863	82
16875	82
16886	82
16898	82
16921	82
16933	82
16945	82
16957	82
16968	82
16980	83
16992	83
17015	83
17027	83
17039	83
17050	83
17062	83
17074	83
17085	83
17097	83
17109	83
17121	83
17132	83
17144	83
17156	83
17167	83
17179	83
17191	83
17203	83
17214	83
17226	83
17238	83
17250	83
17273	83
17285	83
17296	83
17308	83
17320	83
17332	83
17343	83
17355	83
17378	83
17390	83
17402	83
17414	83
17425	83
17437	83
17449	83
17472	83
17484	83
17496	83
17507	83
17519	83
17531	83
17542	83
17566	83
17578	83
17589	83
17601	83
17613	83
17636	84
17648	84
17660	84
17683	84
17695	84
17707	84
17730	84
17742	84
17753	84
17765	84
17777	84
17789	84
17800	84
17812	84
17835	84
17847	84
17859	84
17871	84
17882	84
17894	84
17906	84
17917	84
17929	84
17953	84
17964	84
17976	84
17988	84
18000	84
18011	84
18023	84
18046	84
18058	84
18070	84
18082	84
18093	84
18105	84
18117	84
18140	84
18152	84
18164	84
18175	84
18187	84
18199	84
18210	84
18234	84
18246	84
18257	84
18269	84
18281	84
18292	84
18304	85
18316	85
18339	85
18351	85
18363	85
18386	85
18398	85
18410	85
18433	85
18445	85
18457	85
18480	85
18492	85
18503	85
18515	85
18527	85
18539	85
18562	85
18574	85
18585	85
18597	85
18609	85
18632	85
18644	85
18656	85
18667	85
18679	85
18691	85
18703	85
18726	85
18738	85
18750	85
18761	85
18773	85
18785	85
18796	85
18820	85
18832	85
18843	85
18855	85
18867	85
18890	85
18902	85
18914	85
18925	85
18937	85
18949	85
18972	85
18984	85
18996	85
19007	86
19031	86
19042	86
19054	86
19066	86
19078	86
19089	86
19113	86
19125	86
19148	86
19160	86
19183	86
19195	86
19207	86
19230	86
19242	86
19253	86
19265	86
19277	86
19289	86
19312	86
19324	86
19335	86
19347	86
19371	86
19382	86
19394	86
19406	86
19417	86
19429	86
19441	86
19464	86
19476	86
19488	86
19500	86
19511	86
19523	86
19535	86
19546	86
19558	86
19582	86
19593	86
19605	86
19617	86
19628	86
19640	86
19664	86
19675	86
19687	86
19699	86
19710	87
19722	87
19734	87
19746	87
19769	87
19781	87
19792	87
19804	87
19816	87
19828	87
19839	87
19863	87
19875	87
19898	87
19910	87
19933	87
19945	87
19957	87
19980	87
19992	87
20003	87
20015	87
20027	87
20039	87
20062	87
20074	87
20097	87
20109	87
20121	87
20132	87
20156	87
20167	87
20179	87
20191	87
20203	87
20214	87
20238	87
20250	87
20261	87
20273	87
20285	87
20296	87
20320	87
20332	87
20343	87
20355	87
20367	87
20390	87
20402	87
20414	87
20425	88
20437	88
20449	88
20460	88
20472	88
20484	88
20496	88
20507	88
20519	88
20531	88
20554	88
20566	88
20578	88
20589	88
20601	88
20625	88
20636	88
20648	88
20660	88
20683	88
20695	88
20707	88
20730	88
20742	88
20753	88
20765	88
20777	88
20789	88
20812	88
20824	88
20835	88
20859	88
20871	88
20882	88
20894	88
20906	88
20917	88
20941	88
20953	88
20964	88
20976	88
20988	88
21011	88
21023	88
21035	88
21046	88
21070	88
21082	88
21093	88
21105	88
21117	89
21140	89
21152	89
21164	89
21175	89
21187	89
21199	89
21222	89
21234	89
21246	89
21257	89
21269	89
21281	89
21304	89
21316	89
21328	89
21339	89
21351	89
21375	89
21386	89
21398	89
21421	89
21433	89
21445	89
21457	89
21480	89
21492	89
21503	89
21515	89
21527	89
21550	89
21562	89
21574	89
21585	89
21597	89
21621	89
21632	89
21644	89
21656	89
21667	89
21679	89
21703	89
21714	89
21726	89
21738	89
21750	89
21773	89
21785	89
21796	89
21808	89
21820	90
21832	90
21855	90
21867	90
21878	90
21890	90
21914	90
21925	90
21937	90
21949	90
21960	90
21972	90
21984	90
21996	90
22007	90
22019	90
22031	90
22042	90
22066	90
22078	90
22089	90
22101	90
22113	90
22136	90
22148	90
22160	90
22183	90
22195	90
22207	90
22218	90
22242	90
22253	90
22265	90
22277	90
22289	90
22312	90
22324	90
22347	90
22359	90
22371	90
22394	90
22406	90
22417	90
22429	90
22441	90
22464	90
22476	90
22488	90
22511	90
22523	90
22535	91
22558	91
22570	91
22582	91
22605	91
22617	91
22628	91
22640	91
22664	91
22675	91
22687	91
22699	91
22710	91
22722	91
22734	91
22757	91
22769	91
22781	91
22792	91
22804	91
22828	91
22839	91
22851	91
22863	91
22886	91
22898	91
22910	91
22921	91
22945	91
22957	91
22968	91
22980	91
23003	91
23015	91
23027	91
23039	91
23062	91
23074	91
23085	91
23097	91
23109	91
23132	91
23144	91
23156	91
23167	91
23179	91
23203	91
23214	91
23226	91
23238	91
23261	92
23273	92
23285	92
23308	92
23320	92
23332	92
23343	92
23367	92
23378	92
23390	92
23402	92
23414	92
23437	92
23449	92
23460	92
23472	92
23484	92
23496	92
23507	92
23531	92
23542	92
23554	92
23566	92
23578	92
23601	92
23613	92
23625	92
23636	92
23648	92
23671	92
23683	92
23695	92
23707	92
23730	92
23742	92
23753	92
23765	92
23789	92
23800	92
23812	92
23824	92
23835	92
23859	92
23871	92
23882	92
23894	92
23906	92
23929	92
23941	92
23953	92
23964	93
23988	93
24000	93
24011	93
24035	93
24046	93
24070	93
24082	93
24093	93
24105	93
24128	93
24140	93
24152	93
24164	93
24175	93
24199	93
24210	93
24222	93
24234	93
24246	93
24257	93
24281	93
24292	93
24304	93
24316	93
24339	93
24351	93
24363	93
24375	93
24386	93
24410	93
24421	93
24433	93
24445	93
24457	93
24480	93
24492	93
24503	93
24527	93
24539	93
24550	93
24562	93
24574	93
24585	93
24609	93
24621	93
24632	93
24644	93
24667	93
24679	93
24691	94
24703	94
24726	94
24738	94
24750	94
24773	94
24785	94
24808	94
24820	94
24832	94
24855	94
24867	94
24878	94
24890	94
24914	94
24925	94
24937	94
24949	94
24960	94
24984	94
24996	94
25007	94
25019	94
25031	94
25054	94
25066	94
25078	94
25089	94
25113	94
25125	94
25136	94
25148	94
25160	94
25183	94
25195	94
25207	94
25218	94
25242	94
25253	94
25265	94
25289	94
25300	94
25312	94
25324	94
25335	94
25359	94
25371	94
25382	94
25394	94
25417	94
25429	95
25441	95
25453	95
25476	95
25488	95
25500	95
25523	95
25535	95
25558	95
25570	95
25593	95
25605	95
25617	95
25628	95
25652	95
25664	95
25675	95
25687	95
25710	95
25722	95
25734	95
25746	95
25757	95
25781	95
25792	95
25804	95
25828	95
25839	95
25851	95
25863	95
25886	95
25898	95
25910	95
25921	95
25945	95
25957	95
25968	95
25992	95
26003	95
26015	95
26027	95
26050	95
26062	95
26074	95
26085	95
26109	95
26121	95
26132	95
26156	95
26167	95
26179	96
26191	96
26214	96
26226	96
26238	96
26261	96
26273	96
26296	96
26308	96
26332	96
26343	96
26367	96
26378	96
26390	96
26402	96
26425	96
26437	96
26449	96
26460	96
26484	96
26496	96
26507	96
26519	96
26531	96
26554	96
26566	96
26578	96
26601	96
26613	96
26625	96
26636	96
26660	96
26671	96
26683	96
26707	96
26718	96
26730	96
26742	96
26765	96
26777	96
26789	96
26812	96
26824	96
26835	96
26847	96
26871	96
26882	96
26894	96
26906	96
26929	96
26941	97
26953	97
26976	97
26988	97
27000	97
27023	97
27035	97
27058	97
27070	97
27093	97
27105	97
27117	97
27140	97
27152	97
27164	97
27187	97
27199	97
27210	97
27234	97
27246	97
27257	97
27281	97
27292	97
27304	97
27328	97
27339	97
27351	97
27375	97
27386	97
27398	97
27421	97
27433	97
27457	97
27468	97
27480	97
27503	97
27515	97
27527	97
27550	97
27562	97
27574	97
27585	97
27609	97
27621	97
27632	97
27644	97
27667	97
27679	97
27691	97
27714	97
27726	98
27750	98
27761	98
27773	98
27796	98
27808	98
27832	98
27843	98
27867	98
27878	98
27890	98
27902	98
27925	98
27937	98
27960	98
27972	98
27984	98
28007	98
28019	98
28031	98
28042	98
28066	98
28078	98
28101	98
28113	98
28125	98
28148	98
28160	98
28183	98
28195	98
28207	98
28230	98
28242	98
28265	98
28277	98
28289	98
28312	98
28324	98
28335	98
28359	98
28371	98
28382	98
28394	98
28417	98
28429	98
28441	98
28464	98
28476	98
28500	98
28511	98
28535	99
28546	99
28570	99
28582	99
28605	99
28617	99
28628	99
28652	99
28664	99
28687	99
28699	99
28722	99
28734	99
28757	99
28769	99
28781	99
28804	99
28816	99
28839	99
28851	99
28863	99
28886	99
28898	99
28921	99
28933	99
28957	99
28968	99
28992	99
29003	99
29015	99
29039	99
29050	99
29062	99
29074	99
29097	99
29109	99
29121	99
29132	99
29156	99
29167	99
29179	99
29203	99
29214	99
29226	99
29250	99
29261	99
29273	99
29296	99
29308	99
29332	99
29343	100
29355	100
29378	100
29390	100
29414	100
29425	100
29437	100
29460	100
29484	100
29496	100
29507	100
29531	100
29542	100
29554	100
29578	100
29589	100
29613	100
29636	100
29648	100
29671	100
29695	100
29707	100
29730	100
29742	100
29753	100
29777	100
29789	100
29812	100
29824	100
29835	100
29859	100
29871	100
29894	100
29906	100
29917	100
29941	100
29953	100
29976	100
29988	100
30000	100
30023	100
30035	100
30046	100
30070	100
30082	100
30105	100
30117	100
30140	100
30152	100
30164	100
30187	101
30199	101
30210	101
30234	101
30246	101
30269	101
30281	101
30292	101
30316	101
30328	101
30351	101
30363	101
30386	101
30410	101
30421	101
30445	101
30468	101
30480	101
30503	101
30515	101
30527	101
30550	101
30562	101
30585	101
30597	101
30621	101
30632	101
30644	101
30667	101
30679	101
30703	101
30714	101
30738	101
30750	101
30761	101
30785	101
30796	101
30820	101
30832	101
30855	101
30867	101
30890	101
30902	101
30914	101
30937	101
30949	101
30972	101
30984	101
31007	101
31019	101
31042	102
31054	102
31066	102
31089	102
31101	102
31125	102
31148	102
31171	102
31195	102
31207	102
31230	102
31242	102
31265	102
31277	102
31289	102
31312	102
31335	102
31347	102
31359	102
31382	102
31394	102
31417	102
31429	102
31453	102
31464	102
31476	102
31500	102
31511	102
31523	102
31546	102
31558	102
31570	102
31593	102
31605	102
31628	102
31640	102
31664	102
31675	102
31699	102
31710	102
31722	102
31746	102
31757	102
31781	102
31792	102
31804	102
31828	102
31839	102
31863	102
31886	102
31910	103
31921	103
31945	103
31968	103
31980	103
32003	103
32015	103
32039	103
32050	103
32074	103
32097	103
32109	103
32132	103
32144	103
32167	103
32179	103
32203	103
32214	103
32238	103
32250	103
32273	103
32285	103
32296	103
32320	103
32332	103
32355	103
32367	103
32390	103
32402	103
32425	103
32437	103
32449	103
32460	103
32484	103
32496	103
32507	103
32531	103
32542	103
32566	103
32578	103
32601	103
32613	103
32636	103
32648	103
32671	103
32695	103
32707	103
32730	103
32742	103
32765	103
32777	104
32800	104
32812	104
32835	104
32859	104
32871	104
32894	104
32906	104
32917	104
32941	104
32953	104
32976	104
33000	104
33011	104
33035	104
33046	104
33070	104
33082	104
33105	104
33117	104
33140	104
33152	104
33175	104
33187	104
33210	104
33222	104
33246	104
33257	104
33269	104
33292	104
33304	104
33328	104
33339	104
33363	104
33386	104
33398	104
33421	104
33445	104
33457	104
33480	104
33492	104
33515	104
33527	104
33550	104
33562	104
33585	104
33597	104
33621	104
33632	104
33656	104
33667	105
33691	105
33703	105
33726	105
33738	105
33761	105
33773	105
33796	105
33808	105
33832	105
33843	105
33867	105
33878	105
33902	105
33914	105
33937	105
33949	105
33960	105
33984	105
33996	105
34007	105
34031	105
34042	105
34066	105
34078	105
34101	105
34113	105
34136	105
34160	105
34171	105
34195	105
34218	105
34230	105
34253	105
34265	105
34289	105
34300	105
34324	105
34347	105
34359	105
34382	105
34406	105
34417	105
34429	105
34453	105
34476	105
34488	105
34511	105
34535	105
34546	105
34570	106
34593	106
34605	106
34628	106
34640	106
34664	106
34675	106
34699	106
34710	106
34734	106
34746	106
34757	106
34781	106
34792	106
34816	106
34828	106
34851	106
34863	106
34886	106
34910	106
34921	106
34945	106
34957	106
34980	106
34992	106
35015	106
35027	106
35050	106
35062	106
35085	106
35097	106
35121	106
35132	106
35156	106
35167	106
35191	106
35203	106
35226	106
35250	106
35261	106
35285	106
35296	106
35320	106
35343	106
35355	106
35378	106
35390	106
35414	106
35425	106
35449	106
35460	107
35472	107
35496	107
35507	107
35531	107
35542	107
35566	107
35578	107
35601	107
35613	107
35636	107
35648	107
35671	107
35683	107
35707	107
35718	107
35742	107
35753	107
35777	107
35789	107
35812	107
35824	107
35847	107
35859	107
35882	107
35894	107
35917	107
35929	107
35953	107
35976	107
35988	107
36011	107
36023	107
36046	107
36070	107
36082	107
36105	107
36128	107
36140	107
36164	107
36175	107
36199	107
36210	107
36222	107
36246	107
36257	107
36281	107
36292	107
36316	107
36328	107
36351	108
36363	108
36386	108
36398	108
36421	108
36433	108
36457	108
36468	108
36492	108
36515	108
36527	108
36550	108
36562	108
36585	108
36597	108
36621	108
36632	108
36656	108
36667	108
36691	108
36703	108
36726	108
36738	108
36761	108
36785	108
36808	108
36820	108
36843	108
36867	108
36878	108
36902	108
36914	108
36937	108
36949	108
36972	108
36984	108
36996	108
37019	108
37031	108
37054	108
37078	108
37089	108
37113	108
37125	108
37136	108
37160	108
37171	108
37195	108
37207	108
37230	108
37253	109
37265	109
37289	109
37300	109
37324	109
37335	109
37359	109
37371	109
37394	109
37406	109
37429	109
37441	109
37464	109
37476	109
37500	109
37523	109
37546	109
37570	109
37582	109
37605	109
37617	109
37640	109
37652	109
37675	109
37699	109
37710	109
37722	109
37746	109
37757	109
37781	109
37792	109
37816	109
37839	109
37851	109
37875	109
37886	109
37910	109
37921	109
37945	109
37957	109
37980	109
37992	109
38015	109
38039	109
38050	109
38074	109
38085	109
38109	109
38121	109
38144	109
38156	110
38179	110
38191	110
38214	110
38238	110
38250	110
38273	110
38296	110
38320	110
38332	110
38355	110
38378	110
38390	110
38414	110
38425	110
38449	110
38460	110
38484	110
38496	110
38519	110
38531	110
38554	110
38566	110
38589	110
38601	110
38625	110
38636	110
38660	110
38671	110
38695	110
38707	110
38730	110
38753	110
38765	110
38789	110
38800	110
38824	110
38835	110
38859	110
38871	110
38894	110
38906	110
38929	110
38941	110
38964	110
38988	110
39000	110
39023	110
39046	110
39070	110
39082	111
39105	111
39117	111
39140	111
39164	111
39175	111
39199	111
39210	111
39234	111
39257	111
39269	111
39292	111
39304	111
39328	111
39351	111
39363	111
39386	111
39398	111
39421	111
39445	111
39457	111
39480	111
39503	111
39515	111
39539	111
39550	111
39574	111
39585	111
39609	111
39621	111
39644	111
39656	111
39679	111
39703	111
39714	111
39738	111
39761	111
39773	111
39796	111
39820	111
39832	111
39855	111
39878	111
39890	111
39914	111
39925	111
39949	111
39972	111
39984	111
40007	111
40019	112
40042	112
40066	112
40078	112
40101	112
40125	112
40136	112
40160	112
40183	112
40195	112
40218	112
40242	112
40253	112
40277	112
40289	112
40312	112
40335	112
40347	112
40371	112
40382	112
40406	112
40417	112
40441	112
40464	112
40476	112
40500	112
40523	112
40546	112
40570	112
40582	112
40605	112
40628	112
40640	112
40664	112
40687	112
40710	112
40734	112
40746	112
40769	112
40792	112
40804	112
40828	112
40851	112
40863	112
40886	112
40910	112
40933	112
40945	112
40968	112
40992	112
41003	113
41027	113
41050	113
41062	113
41085	113
41097	113
41109	113
41132	113
41144	113
41167	113
41191	113
41203	113
41226	113
41238	113
41261	113
41285	113
41296	113
41320	113
41343	113
41355	113
41378	113
41402	113
41414	113
41437	113
41460	113
41484	113
41496	113
41519	113
41542	113
41554	113
41578	113
41601	113
41613	113
41648	113
41671	113
41695	113
41707	113
41730	113
41753	113
41765	113
41789	113
41812	113
41824	113
41847	113
41871	113
41882	113
41906	113
41929	113
41941	113
41964	113
41988	114
42000	114
42023	114
42046	114
42058	114
42082	114
42105	114
42117	114
42140	114
42164	114
42175	114
42199	114
42222	114
42234	114
42257	114
42281	114
42292	114
42316	114
42339	114
42351	114
42375	114
42398	114
42421	114
42445	114
42468	114
42492	114
42515	114
42527	114
42550	114
42574	114
42585	114
42609	114
42632	114
42644	114
42667	114
42691	114
42714	114
42726	114
42750	114
42773	114
42785	114
42808	114
42832	114
42843	114
42867	114
42890	114
42902	114
42925	114
42949	114
42972	114
42984	115
43007	115
43031	115
43042	115
43066	115
43089	115
43113	115
43136	115
43160	115
43183	115
43207	115
43230	115
43253	115
43265	115
43289	115
43312	115
43335	115
43347	115
43371	115
43394	115
43406	115
43429	115
43453	115
43476	115
43488	115
43511	115
43523	115
43546	115
43570	115
43582	115
43605	115
43628	115
43652	115
43664	115
43687	115
43699	115
43722	115
43746	115
43757	115
43781	115
43804	115
43816	115
43839	115
43863	115
43886	115
43921	115
43945	115
43968	115
43992	115
44003	115
44027	116
44039	116
44062	116
44085	116
44109	116
44132	116
44156	116
44179	116
44191	116
44214	116
44238	116
44261	116
44273	116
44296	116
44320	116
44332	116
44355	116
44378	116
44402	116
44414	116
44437	116
44449	116
44472	116
44484	116
44507	116
44519	116
44542	116
44566	116
44589	116
44601	116
44625	116
44648	116
44671	116
44695	116
44718	116
44742	116
44753	116
44777	116
44800	116
44824	116
44835	116
44859	116
44882	116
44906	116
44929	116
44941	116
44964	116
44988	116
45011	116
45035	116
45046	117
45070	117
45093	117
45117	117
45140	117
45152	117
45175	117
45199	117
45222	117
45234	117
45257	117
45281	117
45292	117
45316	117
45339	117
45363	117
45386	117
45410	117
45433	117
45457	117
45468	117
45492	117
45515	117
45539	117
45550	117
45574	117
45597	117
45621	117
45632	117
45656	117
45679	117
45703	117
45714	117
45738	117
45761	117
45785	117
45796	117
45820	117
45843	117
45867	117
45878	117
45902	117
45925	117
45949	117
45960	117
45972	117
45996	117
46019	117
46031	117
46054	117
46078	118
46101	118
46113	118
46136	118
46160	118
46183	118
46207	118
46230	118
46253	118
46265	118
46289	118
46312	118
46335	118
46359	118
46382	118
46406	118
46429	118
46453	118
46464	118
46488	118
46511	118
46546	118
46570	118
46582	118
46605	118
46628	118
46652	118
46675	118
46687	118
46710	118
46734	118
46757	118
46769	118
46792	118
46816	118
46839	118
46851	118
46875	118
46898	118
46921	118
46945	118
46968	118
46992	118
47003	118
47027	118
47050	118
47074	118
47085	118
47109	118
47132	118
47156	119
47167	119
47191	119
47214	119
47238	119
47261	119
47285	119
47296	119
47320	119
47343	119
47367	119
47390	119
47402	119
47425	119
47449	119
47460	119
47484	119
47507	119
47519	119
47542	119
47566	119
47578	119
47601	119
47625	119
47648	119
47660	119
47683	119
47707	119
47730	119
47753	119
47765	119
47789	119
47812	119
47835	119
47847	119
47871	119
47894	119
47917	119
47929	119
47953	119
47976	119
48000	119
48023	119
48046	119
48070	119
48093	119
48117	119
48140	119
48152	119
48175	119
48199	120
48222	120
48234	120
48257	120
48281	120
48292	120
48316	120
48339	120
48363	120
48386	120
48398	120
48421	120
48445	120
48468	120
48480	120
48503	120
48527	120
48550	120
48562	120
48585	120
48609	120
48632	120
48644	120
48667	120
48691	120
48714	120
48738	120
48761	120
48785	120
48808	120
48832	120
48855	120
48867	120
48890	120
48914	120
48937	120
48949	120
48972	120
48996	120
49007	120
49031	120
49054	120
49078	120
49089	120
49113	120
49136	120
49160	120
49171	120
49195	120
49218	120
49242	121
49253	121
49277	121
49300	121
49324	121
49335	121
49359	121
49382	121
49406	121
49429	121
49441	121
49464	121
49488	121
49511	121
49535	121
49570	121
49593	121
49605	121
49628	121
49652	121
49675	121
49699	121
49710	121
49734	121
49757	121
49769	121
49792	121
49816	121
49839	121
49863	121
49875	121
49898	121
49921	121
49945	121
49968	121
49980	121
50003	121
50027	121
50050	121
50074	121
50085	121
50109	121
50132	121
50156	121
50179	121
50191	121
50214	121
50238	121
50261	121
50285	121
50308	122
50332	122
50355	122
50378	122
50402	122
50425	122
50437	122
50460	122
50484	122
50496	122
50519	122
50542	122
50566	122
50578	122
50601	122
50625	122
50648	122
50660	122
50683	122
50707	122
50730	122
50753	122
50765	122
50789	122
50812	122
50835	122
50847	122
50871	122
50894	122
50917	122
50929	122
50953	122
50976	122
51000	122
51023	122
51046	122
51070	122
51093	122
51117	122
51140	122
51164	122
51175	122
51199	122
51222	122
51246	122
51269	122
51292	122
51304	122
51328	122
51351	122
51375	123
51398	123
51421	123
51445	123
51468	123
51480	123
51503	123
51527	123
51550	123
51574	123
51585	123
51609	123
51632	123
51656	123
51667	123
51691	123
51714	123
51738	123
51761	123
51785	123
51808	123
51832	123
51855	123
51867	123
51890	123
51914	123
51937	123
51960	123
51972	123
51996	123
52019	123
52042	123
52066	123
52078	123
52101	123
52125	123
52148	123
52171	123
52195	123
52218	123
52242	123
52265	123
52277	123
52300	123
52324	123
52347	123
52371	123
52382	123
52406	123
52429	123
52453	124
52476	124
52500	124
52523	124
52546	124
52570	124
52593	124
52617	124
52640	124
52652	124
52675	124
52699	124
52734	124
52757	124
52781	124
52792	124
52816	124
52839	124
52863	124
52886	124
52910	124
52933	124
52957	124
52980	124
53003	124
53027	124
53050	124
53062	124
53085	124
53097	124
53121	124
53144	124
53167	124
53179	124
53203	124
53226	124
53250	124
53273	124
53296	124
53320	124
53332	124
53355	124
53378	124
53402	124
53425	124
53449	124
53472	124
53496	124
53519	124
53542	124
53554	125
53578	125
53601	125
53636	125
53660	125
53683	125
53707	125
53730	125
53753	125
53777	125
53800	125
53824	125
53835	125
53859	125
53882	125
53906	125
53929	125
53953	125
53976	125
53988	125
54011	125
54035	125
54058	125
54082	125
54105	125
54128	125
54152	125
54175	125
54187	125
54210	125
54234	125
54257	125
54281	125
54304	125
54328	125
54351	125
54375	125
54398	125
54421	125
54457	125
54480	125
54492	125
54515	125
54539	125
54562	125
54585	125
54609	125
54632	125
54656	125
54679	125
54703	126
54726	126
54750	126
54761	126
54785	126
54808	126
54832	126
54855	126
54878	126
54902	126
54925	126
54949	126
54972	126
54996	126
55019	126
55042	126
55054	126
55078	126
55101	126
55136	126
55160	126
55195	126
55218	126
55242	126
55265	126
55277	126
55300	126
55324	126
55347	126
55371	126
55394	126
55417	126
55441	126
55464	126
55488	126
55500	126
55523	126
55546	126
55570	126
55593	126
55617	126
55640	126
55664	126
55675	126
55699	126
55722	126
55746	126
55769	126
55792	126
55804	126
55828	127
55851	127
55886	127
55910	127
55945	127
55968	127
55992	127
56015	127
56039	127
56062	127
56085	127
56109	127
56132	127
56156	127
56179	127
56203	127
56226	127
56250	127
56273	127
56296	127
56320	127
56343	127
56367	127
56390	127
56414	127
56437	127
56449	127
56472	127
56496	127
56507	127
56531	127
56554	127
56578	127
56601	127
56625	127
56648	127
56671	127
56707	127
56730	127
56753	127
56777	127
56789	127
56824	127
56847	127
56871	127
56894	127
56917	127
56929	127
56953	127
56976	127
57000	128
57035	128
57058	128
57082	128
57105	128
57128	128
57152	128
57164	128
57187	128
57210	128
57234	128
57257	128
57281	128
57304	128
57328	128
57351	128
57375	128
57398	128
57421	128
57445	128
57480	128
57503	128
57515	128
57550	128
57562	128
57585	128
57609	128
57632	128
57656	128
57679	128
57703	128
57726	128
57750	128
57773	128
57796	128
57820	128
57843	128
57867	128
57890	128
57914	128
57937	128
57960	128
57972	128
57996	128
58019	128
58042	128
58066	128
58089	128
58113	128
58136	128
58160	129
58183	129
58207	129
58230	129
58253	129
58277	129
58300	129
58335	129
58359	129
58382	129
58406	129
58429	129
58453	129
58476	129
58500	129
58535	129
58558	129
58582	129
58605	129
58628	129
58652	129
58675	129
58699	129
58722	129
58746	129
58769	129
58792	129
58816	129
58839	129
58863	129
58886	129
58910	129
58933	129
58957	129
58980	129
59003	129
59027	129
59050	129
59074	129
59097	129
59121	129
59144	129
59167	129
59191	129
59214	129
59238	129
59261	129
59285	129
59320	129
59343	129
59367	130
59390	130
59414	130
59437	130
59460	130
59472	130
59496	130
59519	130
59542	130
59566	130
59589	130
59613	130
59636	130
59660	130
59683	130
59707	130
59730	130
59753	130
59777	130
59800	130
59824	130
59847	130
59871	130
59894	130
59917	130
59941	130
59964	130
60000	130
60023	130
60046	130
60070	130
60093	130
60117	130
60140	130
60164	130
60187	130
60210	130
60234	130
60257	130
60281	130
60304	130
60328	130
60351	130
60375	130
60398	130
60421	130
60445	130
60468	130
60492	130
60515	130
60539	131
60562	131
60585	131
60609	131
60632	131
60656	131
60679	131
60703	131
60726	131
60761	131
60785	131
60808	131
60832	131
60867	131
60890	131
60914	131
60937	131
60960	131
60984	131
61007	131
61031	131
61042	131
61078	131
61101	131
61125	131
61148	131
61171	131
61195	131
61218	131
61242	131
61265	131
61289	131
61312	131
61335	131
61359	131
61382	131
61406	131
61429	131
61453	131
61476	131
61511	131
61535	131
61558	131
61593	131
61617	131
61640	131
61664	131
61687	131
61710	131
61734	131
61757	132
61781	132
61804	132
61828	132
61851	132
61875	132
61898	132
61921	132
61945	132
61968	132
62003	132
62027	132
62050	132
62074	132
62097	132
62121	132
62144	132
62167	132
62191	132
62214	132
62238	132
62273	132
62296	132
62332	132
62355	132
62378	132
62402	132
62425	132
62449	132
62472	132
62496	132
62519	132
62542	132
62566	132
62589	132
62613	132
62636	132
62660	132
62683	132
62707	132
62742	132
62765	132
62789	132
62812	132
62835	132
62859	132
62882	132
62906	132
62929	132
62953	132
62976	133
63011	133
63035	133
63058	133
63093	133
63117	133
63140	133
63164	133
63187	133
63210	133
63246	133
63269	133
63292	133
63316	133
63339	133
63363	133
63386	133
63421	133
63445	133
63468	133
63492	133
63515	133
63539	133
63562	133
63585	133
63609	133
63644	133
63667	133
63691	133
63714	133
63738	133
63761	133
63796	133
63820	133
63843	133
63867	133
63902	133
63925	133
63949	133
63972	133
63996	133
64019	133
64042	133
64066	133
64101	133
64125	133
64148	133
64171	133
64207	133
64230	133
64253	134
64277	134
64300	134
64324	134
64347	134
64382	134
64406	134
64429	134
64453	134
64476	134
64500	134
64535	134
64558	134
64593	134
64617	134
64640	134
64664	134
64687	134
64722	134
64746	134
64781	134
64804	134
64828	134
64851	134
64875	134
64910	134
64933	134
64957	134
64992	134
65015	134
65039	134
65062	134
65085	134
65109	134
65132	134
65156	134
65179	134
65203	134
65226	134
65250	134
65273	134
65308	134
65332	134
65355	134
65378	134
65402	134
65437	134
65460	134
65484	134
65519	134
65542	135
65566	135
65589	135
65613	135
65648	135
65683	135
65707	135
65730	135
65753	135
65789	135
65812	135
65835	135
65859	135
65882	135
65906	135
65941	135
65964	135
65988	135
66011	135
66035	135
66058	135
66082	135
66117	135
66140	135
66164	135
66187	135
66210	135
66246	135
66269	135
66292	135
66316	135
66339	135
66375	135
66398	135
66433	135
66457	135
66492	135
66515	135
66539	135
66562	135
66585	135
66621	135
66644	135
66667	135
66691	135
66714	135
66750	135
66773	135
66796	135
66820	135
66843	136
66878	136
66902	136
66925	136
66949	136
66984	136
67007	136
67031	136
67054	136
67078	136
67113	136
67148	136
67171	136
67207	136
67230	136
67253	136
67277	136
67312	136
67335	136
67359	136
67382	136
67406	136
67441	136
67464	136
67488	136
67511	136
67535	136
67558	136
67582	136
67605	136
67640	136
67664	136
67687	136
67710	136
67734	136
67757	136
67781	136
67804	136
67828	136
67863	136
67898	136
67921	136
67957	136
67980	136
68015	136
68039	136
68062	136
68097	136
68121	136
68144	136
68167	137
68203	137
68226	137
68250	137
68273	137
68296	137
68332	137
68355	137
68378	137
68402	137
68425	137
68449	137
68472	137
68496	137
68519	137
68542	137
68566	137
68601	137
68625	137
68648	137
68683	137
68707	137
68730	137
68753	137
68789	137
68812	137
68835	137
68871	137
68894	137
68917	137
68941	137
68964	137
69000	137
69023	137
69046	137
69070	137
69105	137
69128	137
69152	137
69175	137
69199	137
69222	137
69257	137
69281	137
69304	137
69328	137
69351	137
69386	137
69410	137
69433	137
69468	138
69492	138
69515	138
69539	138
69562	138
69597	138
69621	138
69644	138
69667	138
69691	138
69714	138
69750	138
69773	138
69796	138
69820	138
69843	138
69878	138
69902	138
69925	138
69949	138
69972	138
69984	138
70007	138
70042	138
70066	138
70089	138
70113	138
70148	138
70171	138
70195	138
70230	138
70253	138
70277	138
70300	138
70335	138
70371	138
70394	138
70417	138
70441	138
70476	138
70500	138
70523	138
70558	138
70582	138
70617	138
70640	138
70664	138
70687	138
70710	138
70734	138
70769	139
70792	139
70816	139
70839	139
70863	139
70898	139
70921	139
70945	139
70980	139
71003	139
71027	139
71050	139
71074	139
71109	139
71132	139
71156	139
71179	139
71203	139
71238	139
71261	139
71285	139
71320	139
71343	139
71367	139
71390	139
71425	139
71449	139
71472	139
71496	139
71519	139
71542	139
71566	139
71589	139
71625	139
71648	139
71671	139
71695	139
71718	139
71753	139
71777	139
71800	139
71824	139
71859	139
71882	139
71906	139
71929	139
71953	139
71988	139
72011	139
72046	139
72070	140
72093	140
72128	140
72152	140
72175	140
72199	140
72222	140
72246	140
72281	140
72304	140
72328	140
72351	140
72375	140
72410	140
72433	140
72457	140
72480	140
72515	140
72539	140
72562	140
72585	140
72609	140
72632	140
72667	140
72691	140
72714	140
72738	140
72773	140
72808	140
72832	140
72855	140
72890	140
72914	140
72937	140
72960	140
72984	140
73007	140
73031	140
73066	140
73089	140
73113	140
73136	140
73160	140
73183	140
73218	140
73242	140
73265	140
73289	140
73312	140
73347	140
73371	141
73394	141
73417	141
73441	141
73476	141
73500	141
73535	141
73558	141
73593	141
73617	141
73640	141
73664	141
73699	141
73722	141
73746	141
73769	141
73792	141
73828	141
73851	141
73875	141
73898	141
73921	141
73957	141
73980	141
74003	141
74027	141
74062	141
74085	141
74109	141
74132	141
74167	141
74191	141
74214	141
74250	141
74273	141
74308	141
74332	141
74367	141
74390	141
74414	141
74437	141
74472	141
74496	141
74519	141
74542	141
74566	141
74601	141
74625	141
74648	141
74671	141
74695	142
74730	142
74753	142
74777	142
74800	142
74824	142
74859	142
74882	142
74906	142
74929	142
74953	142
74988	142
75011	142
75046	142
75070	142
75105	142
75128	142
75152	142
75175	142
75210	142
75234	142
75257	142
75281	142
75316	142
75339	142
75363	142
75398	142
75421	142
75445	142
75480	142
75503	142
75527	142
75550	142
75574	142
75609	142
75632	142
75656	142
75679	142
75703	142
75738	142
75761	142
75796	142
75820	142
75843	142
75878	142
75902	142
75925	142
75960	142
75984	142
76007	142
76031	143
76066	143
76089	143
76113	143
76148	143
76171	143
76207	143
76230	143
76253	143
76289	143
76312	143
76335	143
76359	143
76394	143
76417	143
76441	143
76476	143
76500	143
76523	143
76558	143
76593	143
76617	143
76640	143
76675	143
76699	143
76734	143
76757	143
76792	143
76816	143
76839	143
76875	143
76898	143
76933	143
76957	143
76992	143
77015	143
77039	143
77062	143
77085	143
77109	143
77132	143
77156	143
77191	143
77214	143
77238	143
77273	143
77296	143
77320	143
77355	143
77378	143
77402	144
77437	144
77460	144
77484	144
77519	144
77542	144
77566	144
77601	144
77625	144
77660	144
77695	144
77718	144
77753	144
77777	144
77800	144
77835	144
77859	144
77882	144
77906	144
77941	144
77964	144
77988	144
78023	144
78046	144
78070	144
78105	144
78128	144
78152	144
78187	144
78210	144
78234	144
78269	144
78292	144
78316	144
78351	144
78375	144
78410	144
78445	144
78468	144
78503	144
78527	144
78550	144
78585	144
78609	144
78644	144
78667	144
78691	144
78726	144
78750	144
78773	144
78808	145
78832	145
78867	145
78890	145
78914	145
78949	145
78972	145
79007	145
79031	145
79054	145
79078	145
79113	145
79148	145
79183	145
79218	145
79242	145
79265	145
79300	145
79324	145
79359	145
79382	145
79406	145
79429	145
79464	145
79488	145
79511	145
79535	145
79570	145
79593	145
79617	145
79652	145
79675	145
79699	145
79722	145
79757	145
79781	145
79804	145
79828	145
79863	145
79898	145
79933	145
79968	145
79992	145
80015	145
80050	145
80085	145
80109	145
80144	145
80167	145
80203	145
80226	146
80250	146
80285	146
80308	146
80332	146
80367	146
80390	146
80425	146
80449	146
80472	146
80496	146
80519	146
80542	146
80578	146
80601	146
80636	146
80660	146
80695	146
80718	146
80753	146
80777	146
80812	146
80835	146
80871	146
80894	146
80929	146
80953	146
80976	146
81011	146
81035	146
81070	146
81093	146
81128	146
81152	146
81175	146
81210	146
81234	146
81257	146
81281	146
81316	146
81339	146
81375	146
81398	146
81433	146
81468	146
81492	146
81515	146
81550	146
81574	146
81597	146
81632	147
81656	147
81679	147
81714	147
81738	147
81761	147
81796	147
81820	147
81855	147
81878	147
81902	147
81937	147
81960	147
81984	147
82007	147
82031	147
82054	147
82089	147
82113	147
82148	147
82183	147
82207	147
82242	147
82265	147
82289	147
82324	147
82359	147
82394	147
82417	147
82441	147
82476	147
82511	147
82535	147
82570	147
82605	147
82628	147
82664	147
82687	147
82710	147
82746	147
82769	147
82792	147
82828	147
82851	147
82886	147
82910	147
82945	147
82968	147
83003	147
83027	147
83062	148
83085	148
83109	148
83144	148
83167	148
83203	148
83226	148
83261	148
83285	148
83320	148
83343	148
83378	148
83402	148
83425	148
83460	148
83484	148
83507	148
83531	148
83566	148
83589	148
83625	148
83648	148
83671	148
83707	148
83730	148
83765	148
83789	148
83812	148
83847	148
83871	148
83906	148
83929	148
83964	148
83988	148
84023	148
84058	148
84082	148
84117	148
84140	148
84175	148
84199	148
84222	148
84257	148
84281	148
84304	148
84339	148
84363	148
84398	148
84421	148
84457	148
84480	149
84515	149
84539	149
84562	149
84597	149
84621	149
84656	149
84679	149
84714	149
84738	149
84773	149
84808	149
84843	149
84867	149
84902	149
84925	149
84949	149
84984	149
85007	149
85031	149
85066	149
85089	149
85125	149
85148	149
85183	149
85207	149
85230	149
85265	149
85289	149
85324	149
85347	149
85382	149
85406	149
85429	149
85464	149
85500	149
85523	149
85558	149
85593	149
85617	149
85652	149
85675	149
85710	149
85734	149
85757	149
85792	149
85816	149
85851	149
85875	149
85910	149
85933	150
85968	150
85992	150
86027	150
86050	150
86085	150
86109	150
86144	150
86167	150
86203	150
86226	150
86261	150
86296	150
86332	150
86355	150
86390	150
86414	150
86449	150
86472	150
86507	150
86531	150
86554	150
86589	150
86613	150
86648	150
86671	150
86707	150
86730	150
86765	150
86789	150
86824	150
86847	150
86882	150
86906	150
86941	150
86964	150
87000	150
87035	150
87058	150
87093	150
87128	150
87152	150
87187	150
87210	150
87246	150
87269	150
87304	150
87328	150
87363	150
87386	150
87421	151
87457	151
87480	151
87515	151
87539	151
87574	151
87597	151
87632	151
87656	151
87691	151
87714	151
87750	151
87773	151
87808	151
87843	151
87867	151
87902	151
87925	151
87960	151
87996	151
88019	151
88054	151
88078	151
88113	151
88136	151
88171	151
88207	151
88230	151
88265	151
88289	151
88324	151
88347	151
88382	151
88406	151
88441	151
88464	151
88500	151
88535	151
88570	151
88605	151
88628	151
88664	151
88687	151
88734	151
88757	151
88792	151
88816	151
88851	151
88886	151
88921	151
88945	152
88980	152
89003	152
89039	152
89062	152
89097	152
89121	152
89144	152
89179	152
89203	152
89238	152
89261	152
89296	152
89320	152
89355	152
89390	152
89414	152
89449	152
89472	152
89507	152
89542	152
89566	152
89601	152
89636	152
89671	152
89707	152
89742	152
89765	152
89800	152
89824	152
89859	152
89882	152
89917	152
89941	152
89976	152
90000	152
90035	152
90058	152
90093	152
90128	152
90152	152
90187	152
90210	152
90246	152
90269	152
90304	152
90328	152
90363	152
90398	152
90433	152
90468	153
90503	153
90527	153
90562	153
90597	153
90621	153
90656	153
90679	153
90714	153
90750	153
90773	153
90808	153
90832	153
90867	153
90902	153
90925	153
90960	153
90996	153
91019	153
91054	153
91078	153
91113	153
91160	153
91195	153
91230	153
91253	153
91289	153
91312	153
91347	153
91382	153
91406	153
91441	153
91464	153
91500	153
91523	153
91558	153
91582	153
91617	153
91640	153
91675	153
91699	153
91722	153
91757	153
91792	153
91816	153
91851	153
91886	153
91921	153
91957	153
91992	153
92015	154
92050	154
92085	154
92121	154
92156	154
92179	154
92214	154
92238	154
92273	154
92308	154
92332	154
92367	154
92390	154
92425	154
92449	154
92472	154
92507	154
92531	154
92566	154
92589	154
92625	154
92660	154
92695	154
92730	154
92753	154
92789	154
92824	154
92859	154
92882	154
92917	154
92941	154
92976	154
93011	154
93046	154
93070	154
93105	154
93140	154
93164	154
93199	154
93222	154
93257	154
93281	154
93316	154
93351	154
93375	154
93410	154
93445	154
93480	154
93503	154
93539	154
93574	155
93597	155
93632	155
93656	155
93691	155
93726	155
93750	155
93785	155
93808	155
93843	155
93878	155
93902	155
93937	155
93960	155
93984	155
94019	155
94042	155
94078	155
94101	155
94136	155
94171	155
94207	155
94242	155
94265	155
94300	155
94335	155
94371	155
94406	155
94429	155
94464	155
94500	155
94535	155
94570	155
94605	155
94628	155
94664	155
94687	155
94722	155
94757	155
94781	155
94816	155
94839	155
94875	155
94910	155
94945	155
94968	155
95003	155
95039	155
95062	155
95097	155
95132	156
95156	156
95191	156
95226	156
95250	156
95285	156
95320	156
95355	156
95390	156
95414	156
95449	156
95472	156
95496	156
95531	156
95566	156
95589	156
95625	156
95660	156
95683	156
95718	156
95753	156
95777	156
95812	156
95835	156
95871	156
95906	156
95929	156
95964	156
96000	156
96035	156
96070	156
96093	156
96128	156
96164	156
96187	156
96222	156
96246	156
96281	156
96304	156
96339	156
96375	156
96398	156
96433	156
96457	156
96492	156
96527	156
96550	156
96585	156
96621	156
96644	156
96679	157
96703	157
96738	157
96773	157
96808	157
96843	157
96878	157
96914	157
96937	157
96972	157
96996	157
97031	157
97054	157
97089	157
97125	157
97148	157
97183	157
97207	157
97242	157
97277	157
97312	157
97335	157
97371	157
97394	157
97429	157
97464	157
97500	157
97535	157
97570	157
97605	157
97628	157
97664	157
97699	157
97722	157
97757	157
97781	157
97816	157
97851	157
97875	157
97910	157
97945	157
97968	157
98003	157
98039	157
98062	157
98097	157
98132	157
98156	157
98191	157
98226	157
98261	158
98296	158
98332	158
98355	158
98390	158
98425	158
98449	158
98484	158
98507	158
98542	158
98578	158
98601	158
98636	158
98660	158
98695	158
98730	158
98753	158
98789	158
98812	158
98847	158
98882	158
98906	158
98941	158
98976	158
99000	158
99035	158
99070	158
99105	158
99140	158
99175	158
99199	158
99234	158
99269	158
99292	158
99328	158
99363	158
99398	158
99421	158
99457	158
99492	158
99527	158
99550	158
99585	158
99609	158
99644	158
99679	158
99703	158
99738	158
99773	158
99808	158
99843	159
99867	159
99902	159
99937	159
99972	159
99996	159
100031	159
100066	159
100089	159
100125	159
100160	159
100195	159
100218	159
100253	159
100289	159
100312	159
100347	159
100382	159
100406	159
100441	159
100476	159
100500	159
100546	159
100570	159
100605	159
100640	159
100675	159
100710	159
100746	159
100781	159
100804	159
100839	159
100875	159
100910	159
100945	159
100968	159
101003	159
101039	159
101062	159
101097	159
101121	159
101144	159
101179	159
101214	159
101250	159
101273	159
101308	159
101343	159
101367	159
101402	159
101437	160
101472	160
101507	160
101531	160
101566	160
101601	160
101636	160
101683	160
101718	160
101742	160
101777	160
101812	160
101847	160
101871	160
101906	160
101941	160
101964	160
102000	160
102035	160
102058	160
102093	160
102128	160
102164	160
102187	160
102222	160
102257	160
102281	160
102316	160
102351	160
102386	160
102421	160
102457	160
102492	160
102527	160
102562	160
102585	160
102621	160
102656	160
102691	160
102714	160
102750	160
102785	160
102808	160
102843	160
102878	160
102914	160
102937	160
102972	160
103007	160
103042	160
103066	161
103101	161
103136	161
103183	161
103218	161
103253	161
103277	161
103312	161
103347	161
103371	161
103406	161
103441	161
103464	161
103500	161
103535	161
103558	161
103593	161
103617	161
103652	161
103687	161
103710	161
103746	161
103781	161
103804	161
103839	161
103875	161
103921	161
103957	161
103992	161
104015	161
104050	161
104085	161
104121	161
104156	161
104191	161
104226	161
104250	161
104285	161
104320	161
104343	161
104378	161
104414	161
104437	161
104472	161
104496	161
104531	161
104554	161
104589	161
104625	161
104660	161
104695	162
104730	162
104765	162
104789	162
104824	162
104859	162
104894	162
104917	162
104953	162
104988	162
105023	162
105058	162
105082	162
105117	162
105152	162
105187	162
105210	162
105246	162
105269	162
105304	162
105339	162
105375	162
105410	162
105445	162
105480	162
105503	162
105539	162
105574	162
105597	162
105632	162
105667	162
105691	162
105726	162
105761	162
105796	162
105820	162
105855	162
105890	162
105925	162
105949	162
105972	162
106007	162
106031	162
106066	162
106101	162
106125	162
106160	162
106195	162
106230	162
106265	162
106300	163
106335	163
106371	163
106406	163
106429	163
106464	163
106500	163
106535	163
106570	163
106605	163
106640	163
106675	163
106699	163
106734	163
106757	163
106792	163
106828	163
106863	163
106886	163
106921	163
106957	163
106992	163
107027	163
107050	163
107085	163
107121	163
107156	163
107179	163
107214	163
107250	163
107285	163
107320	163
107343	163
107378	163
107414	163
107449	163
107472	163
107496	163
107531	163
107566	163
107601	163
107625	163
107660	163
107695	163
107718	163
107753	163
107789	163
107824	163
107847	163
107882	163
107917	164
107941	164
107976	164
108011	164
108046	164
108082	164
108117	164
108152	164
108175	164
108210	164
108246	164
108269	164
108304	164
108339	164
108363	164
108398	164
108433	164
108457	164
108492	164
108527	164
108562	164
108585	164
108621	164
108656	164
108679	164
108714	164
108750	164
108785	164
108820	164
108855	164
108890	164
108925	164
108949	164
108984	164
109007	164
109042	164
109078	164
109113	164
109136	164
109171	164
109195	164
109230	164
109265	164
109300	164
109324	164
109359	164
109394	164
109417	164
109453	164
109488	164
109523	165
109570	165
109593	165
109628	165
109664	165
109699	165
109722	165
109757	165
109781	165
109816	165
109851	165
109886	165
109910	165
109945	165
109980	165
110015	165
110039	165
110074	165
110109	165
110144	165
110167	165
110203	165
110238	165
110273	165
110308	165
110343	165
110378	165
110414	165
110437	165
110472	165
110507	165
110531	165
110566	165
110601	165
110625	165
110660	165
110695	165
110718	165
110753	165
110789	165
110824	165
110847	165
110882	165
110906	165
110941	165
110976	165
111011	165
111046	165
111082	165
111117	165
111152	166
111175	166
111210	166
111246	166
111281	166
111304	166
111339	166
111375	166
111410	166
111445	166
111468	166
111503	166
111539	166
111574	166
111597	166
111632	166
111656	166
111691	166
111726	166
111761	166
111796	166
111832	166
111867	166
111890	166
111925	166
111960	166
111996	166
112019	166
112054	166
112089	166
112125	166
112160	166
112183	166
112218	166
112253	166
112289	166
112312	166
112347	166
112382	166
112406	166
112441	166
112476	166
112511	166
112546	166
112582	166
112617	166
112652	166
112675	166
112722	166
112757	166
112781	167
112816	167
112851	167
112886	167
112921	167
112957	167
112980	167
113015	167
113050	167
113074	167
113109	167
113132	167
113167	167
113191	167
113226	167
113261	167
113285	167
113320	167
113355	167
113390	167
113414	167
113449	167
113484	167
113519	167
113554	167
113578	167
113613	167
113660	167
113695	167
113730	167
113753	167
113789	167
113824	167
113859	167
113882	167
113917	167
113953	167
113976	167
114011	167
114046	167
114070	167
114105	167
114140	167
114164	167
114199	167
114234	167
114269	167
114292	167
114328	167
114363	167
114398	168
114433	168
114468	168
114503	168
114539	168
114562	168
114597	168
114632	168
114667	168
114691	168
114726	168
114761	168
114785	168
114820	168
114855	168
114890	168
114914	168
114949	168
114984	168
115019	168
115042	168
115078	168
115113	168
115148	168
115195	168
115230	168
115253	168
115289	168
115324	168
115347	168
115382	168
115417	168
115441	168
115476	168
115500	168
115535	168
115570	168
115593	168
115628	168
115664	168
115687	168
115722	168
115746	168
115781	168
115804	168
115839	168
115875	168
115921	168
115957	168
115992	168
116015	169
116050	169
116085	169
116121	169
116156	169
116179	169
116214	169
116250	169
116273	169
116308	169
116343	169
116367	169
116402	169
116437	169
116460	169
116484	169
116519	169
116542	169
116578	169
116613	169
116648	169
116683	169
116718	169
116742	169
116777	169
116812	169
116835	169
116871	169
116906	169
116941	169
116964	169
117000	169
117035	169
117070	169
117093	169
117128	169
117164	169
117187	169
117222	169
117257	169
117281	169
117316	169
117351	169
117375	169
117410	169
117445	169
117480	169
117515	169
117539	169
117574	169
117609	170
117632	170
117667	170
117691	170
117726	170
117761	170
117785	170
117820	170
117855	170
117878	170
117914	170
117937	170
117972	170
117996	170
118019	170
118054	170
118089	170
118113	170
118148	170
118183	170
118218	170
118253	170
118277	170
118312	170
118347	170
118382	170
118417	170
118441	170
118476	170
118511	170
118546	170
118582	170
118617	170
118640	170
118675	170
118710	170
118734	170
118769	170
118792	170
118828	170
118863	170
118886	170
118921	170
118957	170
118992	170
119015	170
119050	170
119085	170
119109	170
119144	170
119167	171
119203	171
119238	171
119273	171
119296	171
119332	171
119367	171
119402	171
119425	171
119460	171
119484	171
119507	171
119542	171
119578	171
119601	171
119636	171
119660	171
119695	171
119730	171
119753	171
119789	171
119824	171
119847	171
119882	171
119906	171
119941	171
119976	171
120000	171
120035	171
120070	171
120105	171
120140	171
120164	171
120199	171
120222	171
120257	171
120281	171
120316	171
120351	171
120375	171
120410	171
120433	171
120468	171
120492	171
120527	171
120562	171
120585	171
120621	171
120644	171
120679	171
120714	172
120738	172
120773	172
120808	172
120843	172
120878	172
120914	172
120937	172
120972	172
120996	172
121019	172
121054	172
121089	172
121113	172
121148	172
121171	172
121207	172
121242	172
121265	172
121300	172
121324	172
121359	172
121394	172
121417	172
121453	172
121488	172
121523	172
121558	172
121593	172
121617	172
121652	172
121675	172
121710	172
121734	172
121769	172
121804	172
121828	172
121863	172
121886	172
121921	172
121957	172
121980	172
122015	172
122050	172
122074	172
122109	172
122132	172
122167	172
122203	172
122226	172
122261	173
122296	173
122332	173
122367	173
122390	173
122425	173
122460	173
122484	173
122507	173
122542	173
122578	173
122601	173
122636	173
122660	173
122695	173
122718	173
122753	173
122789	173
122812	173
122847	173
122871	173
122906	173
122929	173
122964	173
123000	173
123035	173
123058	173
123093	173
123128	173
123152	173
123187	173
123222	173
123246	173
123281	173
123304	173
123339	173
123375	173
123410	173
123433	173
123468	173
123503	173
123527	173
123562	173
123585	173
123621	173
123644	173
123679	173
123703	173
123738	173
123773	173
123808	174
123843	174
123867	174
123902	174
123937	174
123960	174
123996	174
124019	174
124054	174
124089	174
124113	174
124148	174
124183	174
124218	174
124242	174
124277	174
124300	174
124335	174
124359	174
124394	174
124429	174
124453	174
124488	174
124523	174
124558	174
124593	174
124617	174
124652	174
124675	174
124722	174
124757	174
124781	174
124816	174
124839	174
124875	174
124910	174
124945	174
124968	174
125003	174
125039	174
125062	174
125085	174
125109	174
125144	174
125167	174
125203	174
125226	174
125261	174
125296	174
125320	174
125355	175
125390	175
125414	175
125449	175
125484	175
125507	175
125542	175
125566	175
125601	175
125636	175
125683	175
125707	175
125742	175
125777	175
125800	175
125835	175
125871	175
125894	175
125929	175
125953	175
125988	175
126011	175
126046	175
126082	175
126105	175
126140	175
126175	175
126199	175
126234	175
126257	175
126292	175
126316	175
126351	175
126386	175
126421	175
126457	175
126492	175
126515	175
126550	175
126585	175
126621	175
126644	175
126679	175
126703	175
126738	175
126761	175
126796	175
126832	175
126855	175
126890	175
126925	176
126949	176
126984	176
127019	176
127042	176
127078	176
127101	176
127148	176
127183	176
127218	176
127242	176
127277	176
127312	176
127335	176
127371	176
127394	176
127429	176
127453	176
127488	176
127511	176
127546	176
127570	176
127605	176
127628	176
127664	176
127687	176
127722	176
127746	176
127781	176
127804	176
127839	176
127875	176
127910	176
127945	176
127980	176
128015	176
128039	176
128074	176
128109	176
128144	176
128167	176
128203	176
128238	176
128261	176
128296	176
128320	176
128355	176
128378	176
128414	176
128437	176
128472	177
128496	177
128519	177
128554	177
128578	177
128613	177
128648	177
128683	177
128718	177
128742	177
128777	177
128812	177
128835	177
128871	177
128906	177
128929	177
128964	177
129000	177
129023	177
129058	177
129093	177
129117	177
129152	177
129175	177
129210	177
129234	177
129269	177
129292	177
129328	177
129363	177
129386	177
129421	177
129457	177
129492	177
129515	177
129550	177
129574	177
129609	177
129632	177
129667	177
129703	177
129726	177
129761	177
129785	177
129820	177
129843	177
129878	177
129914	177
129937	177
129960	177
129984	178
130019	178
130042	178
130078	178
130113	178
130136	178
130171	178
130207	178
130242	178
130265	178
130300	178
130335	178
130371	178
130406	178
130429	178
130464	178
130500	178
130535	178
130570	178
130593	178
130628	178
130664	178
130687	178
130722	178
130746	178
130781	178
130804	178
130839	178
130875	178
130898	178
130933	178
130968	178
130992	178
131027	178
131062	178
131085	178
131121	178
131156	178
131179	178
131214	178
131238	178
131273	178
131308	178
131343	178
131367	178
131402	178
131425	178
131460	178
131484	178
131507	178
131542	179
131578	179
131601	179
131636	179
131660	179
131695	179
131730	179
131753	179
131789	179
131812	179
131847	179
131882	179
131906	179
131941	179
131976	179
132000	179
132035	179
132070	179
132105	179
132128	179
132164	179
132199	179
132222	179
132246	179
132281	179
132316	179
132339	179
132375	179
132398	179
132433	179
132457	179
132492	179
132527	179
132550	179
132585	179
132621	179
132644	179
132679	179
132703	179
132738	179
132773	179
132808	179
132843	179
132878	179
132902	179
132937	179
132960	179
132996	179
133019	179
133054	179
133089	180
133113	180
133148	180
133171	180
133207	180
133242	180
133265	180
133300	180
133324	180
133359	180
133394	180
133417	180
133453	180
133488	180
133523	180
133558	180
133593	180
133617	180
133652	180
133687	180
133710	180
133746	180
133769	180
133804	180
133828	180
133863	180
133886	180
133921	180
133957	180
133980	180
134015	180
134050	180
134074	180
134109	180
134144	180
134167	180
134203	180
134226	180
134261	180
134308	180
134332	180
134367	180
134402	180
134425	180
134460	180
134484	180
134519	180
134542	180
134578	180
134613	180
134636	181
134671	181
134695	181
134730	181
134765	181
134789	181
134824	181
134847	181
134882	181
134917	181
134941	181
134976	181
135011	181
135046	181
135082	181
135105	181
135140	181
135175	181
135199	181
135234	181
135269	181
135292	181
135328	181
135363	181
135386	181
135421	181
135457	181
135492	181
135515	181
135550	181
135585	181
135609	181
135644	181
135667	181
135703	181
135738	181
135761	181
135796	181
135832	181
135867	181
135902	181
135925	181
135960	181
135996	181
136019	181
136054	181
136078	181
136113	181
136148	181
136183	181
136218	182
136242	182
136277	182
136312	182
136335	182
136371	182
136394	182
136429	182
136464	182
136488	182
136523	182
136558	182
136593	182
136628	182
136652	182
136687	182
136734	182
136757	182
136792	182
136828	182
136851	182
136886	182
136921	182
136957	182
136992	182
137015	182
137050	182
137074	182
137109	182
137132	182
137167	182
137191	182
137226	182
137261	182
137285	182
137320	182
137355	182
137378	182
137414	182
137449	182
137484	182
137519	182
137542	182
137578	182
137613	182
137648	182
137683	182
137718	182
137753	182
137789	182
137812	183
137847	183
137882	183
137906	183
137941	183
137976	183
138000	183
138035	183
138058	183
138093	183
138128	183
138164	183
138187	183
138222	183
138257	183
138281	183
138316	183
138339	183
138375	183
138421	183
138457	183
138492	183
138515	183
138550	183
138585	183
138621	183
138644	183
138679	183
138703	183
138738	183
138773	183
138808	183
138832	183
138867	183
138902	183
138925	183
138960	183
138996	183
139031	183
139054	183
139089	183
139125	183
139171	183
139207	183
139242	183
139265	183
139300	183
139335	183
139359	183
139394	183
139429	184
139453	184
139488	184
139511	184
139546	184
139570	184
139605	184
139640	184
139675	184
139699	184
139734	184
139757	184
139792	184
139828	184
139851	184
139898	184
139933	184
139968	184
140003	184
140039	184
140062	184
140109	184
140144	184
140167	184
140203	184
140238	184
140261	184
140296	184
140320	184
140355	184
140390	184
140425	184
140449	184
140472	184
140507	184
140531	184
140566	184
140601	184
140625	184
140660	184
140695	184
140730	184
140765	184
140789	184
140824	184
140859	184
140894	184
140917	184
140953	184
140988	184
141011	185
141046	185
141082	185
141117	185
141140	185
141175	185
141210	185
141234	185
141269	185
141292	185
141328	185
141363	185
141398	185
141433	185
141468	185
141492	185
141527	185
141562	185
141585	185
141621	185
141644	185
141679	185
141714	185
141738	185
141773	185
141808	185
141832	185
141867	185
141902	185
141925	185
141960	185
141984	185
142007	185
142042	185
142066	185
142101	185
142136	185
142171	185
142207	185
142230	185
142265	185
142300	185
142335	185
142371	185
142406	185
142429	185
142464	185
142500	185
142535	185
142570	185
142593	186
142628	186
142664	186
142687	186
142722	186
142746	186
142781	186
142804	186
142839	186
142875	186
142898	186
142933	186
142968	186
143003	186
143027	186
143062	186
143097	186
143121	186
143156	186
143179	186
143214	186
143250	186
143285	186
143308	186
143343	186
143378	186
143402	186
143437	186
143460	186
143496	186
143519	186
143554	186
143578	186
143613	186
143636	186
143671	186
143707	186
143730	186
143765	186
143800	186
143824	186
143859	186
143894	186
143917	186
143953	186
143988	186
144011	186
144046	186
144082	186
144117	186
144152	187
144175	187
144210	187
144234	187
144269	187
144292	187
144328	187
144363	187
144386	187
144421	187
144445	187
144480	187
144515	187
144539	187
144574	187
144597	187
144632	187
144667	187
144691	187
144726	187
144761	187
144796	187
144832	187
144867	187
144890	187
144925	187
144949	187
144984	187
145007	187
145042	187
145066	187
145101	187
145136	187
145160	187
145195	187
145218	187
145253	187
145289	187
145312	187
145347	187
145371	187
145406	187
145429	187
145464	187
145500	187
145535	187
145570	187
145605	187
145628	187
145664	187
145699	188
145722	188
145757	188
145781	188
145816	188
145839	188
145875	188
145910	188
145933	188
145968	188
145992	188
146027	188
146062	188
146085	188
146121	188
146156	188
146179	188
146214	188
146250	188
146285	188
146320	188
146355	188
146378	188
146414	188
146437	188
146472	188
146496	188
146531	188
146566	188
146589	188
146625	188
146648	188
146683	188
146707	188
146742	188
146777	188
146800	188
146835	188
146859	188
146894	188
146917	188
146953	188
146988	188
147023	188
147058	188
147093	188
147117	188
147152	188
147175	188
147210	188
147246	189
147269	189
147304	189
147339	189
147363	189
147398	189
147433	189
147468	189
147492	189
147527	189
147550	189
147585	189
147609	189
147644	189
147679	189
147703	189
147738	189
147773	189
147808	189
147832	189
147867	189
147902	189
147925	189
147960	189
147996	189
148019	189
148054	189
148089	189
148113	189
148148	189
148183	189
148218	189
148242	189
148277	189
148312	189
148335	189
148371	189
148394	189
148429	189
148464	189
148488	189
148523	189
148558	189
148593	189
148628	189
148664	189
148687	189
148734	189
148757	189
148792	189
148828	190
148851	190
148886	190
148921	190
148957	190
148992	190
149015	190
149050	190
149074	190
149109	190
149132	190
149156	190
149191	190
149226	190
149250	190
149285	190
149320	190
149343	190
149378	190
149414	190
149437	190
149472	190
149507	190
149542	190
149566	190
149601	190
149636	190
149683	190
149718	190
149742	190
149777	190
149812	190
149835	190
149871	190
149894	190
149929	190
149964	190
149988	190
150023	190
150058	190
150082	190
150117	190
150152	190
150175	190
150210	190
150246	190
150269	190
150304	190
150328	190
150363	190
150410	191
150445	191
150480	191
150503	191
150539	191
150574	191
150597	191
150632	191
150667	191
150691	191
150726	191
150761	191
150785	191
150820	191
150855	191
150890	191
150914	191
150949	191
150984	191
151019	191
151042	191
151078	191
151113	191
151148	191
151183	191
151218	191
151253	191
151289	191
151312	191
151347	191
151382	191
151406	191
151441	191
151476	191
151500	191
151535	191
151558	191
151593	191
151628	191
151652	191
151687	191
151710	191
151746	191
151781	191
151804	191
151839	191
151875	191
151910	191
151945	191
151980	191
152015	192
152050	192
152085	192
152121	192
152144	192
152179	192
152214	192
152238	192
152273	192
152308	192
152332	192
152367	192
152402	192
152425	192
152460	192
152484	192
152507	192
152542	192
152578	192
152601	192
152636	192
152671	192
152707	192
152742	192
152765	192
152800	192
152835	192
152871	192
152906	192
152929	192
152964	192
153000	192
153023	192
153058	192
153093	192
153128	192
153152	192
153187	192
153210	192
153246	192
153281	192
153304	192
153339	192
153375	192
153410	192
153445	192
153480	192
153503	192
153539	192
153574	192
153597	193
153632	193
153667	193
153691	193
153726	193
153761	193
153785	193
153820	193
153855	193
153878	193
153914	193
153949	193
153972	193
153996	193
154019	193
154054	193
154089	193
154125	193
154148	193
154183	193
154218	193
154253	193
154289	193
154324	193
154359	193
154394	193
154417	193
154453	193
154488	193
154523	193
154558	193
154593	193
154628	193
154652	193
154687	193
154710	193
154746	193
154781	193
154804	193
154839	193
154875	193
154898	193
154933	193
154968	193
155003	193
155039	193
155062	193
155097	193
155132	193
155156	193
155191	194
155226	194
155250	194
155285	194
155320	194
155355	194
155390	194
155414	194
155449	194
155472	194
155507	194
155531	194
155566	194
155601	194
155625	194
155660	194
155695	194
155718	194
155753	194
155789	194
155824	194
155847	194
155882	194
155917	194
155941	194
155976	194
156011	194
156046	194
156082	194
156117	194
156140	194
156175	194
156210	194
156234	194
156269	194
156292	194
156328	194
156363	194
156386	194
156421	194
156457	194
156492	194
156515	194
156550	194
156585	194
156609	194
156644	194
156679	194
156703	194
156738	194
156773	195
156808	195
156843	195
156878	195
156914	195
156937	195
156972	195
156996	195
157031	195
157066	195
157089	195
157125	195
157148	195
157183	195
157218	195
157253	195
157277	195
157312	195
157347	195
157371	195
157406	195
157441	195
157464	195
157500	195
157546	195
157582	195
157617	195
157640	195
157675	195
157710	195
157734	195
157769	195
157792	195
157828	195
157863	195
timepoint: 183.92000000000002