0	0
0	0
0	0
0	0
0	0
0	0
0	0
0	0
0	0
0	0
0	0
0	0
0	0
0	0
0	0
0	0
0	0
0	0
0	0
0	0
0	0
0	0
0	0
0	0
0	0
0	0
0	0
0	0
0	0
0	0
0	0
0	0
0	0
0	0
0	0
0	0
0	0
0	0
0	0
0	0
0	0
0	0
0	0
0	0
0	0
0	0
0	0
0	0
0	0
0	0
0	1
0	1
0	1
0	1
0	1
0	1
0	1
0	1
0	1
0	1
0	1
0	1
0	1
0	1
0	1
0	1
0	1
0	1
0	1
0	1
0	1
0	1
0	1
0	1
0	1
0	1
0	1
0	1
0	1
0	1
0	1
0	1
0	1
0	1
0	1
0	1
0	1
0	1
0	1
0	1
0	1
0	1
0	1
0	1
0	1
0	1
0	1
0	1
0	1
0	1
0	2
0	2
0	2
0	2
0	2
0	2
0	2
0	2
0	2
0	2
0	2
0	2
0	2
0	2
0	2
0	2
0	2
0	2
0	2
0	2
0	2
0	2
0	2
0	2
0	2
0	2
0	2
0	2
0	2
0	2
0	2
0	2
0	2
0	2
0	2
0	2
0	2
0	2
0	2
0	2
0	2
0	2
0	2
0	2
0	2
0	2
0	2
0	2
0	2
0	2
0	3
0	3
0	3
0	3
0	3
0	3
0	3
0	3
0	3
0	3
0	3
0	3
0	3
0	3
0	3
0	3
0	3
0	3
0	3
0	3
0	3
0	3
0	3
0	3
0	3
0	3
0	3
0	3
0	3
0	3
0	3
0	3
0	3
0	3
0	3
0	3
0	3
0	3
0	3
0	3
0	3
0	3
0	3
0	3
0	3
0	3
0	3
0	3
0	3
0	3
0	4
0	4
0	4
0	4
0	4
0	4
0	4
0	4
0	4
0	4
0	4
0	4
0	4
0	4
0	4
0	4
0	4
0	4
0	4
0	4
0	4
0	4
0	4
0	4
0	4
0	4
0	4
0	4
0	4
0	4
0	4
0	4
0	4
0	4
0	4
0	4
0	4
0	4
0	4
0	4
0	4
0	4
0	4
0	4
0	4
0	4
0	4
11	4
11	4
11	4
11	5
11	5
11	5
11	5
11	5
11	5
23	5
23	5
23	5
23	5
23	5
23	5
23	5
23	5
23	5
23	5
23	5
23	5
23	5
35	5
35	5
35	5
35	5
35	5
35	5
35	5
35	5
35	5
35	5
35	5
35	5
23	5
23	5
23	5
23	5
23	5
23	5
23	5
23	5
23	5
23	5
23	5
23	5
23	5
23	5
23	5
23	5
11	5
11	5
11	5
11	6
11	6
11	6
11	6
11	6
11	6
11	6
11	6
11	6
11	6
11	6
11	6
11	6
11	6
11	6
11	6
11	6
11	6
11	6
11	6
23	6
23	6
23	6
23	6
23	6
23	6
23	6
23	6
23	6
23	6
23	6
23	6
23	6
23	6
23	6
23	6
35	6
35	6
35	6
35	6
35	6
35	6
35	6
35	6
35	6
35	6
35	6
35	6
35	6
35	6
35	7
35	7
35	7
35	7
35	7
35	7
35	7
35	7
35	7
35	7
23	7
23	7
23	7
23	7
23	7
23	7
23	7
23	7
23	7
23	7
23	7
23	7
23	7
23	7
23	7
23	7
23	7
23	7
23	7
23	7
23	7
23	7
23	7
23	7
23	7
23	7
23	7
23	7
23	7
23	7
23	7
23	7
23	7
23	7
23	7
23	7
23	7
23	7
23	7
23	7
23	8
23	8
23	8
23	8
23	8
23	8
23	8
23	8
35	8
35	8
35	8
35	8
35	8
35	8
35	8
35	8
35	8
35	8
35	8
35	8
35	8
35	8
35	8
35	8
35	8
35	8
35	8
35	8
35	8
35	8
35	8
35	8
35	8
35	8
35	8
35	8
35	8
23	8
23	8
23	8
23	8
23	8
23	8
23	8
23	8
23	8
23	8
23	8
23	8
23	8
23	9
23	9
23	9
23	9
23	9
23	9
23	9
23	9
23	9
23	9
23	9
23	9
23	9
23	9
23	9
23	9
23	9
23	9
23	9
23	9
23	9
23	9
23	9
23	9
23	9
23	9
23	9
23	9
23	9
23	9
23	9
23	9
23	9
23	9
23	9
23	9
23	9
23	9
23	9
23	9
23	9
23	9
23	9
23	9
23	9
23	9
23	9
23	9
23	9
23	9
23	10
23	10
23	10
23	10
23	10
23	10
23	10
23	10
23	10
23	10
23	10
23	10
23	10
23	10
23	10
23	10
23	10
23	10
23	10
23	10
23	10
23	10
23	10
23	10
23	10
23	10
23	10
23	10
23	10
23	10
23	10
23	10
23	10
23	10
23	10
23	10
23	10
23	10
23	10
23	10
23	10
23	10
23	10
23	10
23	10
23	10
23	10
23	10
23	10
23	10
23	11
23	11
23	11
23	11
23	11
23	11
23	11
23	11
23	11
23	11
23	11
23	11
23	11
23	11
23	11
23	11
23	11
23	11
23	11
23	11
23	11
23	11
23	11
23	11
23	11
23	11
23	11
23	11
23	11
23	11
23	11
23	11
23	11
23	11
23	11
23	11
23	11
23	11
23	11
23	11
23	11
23	11
23	11
23	11
23	11
23	11
23	11
23	11
23	11
23	11
23	12
23	12
23	12
23	12
23	12
23	12
23	12
23	12
23	12
23	12
23	12
23	12
23	12
23	12
23	12
23	12
23	12
23	12
23	12
23	12
23	12
23	12
23	12
23	12
23	12
23	12
23	12
23	12
23	12
23	12
23	12
23	12
23	12
23	12
23	12
23	12
23	12
23	12
23	12
23	12
23	12
23	12
23	12
23	12
23	12
23	12
23	12
23	12
23	12
23	12
23	13
23	13
23	13
23	13
23	13
23	13
23	13
23	13
23	13
23	13
23	13
23	13
23	13
23	13
23	13
23	13
23	13
23	13
23	13
23	13
23	13
23	13
23	13
23	13
23	13
23	13
23	13
23	13
23	13
23	13
23	13
23	13
23	13
23	13
23	13
23	13
23	13
23	13
23	13
23	13
23	13
23	13
23	13
23	13
23	13
23	13
23	13
23	13
23	13
23	13
23	14
23	14
23	14
23	14
23	14
23	14
23	14
23	14
23	14
23	14
23	14
23	14
23	14
23	14
23	14
23	14
23	14
23	14
23	14
23	14
23	14
23	14
23	14
23	14
23	14
23	14
23	14
23	14
23	14
23	14
23	14
23	14
23	14
23	14
23	14
23	14
23	14
23	14
23	14
23	14
23	14
23	14
23	14
23	14
23	14
23	14
23	14
23	14
23	14
23	14
23	15
23	15
23	15
23	15
23	15
23	15
23	15
23	15
23	15
23	15
23	15
23	15
23	15
23	15
23	15
23	15
23	15
23	15
23	15
23	15
23	15
23	15
23	15
23	15
23	15
23	15
23	15
23	15
23	15
23	15
23	15
23	15
23	15
23	15
23	15
23	15
23	15
23	15
23	15
23	15
23	15
23	15
23	15
23	15
23	15
23	15
23	15
23	15
23	15
23	15
23	16
23	16
23	16
23	16
23	16
23	16
23	16
23	16
23	16
23	16
23	16
23	16
23	16
23	16
23	16
23	16
23	16
23	16
23	16
23	16
23	16
23	16
23	16
23	16
23	16
23	16
23	16
23	16
23	16
23	16
23	16
23	16
23	16
23	16
23	16
23	16
23	16
23	16
23	16
23	16
23	16
23	16
23	16
23	16
23	16
23	16
23	16
23	16
23	16
23	16
23	17
23	17
23	17
23	17
23	17
23	17
23	17
23	17
23	17
23	17
23	17
23	17
23	17
23	17
23	17
23	17
23	17
23	17
23	17
23	17
23	17
23	17
23	17
23	17
23	17
23	17
23	17
23	17
23	17
23	17
23	17
23	17
23	17
23	17
23	17
23	17
23	17
23	17
23	17
23	17
23	17
23	17
23	17
23	17
23	17
23	17
23	17
23	17
23	17
23	17
23	18
23	18
23	18
23	18
23	18
23	18
23	18
23	18
23	18
23	18
23	18
23	18
23	18
23	18
23	18
23	18
23	18
23	18
23	18
23	18
23	18
23	18
23	18
23	18
23	18
23	18
23	18
23	18
23	18
23	18
23	18
23	18
23	18
23	18
23	18
23	18
23	18
23	18
23	18
23	18
23	18
23	18
23	18
23	18
23	18
23	18
23	18
23	18
23	18
23	18
23	19
23	19
23	19
23	19
23	19
23	19
23	19
23	19
23	19
23	19
23	19
23	19
23	19
23	19
23	19
23	19
23	19
23	19
23	19
23	19
23	19
23	19
23	19
23	19
23	19
23	19
23	19
23	19
23	19
23	19
23	19
23	19
23	19
23	19
23	19
23	19
23	19
23	19
23	19
23	19
23	19
23	19
23	19
23	19
23	19
23	19
23	19
23	19
23	19
23	19
23	20
23	20
23	20
23	20
23	20
23	20
23	20
23	20
23	20
23	20
23	20
23	20
23	20
23	20
23	20
23	20
23	20
23	20
23	20
23	20
23	20
23	20
23	20
23	20
23	20
23	20
23	20
23	20
23	20
23	20
23	20
23	20
23	20
23	20
23	20
23	20
23	20
23	20
23	20
23	20
23	20
23	20
23	20
23	20
23	20
23	20
23	20
23	20
23	20
23	20
23	21
23	21
23	21
23	21
23	21
23	21
23	21
23	21
23	21
23	21
23	21
23	21
23	21
23	21
23	21
23	21
23	21
23	21
23	21
23	21
23	21
23	21
23	21
23	21
23	21
23	21
23	21
23	21
23	21
23	21
23	21
23	21
23	21
23	21
23	21
23	21
23	21
23	21
23	21
23	21
23	21
23	21
23	21
23	21
23	21
23	21
23	21
23	21
23	21
23	21
23	22
23	22
23	22
23	22
23	22
23	22
23	22
23	22
23	22
23	22
23	22
23	22
23	22
23	22
23	22
23	22
23	22
23	22
23	22
23	22
23	22
23	22
23	22
23	22
23	22
23	22
23	22
23	22
23	22
23	22
23	22
23	22
23	22
23	22
23	22
23	22
23	22
23	22
23	22
23	22
23	22
23	22
23	22
23	22
23	22
23	22
23	22
23	22
23	22
23	22
23	23
23	23
23	23
23	23
23	23
23	23
23	23
23	23
23	23
23	23
23	23
23	23
23	23
23	23
23	23
23	23
23	23
23	23
23	23
23	23
23	23
23	23
23	23
23	23
23	23
23	23
23	23
23	23
23	23
23	23
23	23
23	23
23	23
23	23
23	23
23	23
23	23
23	23
23	23
23	23
23	23
23	23
23	23
23	23
23	23
23	23
23	23
23	23
23	23
23	23
23	24
23	24
23	24
23	24
23	24
23	24
23	24
23	24
23	24
23	24
23	24
23	24
23	24
23	24
23	24
23	24
23	24
23	24
23	24
23	24
23	24
23	24
23	24
23	24
23	24
23	24
23	24
23	24
23	24
23	24
23	24
23	24
23	24
23	24
23	24
23	24
23	24
23	24
23	24
23	24
23	24
23	24
23	24
23	24
23	24
23	24
23	24
23	24
23	24
23	24
23	25
23	25
23	25
23	25
23	25
23	25
23	25
23	25
23	25
23	25
23	25
23	25
23	25
23	25
23	25
23	25
23	25
23	25
23	25
23	25
23	25
23	25
23	25
23	25
23	25
23	25
23	25
23	25
23	25
23	25
23	25
23	25
23	25
23	25
23	25
23	25
23	25
23	25
23	25
23	25
23	25
23	25
23	25
23	25
23	25
23	25
23	25
23	25
23	25
23	25
23	26
23	26
23	26
23	26
23	26
23	26
23	26
23	26
23	26
23	26
23	26
23	26
23	26
23	26
23	26
23	26
23	26
23	26
23	26
23	26
23	26
23	26
23	26
23	26
23	26
23	26
23	26
23	26
23	26
23	26
23	26
23	26
23	26
23	26
23	26
23	26
23	26
23	26
23	26
23	26
23	26
23	26
23	26
23	26
23	26
23	26
23	26
23	26
23	26
23	26
23	27
23	27
23	27
23	27
23	27
23	27
23	27
23	27
23	27
23	27
23	27
23	27
23	27
23	27
23	27
23	27
23	27
23	27
23	27
23	27
23	27
23	27
23	27
23	27
23	27
23	27
23	27
23	27
23	27
23	27
23	27
23	27
23	27
23	27
23	27
23	27
23	27
23	27
23	27
23	27
23	27
23	27
23	27
23	27
23	27
23	27
23	27
23	27
23	27
23	27
23	28
23	28
23	28
23	28
23	28
23	28
23	28
23	28
23	28
23	28
23	28
23	28
23	28
23	28
23	28
23	28
23	28
23	28
23	28
23	28
23	28
23	28
23	28
23	28
23	28
23	28
23	28
23	28
23	28
23	28
23	28
23	28
23	28
23	28
23	28
23	28
23	28
23	28
23	28
23	28
23	28
23	28
23	28
23	28
35	28
35	28
35	28
35	28
35	28
35	28
35	29
35	29
35	29
35	29
35	29
35	29
35	29
35	29
35	29
35	29
35	29
35	29
35	29
35	29
35	29
35	29
35	29
35	29
35	29
35	29
35	29
35	29
35	29
35	29
35	29
46	29
46	29
46	29
46	29
46	29
46	29
46	29
46	29
46	29
46	29
46	29
46	29
46	29
46	29
46	29
46	29
46	29
46	29
46	29
46	29
46	29
46	29
46	29
46	29
46	29
58	30
58	30
58	30
58	30
58	30
58	30
58	30
58	30
58	30
58	30
58	30
58	30
58	30
58	30
58	30
58	30
70	30
70	30
70	30
70	30
70	30
70	30
70	30
70	30
70	30
70	30
70	30
70	30
70	30
70	30
70	30
82	30
82	30
82	30
82	30
82	30
82	30
82	30
82	30
82	30
82	30
82	30
82	30
82	30
82	30
93	30
93	30
93	30
93	30
93	30
93	31
93	31
93	31
93	31
93	31
93	31
93	31
105	31
105	31
105	31
105	31
105	31
105	31
105	31
105	31
105	31
105	31
117	31
117	31
117	31
117	31
117	31
117	31
117	31
117	31
117	31
117	31
117	31
117	31
128	31
128	31
128	31
128	31
128	31
128	31
128	31
128	31
128	31
140	31
140	31
140	31
140	31
140	31
140	31
140	31
140	31
140	31
140	31
140	31
152	31
152	32
152	32
152	32
152	32
152	32
152	32
152	32
164	32
164	32
164	32
164	32
164	32
164	32
164	32
164	32
164	32
175	32
175	32
175	32
175	32
175	32
175	32
175	32
175	32
175	32
187	32
187	32
187	32
187	32
187	32
187	32
187	32
187	32
199	32
199	32
199	32
199	32
199	32
199	32
199	32
199	32
199	32
210	32
210	32
210	32
210	32
210	32
210	32
210	32
222	32
222	33
222	33
222	33
222	33
222	33
222	33
222	33
234	33
234	33
234	33
234	33
234	33
234	33
234	33
234	33
246	33
246	33
246	33
246	33
246	33
246	33
246	33
257	33
257	33
257	33
257	33
257	33
257	33
257	33
257	33
269	33
269	33
269	33
269	33
269	33
269	33
281	33
281	33
281	33
281	33
281	33
281	33
281	33
292	33
292	33
292	33
292	33
292	33
292	33
292	33
304	34
304	34
304	34
304	34
304	34
304	34
316	34
316	34
316	34
316	34
316	34
316	34
328	34
328	34
328	34
328	34
328	34
328	34
339	34
339	34
339	34
339	34
339	34
339	34
351	34
351	34
351	34
351	34
351	34
351	34
363	34
363	34
363	34
363	34
363	34
363	34
375	34
375	34
375	34
375	34
375	34
375	34
386	34
386	34
386	34
386	34
386	34
386	34
398	34
398	34
398	35
398	35
398	35
398	35
410	35
410	35
410	35
410	35
410	35
410	35
421	35
421	35
421	35
421	35
421	35
421	35
433	35
433	35
433	35
433	35
433	35
445	35
445	35
445	35
445	35
445	35
445	35
457	35
457	35
457	35
457	35
457	35
468	35
468	35
468	35
468	35
468	35
468	35
480	35
480	35
480	35
480	35
480	35
492	35
492	35
492	35
492	35
492	35
492	35
503	35
503	36
503	36
503	36
503	36
503	36
515	36
515	36
515	36
515	36
515	36
515	36
527	36
527	36
527	36
527	36
527	36
539	36
539	36
539	36
539	36
539	36
539	36
550	36
550	36
550	36
550	36
550	36
550	36
562	36
562	36
562	36
562	36
562	36
574	36
574	36
574	36
574	36
574	36
585	36
585	36
585	36
585	36
585	36
585	36
597	36
597	36
597	36
597	36
597	36
609	36
609	37
609	37
609	37
609	37
621	37
621	37
621	37
621	37
621	37
632	37
632	37
632	37
632	37
632	37
644	37
644	37
644	37
644	37
644	37
656	37
656	37
656	37
656	37
656	37
667	37
667	37
667	37
667	37
667	37
679	37
679	37
679	37
679	37
679	37
691	37
691	37
691	37
691	37
703	37
703	37
703	37
703	37
703	37
714	37
714	37
714	37
714	37
726	37
726	37
726	37
726	38
726	38
738	38
738	38
738	38
738	38
750	38
750	38
750	38
750	38
761	38
761	38
761	38
761	38
761	38
773	38
773	38
773	38
773	38
773	38
785	38
785	38
785	38
785	38
796	38
796	38
796	38
796	38
796	38
808	38
808	38
808	38
808	38
808	38
820	38
820	38
820	38
820	38
820	38
832	38
832	38
832	38
832	38
843	38
843	38
843	38
843	38
843	38
855	38
855	38
855	39
855	39
855	39
867	39
867	39
867	39
867	39
867	39
878	39
878	39
878	39
878	39
890	39
890	39
890	39
890	39
890	39
902	39
902	39
902	39
902	39
914	39
914	39
914	39
914	39
925	39
925	39
925	39
925	39
925	39
937	39
937	39
937	39
937	39
949	39
949	39
949	39
949	39
949	39
960	39
960	39
960	39
960	39
972	39
972	39
972	39
972	39
972	39
984	39
984	39
984	40
984	40
996	40
996	40
996	40
996	40
996	40
1007	40
1007	40
1007	40
1007	40
1019	40
1019	40
1019	40
1019	40
1019	40
1031	40
1031	40
1031	40
1031	40
1042	40
1042	40
1042	40
1042	40
1042	40
1054	40
1054	40
1054	40
1054	40
1066	40
1066	40
1066	40
1066	40
1078	40
1078	40
1078	40
1078	40
1089	40
1089	40
1089	40
1089	40
1101	40
1101	40
1101	40
1101	40
1113	40
1113	40
1113	40
1113	40
1125	40
1125	41
1125	41
1125	41
1136	41
1136	41
1136	41
1136	41
1148	41
1148	41
1148	41
1148	41
1160	41
1160	41
1160	41
1160	41
1171	41
1171	41
1171	41
1171	41
1183	41
1183	41
1183	41
1183	41
1195	41
1195	41
1195	41
1195	41
1195	41
1207	41
1207	41
1207	41
1207	41
1218	41
1218	41
1218	41
1218	41
1230	41
1230	41
1230	41
1230	41
1242	41
1242	41
1242	41
1242	41
1242	41
1253	41
1253	41
1253	41
1253	41
1265	41
1265	42
1265	42
1265	42
1277	42
1277	42
1277	42
1277	42
1289	42
1289	42
1289	42
1289	42
1289	42
1300	42
1300	42
1300	42
1300	42
1312	42
1312	42
1312	42
1312	42
1324	42
1324	42
1324	42
1324	42
1335	42
1335	42
1335	42
1335	42
1347	42
1347	42
1347	42
1347	42
1359	42
1359	42
1359	42
1359	42
1371	42
1371	42
1371	42
1371	42
1382	42
1382	42
1382	42
1382	42
1394	42
1394	42
1394	42
1394	42
1406	42
1406	42
1406	43
1417	43
1417	43
1417	43
1417	43
1429	43
1429	43
1429	43
1429	43
1441	43
1441	43
1441	43
1453	43
1453	43
1453	43
1464	43
1464	43
1464	43
1464	43
1476	43
1476	43
1476	43
1488	43
1488	43
1488	43
1488	43
1500	43
1500	43
1500	43
1511	43
1511	43
1511	43
1511	43
1523	43
1523	43
1523	43
1535	43
1535	43
1535	43
1535	43
1546	43
1546	43
1546	43
1546	43
1558	43
1558	43
1558	43
1570	43
1570	43
1570	43
1570	44
1582	44
1582	44
1582	44
1582	44
1593	44
1593	44
1593	44
1605	44
1605	44
1605	44
1605	44
1617	44
1617	44
1617	44
1628	44
1628	44
1628	44
1640	44
1640	44
1640	44
1652	44
1652	44
1652	44
1664	44
1664	44
1664	44
1675	44
1675	44
1675	44
1687	44
1687	44
1687	44
1687	44
1699	44
1699	44
1699	44
1710	44
1710	44
1710	44
1710	44
1722	44
1722	44
1722	44
1722	44
1734	44
1734	44
1734	44
1746	44
1746	44
1746	45
1746	45
1757	45
1757	45
1757	45
1769	45
1769	45
1769	45
1781	45
1781	45
1781	45
1781	45
1792	45
1792	45
1792	45
1804	45
1804	45
1804	45
1816	45
1816	45
1816	45
1828	45
1828	45
1828	45
1839	45
1839	45
1839	45
1851	45
1851	45
1851	45
1863	45
1863	45
1863	45
1875	45
1875	45
1875	45
1886	45
1886	45
1886	45
1898	45
1898	45
1898	45
1910	45
1910	45
1910	45
1910	45
1921	45
1921	45
1921	45
1933	45
1933	46
1933	46
1945	46
1945	46
1945	46
1957	46
1957	46
1957	46
1968	46
1968	46
1968	46
1968	46
1980	46
1980	46
1980	46
1992	46
1992	46
1992	46
2003	46
2003	46
2003	46
2003	46
2015	46
2015	46
2015	46
2015	46
2027	46
2027	46
2027	46
2039	46
2039	46
2039	46
2039	46
2050	46
2050	46
2050	46
2062	46
2062	46
2062	46
2074	46
2074	46
2074	46
2085	46
2085	46
2085	46
2097	46
2097	46
2097	46
2109	46
2109	46
2109	47
2121	47
2121	47
2121	47
2132	47
2132	47
2132	47
2144	47
2144	47
2144	47
2156	47
2156	47
2156	47
2167	47
2167	47
2167	47
2179	47
2179	47
2179	47
2191	47
2191	47
2191	47
2203	47
2203	47
2203	47
2214	47
2214	47
2214	47
2226	47
2226	47
2226	47
2238	47
2238	47
2250	47
2250	47
2250	47
2261	47
2261	47
2261	47
2273	47
2273	47
2273	47
2285	47
2285	47
2296	47
2296	47
2296	47
2308	47
2308	47
2308	47
2320	48
2320	48
2320	48
2332	48
2332	48
2343	48
2343	48
2343	48
2355	48
2355	48
2355	48
2367	48
2367	48
2367	48
2378	48
2378	48
2390	48
2390	48
2402	48
2402	48
2402	48
2414	48
2414	48
2425	48
2425	48
2425	48
2437	48
2437	48
2449	48
2449	48
2449	48
2460	48
2460	48
2460	48
2472	48
2472	48
2472	48
2484	48
2484	48
2484	48
2496	48
2496	48
2507	48
2507	48
2507	48
2519	48
2519	48
2531	48
2531	48
2531	48
2542	49
2542	49
2554	49
2554	49
2566	49
2566	49
2578	49
2578	49
2589	49
2589	49
2601	49
2601	49
2601	49
2613	49
2613	49
2625	49
2625	49
2636	49
2636	49
2648	49
2648	49
2648	49
2660	49
2660	49
2671	49
2671	49
2671	49
2683	49
2683	49
2695	49
2695	49
2695	49
2707	49
2707	49
2707	49
2718	49
2718	49
2730	49
2730	49
2730	49
2742	49
2742	49
2753	49
2753	49
2753	49
2765	49
2765	49
2777	49
2777	49
2789	49
2789	50
2789	50
2800	50
2800	50
2800	50
2812	50
2812	50
2824	50
2824	50
2824	50
2835	50
2835	50
2847	50
2847	50
2847	50
2859	50
2859	50
2871	50
2871	50
2871	50
2882	50
2882	50
2894	50
2894	50
2906	50
2906	50
2906	50
2917	50
2917	50
2929	50
2929	50
2929	50
2941	50
2941	50
2953	50
2953	50
2953	50
2964	50
2964	50
2976	50
2976	50
2988	50
2988	50
2988	50
3000	50
3000	50
3011	50
3011	50
3023	50
3023	50
3023	51
3035	51
3035	51
3046	51
3046	51
3058	51
3058	51
3058	51
3070	51
3070	51
3082	51
3082	51
3093	51
3093	51
3093	51
3105	51
3105	51
3117	51
3117	51
3117	51
3128	51
3128	51
3140	51
3140	51
3152	51
3152	51
3152	51
3164	51
3164	51
3175	51
3175	51
3187	51
3187	51
3199	51
3199	51
3199	51
3210	51
3210	51
3222	51
3222	51
3222	51
3234	51
3234	51
3246	51
3246	51
3257	51
3257	51
3257	51
3269	51
3269	51
3281	52
3281	52
3292	52
3292	52
3304	52
3304	52
3316	52
3316	52
3328	52
3339	52
3339	52
3351	52
3351	52
3363	52
3363	52
3375	52
3375	52
3386	52
3386	52
3398	52
3398	52
3410	52
3410	52
3421	52
3421	52
3421	52
3433	52
3433	52
3445	52
3445	52
3457	52
3457	52
3468	52
3468	52
3468	52
3480	52
3480	52
3492	52
3492	52
3503	52
3503	52
3515	52
3515	52
3527	52
3527	52
3539	52
3539	52
3550	52
3550	52
3562	52
3562	53
3562	53
3574	53
3574	53
3585	53
3585	53
3597	53
3597	53
3609	53
3609	53
3609	53
3621	53
3621	53
3632	53
3632	53
3644	53
3644	53
3656	53
3656	53
3667	53
3667	53
3679	53
3679	53
3691	53
3691	53
3703	53
3703	53
3703	53
3714	53
3714	53
3726	53
3726	53
3738	53
3738	53
3750	53
3750	53
3761	53
3761	53
3773	53
3773	53
3785	53
3785	53
3796	53
3796	53
3808	53
3808	53
3820	53
3820	53
3832	53
3832	53
3843	54
3843	54
3855	54
3855	54
3855	54
3867	54
3867	54
3878	54
3878	54
3890	54
3890	54
3902	54
3914	54
3914	54
3925	54
3925	54
3937	54
3937	54
3949	54
3949	54
3960	54
3960	54
3960	54
3972	54
3972	54
3984	54
3984	54
3996	54
3996	54
4007	54
4007	54
4019	54
4019	54
4031	54
4042	54
4042	54
4054	54
4054	54
4066	54
4078	54
4078	54
4089	54
4101	54
4101	54
4113	54
4113	54
4125	54
4136	54
4136	54
4148	54
4148	55
4160	55
4160	55
4171	55
4171	55
4183	55
4183	55
4195	55
4195	55
4207	55
4207	55
4218	55
4218	55
4230	55
4230	55
4242	55
4253	55
4253	55
4265	55
4265	55
4277	55
4277	55
4289	55
4289	55
4300	55
4300	55
4312	55
4312	55
4324	55
4324	55
4335	55
4335	55
4347	55
4347	55
4359	55
4359	55
4371	55
4371	55
4382	55
4382	55
4394	55
4406	55
4406	55
4417	55
4417	55
4429	55
4429	55
4429	55
4441	55
4441	55
4453	56
4453	56
4464	56
4464	56
4476	56
4476	56
4488	56
4488	56
4500	56
4500	56
4511	56
4511	56
4523	56
4535	56
4535	56
4546	56
4546	56
4558	56
4558	56
4570	56
4582	56
4582	56
4593	56
4593	56
4605	56
4605	56
4617	56
4617	56
4628	56
4628	56
4640	56
4640	56
4652	56
4652	56
4664	56
4664	56
4675	56
4675	56
4687	56
4687	56
4699	56
4699	56
4710	56
4710	56
4722	56
4734	56
4734	56
4746	56
4746	56
4757	56
4757	57
4769	57
4769	57
4781	57
4792	57
4792	57
4804	57
4816	57
4816	57
4828	57
4839	57
4839	57
4851	57
4863	57
4863	57
4875	57
4886	57
4886	57
4898	57
4910	57
4910	57
4921	57
4921	57
4933	57
4933	57
4945	57
4945	57
4957	57
4957	57
4968	57
4980	57
4980	57
4992	57
5003	57
5003	57
5015	57
5027	57
5027	57
5039	57
5050	57
5050	57
5062	57
5062	57
5074	57
5074	57
5085	57
5097	57
5097	57
5109	57
5109	57
5121	58
5121	58
5132	58
5144	58
5144	58
5156	58
5156	58
5167	58
5179	58
5179	58
5191	58
5191	58
5203	58
5203	58
5214	58
5226	58
5226	58
5238	58
5238	58
5250	58
5250	58
5261	58
5261	58
5273	58
5285	58
5285	58
5296	58
5296	58
5308	58
5320	58
5320	58
5332	58
5332	58
5343	58
5355	58
5355	58
5367	58
5367	58
5378	58
5378	58
5390	58
5390	58
5402	58
5402	58
5414	58
5414	58
5425	58
5425	58
5437	58
5437	58
5449	59
5449	59
5460	59
5472	59
5472	59
5484	59
5484	59
5496	59
5507	59
5507	59
5519	59
5519	59
5531	59
5542	59
5542	59
5554	59
5554	59
5566	59
5578	59
5578	59
5589	59
5601	59
5613	59
5613	59
5625	59
5636	59
5636	59
5648	59
5648	59
5660	59
5671	59
5671	59
5683	59
5695	59
5695	59
5707	59
5707	59
5718	59
5730	59
5730	59
5742	59
5742	59
5753	59
5765	59
5765	59
5777	59
5789	59
5789	59
5800	59
5812	59
5812	60
5824	60
5835	60
5835	60
5847	60
5847	60
5859	60
5859	60
5871	60
5882	60
5882	60
5894	60
5906	60
5906	60
5917	60
5929	60
5929	60
5941	60
5941	60
5953	60
5964	60
5964	60
5976	60
5988	60
5988	60
6000	60
6011	60
6011	60
6023	60
6023	60
6035	60
6046	60
6046	60
6058	60
6070	60
6070	60
6082	60
6093	60
6093	60
6105	60
6105	60
6117	60
6128	60
6128	60
6140	60
6140	60
6152	60
6164	60
6164	60
6175	60
6175	61
6187	61
6199	61
6199	61
6210	61
6210	61
6222	61
6234	61
6234	61
6246	61
6257	61
6257	61
6269	61
6281	61
6281	61
6292	61
6304	61
6304	61
6316	61
6328	61
6328	61
6339	61
6351	61
6363	61
6363	61
6375	61
6386	61
6386	61
6398	61
6410	61
6410	61
6421	61
6433	61
6433	61
6445	61
6445	61
6457	61
6468	61
6468	61
6480	61
6492	61
6492	61
6503	61
6515	61
6515	61
6527	61
6539	61
6539	61
6550	61
6550	61
6562	62
6574	62
6574	62
6585	62
6597	62
6597	62
6609	62
6621	62
6621	62
6632	62
6644	62
6644	62
6656	62
6656	62
6667	62
6679	62
6679	62
6691	62
6703	62
6703	62
6714	62
6726	62
6726	62
6738	62
6750	62
6750	62
6761	62
6773	62
6773	62
6785	62
6796	62
6796	62
6808	62
6820	62
6820	62
6832	62
6843	62
6843	62
6855	62
6867	62
6867	62
6878	62
6878	62
6890	62
6890	62
6902	62
6902	62
6914	62
6925	62
6925	62
6937	63
6937	63
6949	63
6960	63
6960	63
6972	63
6984	63
6984	63
6996	63
7007	63
7007	63
7019	63
7031	63
7031	63
7042	63
7054	63
7066	63
7066	63
7078	63
7089	63
7101	63
7101	63
7113	63
7125	63
7136	63
7136	63
7148	63
7160	63
7160	63
7171	63
7183	63
7183	63
7195	63
7207	63
7218	63
7218	63
7230	63
7242	63
7242	63
7253	63
7265	63
7277	63
7289	63
7300	63
7300	63
7312	63
7324	63
7324	63
7335	63
7347	63
7347	64
7359	64
7371	64
7382	64
7382	64
7394	64
7406	64
7406	64
7417	64
7429	64
7441	64
7453	64
7453	64
7464	64
7476	64
7488	64
7500	64
7500	64
7511	64
7523	64
7523	64
7535	64
7546	64
7558	64
7558	64
7570	64
7582	64
7582	64
7593	64
7605	64
7605	64
7617	64
7628	64
7628	64
7640	64
7652	64
7652	64
7664	64
7675	64
7675	64
7687	64
7699	64
7710	64
7710	64
7722	64
7734	64
7734	64
7746	64
7757	64
7769	64
7769	65
7781	65
7792	65
7792	65
7804	65
7816	65
7828	65
7828	65
7839	65
7851	65
7863	65
7875	65
7875	65
7886	65
7898	65
7898	65
7910	65
7921	65
7933	65
7933	65
7945	65
7957	65
7968	65
7968	65
7980	65
7992	65
7992	65
8003	65
8015	65
8027	65
8027	65
8039	65
8050	65
8062	65
8062	65
8074	65
8085	65
8085	65
8097	65
8109	65
8109	65
8121	65
8132	65
8144	65
8144	65
8156	65
8167	65
8179	65
8179	65
8191	65
8203	66
8214	66
8226	66
8226	66
8238	66
8250	66
8261	66
8261	66
8273	66
8285	66
8296	66
8296	66
8308	66
8320	66
8332	66
8332	66
8343	66
8355	66
8367	66
8367	66
8378	66
8390	66
8390	66
8402	66
8414	66
8414	66
8425	66
8437	66
8437	66
8449	66
8460	66
8460	66
8472	66
8484	66
8496	66
8507	66
8507	66
8519	66
8531	66
8542	66
8542	66
8554	66
8566	66
8566	66
8578	66
8589	66
8601	66
8601	66
8613	66
8625	66
8636	67
8648	67
8648	67
8660	67
8671	67
8683	67
8683	67
8695	67
8707	67
8718	67
8718	67
8730	67
8742	67
8753	67
8753	67
8765	67
8777	67
8789	67
8789	67
8800	67
8812	67
8824	67
8824	67
8835	67
8847	67
8859	67
8859	67
8871	67
8882	67
8894	67
8894	67
8906	67
8917	67
8929	67
8941	67
8953	67
8953	67
8964	67
8976	67
8988	67
9000	67
9011	67
9023	67
9023	67
9035	67
9046	67
9058	67
9058	67
9070	67
9082	67
9093	68
9105	68
9105	68
9117	68
9128	68
9140	68
9140	68
9152	68
9164	68
9164	68
9175	68
9187	68
9199	68
9199	68
9210	68
9222	68
9234	68
9246	68
9246	68
9257	68
9269	68
9281	68
9292	68
9292	68
9304	68
9316	68
9328	68
9328	68
9339	68
9351	68
9363	68
9363	68
9375	68
9386	68
9398	68
9410	68
9410	68
9421	68
9433	68
9445	68
9457	68
9457	68
9468	68
9480	68
9492	68
9492	68
9503	68
9515	68
9527	68
9527	68
9539	69
9550	69
9562	69
9574	69
9574	69
9585	69
9597	69
9609	69
9609	69
9621	69
9632	69
9644	69
9656	69
9667	69
9679	69
9679	69
9691	69
9703	69
9714	69
9726	69
9738	69
9750	69
9761	69
9773	69
9785	69
9785	69
9796	69
9808	69
9820	69
9832	69
9832	69
9843	69
9855	69
9867	69
9878	69
9878	69
9890	69
9902	69
9914	69
9914	69
9925	69
9937	69
9949	69
9949	69
9960	69
9972	69
9984	69
9996	69
10007	69
10007	69
10019	70
10031	70
10042	70
10054	70
10054	70
10066	70
10078	70
10089	70
10089	70
10101	70
10113	70
10125	70
10136	70
10136	70
10148	70
10160	70
10171	70
10183	70
10195	70
10207	70
10207	70
10218	70
10230	70
10242	70
10242	70
10253	70
10265	70
10277	70
10289	70
10300	70
10300	70
10312	70
10324	70
10335	70
10347	70
10347	70
10359	70
10371	70
10382	70
10394	70
10406	70
10417	70
10429	70
10429	70
10441	70
10453	70
10464	70
10476	70
10488	70
10500	70
10511	71
10523	71
10535	71
10546	71
10558	71
10558	71
10570	71
10582	71
10593	71
10605	71
10617	71
10617	71
10628	71
10640	71
10652	71
10664	71
10675	71
10675	71
10687	71
10699	71
10710	71
10722	71
10722	71
10734	71
10746	71
10757	71
10769	71
10781	71
10781	71
10792	71
10804	71
10816	71
10828	71
10839	71
10839	71
10851	71
10863	71
10875	71
10886	71
10898	71
10910	71
10910	71
10921	71
10933	71
10945	71
10957	71
10968	71
10980	71
10980	71
10992	71
11003	72
11015	72
11027	72
11039	72
11050	72
11062	72
11062	72
11074	72
11085	72
11097	72
11109	72
11121	72
11121	72
11132	72
11144	72
11156	72
11167	72
11179	72
11191	72
11203	72
11214	72
11226	72
11238	72
11250	72
11261	72
11273	72
11285	72
11296	72
11308	72
11308	72
11320	72
11332	72
11343	72
11355	72
11367	72
11378	72
11378	72
11390	72
11402	72
11414	72
11425	72
11437	72
11437	72
11449	72
11460	72
11472	72
11484	72
11496	72
11507	72
11507	72
11519	73
11531	73
11542	73
11554	73
11566	73
11578	73
11578	73
11589	73
11601	73
11613	73
11625	73
11636	73
11648	73
11648	73
11660	73
11671	73
11683	73
11695	73
11707	73
11718	73
11730	73
11742	73
11742	73
11753	73
11765	73
11777	73
11789	73
11800	73
11800	73
11812	73
11824	73
11835	73
11847	73
11859	73
11871	73
11882	73
11894	73
11894	73
11906	73
11917	73
11929	73
11941	73
11953	73
11964	73
11976	73
11988	73
12000	73
12011	73
12023	73
12035	73
12046	74
12058	74
12070	74
12082	74
12093	74
12105	74
12117	74
12117	74
12128	74
12140	74
12152	74
12164	74
12175	74
12187	74
12199	74
12210	74
12222	74
12234	74
12246	74
12246	74
12257	74
12269	74
12281	74
12292	74
12304	74
12316	74
12328	74
12339	74
12351	74
12363	74
12375	74
12386	74
12398	74
12410	74
12421	74
12433	74
12433	74
12445	74
12457	74
12468	74
12480	74
12492	74
12503	74
12515	74
12527	74
12539	74
12539	74
12550	74
12562	74
12574	74
12585	75
12597	75
12609	75
12621	75
12632	75
12644	75
12656	75
12667	75
12679	75
12691	75
12703	75
12714	75
12726	75
12738	75
12750	75
12761	75
12773	75
12785	75
12796	75
12796	75
12808	75
12820	75
12832	75
12843	75
12855	75
12867	75
12878	75
12890	75
12902	75
12914	75
12925	75
12937	75
12949	75
12960	75
12972	75
12984	75
12996	75
13007	75
13007	75
13019	75
13031	75
13042	75
13054	75
13066	75
13078	75
13089	75
13101	75
13125	75
13125	75
13136	75
13148	76
13160	76
13171	76
13183	76
13195	76
13207	76
13218	76
13230	76
13242	76
13253	76
13265	76
13277	76
13289	76
13300	76
13312	76
13324	76
13335	76
13347	76
13347	76
13359	76
13371	76
13382	76
13394	76
13406	76
13417	76
13429	76
13453	76
13464	76
13476	76
13488	76
13500	76
13511	76
13523	76
13535	76
13546	76
13558	76
13570	76
13582	76
13593	76
13605	76
13617	76
13628	76
13640	76
13652	76
13675	76
13687	76
13699	76
13710	76
13722	76
13722	76
13734	77
13746	77
13757	77
13769	77
13781	77
13804	77
13816	77
13828	77
13839	77
13851	77
13863	77
13875	77
13886	77
13898	77
13910	77
13921	77
13933	77
13945	77
13957	77
13968	77
13980	77
13992	77
14003	77
14015	77
14015	77
14027	77
14039	77
14050	77
14062	77
14074	77
14085	77
14097	77
14109	77
14121	77
14132	77
14144	77
14156	77
14167	77
14179	77
14191	77
14203	77
14214	77
14226	77
14238	77
14250	77
14261	77
14273	77
14285	77
14296	77
14308	77
14320	78
14332	78
14343	78
14355	78
14367	78
14378	78
14390	78
14402	78
14414	78
14425	78
14437	78
14449	78
14460	78
14472	78
14484	78
14496	78
14507	78
14519	78
14531	78
14554	78
14566	78
14578	78
14589	78
14601	78
14625	78
14636	78
14648	78
14660	78
14671	78
14683	78
14695	78
14707	78
14718	78
14730	78
14742	78
14753	78
14765	78
14777	78
14789	78
14800	78
14812	78
14824	78
14835	78
14847	78
14859	78
14871	78
14882	78
14894	78
14906	78
14917	78
14929	79
14941	79
14953	79
14964	79
14976	79
14988	79
15000	79
15011	79
15023	79
15046	79
15058	79
15070	79
15082	79
15093	79
15105	79
15117	79
15128	79
15140	79
15152	79
15164	79
15175	79
15187	79
15199	79
15210	79
15222	79
15234	79
15246	79
15257	79
15269	79
15281	79
15292	79
15316	79
15328	79
15339	79
15351	79
15375	79
15386	79
15398	79
15410	79
15421	79
15433	79
15445	79
15457	79
15468	79
15480	79
15492	79
15515	79
15527	79
15539	79
15550	79
15562	80
15574	80
15585	80
15597	80
15609	80
15621	80
15632	80
15644	80
15656	80
15667	80
15679	80
15691	80
15703	80
15714	80
15726	80
15750	80
15761	80
15773	80
15785	80
15796	80
15808	80
15820	80
15832	80
15843	80
15855	80
15867	80
15878	80
15890	80
15902	80
15914	80
15937	80
15949	80
15960	80
15972	80
15984	80
15996	80
16007	80
16019	80
16031	80
16042	80
16054	80
16078	80
16089	80
16101	80
16125	80
16136	80
16148	80
16160	80
16171	80
16183	80
16195	81
16207	81
16218	81
16230	81
16242	81
16265	81
16277	81
16289	81
16300	81
16312	81
16324	81
16335	81
16347	81
16359	81
16371	81
16382	81
16394	81
16406	81
16417	81
16429	81
16441	81
16453	81
16464	81
16476	81
16488	81
16500	81
16511	81
16523	81
16535	81
16546	81
16570	81
16582	81
16593	81
16605	81
16617	81
16628	81
16640	81
16652	81
16664	81
16675	81
16687	81
16699	81
16710	81
16722	81
16734	81
16746	81
16757	81
16769	81
16781	81
16792	81
16816	82
16828	82
16839	82
16863	82
16875	82
16886	82
16910	82
16921	82
16933	82
16945	82
16957	82
16968	82
16980	82
16992	82
17003	82
17027	82
17039	82
17050	82
17062	82
17074	82
17085	82
17097	82
17109	82
17121	82
17144	82
17156	82
17167	82
17179	82
17191	82
17203	82
17214	82
17226	82
17238	82
17250	82
17261	82
17273	82
17285	82
17296	82
17320	82
17332	82
17343	82
17355	82
17367	82
17378	82
17390	82
17402	82
17402	82
17414	82
17425	82
17437	82
17449	83
17472	83
17484	83
17496	83
17507	83
17519	83
17531	83
17542	83
17554	83
17566	83
17589	83
17601	83
17613	83
17625	83
17636	83
17648	83
17671	83
17683	83
17695	83
17707	83
17718	83
17730	83
17742	83
17753	83
17765	83
17789	83
17800	83
17812	83
17824	83
17835	83
17847	83
17859	83
17871	83
17882	83
17894	83
17906	83
17929	83
17941	83
17953	83
17964	83
17976	83
17988	83
18000	83
18011	83
18023	83
18046	83
18058	83
18070	83
18082	83
18093	83
18105	84
18117	84
18128	84
18140	84
18152	84
18164	84
18175	84
18187	84
18210	84
18222	84
18234	84
18246	84
18257	84
18269	84
18281	84
18292	84
18316	84
18328	84
18339	84
18351	84
18375	84
18386	84
18398	84
18410	84
18421	84
18433	84
18445	84
18457	84
18468	84
18480	84
18503	84
18515	84
18527	84
18539	84
18550	84
18562	84
18574	84
18585	84
18597	84
18609	84
18621	84
18632	84
18656	84
18667	84
18679	84
18691	84
18703	84
18714	84
18726	84
18738	84
18750	85
18761	85
18773	85
18785	85
18796	85
18820	85
18832	85
18843	85
18855	85
18867	85
18878	85
18890	85
18902	85
18902	85
18914	85
18925	85
18937	85
18949	85
18972	85
18984	85
18996	85
19007	85
19019	85
19031	85
19042	85
19054	85
19078	85
19089	85
19101	85
19113	85
19136	85
19148	85
19160	85
19171	85
19183	85
19195	85
19207	85
19230	85
19242	85
19253	85
19265	85
19289	85
19300	85
19312	85
19324	85
19347	85
19359	85
19371	85
19382	85
19394	85
19406	86
19429	86
19441	86
19453	86
19464	86
19488	86
19500	86
19511	86
19523	86
19535	86
19546	86
19570	86
19582	86
19593	86
19605	86
19617	86
19628	86
19640	86
19652	86
19664	86
19675	86
19687	86
19710	86
19722	86
19734	86
19746	86
19757	86
19769	86
19781	86
19792	86
19816	86
19828	86
19839	86
19851	86
19863	86
19875	86
19898	86
19910	86
19921	86
19933	86
19945	86
19957	86
19980	86
19992	86
20003	86
20015	86
20027	86
20039	86
20050	86
20074	86
20085	87
20097	87
20109	87
20121	87
20132	87
20144	87
20167	87
20179	87
20191	87
20203	87
20214	87
20238	87
20250	87
20261	87
20273	87
20285	87
20308	87
20320	87
20332	87
20343	87
20355	87
20367	87
20378	87
20390	87
20402	87
20414	87
20425	87
20449	87
20460	87
20472	87
20484	87
20496	87
20507	87
20519	87
20531	87
20554	87
20566	87
20578	87
20589	87
20601	87
20613	87
20625	87
20648	87
20660	87
20671	87
20683	87
20695	87
20707	87
20718	87
20742	87
20753	88
20765	88
20777	88
20789	88
20800	88
20812	88
20824	88
20835	88
20859	88
20871	88
20882	88
20894	88
20906	88
20929	88
20941	88
20953	88
20964	88
20988	88
21000	88
21011	88
21023	88
21046	88
21058	88
21070	88
21082	88
21093	88
21105	88
21128	88
21140	88
21152	88
21164	88
21175	88
21187	88
21199	88
21210	88
21234	88
21246	88
21257	88
21269	88
21281	88
21292	88
21316	88
21328	88
21339	88
21351	88
21363	88
21375	88
21398	88
21410	88
21421	88
21433	89
21445	89
21457	89
21480	89
21492	89
21503	89
21515	89
21527	89
21539	89
21550	89
21562	89
21585	89
21597	89
21609	89
21621	89
21632	89
21644	89
21667	89
21679	89
21691	89
21703	89
21726	89
21738	89
21750	89
21773	89
21785	89
21796	89
21808	89
21820	89
21843	89
21855	89
21867	89
21878	89
21890	89
21902	89
21914	89
21925	89
21937	89
21960	89
21972	89
21984	89
21996	89
22007	89
22031	89
22042	89
22054	89
22066	89
22078	89
22089	89
22101	89
22125	90
22136	90
22148	90
22160	90
22171	90
22195	90
22207	90
22218	90
22230	90
22242	90
22265	90
22277	90
22289	90
22300	90
22312	90
22335	90
22347	90
22359	90
22371	90
22382	90
22406	90
22417	90
22429	90
22453	90
22464	90
22476	90
22500	90
22511	90
22523	90
22535	90
22558	90
22570	90
22582	90
22593	90
22605	90
22628	90
22640	90
22652	90
22664	90
22675	90
22687	90
22699	90
22710	90
22734	90
22746	90
22757	90
22769	90
22781	90
22804	90
22816	90
22828	91
22839	91
22851	91
22875	91
22886	91
22898	91
22910	91
22921	91
22945	91
22957	91
22968	91
22980	91
22992	91
23015	91
23027	91
23039	91
23050	91
23074	91
23085	91
23097	91
23109	91
23121	91
23144	91
23156	91
23167	91
23191	91
23203	91
23226	91
23238	91
23261	91
23273	91
23285	91
23296	91
23320	91
23332	91
23343	91
23355	91
23367	91
23390	91
23402	91
23414	91
23425	91
23437	91
23449	91
23472	91
23484	91
23496	91
23507	91
23531	91
23542	91
23554	92
23566	92
23578	92
23589	92
23613	92
23625	92
23636	92
23648	92
23660	92
23683	92
23695	92
23707	92
23718	92
23742	92
23753	92
23765	92
23777	92
23789	92
23800	92
23824	92
23835	92
23847	92
23859	92
23871	92
23894	92
23906	92
23917	92
23941	92
23953	92
23964	92
23988	92
24000	92
24023	92
24035	92
24046	92
24058	92
24082	92
24093	92
24105	92
24117	92
24140	92
24152	92
24164	92
24187	92
24199	92
24210	92
24222	92
24246	92
24257	92
24269	92
24281	93
24304	93
24316	93
24328	93
24351	93
24363	93
24375	93
24398	93
24410	93
24421	93
24445	93
24457	93
24468	93
24480	93
24503	93
24515	93
24527	93
24539	93
24550	93
24574	93
24585	93
24597	93
24609	93
24632	93
24644	93
24656	93
24667	93
24691	93
24703	93
24726	93
24738	93
24750	93
24773	93
24785	93
24796	93
24808	93
24832	93
24843	93
24855	93
24867	93
24890	93
24902	93
24914	93
24937	93
24949	93
24960	93
24972	93
24996	93
25007	93
25019	93
25031	94
25054	94
25066	94
25089	94
25101	94
25113	94
25136	94
25148	94
25160	94
25183	94
25195	94
25207	94
25230	94
25242	94
25253	94
25265	94
25289	94
25300	94
25312	94
25324	94
25347	94
25359	94
25371	94
25394	94
25406	94
25417	94
25441	94
25453	94
25476	94
25488	94
25511	94
25523	94
25535	94
25558	94
25570	94
25582	94
25605	94
25617	94
25640	94
25652	94
25675	94
25687	94
25699	94
25722	94
25734	94
25746	94
25757	94
25781	94
25792	94
25816	94
25828	95
25839	95
25863	95
25875	95
25898	95
25910	95
25921	95
25933	95
25957	95
25968	95
25980	95
26003	95
26015	95
26027	95
26039	95
26050	95
26062	95
26074	95
26097	95
26109	95
26121	95
26144	95
26156	95
26167	95
26191	95
26203	95
26214	95
26238	95
26250	95
26261	95
26285	95
26296	95
26308	95
26332	95
26343	95
26355	95
26378	95
26390	95
26414	95
26425	95
26449	95
26460	95
26472	95
26496	95
26507	95
26519	95
26542	95
26554	95
26578	95
26601	95
26613	96
26636	96
26648	96
26671	96
26683	96
26695	96
26718	96
26730	96
26742	96
26765	96
26777	96
26789	96
26812	96
26824	96
26835	96
26859	96
26871	96
26882	96
26906	96
26917	96
26929	96
26953	96
26964	96
26976	96
27000	96
27011	96
27023	96
27046	96
27058	96
27082	96
27093	96
27105	96
27117	96
27140	96
27152	96
27175	96
27187	96
27199	96
27222	96
27234	96
27246	96
27257	96
27281	96
27304	96
27316	96
27339	96
27351	96
27375	96
27398	96
27410	96
27421	97
27445	97
27457	97
27468	97
27492	97
27503	97
27527	97
27539	97
27562	97
27574	97
27585	97
27609	97
27621	97
27644	97
27656	97
27667	97
27691	97
27703	97
27714	97
27738	97
27750	97
27773	97
27785	97
27808	97
27820	97
27832	97
27855	97
27867	97
27890	97
27902	97
27925	97
27937	97
27949	97
27972	97
27984	97
27996	97
28019	97
28031	97
28054	97
28078	97
28089	97
28113	97
28136	97
28148	97
28171	97
28183	97
28195	97
28218	97
28230	97
28253	97
28265	98
28289	98
28300	98
28312	98
28324	98
28347	98
28359	98
28382	98
28394	98
28406	98
28429	98
28441	98
28453	98
28476	98
28488	98
28500	98
28523	98
28535	98
28546	98
28570	98
28582	98
28605	98
28617	98
28628	98
28640	98
28664	98
28675	98
28699	98
28710	98
28722	98
28746	98
28757	98
28781	98
28792	98
28816	98
28839	98
28863	98
28875	98
28898	98
28921	98
28933	98
28945	98
28968	98
28980	98
29003	98
29015	98
29039	98
29062	98
29074	98
29085	98
29109	99
29121	99
29144	99
29156	99
29179	99
29191	99
29203	99
29226	99
29238	99
29261	99
29273	99
29285	99
29308	99
29320	99
29343	99
29355	99
29367	99
29378	99
29402	99
29414	99
29425	99
29437	99
29460	99
29472	99
29496	99
29507	99
29531	99
29542	99
29554	99
29578	99
29601	99
29613	99
29636	99
29648	99
29671	99
29683	99
29707	99
29718	99
29730	99
29753	99
29777	99
29789	99
29812	99
29824	99
29835	99
29859	99
29871	99
29894	99
29906	99
29929	99
29941	100
29964	100
29976	100
30000	100
30011	100
30035	100
30046	100
30070	100
30082	100
30105	100
30117	100
30128	100
30152	100
30164	100
30187	100
30199	100
30210	100
30234	100
30246	100
30269	100
30281	100
30304	100
30316	100
30339	100
30351	100
30375	100
30398	100
30410	100
30421	100
30445	100
30457	100
30480	100
30492	100
30515	100
30527	100
30539	100
30562	100
30574	100
30585	100
30609	100
30621	100
30644	100
30656	100
30679	100
30691	100
30703	100
30726	100
30738	100
30761	100
30773	100
30785	101
30808	101
30820	101
30843	101
30855	101
30867	101
30890	101
30902	101
30914	101
30925	101
30937	101
30960	101
30972	101
30996	101
31007	101
31031	101
31042	101
31054	101
31078	101
31101	101
31113	101
31136	101
31148	101
31171	101
31183	101
31207	101
31218	101
31242	101
31253	101
31277	101
31300	101
31312	101
31335	101
31347	101
31359	101
31382	101
31394	101
31417	101
31441	101
31453	101
31476	101
31500	101
31511	101
31535	101
31546	101
31558	101
31582	101
31593	101
31617	101
31628	101
31652	102
31664	102
31675	102
31699	102
31710	102
31722	102
31746	102
31757	102
31781	102
31792	102
31816	102
31828	102
31851	102
31863	102
31886	102
31898	102
31921	102
31933	102
31957	102
31968	102
31980	102
32003	102
32015	102
32039	102
32050	102
32074	102
32085	102
32097	102
32121	102
32132	102
32156	102
32167	102
32191	102
32203	102
32226	102
32238	102
32261	102
32273	102
32296	102
32308	102
32332	102
32343	102
32367	102
32378	102
32390	102
32414	102
32425	102
32437	102
32460	102
32472	102
32496	103
32507	103
32531	103
32542	103
32554	103
32578	103
32589	103
32613	103
32625	103
32648	103
32660	103
32683	103
32695	103
32718	103
32730	103
32753	103
32765	103
32777	103
32800	103
32812	103
32835	103
32847	103
32871	103
32882	103
32906	103
32917	103
32941	103
32953	103
32976	103
33000	103
33011	103
33035	103
33046	103
33070	103
33082	103
33093	103
33117	103
33128	103
33152	103
33164	103
33175	103
33199	103
33210	103
33234	103
33246	103
33269	103
33281	103
33292	103
33316	103
33328	103
33351	104
33363	104
33386	104
33398	104
33421	104
33433	104
33457	104
33468	104
33480	104
33503	104
33515	104
33539	104
33550	104
33574	104
33585	104
33597	104
33621	104
33632	104
33656	104
33667	104
33691	104
33714	104
33738	104
33750	104
33773	104
33785	104
33808	104
33820	104
33843	104
33855	104
33878	104
33890	104
33902	104
33925	104
33937	104
33949	104
33972	104
33984	104
34007	104
34019	104
34042	104
34054	104
34078	104
34089	104
34101	104
34125	104
34136	104
34160	104
34171	104
34195	104
34207	105
34230	105
34242	105
34265	105
34277	105
34300	105
34312	105
34324	105
34347	105
34359	105
34382	105
34394	105
34417	105
34441	105
34453	105
34476	105
34500	105
34511	105
34535	105
34546	105
34570	105
34582	105
34605	105
34617	105
34640	105
34652	105
34675	105
34687	105
34699	105
34722	105
34734	105
34757	105
34769	105
34792	105
34804	105
34828	105
34839	105
34863	105
34875	105
34898	105
34910	105
34933	105
34945	105
34968	105
34980	105
35003	105
35015	105
35039	105
35050	105
35074	105
35085	106
35109	106
35121	106
35144	106
35156	106
35179	106
35203	106
35214	106
35238	106
35261	106
35273	106
35296	106
35308	106
35332	106
35343	106
35367	106
35378	106
35402	106
35414	106
35425	106
35449	106
35460	106
35484	106
35496	106
35519	106
35531	106
35554	106
35566	106
35578	106
35601	106
35613	106
35636	106
35648	106
35671	106
35683	106
35707	106
35718	106
35742	106
35753	106
35777	106
35789	106
35812	106
35824	106
35835	106
35859	106
35871	106
35894	106
35906	106
35929	106
35953	106
35976	107
35988	107
36011	107
36023	107
36046	107
36058	107
36082	107
36093	107
36117	107
36140	107
36152	107
36175	107
36187	107
36210	107
36222	107
36246	107
36257	107
36281	107
36292	107
36316	107
36339	107
36351	107
36375	107
36386	107
36410	107
36421	107
36445	107
36468	107
36480	107
36492	107
36515	107
36527	107
36550	107
36562	107
36585	107
36597	107
36621	107
36632	107
36656	107
36679	107
36691	107
36714	107
36738	107
36750	107
36773	107
36785	107
36808	107
36820	107
36843	107
36867	107
36878	108
36902	108
36914	108
36937	108
36949	108
36972	108
36984	108
37007	108
37019	108
37042	108
37066	108
37078	108
37101	108
37125	108
37136	108
37160	108
37171	108
37195	108
37207	108
37230	108
37242	108
37265	108
37277	108
37300	108
37312	108
37335	108
37359	108
37371	108
37394	108
37406	108
37429	108
37453	108
37464	108
37488	108
37511	108
37535	108
37546	108
37570	108
37582	108
37605	108
37628	108
37640	108
37664	108
37687	108
37710	108
37722	108
37746	108
37757	108
37781	108
37792	108
37816	109
37839	109
37863	109
37875	109
37898	109
37921	109
37933	109
37957	109
37968	109
37992	109
38003	109
38027	109
38039	109
38050	109
38074	109
38085	109
38109	109
38121	109
38144	109
38167	109
38179	109
38203	109
38214	109
38238	109
38250	109
38273	109
38296	109
38308	109
38332	109
38343	109
38367	109
38390	109
38414	109
38425	109
38449	109
38460	109
38484	109
38496	109
38519	109
38542	109
38566	109
38589	109
38613	109
38636	109
38648	109
38671	109
38683	109
38707	109
38730	109
38742	109
38765	110
38789	110
38800	110
38824	110
38835	110
38859	110
38871	110
38894	110
38917	110
38929	110
38953	110
38964	110
38988	110
39011	110
39023	110
39046	110
39058	110
39082	110
39105	110
39117	110
39140	110
39152	110
39175	110
39199	110
39210	110
39234	110
39246	110
39269	110
39292	110
39316	110
39339	110
39363	110
39386	110
39398	110
39421	110
39445	110
39457	110
39480	110
39492	110
39515	110
39539	110
39550	110
39574	110
39597	110
39609	110
39632	110
39644	110
39667	110
39691	110
39703	110
39726	111
39750	111
39761	111
39785	111
39796	111
39820	111
39843	111
39855	111
39878	111
39902	111
39914	111
39937	111
39960	111
39972	111
39996	111
40019	111
40031	111
40054	111
40078	111
40101	111
40125	111
40148	111
40171	111
40183	111
40207	111
40230	111
40242	111
40265	111
40289	111
40300	111
40324	111
40347	111
40359	111
40382	111
40406	111
40417	111
40441	111
40453	111
40476	111
40488	111
40511	111
40535	111
40546	111
40570	111
40593	111
40605	111
40628	111
40640	111
40664	111
40687	111
40699	112
40722	112
40734	112
40757	112
40781	112
40804	112
40828	112
40851	112
40875	112
40898	112
40921	112
40933	112
40957	112
40968	112
40992	112
41015	112
41039	112
41062	112
41085	112
41097	112
41121	112
41144	112
41156	112
41179	112
41191	112
41214	112
41238	112
41250	112
41273	112
41296	112
41308	112
41332	112
41355	112
41367	112
41390	112
41402	112
41414	112
41437	112
41449	112
41472	112
41496	112
41507	112
41531	112
41554	112
41578	112
41601	112
41613	112
41636	112
41660	112
41683	112
41695	113
41718	113
41742	113
41753	113
41777	113
41800	113
41824	113
41835	113
41859	113
41882	113
41906	113
41917	113
41941	113
41964	113
41988	113
42000	113
42023	113
42046	113
42058	113
42082	113
42105	113
42117	113
42140	113
42164	113
42175	113
42199	113
42222	113
42234	113
42257	113
42281	113
42304	113
42328	113
42339	113
42363	113
42386	113
42410	113
42433	113
42445	113
42468	113
42492	113
42503	113
42527	113
42550	113
42562	113
42585	113
42609	113
42621	113
42644	113
42667	113
42679	113
42703	114
42726	114
42750	114
42761	114
42785	114
42808	114
42820	114
42843	114
42867	114
42878	114
42890	114
42914	114
42925	114
42949	114
42972	114
42984	114
43007	114
43031	114
43054	114
43066	114
43089	114
43113	114
43136	114
43160	114
43183	114
43195	114
43218	114
43242	114
43265	114
43289	114
43312	114
43335	114
43347	114
43371	114
43394	114
43406	114
43429	114
43453	114
43476	114
43500	114
43523	114
43546	114
43570	114
43582	114
43605	114
43628	114
43640	114
43664	114
43687	114
43699	114
43722	115
43746	115
43769	115
43781	115
43804	115
43828	115
43851	115
43875	115
43886	115
43910	115
43933	115
43957	115
43968	115
43992	115
44015	115
44039	115
44050	115
44074	115
44097	115
44109	115
44132	115
44156	115
44179	115
44203	115
44226	115
44238	115
44261	115
44285	115
44308	115
44320	115
44343	115
44367	115
44378	115
44402	115
44425	115
44437	115
44460	115
44484	115
44496	115
44519	115
44542	115
44566	115
44578	115
44601	115
44625	115
44648	115
44660	115
44683	115
44707	115
44730	115
44742	116
44765	116
44789	116
44812	116
44824	116
44847	116
44871	116
44894	116
44906	116
44929	116
44953	116
44976	116
45000	116
45023	116
45046	116
45070	116
45093	116
45105	116
45128	116
45152	116
45164	116
45187	116
45210	116
45222	116
45246	116
45269	116
45292	116
45304	116
45328	116
45351	116
45375	116
45386	116
45410	116
45433	116
45457	116
45480	116
45492	116
45515	116
45539	116
45550	116
45574	116
45597	116
45609	116
45632	116
45656	116
45679	116
45703	116
45726	116
45750	116
45773	116
45796	117
45820	117
45832	117
45855	117
45878	117
45890	117
45914	117
45937	117
45949	117
45972	117
45996	117
46019	117
46031	117
46054	117
46078	117
46101	117
46113	117
46136	117
46160	117
46183	117
46207	117
46218	117
46242	117
46265	117
46277	117
46300	117
46324	117
46347	117
46359	117
46382	117
46406	117
46429	117
46453	117
46476	117
46500	117
46523	117
46546	117
46570	117
46593	117
46605	117
46628	117
46652	117
46675	117
46687	117
46710	117
46734	117
46757	117
46769	117
46792	117
46816	117
46839	118
46851	118
46875	118
46898	118
46921	118
46945	118
46957	118
46980	118
47003	118
47027	118
47050	118
47062	118
47085	118
47109	118
47132	118
47144	118
47167	118
47191	118
47226	118
47250	118
47273	118
47285	118
47308	118
47332	118
47355	118
47378	118
47390	118
47414	118
47437	118
47449	118
47472	118
47496	118
47519	118
47531	118
47554	118
47578	118
47601	118
47613	118
47636	118
47660	118
47683	118
47707	118
47730	118
47742	118
47765	118
47789	118
47800	118
47824	118
47847	118
47871	118
47894	119
47906	119
47929	119
47953	119
47988	119
48011	119
48023	119
48046	119
48070	119
48093	119
48117	119
48140	119
48164	119
48175	119
48199	119
48222	119
48246	119
48257	119
48281	119
48304	119
48328	119
48351	119
48375	119
48398	119
48421	119
48433	119
48457	119
48480	119
48503	119
48515	119
48539	119
48562	119
48585	119
48597	119
48621	119
48644	119
48667	119
48691	119
48714	119
48738	119
48761	119
48785	119
48796	119
48820	119
48843	119
48867	119
48890	119
48902	119
48925	119
48949	119
48972	120
48996	120
49007	120
49031	120
49054	120
49078	120
49101	120
49125	120
49148	120
49171	120
49195	120
49218	120
49230	120
49253	120
49277	120
49300	120
49324	120
49335	120
49359	120
49382	120
49406	120
49429	120
49453	120
49476	120
49500	120
49523	120
49546	120
49570	120
49593	120
49617	120
49640	120
49664	120
49687	120
49710	120
49734	120
49757	120
49781	120
49804	120
49828	120
49851	120
49875	120
49898	120
49910	120
49933	120
49957	120
49980	120
50003	120
50015	120
50039	120
50050	120
50074	121
50097	121
50121	121
50144	121
50167	121
50179	121
50203	121
50226	121
50250	121
50273	121
50296	121
50320	121
50332	121
50355	121
50378	121
50402	121
50425	121
50449	121
50472	121
50496	121
50519	121
50542	121
50566	121
50589	121
50613	121
50648	121
50660	121
50683	121
50707	121
50730	121
50753	121
50777	121
50800	121
50824	121
50835	121
50859	121
50882	121
50906	121
50929	121
50953	121
50976	121
51000	121
51023	121
51035	121
51058	121
51082	121
51105	121
51128	121
51152	121
51175	121
51199	122
51222	122
51234	122
51257	122
51281	122
51316	122
51339	122
51363	122
51386	122
51410	122
51433	122
51457	122
51480	122
51503	122
51527	122
51550	122
51574	122
51597	122
51621	122
51644	122
51656	122
51679	122
51703	122
51726	122
51750	122
51773	122
51796	122
51820	122
51843	122
51867	122
51878	122
51914	122
51937	122
51949	122
51972	122
51996	122
52019	122
52042	122
52078	122
52101	122
52125	122
52148	122
52171	122
52195	122
52218	122
52242	122
52265	122
52289	122
52312	122
52335	122
52359	123
52382	123
52394	123
52417	123
52441	123
52464	123
52488	123
52500	123
52523	123
52546	123
52570	123
52593	123
52617	123
52640	123
52664	123
52687	123
52710	123
52722	123
52746	123
52769	123
52804	123
52828	123
52851	123
52886	123
52910	123
52933	123
52957	123
52980	123
53003	123
53027	123
53050	123
53074	123
53097	123
53121	123
53144	123
53167	123
53191	123
53214	123
53238	123
53261	123
53285	123
53308	123
53332	123
53355	123
53367	123
53390	123
53402	123
53425	123
53449	123
53472	123
53496	124
53519	124
53542	124
53566	124
53589	124
53613	124
53636	124
53660	124
53683	124
53707	124
53730	124
53753	124
53777	124
53800	124
53824	124
53847	124
53871	124
53894	124
53917	124
53941	124
53964	124
53988	124
54011	124
54035	124
54058	124
54082	124
54105	124
54128	124
54152	124
54175	124
54199	124
54210	124
54234	124
54257	124
54281	124
54316	124
54339	124
54363	124
54386	124
54410	124
54433	124
54457	124
54480	124
54503	124
54527	124
54550	124
54574	124
54597	124
54621	124
54644	124
54667	125
54691	125
54714	125
54738	125
54761	125
54785	125
54808	125
54832	125
54855	125
54867	125
54890	125
54914	125
54925	125
54949	125
54972	125
54996	125
55019	125
55042	125
55066	125
55089	125
55125	125
55148	125
55171	125
55195	125
55218	125
55242	125
55265	125
55289	125
55312	125
55335	125
55359	125
55382	125
55406	125
55441	125
55464	125
55488	125
55511	125
55535	125
55558	125
55582	125
55605	125
55628	125
55652	125
55675	125
55699	125
55722	125
55746	125
55769	125
55792	125
55816	125
55839	126
55863	126
55886	126
55910	126
55933	126
55957	126
55980	126
56015	126
56039	126
56062	126
56085	126
56109	126
56132	126
56156	126
56179	126
56203	126
56226	126
56250	126
56273	126
56296	126
56320	126
56343	126
56367	126
56390	126
56414	126
56437	126
56460	126
56484	126
56507	126
56531	126
56554	126
56578	126
56601	126
56625	126
56648	126
56671	126
56695	126
56718	126
56742	126
56765	126
56789	126
56812	126
56835	126
56859	126
56882	126
56906	126
56929	126
56953	126
56976	126
57011	126
57035	127
57058	127
57082	127
57105	127
57128	127
57152	127
57164	127
57187	127
57210	127
57234	127
57257	127
57281	127
57304	127
57328	127
57351	127
57375	127
57398	127
57421	127
57457	127
57480	127
57503	127
57515	127
57550	127
57574	127
57597	127
57621	127
57644	127
57667	127
57691	127
57726	127
57750	127
57773	127
57796	127
57820	127
57843	127
57867	127
57890	127
57914	127
57937	127
57960	127
57984	127
58007	127
58031	127
58054	127
58078	127
58101	127
58125	127
58148	127
58171	127
58207	127
58230	128
58253	128
58277	128
58300	128
58324	128
58347	128
58371	128
58394	128
58417	128
58441	128
58476	128
58500	128
58523	128
58546	128
58570	128
58593	128
58617	128
58640	128
58664	128
58687	128
58710	128
58734	128
58757	128
58781	128
58804	128
58828	128
58851	128
58875	128
58898	128
58921	128
58945	128
58968	128
58992	128
59015	128
59050	128
59074	128
59097	128
59121	128
59144	128
59167	128
59191	128
59226	128
59250	128
59273	128
59308	128
59332	128
59355	128
59378	128
59402	128
59425	128
59449	129
59472	129
59496	129
59519	129
59542	129
59566	129
59589	129
59613	129
59636	129
59660	129
59683	129
59718	129
59742	129
59753	129
59777	129
59800	129
59835	129
59859	129
59882	129
59906	129
59929	129
59953	129
59988	129
60011	129
60035	129
60058	129
60082	129
60105	129
60128	129
60164	129
60187	129
60210	129
60234	129
60257	129
60281	129
60304	129
60328	129
60351	129
60375	129
60410	129
60433	129
60457	129
60480	129
60503	129
60527	129
60550	129
60574	129
60597	129
60621	129
60644	129
60667	130
60691	130
60726	130
60750	130
60773	130
60796	130
60820	130
60843	130
60867	130
60890	130
60925	130
60949	130
60972	130
60996	130
61019	130
61042	130
61066	130
61101	130
61125	130
61148	130
61171	130
61195	130
61218	130
61242	130
61277	130
61300	130
61324	130
61347	130
61371	130
61394	130
61417	130
61453	130
61476	130
61500	130
61535	130
61558	130
61582	130
61605	130
61628	130
61664	130
61687	130
61710	130
61734	130
61757	130
61792	130
61816	130
61839	130
61875	130
61898	130
61921	130
61945	131
61968	131
61992	131
62015	131
62039	131
62062	131
62074	131
62109	131
62132	131
62156	131
62179	131
62203	131
62226	131
62250	131
62273	131
62296	131
62320	131
62355	131
62378	131
62402	131
62425	131
62449	131
62472	131
62496	131
62531	131
62554	131
62589	131
62613	131
62648	131
62671	131
62695	131
62718	131
62742	131
62765	131
62789	131
62824	131
62847	131
62871	131
62894	131
62917	131
62941	131
62964	131
62988	131
63023	131
63046	131
63070	131
63093	131
63117	131
63140	131
63164	131
63199	132
63222	132
63246	132
63269	132
63292	132
63328	132
63363	132
63386	132
63410	132
63433	132
63468	132
63492	132
63515	132
63539	132
63562	132
63597	132
63621	132
63644	132
63667	132
63691	132
63714	132
63750	132
63773	132
63796	132
63820	132
63843	132
63867	132
63902	132
63925	132
63949	132
63972	132
63996	132
64031	132
64054	132
64089	132
64113	132
64148	132
64171	132
64195	132
64218	132
64242	132
64277	132
64300	132
64324	132
64347	132
64371	132
64394	132
64417	132
64441	132
64464	132
64488	133
64511	133
64546	133
64570	133
64593	133
64617	133
64640	133
64664	133
64687	133
64710	133
64734	133
64757	133
64792	133
64828	133
64851	133
64886	133
64910	133
64933	133
64968	133
64992	133
65027	133
65050	133
65074	133
65097	133
65132	133
65156	133
65179	133
65203	133
65226	133
65250	133
65285	133
65308	133
65332	133
65355	133
65378	133
65402	133
65425	133
65449	133
65472	133
65496	133
65531	133
65554	133
65578	133
65613	133
65636	133
65660	133
65683	133
65718	133
65742	133
65765	133
65800	134
65824	134
65847	134
65871	134
65894	134
65917	134
65953	134
65976	134
66000	134
66023	134
66058	134
66082	134
66105	134
66128	134
66152	134
66175	134
66199	134
66234	134
66257	134
66281	134
66304	134
66339	134
66363	134
66398	134
66421	134
66445	134
66468	134
66492	134
66515	134
66550	134
66574	134
66597	134
66621	134
66644	134
66679	134
66703	134
66726	134
66750	134
66773	134
66808	134
66832	134
66855	134
66878	134
66902	134
66925	134
66949	134
66972	134
66996	134
67031	134
67054	134
67078	135
67113	135
67136	135
67160	135
67195	135
67218	135
67242	135
67277	135
67300	135
67335	135
67359	135
67382	135
67406	135
67441	135
67464	135
67500	135
67523	135
67558	135
67582	135
67605	135
67628	135
67652	135
67675	135
67699	135
67734	135
67757	135
67781	135
67804	135
67839	135
67863	135
67886	135
67921	135
67945	135
67968	135
67992	135
68015	135
68050	135
68074	135
68097	135
68121	135
68156	135
68179	135
68203	135
68238	135
68261	135
68285	135
68320	135
68343	135
68367	135
68390	135
68414	136
68437	136
68460	136
68496	136
68519	136
68542	136
68566	136
68589	136
68625	136
68648	136
68671	136
68707	136
68730	136
68753	136
68777	136
68812	136
68835	136
68859	136
68882	136
68917	136
68941	136
68976	136
69000	136
69035	136
69058	136
69082	136
69105	136
69140	136
69164	136
69187	136
69210	136
69234	136
69269	136
69292	136
69316	136
69339	136
69375	136
69398	136
69421	136
69445	136
69480	136
69503	136
69527	136
69550	136
69574	136
69609	136
69632	136
69656	136
69691	136
69714	136
69750	137
69773	137
69796	137
69832	137
69855	137
69878	137
69902	137
69925	137
69949	137
69984	137
70007	137
70031	137
70054	137
70078	137
70113	137
70136	137
70160	137
70183	137
70218	137
70242	137
70265	137
70289	137
70324	137
70347	137
70371	137
70394	137
70429	137
70464	137
70488	137
70523	137
70546	137
70570	137
70605	137
70628	137
70652	137
70675	137
70699	137
70734	137
70757	137
70781	137
70804	137
70839	137
70863	137
70886	137
70921	137
70945	137
70968	137
70992	137
71027	137
71050	137
71074	138
71109	138
71132	138
71156	138
71191	138
71226	138
71250	138
71285	138
71308	138
71332	138
71355	138
71390	138
71414	138
71437	138
71460	138
71484	138
71519	138
71542	138
71566	138
71589	138
71625	138
71648	138
71671	138
71695	138
71730	138
71753	138
71777	138
71800	138
71824	138
71847	138
71882	138
71906	138
71941	138
71964	138
72000	138
72023	138
72046	138
72082	138
72105	138
72128	138
72164	138
72187	138
72210	138
72234	138
72269	138
72292	138
72316	138
72351	138
72375	138
72410	138
72433	139
72457	139
72480	139
72515	139
72539	139
72562	139
72585	139
72621	139
72644	139
72667	139
72703	139
72726	139
72761	139
72785	139
72820	139
72843	139
72867	139
72890	139
72925	139
72949	139
72972	139
73007	139
73031	139
73066	139
73089	139
73125	139
73148	139
73171	139
73207	139
73230	139
73253	139
73277	139
73312	139
73335	139
73359	139
73394	139
73417	139
73453	139
73476	139
73511	139
73535	139
73558	139
73593	139
73617	139
73652	139
73687	139
73710	139
73734	139
73769	139
73792	139
73828	140
73851	140
73886	140
73910	140
73933	140
73968	140
73992	140
74015	140
74039	140
74062	140
74085	140
74109	140
74144	140
74167	140
74191	140
74226	140
74250	140
74273	140
74308	140
74332	140
74355	140
74390	140
74414	140
74449	140
74472	140
74496	140
74531	140
74554	140
74589	140
74625	140
74660	140
74683	140
74707	140
74742	140
74765	140
74789	140
74824	140
74847	140
74871	140
74906	140
74929	140
74953	140
74988	140
75011	140
75035	140
75070	140
75093	140
75128	140
75152	140
75175	140
75210	141
75234	141
75257	141
75292	141
75328	141
75351	141
75386	141
75421	141
75445	141
75468	141
75503	141
75527	141
75562	141
75585	141
75609	141
75644	141
75667	141
75691	141
75726	141
75750	141
75773	141
75808	141
75832	141
75867	141
75890	141
75925	141
75949	141
75972	141
76007	141
76031	141
76066	141
76101	141
76136	141
76160	141
76195	141
76218	141
76242	141
76277	141
76300	141
76324	141
76359	141
76382	141
76417	141
76441	141
76464	141
76488	141
76511	141
76546	141
76570	141
76605	141
76628	142
76652	142
76675	142
76710	142
76734	142
76757	142
76792	142
76828	142
76863	142
76898	142
76921	142
76957	142
76980	142
77015	142
77050	142
77074	142
77109	142
77132	142
77156	142
77191	142
77214	142
77250	142
77273	142
77296	142
77332	142
77355	142
77378	142
77402	142
77425	142
77460	142
77484	142
77507	142
77542	142
77566	142
77601	142
77636	142
77660	142
77695	142
77718	142
77753	142
77777	142
77812	142
77835	142
77859	142
77894	142
77917	142
77953	142
77976	142
78011	142
78035	142
78070	143
78093	143
78117	143
78152	143
78175	143
78199	143
78234	143
78257	143
78292	143
78316	143
78351	143
78375	143
78410	143
78433	143
78468	143
78492	143
78527	143
78550	143
78574	143
78609	143
78632	143
78667	143
78691	143
78714	143
78750	143
78773	143
78808	143
78832	143
78855	143
78890	143
78902	143
78937	143
78960	143
78984	143
79019	143
79042	143
79078	143
79113	143
79136	143
79171	143
79195	143
79230	143
79253	143
79289	143
79324	143
79347	143
79382	143
79406	143
79441	143
79476	143
79511	144
79535	144
79570	144
79593	144
79617	144
79652	144
79675	144
79699	144
79734	144
79757	144
79792	144
79816	144
79851	144
79875	144
79910	144
79933	144
79968	144
79992	144
80027	144
80050	144
80074	144
80109	144
80132	144
80167	144
80191	144
80226	144
80250	144
80285	144
80308	144
80343	144
80367	144
80390	144
80425	144
80449	144
80472	144
80507	144
80531	144
80566	144
80589	144
80625	144
80648	144
80671	144
80707	144
80730	144
80765	144
80789	144
80824	144
80847	144
80882	144
80906	144
80941	145
80976	145
81000	145
81035	145
81058	145
81093	145
81117	145
81152	145
81175	145
81199	145
81234	145
81257	145
81292	145
81316	145
81351	145
81375	145
81398	145
81433	145
81468	145
81492	145
81515	145
81550	145
81574	145
81609	145
81632	145
81667	145
81691	145
81726	145
81761	145
81796	145
81820	145
81855	145
81878	145
81902	145
81937	145
81960	145
81984	145
82019	145
82042	145
82078	145
82101	145
82125	145
82160	145
82183	145
82218	145
82242	145
82277	145
82300	145
82335	145
82359	145
82394	146
82417	146
82453	146
82488	146
82523	146
82546	146
82582	146
82605	146
82640	146
82664	146
82687	146
82722	146
82746	146
82781	146
82804	146
82828	146
82863	146
82886	146
82921	146
82957	146
82980	146
83003	146
83039	146
83074	146
83097	146
83121	146
83156	146
83191	146
83226	146
83261	146
83285	146
83320	146
83343	146
83378	146
83402	146
83425	146
83460	146
83484	146
83519	146
83542	146
83578	146
83601	146
83636	146
83660	146
83695	146
83718	146
83753	146
83777	146
83800	146
83835	146
83859	147
83894	147
83917	147
83953	147
83988	147
84023	147
84046	147
84082	147
84105	147
84140	147
84164	147
84199	147
84222	147
84257	147
84281	147
84316	147
84351	147
84375	147
84410	147
84433	147
84468	147
84492	147
84527	147
84550	147
84574	147
84609	147
84632	147
84667	147
84703	147
84726	147
84761	147
84796	147
84820	147
84855	147
84878	147
84914	147
84937	147
84972	147
84996	147
85031	147
85054	147
85089	147
85125	147
85148	147
85183	147
85207	147
85242	147
85265	147
85300	147
85324	147
85359	148
85382	148
85417	148
85453	148
85476	148
85511	148
85546	148
85570	148
85605	148
85640	148
85675	148
85699	148
85734	148
85757	148
85792	148
85828	148
85863	148
85886	148
85921	148
85945	148
85980	148
86003	148
86027	148
86062	148
86085	148
86121	148
86144	148
86179	148
86203	148
86238	148
86261	148
86296	148
86320	148
86355	148
86390	148
86414	148
86449	148
86472	148
86507	148
86542	148
86578	148
86613	148
86648	148
86671	148
86707	148
86730	148
86765	148
86789	148
86824	148
86847	148
86882	149
86906	149
86941	149
86976	149
87000	149
87035	149
87058	149
87093	149
87117	149
87152	149
87175	149
87210	149
87234	149
87269	149
87304	149
87339	149
87375	149
87410	149
87433	149
87468	149
87492	149
87527	149
87562	149
87585	149
87621	149
87656	149
87679	149
87714	149
87738	149
87773	149
87796	149
87832	149
87867	149
87890	149
87925	149
87960	149
87984	149
88019	149
88054	149
88089	149
88125	149
88160	149
88195	149
88218	149
88253	149
88277	149
88312	149
88335	149
88371	149
88406	149
88429	150
88453	150
88488	150
88511	150
88546	150
88582	150
88605	150
88628	150
88664	150
88687	150
88722	150
88746	150
88781	150
88816	150
88863	150
88898	150
88921	150
88957	150
88980	150
89015	150
89050	150
89085	150
89109	150
89144	150
89179	150
89203	150
89238	150
89261	150
89296	150
89332	150
89355	150
89378	150
89402	150
89437	150
89460	150
89496	150
89531	150
89554	150
89589	150
89625	150
89660	150
89683	150
89718	150
89753	150
89777	150
89812	150
89847	150
89871	150
89906	150
89941	150
89964	151
90000	151
90035	151
90058	151
90093	151
90128	151
90152	151
90187	151
90210	151
90246	151
90269	151
90304	151
90339	151
90375	151
90410	151
90433	151
90468	151
90503	151
90527	151
90562	151
90585	151
90621	151
90656	151
90679	151
90714	151
90738	151
90773	151
90808	151
90832	151
90867	151
90890	151
90914	151
90937	151
90972	151
91007	151
91031	151
91066	151
91101	151
91136	151
91160	151
91195	151
91230	151
91265	151
91300	151
91324	151
91359	151
91394	151
91417	151
91453	151
91488	151
91523	152
91558	152
91593	152
91617	152
91652	152
91675	152
91710	152
91734	152
91769	152
91804	152
91828	152
91863	152
91898	152
91933	152
91957	152
91992	152
92027	152
92050	152
92085	152
92109	152
92144	152
92179	152
92214	152
92238	152
92273	152
92308	152
92343	152
92367	152
92390	152
92425	152
92449	152
92484	152
92519	152
92542	152
92578	152
92613	152
92636	152
92671	152
92707	152
92730	152
92765	152
92800	152
92824	152
92859	152
92882	152
92917	152
92953	152
92988	152
93023	152
93058	152
93082	153
93117	153
93140	153
93175	153
93199	153
93234	153
93269	153
93292	153
93328	153
93363	153
93386	153
93421	153
93457	153
93480	153
93515	153
93539	153
93574	153
93609	153
93632	153
93667	153
93703	153
93738	153
93773	153
93808	153
93832	153
93867	153
93902	153
93925	153
93960	153
93984	153
94019	153
94054	153
94078	153
94113	153
94136	153
94171	153
94207	153
94230	153
94265	153
94300	153
94324	153
94359	153
94394	153
94429	153
94464	153
94500	153
94535	153
94558	153
94593	153
94628	153
94652	154
94687	154
94710	154
94746	154
94781	154
94804	154
94839	154
94875	154
94910	154
94933	154
94968	154
95003	154
95027	154
95062	154
95097	154
95121	154
95156	154
95191	154
95226	154
95261	154
95296	154
95332	154
95367	154
95390	154
95425	154
95449	154
95484	154
95519	154
95542	154
95578	154
95601	154
95636	154
95671	154
95695	154
95730	154
95765	154
95789	154
95824	154
95847	154
95882	154
95917	154
95953	154
95988	154
96023	154
96058	154
96082	154
96117	154
96152	154
96175	154
96210	154
96246	155
96281	155
96304	155
96339	155
96375	155
96410	155
96433	155
96468	155
96503	155
96527	155
96562	155
96597	155
96621	155
96656	155
96691	155
96726	155
96761	155
96796	155
96820	155
96855	155
96890	155
96925	155
96949	155
96984	155
97019	155
97054	155
97089	155
97125	155
97148	155
97183	155
97218	155
97253	155
97277	155
97312	155
97347	155
97371	155
97406	155
97441	155
97476	155
97511	155
97546	155
97582	155
97605	155
97652	155
97687	155
97710	155
97746	155
97781	155
97816	155
97851	155
97886	156
97921	156
97945	156
97980	156
98003	156
98039	156
98062	156
98097	156
98132	156
98156	156
98191	156
98226	156
98250	156
98285	156
98320	156
98355	156
98378	156
98425	156
98449	156
98484	156
98519	156
98554	156
98589	156
98625	156
98660	156
98695	156
98730	156
98753	156
98789	156
98824	156
98847	156
98882	156
98917	156
98953	156
98976	156
99011	156
99046	156
99082	156
99105	156
99140	156
99175	156
99210	156
99234	156
99269	156
99304	156
99351	156
99386	156
99421	156
99445	156
99480	156
99515	157
99550	157
99585	157
99609	157
99644	157
99679	157
99714	157
99750	157
99773	157
99808	157
99843	157
99878	157
99914	157
99949	157
99972	157
100007	157
100042	157
100078	157
100125	157
100160	157
100195	157
100218	157
100253	157
100289	157
100324	157
100347	157
100382	157
100417	157
100441	157
100476	157
100500	157
100535	157
100570	157
100605	157
100628	157
100664	157
100687	157
100722	157
100757	157
100792	157
100828	157
100875	157
100910	157
100933	157
100968	157
101003	157
101039	157
101074	157
101109	157
101144	157
101167	158
101203	158
101238	158
101261	158
101296	158
101332	158
101367	158
101390	158
101414	158
101449	158
101484	158
101507	158
101542	158
101578	158
101613	158
101648	158
101683	158
101718	158
101753	158
101789	158
101812	158
101847	158
101882	158
101917	158
101953	158
101988	158
102011	158
102046	158
102082	158
102117	158
102140	158
102175	158
102210	158
102234	158
102269	158
102304	158
102339	158
102375	158
102410	158
102445	158
102480	158
102503	158
102539	158
102574	158
102609	158
102632	158
102667	158
102703	158
102738	158
102761	158
102796	159
102832	159
102867	159
102890	159
102914	159
102949	159
102972	159
103007	159
103042	159
103078	159
103113	159
103148	159
103171	159
103207	159
103242	159
103277	159
103312	159
103347	159
103382	159
103417	159
103453	159
103488	159
103523	159
103558	159
103582	159
103617	159
103652	159
103675	159
103710	159
103746	159
103781	159
103804	159
103839	159
103875	159
103910	159
103945	159
103980	159
104003	159
104039	159
104074	159
104109	159
104132	159
104167	159
104203	159
104238	159
104273	159
104308	159
104343	159
104367	159
104402	159
104425	160
104460	160
104496	160
104519	160
104554	160
104589	160
104625	160
104648	160
104683	160
104718	160
104753	160
104789	160
104812	160
104847	160
104882	160
104917	160
104953	160
104988	160
105023	160
105058	160
105082	160
105117	160
105152	160
105175	160
105210	160
105234	160
105269	160
105304	160
105339	160
105363	160
105398	160
105433	160
105457	160
105492	160
105527	160
105562	160
105585	160
105621	160
105656	160
105691	160
105726	160
105761	160
105796	160
105820	160
105855	160
105890	160
105914	160
105949	160
105984	160
106007	160
106042	161
106078	161
106101	161
106136	161
106171	161
106207	161
106242	161
106265	161
106300	161
106335	161
106359	161
106394	161
106429	161
106476	161
106511	161
106546	161
106570	161
106605	161
106640	161
106675	161
106699	161
106734	161
106769	161
106792	161
106828	161
106863	161
106898	161
106933	161
106957	161
106992	161
107027	161
107062	161
107097	161
107121	161
107156	161
107191	161
107238	161
107273	161
107296	161
107332	161
107367	161
107390	161
107425	161
107460	161
107484	161
107519	161
107554	161
107589	161
107613	161
107648	161
107683	162
107718	162
107742	162
107777	162
107800	162
107835	162
107871	162
107906	162
107929	162
107976	162
108011	162
108046	162
108070	162
108105	162
108140	162
108175	162
108199	162
108234	162
108269	162
108304	162
108339	162
108363	162
108398	162
108433	162
108468	162
108492	162
108527	162
108562	162
108585	162
108621	162
108656	162
108691	162
108726	162
108761	162
108796	162
108832	162
108855	162
108890	162
108925	162
108960	162
108996	162
109019	162
109054	162
109089	162
109125	162
109160	162
109195	162
109230	162
109253	162
109289	162
109324	163
109359	163
109382	163
109417	163
109453	163
109488	163
109523	163
109558	163
109593	163
109628	163
109664	163
109699	163
109734	163
109769	163
109804	163
109839	163
109875	163
109910	163
109933	163
109968	163
110003	163
110027	163
110050	163
110085	163
110121	163
110144	163
110179	163
110214	163
110250	163
110273	163
110308	163
110343	163
110378	163
110414	163
110449	163
110472	163
110507	163
110542	163
110578	163
110625	163
110660	163
110683	163
110718	163
110753	163
110789	163
110812	163
110847	163
110882	163
110917	163
110941	163
110976	164
111011	164
111046	164
111082	164
111105	164
111140	164
111175	164
111210	164
111234	164
111269	164
111304	164
111339	164
111386	164
111421	164
111445	164
111480	164
111515	164
111550	164
111574	164
111609	164
111644	164
111679	164
111703	164
111738	164
111773	164
111808	164
111843	164
111867	164
111902	164
111937	164
111972	164
112007	164
112042	164
112078	164
112113	164
112148	164
112183	164
112218	164
112253	164
112277	164
112312	164
112347	164
112371	164
112406	164
112441	164
112464	164
112500	164
112523	164
112558	164
112593	164
112628	165
112652	165
112687	165
112722	165
112746	165
112781	165
112816	165
112863	165
112898	165
112933	165
112957	165
112992	165
113039	165
113074	165
113097	165
113132	165
113167	165
113191	165
113226	165
113261	165
113296	165
113320	165
113355	165
113378	165
113414	165
113437	165
113472	165
113507	165
113531	165
113566	165
113601	165
113636	165
113671	165
113707	165
113742	165
113765	165
113800	165
113835	165
113871	165
113906	165
113929	165
113964	165
114000	165
114035	165
114070	165
114093	165
114128	165
114164	165
114187	165
114222	165
114246	166
114281	166
114316	166
114351	166
114386	166
114421	166
114457	166
114480	166
114515	166
114550	166
114574	166
114609	166
114644	166
114667	166
114703	166
114738	166
114761	166
114796	166
114832	166
114867	166
114890	166
114914	166
114937	166
114972	166
115007	166
115031	166
115066	166
115101	166
115136	166
115171	166
115207	166
115230	166
115277	166
115312	166
115335	166
115371	166
115406	166
115441	166
115476	166
115511	166
115546	166
115570	166
115605	166
115640	166
115664	166
115699	166
115734	166
115757	166
115792	166
115828	166
115863	167
115886	167
115921	167
115957	167
115992	167
116015	167
116050	167
116085	167
116109	167
116144	167
116179	167
116214	167
116250	167
116273	167
116308	167
116343	167
116367	167
116402	167
116425	167
116460	167
116484	167
116519	167
116554	167
116578	167
116613	167
116648	167
116671	167
116707	167
116742	167
116765	167
116800	167
116835	167
116859	167
116894	167
116929	167
116964	167
117000	167
117035	167
117058	167
117093	167
117128	167
117152	167
117187	167
117210	167
117246	167
117281	167
117304	167
117339	167
117363	167
117398	167
117433	168
117457	168
117492	168
117527	168
117550	168
117585	168
117621	168
117644	168
117679	168
117714	168
117750	168
117785	168
117820	168
117843	168
117878	168
117902	168
117937	168
117960	168
117996	168
118031	168
118054	168
118089	168
118125	168
118148	168
118183	168
118218	168
118242	168
118277	168
118312	168
118335	168
118371	168
118406	168
118441	168
118476	168
118511	168
118535	168
118570	168
118605	168
118628	168
118664	168
118687	168
118722	168
118757	168
118781	168
118816	168
118839	168
118875	168
118910	168
118933	168
118968	168
119003	169
119027	169
119062	169
119097	169
119121	169
119156	169
119191	169
119226	169
119261	169
119296	169
119320	169
119355	169
119390	169
119414	169
119437	169
119472	169
119507	169
119531	169
119566	169
119589	169
119625	169
119660	169
119683	169
119718	169
119742	169
119777	169
119800	169
119835	169
119871	169
119894	169
119929	169
119964	169
120000	169
120035	169
120058	169
120093	169
120128	169
120164	169
120187	169
120222	169
120246	169
120281	169
120316	169
120351	169
120375	169
120410	169
120445	169
120468	169
120503	169
120527	169
120562	170
120585	170
120621	170
120656	170
120679	170
120714	170
120750	170
120785	170
120820	170
120843	170
120878	170
120914	170
120937	170
120972	170
120996	170
121031	170
121066	170
121101	170
121125	170
121160	170
121195	170
121218	170
121253	170
121277	170
121312	170
121335	170
121371	170
121406	170
121429	170
121464	170
121500	170
121535	170
121570	170
121593	170
121628	170
121675	170
121699	170
121734	170
121757	170
121792	170
121828	170
121863	170
121898	170
121921	170
121957	170
121980	170
122015	170
122039	170
122062	170
122097	170
122121	171
122156	171
122179	171
122214	171
122250	171
122273	171
122308	171
122343	171
122367	171
122402	171
122437	171
122472	171
122496	171
122531	171
122566	171
122601	171
122636	171
122671	171
122695	171
122730	171
122765	171
122789	171
122824	171
122847	171
122882	171
122917	171
122941	171
122976	171
123000	171
123035	171
123070	171
123093	171
123128	171
123164	171
123187	171
123222	171
123246	171
123281	171
123316	171
123351	171
123386	171
123421	171
123445	171
123480	171
123515	171
123539	171
123574	171
123609	171
123632	171
123667	171
123691	172
123726	172
123761	172
123785	172
123820	172
123843	172
123878	172
123914	172
123949	172
123972	172
124007	172
124031	172
124078	172
124113	172
124148	172
124183	172
124207	172
124242	172
124265	172
124300	172
124324	172
124359	172
124394	172
124417	172
124441	172
124476	172
124500	172
124535	172
124570	172
124593	172
124628	172
124652	172
124687	172
124710	172
124746	172
124769	172
124804	172
124851	172
124886	172
124921	172
124945	172
124980	172
125015	172
125050	172
125074	172
125109	172
125144	172
125167	172
125203	172
125226	172
125261	173
125285	173
125320	173
125355	173
125378	173
125402	173
125425	173
125460	173
125484	173
125519	173
125554	173
125578	173
125613	173
125648	173
125683	173
125707	173
125742	173
125777	173
125800	173
125835	173
125859	173
125894	173
125929	173
125953	173
125988	173
126023	173
126046	173
126082	173
126105	173
126140	173
126164	173
126199	173
126222	173
126257	173
126281	173
126316	173
126351	173
126386	173
126421	173
126445	173
126480	173
126503	173
126539	173
126562	173
126597	173
126632	173
126656	173
126691	173
126714	173
126750	173
126773	174
126808	174
126843	174
126867	174
126890	174
126914	174
126949	174
126972	174
127007	174
127031	174
127066	174
127101	174
127136	174
127160	174
127195	174
127230	174
127265	174
127300	174
127324	174
127359	174
127382	174
127417	174
127453	174
127488	174
127523	174
127546	174
127582	174
127617	174
127640	174
127675	174
127699	174
127734	174
127757	174
127792	174
127816	174
127851	174
127886	174
127921	174
127945	174
127980	174
128003	174
128039	174
128074	174
128097	174
128132	174
128156	174
128191	174
128226	174
128250	174
128285	174
128320	175
128343	175
128378	175
128402	175
128425	175
128460	175
128484	175
128519	175
128542	175
128578	175
128601	175
128636	175
128671	175
128695	175
128730	175
128753	175
128789	175
128824	175
128847	175
128882	175
128906	175
128941	175
128976	175
129011	175
129046	175
129070	175
129105	175
129128	175
129164	175
129187	175
129222	175
129246	175
129281	175
129316	175
129339	175
129375	175
129398	175
129433	175
129468	175
129492	175
129527	175
129550	175
129585	175
129609	175
129644	175
129679	175
129714	175
129750	175
129773	175
129808	175
129843	176
129867	176
129902	176
129925	176
129960	176
129984	176
130019	176
130042	176
130078	176
130101	176
130136	176
130160	176
130195	176
130230	176
130253	176
130289	176
130312	176
130347	176
130371	176
130406	176
130441	176
130476	176
130511	176
130546	176
130570	176
130605	176
130628	176
130664	176
130687	176
130722	176
130757	176
130781	176
130816	176
130839	176
130875	176
130898	176
130933	176
130968	176
130992	176
131027	176
131062	176
131085	176
131121	176
131144	176
131179	176
131214	176
131250	176
131285	176
131320	176
131343	176
131378	177
131402	177
131437	177
131460	177
131496	177
131531	177
131554	177
131589	177
131613	177
131648	177
131671	177
131707	177
131742	177
131765	177
131800	177
131824	177
131859	177
131882	177
131917	177
131953	177
131988	177
132023	177
132046	177
132082	177
132117	177
132140	177
132175	177
132210	177
132234	177
132269	177
132304	177
132328	177
132363	177
132398	177
132421	177
132457	177
132492	177
132515	177
132550	177
132574	177
132609	177
132632	177
132667	177
132703	177
132738	177
132761	177
132796	177
132832	177
132855	177
132890	177
132925	178
132949	178
132984	178
133019	178
133042	178
133078	178
133113	178
133148	178
133171	178
133207	178
133230	178
133265	178
133300	178
133324	178
133359	178
133382	178
133417	178
133453	178
133488	178
133523	178
133558	178
133582	178
133617	178
133652	178
133687	178
133722	178
133746	178
133781	178
133816	178
133851	178
133886	178
133910	178
133945	178
133980	178
134003	178
134027	178
134062	178
134085	178
134121	178
134144	178
134179	178
134214	178
134238	178
134273	178
134308	178
134332	178
134367	178
134402	178
134437	178
134460	178
134496	179
134531	179
134566	179
134601	179
134636	179
134671	179
134695	179
134730	179
134765	179
134789	179
134824	179
134859	179
134882	179
134917	179
134953	179
134976	179
135011	179
135046	179
135070	179
135105	179
135128	179
135164	179
135199	179
135222	179
135257	179
135292	179
135328	179
135363	179
135398	179
135433	179
135457	179
135492	179
135527	179
135562	179
135585	179
135621	179
135656	179
135679	179
135714	179
135750	179
135773	179
135808	179
135843	179
135867	179
135902	179
135937	179
135972	179
135996	179
136031	179
136066	179
136113	180
136148	180
136183	180
136207	180
136242	180
136277	180
136300	180
136335	180
136371	180
136394	180
136429	180
136453	180
136488	180
136511	180
136546	180
136582	180
136605	180
136640	180
136664	180
136699	180
136734	180
136757	180
136792	180
136839	180
136875	180
136910	180
136945	180
136968	180
137003	180
137039	180
137074	180
137109	180
137132	180
137167	180
137203	180
137226	180
137261	180
137296	180
137320	180
137355	180
137378	180
137402	180
137437	180
137460	180
137496	180
137531	180
137566	180
137601	180
137636	180
137660	180
137695	181
137730	181
137765	181
137789	181
137824	181
137859	181
137882	181
137917	181
137953	181
137988	181
138023	181
138046	181
138082	181
138117	181
138140	181
138175	181
138199	181
138234	181
138269	181
138304	181
138339	181
138375	181
138398	181
138433	181
138468	181
138492	181
138527	181
138562	181
138585	181
138621	181
138656	181
138679	181
138714	181
138750	181
138773	181
138808	181
138843	181
138867	181
138902	181
138925	181
138949	181
138984	181
139019	181
139042	181
139078	181
139113	181
139148	181
139183	181
139207	181
139242	181
139277	182
139312	182
139347	182
139382	182
139406	182
139441	182
139476	182
139511	182
139546	182
139582	182
139605	182
139640	182
139664	182
139699	182
139722	182
139757	182
139792	182
139828	182
139851	182
139886	182
139921	182
139957	182
139980	182
140015	182
140050	182
140074	182
140109	182
140132	182
140167	182
140203	182
140238	182
140273	182
140296	182
140332	182
140367	182
140390	182
140414	182
140449	182
140472	182
140507	182
140542	182
140566	182
140601	182
140636	182
140660	182
140695	182
140730	182
140753	182
140789	182
140824	182
140847	183
140882	183
140917	183
140953	183
140988	183
141011	183
141046	183
141082	183
141105	183
141140	183
141164	183
141199	183
141222	183
141257	183
141292	183
141316	183
141351	183
141375	183
141410	183
141445	183
141468	183
141503	183
141539	183
141562	183
141597	183
141621	183
141656	183
141691	183
141726	183
141761	183
141796	183
141820	183
141855	183
141890	183
141914	183
141937	183
141972	183
142007	183
142031	183
142066	183
142089	183
142125	183
142160	183
142183	183
142218	183
142242	183
142277	183
142312	183
142335	183
142371	183
142406	184
142441	184
142476	184
142511	184
142535	184
142570	184
142605	184
142628	184
142664	184
142687	184
142722	184
142757	184
142781	184
142816	184
142839	184
142875	184
142910	184
142933	184
142968	184
143003	184
143027	184
143062	184
143097	184
143121	184
143156	184
143191	184
143226	184
143261	184
143296	184
143320	184
143355	184
143390	184
143414	184
143449	184
143472	184
143507	184
143531	184
143566	184
143601	184
143625	184
143660	184
143695	184
143718	184
143753	184
143777	184
143812	184
143835	184
143871	184
143906	184
143929	184
143964	185
144000	185
144035	185
144070	185
144093	185
144128	185
144164	185
144187	185
144222	185
144246	185
144281	185
144316	185
144351	185
144375	185
144410	185
144445	185
144468	185
144503	185
144527	185
144562	185
144597	185
144621	185
144656	185
144691	185
144726	185
144750	185
144785	185
144820	185
144843	185
144878	185
144914	185
144949	185
144972	185
145007	185
145031	185
145066	185
145101	185
145136	185
145171	185
145195	185
145230	185
145265	185
145289	185
145324	185
145347	185
145382	185
145417	185
145453	185
145488	185
145523	185
145546	186
145582	186
145617	186
145652	186
145687	186
145722	186
145746	186
145781	186
145816	186
145851	186
145886	186
145910	186
145945	186
145980	186
146003	186
146027	186
146050	186
146085	186
146121	186
146144	186
146179	186
146203	186
146238	186
146273	186
146296	186
146332	186
146367	186
146402	186
146437	186
146460	186
146496	186
146531	186
146566	186
146601	186
146636	186
146671	186
146695	186
146730	186
146765	186
146789	186
146824	186
146847	186
146882	186
146917	186
146941	186
146976	186
147011	186
147035	186
147070	186
147105	186
147128	187
147164	187
147199	187
147222	187
147257	187
147292	187
147328	187
147363	187
147398	187
147433	187
147457	187
147492	187
147527	187
147562	187
147585	187
147621	187
147656	187
147679	187
147714	187
147750	187
147773	187
147808	187
147843	187
147867	187
147902	187
147937	187
147972	187
147996	187
148031	187
148066	187
148113	187
148148	187
148183	187
148207	187
148242	187
148277	187
148300	187
148335	187
148359	187
148394	187
148429	187
148453	187
148488	187
148511	187
148546	187
148582	187
148605	187
148640	187
148664	187
148699	187
148722	188
148757	188
148792	188
148828	188
148863	188
148898	188
148933	188
148968	188
149003	188
149039	188
149062	188
149097	188
149132	188
149156	188
149191	188
149226	188
149250	188
149285	188
149320	188
149343	188
149378	188
149402	188
149425	188
149460	188
149496	188
149519	188
149554	188
149589	188
149625	188
149660	188
149695	188
149718	188
149753	188
149789	188
149824	188
149847	188
149882	188
149917	188
149953	188
149976	188
150011	188
150046	188
150082	188
150105	188
150140	188
150164	188
150199	188
150234	188
150257	188
150292	188
150328	189
150363	189
150398	189
150433	189
150457	189
150492	189
150527	189
150550	189
150585	189
150609	189
150644	189
150679	189
150703	189
150738	189
150773	189
150796	189
150832	189
150867	189
150890	189
150914	189
150937	189
150972	189
151007	189
151031	189
151066	189
151101	189
151136	189
151171	189
151195	189
151230	189
151265	189
151300	189
151335	189
151359	189
151394	189
151429	189
151464	189
151500	189
151535	189
151570	189
151593	189
151628	189
151652	189
151687	189
151722	189
151746	189
151781	189
151816	189
151851	189
151875	189
151910	190
151945	190
151980	190
152003	190
152039	190
152074	190
152097	190
152132	190
152167	190
152191	190
152226	190
152261	190
152296	190
152332	190
152355	190
152390	190
152414	190
152437	190
152472	190
152507	190
152531	190
152566	190
152601	190
152625	190
152660	190
152695	190
152730	190
152753	190
152789	190
152812	190
152847	190
152882	190
152906	190
152941	190
152976	190
153011	190
153046	190
153082	190
153105	190
153140	190
153164	190
153199	190
153222	190
153257	190
153292	190
153316	190
153351	190
153375	190
153410	190
153445	190
153468	191
153503	191
153527	191
153562	191
153597	191
153621	191
153656	191
153691	191
153726	191
153761	191
153796	191
153820	191
153855	191
153890	191
153914	191
153937	191
153972	191
154007	191
154031	191
154066	191
154089	191
154125	191
154160	191
154183	191
154218	191
154253	191
154277	191
154312	191
154347	191
154371	191
154406	191
154441	191
154476	191
154511	191
154546	191
154570	191
154605	191
154640	191
154664	191
154699	191
154722	191
154757	191
154792	191
154816	191
154851	191
154875	191
154910	191
154945	191
154968	191
155003	191
155039	192
155062	192
155097	192
timepoint: 181.66