0	0
0	0
0	0
0	0
0	0
0	0
0	0
0	0
0	0
0	0
0	0
0	0
0	0
0	0
0	0
0	0
0	0
0	0
0	0
0	0
0	0
0	0
0	0
0	0
0	0
0	0
0	0
0	0
0	0
0	0
0	0
0	0
0	0
0	0
0	0
0	0
0	0
0	0
0	0
0	0
0	0
0	0
0	0
0	0
0	0
0	0
0	0
0	0
0	0
0	0
0	1
0	1
0	1
0	1
0	1
0	1
0	1
0	1
0	1
0	1
0	1
0	1
0	1
0	1
0	1
0	1
0	1
0	1
0	1
0	1
0	1
0	1
0	1
0	1
0	1
0	1
0	1
0	1
0	1
0	1
0	1
0	1
0	1
0	1
0	1
0	1
0	1
0	1
0	1
0	1
0	1
0	1
0	1
0	1
0	1
0	1
0	1
0	1
0	1
0	1
0	2
0	2
0	2
0	2
0	2
0	2
0	2
0	2
0	2
0	2
0	2
0	2
0	2
0	2
0	2
0	2
0	2
0	2
0	2
0	2
0	2
0	2
0	2
0	2
0	2
0	2
0	2
0	2
0	2
0	2
0	2
0	2
0	2
0	2
0	2
0	2
0	2
0	2
0	2
0	2
0	2
0	2
0	2
0	2
0	2
0	2
0	2
0	2
0	2
0	2
0	3
0	3
0	3
0	3
0	3
0	3
0	3
0	3
0	3
0	3
0	3
0	3
0	3
0	3
0	3
0	3
0	3
0	3
0	3
0	3
0	3
0	3
0	3
0	3
0	3
0	3
0	3
0	3
0	3
0	3
0	3
0	3
0	3
0	3
0	3
0	3
0	3
0	3
0	3
0	3
0	3
0	3
0	3
0	3
0	3
0	3
0	3
0	3
0	3
0	3
0	4
0	4
0	4
0	4
0	4
0	4
0	4
0	4
0	4
0	4
0	4
0	4
0	4
0	4
0	4
0	4
0	4
0	4
0	4
0	4
0	4
0	4
0	4
0	4
0	4
0	4
0	4
0	4
0	4
0	4
0	4
0	4
0	4
0	4
0	4
0	4
0	4
0	4
0	4
0	4
0	4
0	4
0	4
0	4
0	4
0	4
0	4
0	4
0	4
0	4
0	5
0	5
0	5
0	5
0	5
0	5
0	5
0	5
0	5
0	5
0	5
0	5
0	5
0	5
0	5
0	5
0	5
0	5
0	5
0	5
0	5
0	5
0	5
0	5
0	5
0	5
0	5
0	5
0	5
0	5
0	5
0	5
0	5
0	5
0	5
0	5
0	5
0	5
0	5
0	5
0	5
0	5
0	5
0	5
0	5
0	5
0	5
0	5
0	5
0	5
0	6
0	6
0	6
0	6
0	6
0	6
0	6
0	6
0	6
0	6
0	6
0	6
0	6
0	6
11	6
11	6
11	6
11	6
11	6
11	6
11	6
11	6
11	6
11	6
23	6
23	6
23	6
23	6
23	6
23	6
23	6
23	6
23	6
23	6
23	6
23	6
23	6
23	6
23	6
23	6
23	6
23	6
23	6
23	6
23	6
23	6
23	6
23	6
23	6
23	6
23	7
23	7
23	7
23	7
23	7
23	7
23	7
23	7
23	7
23	7
23	7
23	7
23	7
23	7
11	7
11	7
11	7
11	7
11	7
11	7
11	7
11	7
11	7
11	7
11	7
11	7
11	7
11	7
11	7
11	7
11	7
11	7
11	7
11	7
11	7
23	7
23	7
23	7
23	7
23	7
23	7
23	7
23	7
23	7
23	7
23	7
23	7
23	7
23	7
23	7
23	8
35	8
35	8
35	8
35	8
35	8
35	8
35	8
35	8
35	8
35	8
35	8
35	8
35	8
35	8
35	8
35	8
35	8
35	8
35	8
35	8
35	8
35	8
35	8
35	8
35	8
35	8
23	8
23	8
23	8
23	8
23	8
23	8
23	8
23	8
23	8
23	8
23	8
23	8
23	8
23	8
23	8
23	8
23	8
23	8
23	8
23	8
23	8
23	8
23	8
23	9
23	9
23	9
23	9
23	9
23	9
23	9
23	9
23	9
23	9
23	9
23	9
23	9
23	9
23	9
23	9
23	9
35	9
35	9
35	9
35	9
35	9
35	9
35	9
35	9
35	9
35	9
35	9
35	9
35	9
35	9
35	9
35	9
35	9
35	9
35	9
35	9
35	9
35	9
35	9
35	9
35	9
35	9
35	9
35	9
35	9
35	9
35	9
35	9
35	9
35	10
35	10
35	10
35	10
35	10
35	10
35	10
35	10
35	10
23	10
23	10
23	10
23	10
23	10
23	10
23	10
23	10
23	10
23	10
23	10
23	10
23	10
23	10
23	10
23	10
23	10
23	10
23	10
23	10
23	10
23	10
23	10
23	10
23	10
23	10
23	10
35	10
35	10
35	10
35	10
35	10
35	10
35	10
35	10
35	10
35	10
35	10
35	10
35	10
35	10
35	11
35	11
35	11
35	11
35	11
35	11
35	11
35	11
35	11
35	11
35	11
35	11
35	11
35	11
35	11
35	11
35	11
35	11
35	11
35	11
35	11
35	11
35	11
35	11
35	11
35	11
35	11
35	11
35	11
35	11
35	11
35	11
35	11
35	11
35	11
35	11
35	11
35	11
35	11
35	11
35	11
35	11
35	11
35	11
35	11
35	11
35	11
35	11
35	11
35	11
35	12
35	12
35	12
35	12
35	12
35	12
35	12
35	12
35	12
35	12
35	12
35	12
35	12
35	12
35	12
35	12
35	12
35	12
35	12
35	12
35	12
35	12
35	12
35	12
35	12
35	12
35	12
35	12
35	12
35	12
35	12
35	12
35	12
35	12
35	12
35	12
35	12
35	12
35	12
35	12
35	12
35	12
35	12
35	12
35	12
35	12
35	12
35	12
35	12
35	12
35	13
35	13
35	13
35	13
35	13
35	13
35	13
35	13
35	13
35	13
35	13
35	13
35	13
35	13
35	13
35	13
35	13
35	13
35	13
35	13
35	13
35	13
35	13
35	13
35	13
35	13
35	13
35	13
35	13
35	13
35	13
35	13
35	13
35	13
35	13
35	13
35	13
35	13
35	13
35	13
35	13
35	13
35	13
35	13
35	13
35	13
35	13
35	13
35	13
35	13
35	14
35	14
35	14
35	14
35	14
35	14
35	14
35	14
35	14
35	14
35	14
35	14
35	14
35	14
35	14
35	14
35	14
35	14
35	14
35	14
35	14
35	14
35	14
35	14
35	14
35	14
35	14
35	14
35	14
35	14
35	14
35	14
35	14
35	14
35	14
35	14
35	14
35	14
35	14
35	14
35	14
35	14
35	14
35	14
35	14
35	14
35	14
35	14
35	14
35	14
35	15
35	15
35	15
35	15
35	15
35	15
35	15
35	15
35	15
35	15
35	15
35	15
35	15
35	15
35	15
35	15
35	15
35	15
35	15
35	15
35	15
35	15
35	15
35	15
35	15
35	15
35	15
35	15
35	15
35	15
35	15
35	15
35	15
35	15
35	15
35	15
35	15
35	15
35	15
35	15
35	15
35	15
35	15
35	15
35	15
35	15
35	15
35	15
35	15
35	15
35	16
35	16
35	16
35	16
35	16
35	16
35	16
35	16
35	16
35	16
35	16
35	16
35	16
35	16
35	16
35	16
35	16
35	16
35	16
35	16
35	16
35	16
35	16
35	16
35	16
35	16
35	16
35	16
35	16
35	16
35	16
35	16
35	16
35	16
35	16
35	16
35	16
35	16
35	16
35	16
35	16
35	16
35	16
35	16
35	16
35	16
35	16
35	16
35	16
35	16
35	17
35	17
35	17
35	17
35	17
35	17
35	17
35	17
35	17
35	17
35	17
35	17
35	17
35	17
35	17
35	17
35	17
35	17
35	17
35	17
35	17
35	17
35	17
35	17
35	17
35	17
35	17
35	17
35	17
35	17
35	17
35	17
35	17
35	17
35	17
35	17
35	17
35	17
35	17
35	17
35	17
35	17
35	17
35	17
35	17
35	17
35	17
35	17
35	17
35	17
35	18
35	18
35	18
35	18
35	18
35	18
35	18
35	18
35	18
35	18
35	18
35	18
35	18
35	18
35	18
35	18
35	18
35	18
35	18
35	18
35	18
35	18
35	18
35	18
35	18
35	18
35	18
35	18
35	18
35	18
35	18
35	18
35	18
35	18
35	18
35	18
35	18
35	18
35	18
35	18
35	18
35	18
35	18
35	18
35	18
35	18
35	18
35	18
35	18
35	18
35	19
35	19
35	19
35	19
35	19
35	19
35	19
35	19
35	19
35	19
35	19
35	19
35	19
35	19
35	19
35	19
35	19
35	19
35	19
35	19
35	19
35	19
35	19
35	19
35	19
35	19
35	19
35	19
35	19
35	19
35	19
35	19
35	19
35	19
35	19
35	19
35	19
35	19
35	19
35	19
35	19
35	19
35	19
35	19
35	19
35	19
35	19
35	19
35	19
35	19
35	20
35	20
35	20
35	20
35	20
35	20
35	20
35	20
35	20
35	20
35	20
35	20
35	20
35	20
35	20
35	20
35	20
35	20
35	20
35	20
35	20
35	20
35	20
35	20
35	20
35	20
35	20
35	20
35	20
35	20
35	20
35	20
35	20
35	20
35	20
35	20
35	20
35	20
35	20
35	20
35	20
35	20
35	20
35	20
35	20
35	20
35	20
35	20
35	20
35	20
35	21
35	21
35	21
35	21
35	21
35	21
35	21
35	21
35	21
35	21
35	21
35	21
35	21
35	21
35	21
35	21
35	21
35	21
35	21
35	21
35	21
35	21
35	21
35	21
35	21
35	21
35	21
35	21
35	21
35	21
35	21
35	21
35	21
35	21
35	21
35	21
35	21
35	21
35	21
35	21
35	21
35	21
35	21
35	21
35	21
35	21
35	21
35	21
35	21
35	21
35	22
35	22
35	22
35	22
35	22
35	22
35	22
35	22
35	22
35	22
35	22
35	22
35	22
35	22
35	22
35	22
35	22
35	22
35	22
35	22
35	22
35	22
35	22
35	22
35	22
35	22
35	22
35	22
35	22
35	22
35	22
35	22
35	22
35	22
35	22
35	22
35	22
35	22
35	22
35	22
35	22
35	22
35	22
35	22
35	22
35	22
35	22
35	22
35	22
35	22
35	23
35	23
35	23
35	23
35	23
35	23
35	23
35	23
35	23
35	23
35	23
35	23
35	23
35	23
35	23
35	23
35	23
35	23
35	23
35	23
35	23
35	23
35	23
35	23
35	23
35	23
35	23
35	23
35	23
35	23
35	23
35	23
35	23
35	23
35	23
35	23
35	23
35	23
35	23
35	23
35	23
35	23
35	23
35	23
35	23
35	23
35	23
35	23
35	23
35	23
35	24
35	24
35	24
35	24
35	24
35	24
35	24
35	24
35	24
35	24
35	24
35	24
35	24
35	24
35	24
35	24
35	24
35	24
35	24
35	24
35	24
35	24
35	24
35	24
35	24
35	24
35	24
35	24
35	24
35	24
35	24
35	24
35	24
35	24
35	24
35	24
35	24
35	24
35	24
35	24
35	24
35	24
35	24
35	24
35	24
35	24
35	24
35	24
35	24
35	24
35	25
35	25
35	25
35	25
35	25
35	25
35	25
35	25
35	25
35	25
35	25
35	25
35	25
35	25
35	25
35	25
35	25
35	25
35	25
35	25
35	25
35	25
35	25
35	25
35	25
35	25
35	25
35	25
35	25
35	25
35	25
35	25
35	25
35	25
35	25
35	25
35	25
35	25
35	25
35	25
35	25
35	25
35	25
35	25
35	25
35	25
35	25
35	25
35	25
35	25
35	26
35	26
35	26
35	26
35	26
35	26
35	26
35	26
35	26
35	26
35	26
35	26
35	26
35	26
35	26
35	26
35	26
35	26
35	26
35	26
35	26
35	26
35	26
35	26
35	26
35	26
35	26
35	26
35	26
35	26
35	26
35	26
35	26
35	26
35	26
35	26
35	26
35	26
35	26
35	26
35	26
35	26
35	26
35	26
35	26
35	26
35	26
35	26
35	26
35	26
35	27
35	27
35	27
35	27
35	27
35	27
35	27
35	27
35	27
35	27
35	27
35	27
35	27
35	27
35	27
35	27
35	27
35	27
35	27
35	27
35	27
35	27
35	27
35	27
35	27
35	27
35	27
35	27
35	27
35	27
35	27
35	27
35	27
35	27
35	27
35	27
35	27
35	27
35	27
35	27
35	27
35	27
35	27
35	27
35	27
35	27
35	27
35	27
35	27
35	27
35	28
35	28
35	28
35	28
35	28
35	28
35	28
35	28
35	28
35	28
35	28
35	28
35	28
35	28
35	28
35	28
35	28
35	28
35	28
35	28
35	28
35	28
35	28
35	28
35	28
35	28
35	28
35	28
35	28
35	28
35	28
35	28
35	28
35	28
35	28
35	28
35	28
35	28
35	28
35	28
35	28
35	28
35	28
35	28
35	28
35	28
35	28
35	28
35	28
35	28
35	29
35	29
35	29
35	29
35	29
35	29
35	29
35	29
35	29
35	29
35	29
35	29
35	29
35	29
35	29
35	29
35	29
35	29
35	29
35	29
35	29
35	29
35	29
35	29
35	29
35	29
35	29
35	29
35	29
35	29
35	29
35	29
35	29
35	29
35	29
35	29
35	29
35	29
35	29
35	29
35	29
35	29
35	29
35	29
35	29
35	29
35	29
35	29
35	29
35	29
35	30
35	30
35	30
35	30
35	30
35	30
35	30
35	30
35	30
35	30
35	30
35	30
35	30
35	30
35	30
35	30
35	30
35	30
35	30
35	30
35	30
35	30
35	30
35	30
35	30
35	30
35	30
35	30
35	30
35	30
35	30
35	30
35	30
35	30
35	30
35	30
35	30
35	30
35	30
35	30
35	30
35	30
35	30
35	30
35	30
35	30
35	30
35	30
35	30
35	30
35	31
35	31
35	31
35	31
35	31
35	31
35	31
35	31
35	31
35	31
35	31
35	31
35	31
35	31
35	31
35	31
35	31
35	31
35	31
35	31
35	31
35	31
35	31
35	31
35	31
35	31
35	31
35	31
35	31
35	31
35	31
35	31
35	31
35	31
35	31
35	31
35	31
35	31
35	31
35	31
35	31
35	31
35	31
35	31
35	31
35	31
35	31
35	31
35	31
35	31
35	32
35	32
35	32
35	32
35	32
35	32
35	32
35	32
35	32
35	32
35	32
35	32
35	32
35	32
35	32
35	32
35	32
35	32
35	32
35	32
35	32
35	32
35	32
35	32
35	32
35	32
35	32
35	32
35	32
35	32
35	32
35	32
35	32
35	32
35	32
35	32
35	32
35	32
35	32
35	32
35	32
35	32
35	32
35	32
35	32
35	32
35	32
35	32
35	32
46	32
46	33
46	33
46	33
46	33
46	33
46	33
46	33
46	33
46	33
46	33
46	33
46	33
46	33
46	33
46	33
46	33
46	33
46	33
46	33
46	33
46	33
58	33
58	33
58	33
58	33
58	33
58	33
58	33
58	33
58	33
58	33
58	33
58	33
58	33
58	33
70	33
70	33
70	33
70	33
70	33
70	33
70	33
70	33
70	33
70	33
70	33
70	33
70	33
70	33
70	33
70	34
70	34
70	34
82	34
82	34
82	34
82	34
82	34
82	34
82	34
82	34
82	34
82	34
82	34
82	34
82	34
82	34
82	34
93	34
93	34
93	34
93	34
93	34
93	34
93	34
93	34
93	34
105	34
105	34
105	34
105	34
105	34
105	34
105	34
105	34
105	34
105	34
105	34
117	34
117	34
117	34
117	34
117	34
117	34
117	34
117	34
117	34
117	34
117	34
128	34
128	35
128	35
128	35
128	35
128	35
128	35
128	35
140	35
140	35
140	35
140	35
140	35
140	35
140	35
140	35
140	35
152	35
152	35
152	35
152	35
152	35
152	35
152	35
152	35
152	35
152	35
164	35
164	35
164	35
164	35
164	35
164	35
164	35
175	35
175	35
175	35
175	35
175	35
175	35
175	35
175	35
187	35
187	35
187	35
187	35
187	35
187	35
187	35
187	35
199	35
199	36
199	36
199	36
199	36
199	36
210	36
210	36
210	36
210	36
210	36
210	36
210	36
222	36
222	36
222	36
222	36
222	36
222	36
222	36
234	36
234	36
234	36
234	36
234	36
234	36
246	36
246	36
246	36
246	36
246	36
246	36
246	36
257	36
257	36
257	36
257	36
257	36
257	36
257	36
269	36
269	36
269	36
269	36
269	36
269	36
269	36
281	36
281	36
281	36
281	36
281	37
281	37
281	37
292	37
292	37
292	37
292	37
292	37
292	37
292	37
304	37
304	37
304	37
304	37
304	37
304	37
304	37
316	37
316	37
316	37
316	37
316	37
316	37
328	37
328	37
328	37
328	37
328	37
328	37
339	37
339	37
339	37
339	37
339	37
339	37
351	37
351	37
351	37
351	37
351	37
351	37
363	37
363	37
363	37
363	37
363	37
363	37
375	37
375	37
375	37
375	38
375	38
375	38
386	38
386	38
386	38
386	38
386	38
398	38
398	38
398	38
398	38
398	38
398	38
410	38
410	38
410	38
410	38
410	38
410	38
421	38
421	38
421	38
421	38
421	38
421	38
433	38
433	38
433	38
433	38
433	38
433	38
445	38
445	38
445	38
445	38
445	38
445	38
457	38
457	38
457	38
457	38
457	38
468	38
468	38
468	38
468	38
468	38
468	38
480	38
480	39
480	39
480	39
480	39
492	39
492	39
492	39
492	39
492	39
503	39
503	39
503	39
503	39
503	39
515	39
515	39
515	39
515	39
515	39
527	39
527	39
527	39
527	39
527	39
539	39
539	39
539	39
539	39
539	39
550	39
550	39
550	39
550	39
550	39
562	39
562	39
562	39
562	39
562	39
574	39
574	39
574	39
574	39
585	39
585	39
585	39
585	39
585	39
597	39
597	39
597	40
597	40
597	40
609	40
609	40
609	40
609	40
609	40
621	40
621	40
621	40
621	40
621	40
632	40
632	40
632	40
632	40
632	40
644	40
644	40
644	40
644	40
644	40
656	40
656	40
656	40
656	40
656	40
667	40
667	40
667	40
667	40
679	40
679	40
679	40
679	40
679	40
691	40
691	40
691	40
691	40
691	40
703	40
703	40
703	40
703	40
703	40
714	40
714	40
714	40
714	41
726	41
726	41
726	41
726	41
726	41
738	41
738	41
738	41
738	41
738	41
750	41
750	41
750	41
750	41
750	41
761	41
761	41
761	41
761	41
761	41
773	41
773	41
773	41
773	41
773	41
785	41
785	41
785	41
785	41
796	41
796	41
796	41
796	41
796	41
808	41
808	41
808	41
808	41
808	41
820	41
820	41
820	41
820	41
820	41
832	41
832	41
832	41
832	41
843	41
843	42
843	42
843	42
843	42
855	42
855	42
855	42
855	42
867	42
867	42
867	42
867	42
867	42
878	42
878	42
878	42
878	42
890	42
890	42
890	42
890	42
902	42
902	42
902	42
902	42
914	42
914	42
914	42
914	42
925	42
925	42
925	42
925	42
937	42
937	42
937	42
937	42
949	42
949	42
949	42
949	42
960	42
960	42
960	42
960	42
972	42
972	42
972	42
972	42
984	42
984	43
984	43
984	43
996	43
996	43
996	43
996	43
1007	43
1007	43
1007	43
1007	43
1019	43
1019	43
1019	43
1019	43
1031	43
1031	43
1031	43
1031	43
1042	43
1042	43
1042	43
1042	43
1042	43
1054	43
1054	43
1054	43
1054	43
1066	43
1066	43
1066	43
1066	43
1078	43
1078	43
1078	43
1078	43
1089	43
1089	43
1089	43
1089	43
1089	43
1101	43
1101	43
1101	43
1101	43
1113	43
1113	43
1113	43
1113	43
1125	43
1125	44
1125	44
1125	44
1136	44
1136	44
1136	44
1136	44
1148	44
1148	44
1148	44
1148	44
1160	44
1160	44
1160	44
1160	44
1171	44
1171	44
1171	44
1171	44
1183	44
1183	44
1183	44
1183	44
1195	44
1195	44
1195	44
1195	44
1207	44
1207	44
1207	44
1207	44
1218	44
1218	44
1218	44
1218	44
1230	44
1230	44
1230	44
1230	44
1242	44
1242	44
1242	44
1242	44
1253	44
1253	44
1253	44
1253	44
1265	44
1265	44
1265	44
1265	45
1277	45
1277	45
1277	45
1289	45
1289	45
1289	45
1289	45
1300	45
1300	45
1300	45
1300	45
1312	45
1312	45
1312	45
1324	45
1324	45
1324	45
1324	45
1335	45
1335	45
1335	45
1335	45
1347	45
1347	45
1347	45
1359	45
1359	45
1359	45
1359	45
1371	45
1371	45
1371	45
1371	45
1382	45
1382	45
1382	45
1394	45
1394	45
1394	45
1394	45
1406	45
1406	45
1406	45
1406	45
1417	45
1417	45
1417	45
1429	45
1429	45
1429	46
1429	46
1441	46
1441	46
1441	46
1441	46
1453	46
1453	46
1453	46
1453	46
1464	46
1464	46
1464	46
1464	46
1476	46
1476	46
1476	46
1476	46
1488	46
1488	46
1488	46
1500	46
1500	46
1500	46
1500	46
1511	46
1511	46
1511	46
1511	46
1523	46
1523	46
1523	46
1523	46
1535	46
1535	46
1535	46
1535	46
1546	46
1546	46
1546	46
1558	46
1558	46
1558	46
1558	46
1570	46
1570	46
1570	46
1570	46
1582	46
1582	46
1582	47
1582	47
1593	47
1593	47
1593	47
1605	47
1605	47
1605	47
1605	47
1617	47
1617	47
1617	47
1628	47
1628	47
1628	47
1628	47
1640	47
1640	47
1640	47
1652	47
1652	47
1652	47
1664	47
1664	47
1664	47
1664	47
1675	47
1675	47
1675	47
1687	47
1687	47
1687	47
1699	47
1699	47
1699	47
1710	47
1710	47
1710	47
1722	47
1722	47
1722	47
1734	47
1734	47
1734	47
1746	47
1746	47
1746	47
1757	47
1757	47
1757	47
1757	48
1769	48
1769	48
1769	48
1781	48
1781	48
1781	48
1792	48
1792	48
1792	48
1792	48
1804	48
1804	48
1804	48
1816	48
1816	48
1816	48
1816	48
1828	48
1828	48
1828	48
1839	48
1839	48
1839	48
1851	48
1851	48
1851	48
1863	48
1863	48
1875	48
1875	48
1875	48
1886	48
1886	48
1886	48
1898	48
1898	48
1910	48
1910	48
1910	48
1921	48
1921	48
1921	48
1921	48
1933	48
1933	48
1933	48
1945	48
1945	48
1945	48
1957	49
1957	49
1957	49
1968	49
1968	49
1968	49
1968	49
1980	49
1980	49
1980	49
1992	49
1992	49
1992	49
2003	49
2003	49
2003	49
2015	49
2015	49
2015	49
2027	49
2027	49
2039	49
2039	49
2039	49
2050	49
2050	49
2050	49
2062	49
2062	49
2062	49
2074	49
2074	49
2085	49
2085	49
2085	49
2097	49
2097	49
2097	49
2109	49
2109	49
2109	49
2121	49
2121	49
2132	49
2132	49
2132	49
2144	49
2144	49
2144	49
2156	49
2156	50
2156	50
2167	50
2167	50
2167	50
2179	50
2179	50
2179	50
2191	50
2191	50
2203	50
2203	50
2203	50
2214	50
2214	50
2214	50
2226	50
2226	50
2226	50
2226	50
2238	50
2238	50
2238	50
2250	50
2250	50
2250	50
2261	50
2261	50
2261	50
2261	50
2273	50
2273	50
2273	50
2285	50
2285	50
2285	50
2296	50
2296	50
2296	50
2308	50
2308	50
2308	50
2320	50
2320	50
2320	50
2332	50
2332	50
2332	50
2343	50
2343	50
2355	51
2355	51
2355	51
2367	51
2367	51
2367	51
2378	51
2378	51
2390	51
2390	51
2390	51
2402	51
2402	51
2402	51
2414	51
2414	51
2414	51
2425	51
2425	51
2425	51
2437	51
2437	51
2449	51
2449	51
2449	51
2460	51
2460	51
2472	51
2472	51
2472	51
2484	51
2484	51
2484	51
2496	51
2496	51
2507	51
2507	51
2507	51
2519	51
2519	51
2531	51
2531	51
2531	51
2542	51
2542	51
2542	51
2554	51
2554	51
2566	51
2566	51
2566	52
2578	52
2578	52
2578	52
2589	52
2589	52
2601	52
2601	52
2601	52
2613	52
2613	52
2625	52
2625	52
2636	52
2636	52
2636	52
2648	52
2648	52
2660	52
2660	52
2671	52
2671	52
2671	52
2683	52
2683	52
2695	52
2695	52
2695	52
2707	52
2707	52
2707	52
2718	52
2718	52
2730	52
2730	52
2730	52
2742	52
2742	52
2753	52
2753	52
2765	52
2765	52
2777	52
2777	52
2777	52
2789	52
2789	52
2800	52
2800	52
2812	52
2812	53
2824	53
2824	53
2835	53
2835	53
2847	53
2847	53
2859	53
2859	53
2871	53
2871	53
2882	53
2882	53
2894	53
2894	53
2894	53
2906	53
2906	53
2917	53
2917	53
2929	53
2929	53
2929	53
2941	53
2941	53
2953	53
2953	53
2953	53
2964	53
2964	53
2976	53
2976	53
2988	53
2988	53
2988	53
3000	53
3000	53
3011	53
3011	53
3023	53
3023	53
3023	53
3035	53
3035	53
3046	53
3046	53
3058	53
3058	53
3058	53
3070	53
3070	54
3082	54
3082	54
3093	54
3093	54
3093	54
3105	54
3105	54
3117	54
3117	54
3128	54
3128	54
3140	54
3140	54
3140	54
3152	54
3152	54
3164	54
3164	54
3175	54
3175	54
3175	54
3187	54
3187	54
3199	54
3199	54
3210	54
3210	54
3222	54
3222	54
3222	54
3234	54
3234	54
3246	54
3246	54
3257	54
3257	54
3269	54
3269	54
3281	54
3281	54
3281	54
3292	54
3292	54
3304	54
3304	54
3316	54
3316	54
3328	54
3328	54
3339	55
3339	55
3339	55
3351	55
3351	55
3363	55
3363	55
3375	55
3375	55
3375	55
3386	55
3386	55
3398	55
3398	55
3410	55
3410	55
3421	55
3421	55
3433	55
3433	55
3445	55
3445	55
3445	55
3457	55
3457	55
3468	55
3468	55
3480	55
3480	55
3492	55
3492	55
3503	55
3503	55
3515	55
3515	55
3527	55
3527	55
3539	55
3539	55
3550	55
3550	55
3562	55
3574	55
3574	55
3585	55
3585	55
3597	55
3597	55
3609	55
3621	55
3621	56
3632	56
3632	56
3644	56
3644	56
3656	56
3656	56
3656	56
3667	56
3667	56
3679	56
3679	56
3691	56
3691	56
3703	56
3703	56
3714	56
3714	56
3726	56
3726	56
3738	56
3738	56
3750	56
3750	56
3761	56
3761	56
3773	56
3773	56
3785	56
3785	56
3796	56
3796	56
3808	56
3808	56
3820	56
3820	56
3820	56
3832	56
3832	56
3843	56
3843	56
3855	56
3855	56
3867	56
3867	56
3878	56
3878	56
3890	56
3890	56
3902	56
3902	57
3914	57
3914	57
3925	57
3925	57
3937	57
3937	57
3949	57
3949	57
3960	57
3960	57
3972	57
3972	57
3984	57
3984	57
3996	57
4007	57
4007	57
4019	57
4019	57
4031	57
4031	57
4042	57
4042	57
4054	57
4054	57
4066	57
4066	57
4078	57
4078	57
4089	57
4089	57
4101	57
4101	57
4113	57
4113	57
4125	57
4125	57
4136	57
4136	57
4148	57
4160	57
4160	57
4171	57
4171	57
4183	57
4183	57
4195	57
4195	57
4207	57
4207	58
4218	58
4218	58
4230	58
4230	58
4242	58
4242	58
4253	58
4253	58
4265	58
4277	58
4277	58
4289	58
4300	58
4300	58
4312	58
4324	58
4324	58
4335	58
4347	58
4347	58
4359	58
4371	58
4371	58
4382	58
4382	58
4394	58
4394	58
4406	58
4417	58
4417	58
4429	58
4429	58
4441	58
4441	58
4453	58
4453	58
4464	58
4464	58
4476	58
4476	58
4488	58
4500	58
4500	58
4511	58
4511	58
4523	58
4523	58
4535	58
4535	58
4546	59
4546	59
4558	59
4558	59
4570	59
4582	59
4582	59
4593	59
4593	59
4605	59
4605	59
4617	59
4617	59
4628	59
4640	59
4640	59
4652	59
4652	59
4664	59
4664	59
4675	59
4675	59
4687	59
4687	59
4699	59
4699	59
4710	59
4710	59
4722	59
4722	59
4734	59
4734	59
4746	59
4757	59
4757	59
4769	59
4769	59
4781	59
4781	59
4792	59
4804	59
4804	59
4816	59
4816	59
4828	59
4828	59
4839	59
4839	59
4851	59
4851	59
4863	60
4875	60
4875	60
4886	60
4886	60
4898	60
4898	60
4910	60
4910	60
4921	60
4933	60
4933	60
4945	60
4945	60
4957	60
4957	60
4968	60
4968	60
4980	60
4992	60
4992	60
5003	60
5003	60
5015	60
5027	60
5027	60
5039	60
5050	60
5062	60
5062	60
5074	60
5085	60
5085	60
5097	60
5109	60
5121	60
5121	60
5132	60
5144	60
5144	60
5156	60
5156	60
5167	60
5167	60
5179	60
5191	60
5191	60
5203	60
5203	60
5214	60
5226	61
5226	61
5238	61
5250	61
5250	61
5261	61
5273	61
5273	61
5285	61
5296	61
5296	61
5308	61
5320	61
5320	61
5332	61
5332	61
5343	61
5343	61
5355	61
5367	61
5367	61
5378	61
5390	61
5390	61
5402	61
5402	61
5414	61
5425	61
5425	61
5437	61
5437	61
5449	61
5460	61
5460	61
5472	61
5472	61
5484	61
5496	61
5496	61
5507	61
5507	61
5519	61
5531	61
5531	61
5542	61
5554	61
5554	61
5566	61
5566	61
5578	61
5589	62
5589	62
5601	62
5601	62
5613	62
5613	62
5625	62
5625	62
5636	62
5636	62
5648	62
5648	62
5660	62
5671	62
5671	62
5683	62
5683	62
5695	62
5707	62
5707	62
5718	62
5718	62
5730	62
5742	62
5742	62
5753	62
5765	62
5765	62
5777	62
5789	62
5789	62
5800	62
5812	62
5812	62
5824	62
5835	62
5835	62
5847	62
5859	62
5871	62
5871	62
5882	62
5894	62
5894	62
5906	62
5917	62
5917	62
5929	62
5929	62
5941	62
5953	63
5953	63
5964	63
5976	63
5976	63
5988	63
6000	63
6011	63
6011	63
6023	63
6035	63
6035	63
6046	63
6058	63
6058	63
6070	63
6070	63
6082	63
6093	63
6093	63
6105	63
6117	63
6117	63
6128	63
6140	63
6140	63
6152	63
6164	63
6164	63
6175	63
6187	63
6187	63
6199	63
6210	63
6210	63
6222	63
6234	63
6234	63
6246	63
6257	63
6257	63
6269	63
6281	63
6281	63
6292	63
6304	63
6304	63
6316	63
6328	63
6328	63
6339	64
6351	64
6351	64
6363	64
6375	64
6375	64
6386	64
6398	64
6398	64
6410	64
6410	64
6421	64
6433	64
6433	64
6445	64
6457	64
6457	64
6468	64
6480	64
6480	64
6492	64
6503	64
6503	64
6515	64
6527	64
6539	64
6539	64
6550	64
6562	64
6574	64
6574	64
6585	64
6597	64
6609	64
6609	64
6621	64
6632	64
6632	64
6644	64
6656	64
6656	64
6667	64
6679	64
6679	64
6691	64
6703	64
6703	64
6714	64
6726	64
6726	64
6738	65
6750	65
6750	65
6761	65
6773	65
6773	65
6785	65
6796	65
6796	65
6808	65
6820	65
6820	65
6832	65
6843	65
6843	65
6855	65
6867	65
6878	65
6878	65
6890	65
6902	65
6902	65
6914	65
6925	65
6925	65
6937	65
6949	65
6949	65
6960	65
6972	65
6984	65
6984	65
6996	65
7007	65
7007	65
7019	65
7031	65
7031	65
7042	65
7054	65
7066	65
7066	65
7078	65
7089	65
7089	65
7101	65
7113	65
7113	65
7125	65
7125	65
7136	66
7136	66
7148	66
7160	66
7160	66
7171	66
7183	66
7183	66
7195	66
7207	66
7207	66
7218	66
7230	66
7230	66
7242	66
7253	66
7265	66
7265	66
7277	66
7289	66
7289	66
7300	66
7312	66
7324	66
7335	66
7335	66
7347	66
7359	66
7371	66
7371	66
7382	66
7394	66
7406	66
7406	66
7417	66
7429	66
7429	66
7441	66
7453	66
7464	66
7464	66
7476	66
7488	66
7500	66
7511	66
7523	66
7535	66
7535	66
7546	66
7558	66
7570	67
7570	67
7582	67
7593	67
7593	67
7605	67
7617	67
7628	67
7628	67
7640	67
7652	67
7664	67
7675	67
7675	67
7687	67
7699	67
7710	67
7722	67
7734	67
7734	67
7746	67
7757	67
7769	67
7769	67
7781	67
7792	67
7804	67
7804	67
7816	67
7828	67
7828	67
7839	67
7851	67
7863	67
7863	67
7875	67
7886	67
7886	67
7898	67
7910	67
7910	67
7921	67
7933	67
7945	67
7945	67
7957	67
7968	67
7968	67
7980	67
7992	67
8003	68
8003	68
8015	68
8027	68
8039	68
8039	68
8050	68
8062	68
8074	68
8085	68
8085	68
8097	68
8109	68
8121	68
8132	68
8132	68
8144	68
8156	68
8167	68
8167	68
8179	68
8191	68
8203	68
8203	68
8214	68
8226	68
8238	68
8238	68
8250	68
8261	68
8273	68
8273	68
8285	68
8296	68
8308	68
8308	68
8320	68
8332	68
8343	68
8343	68
8355	68
8367	68
8378	68
8390	68
8390	68
8402	68
8414	68
8425	68
8437	68
8437	68
8449	69
8460	69
8472	69
8484	69
8484	69
8496	69
8507	69
8519	69
8531	69
8531	69
8542	69
8554	69
8566	69
8566	69
8578	69
8589	69
8601	69
8601	69
8613	69
8625	69
8625	69
8636	69
8648	69
8648	69
8660	69
8671	69
8683	69
8683	69
8695	69
8707	69
8718	69
8718	69
8730	69
8742	69
8753	69
8765	69
8765	69
8777	69
8789	69
8800	69
8800	69
8812	69
8824	69
8835	69
8847	69
8847	69
8859	69
8871	69
8882	69
8894	69
8894	70
8906	70
8917	70
8929	70
8941	70
8941	70
8953	70
8964	70
8976	70
8988	70
8988	70
9000	70
9011	70
9023	70
9023	70
9035	70
9046	70
9058	70
9070	70
9070	70
9082	70
9093	70
9105	70
9105	70
9117	70
9128	70
9140	70
9152	70
9164	70
9175	70
9175	70
9187	70
9199	70
9210	70
9222	70
9234	70
9246	70
9257	70
9257	70
9269	70
9281	70
9292	70
9304	70
9304	70
9316	70
9328	70
9339	70
9351	70
9351	70
9363	70
9375	71
9386	71
9386	71
9398	71
9410	71
9421	71
9421	71
9433	71
9445	71
9457	71
9468	71
9480	71
9480	71
9492	71
9503	71
9515	71
9527	71
9527	71
9539	71
9550	71
9562	71
9574	71
9574	71
9585	71
9597	71
9609	71
9621	71
9632	71
9632	71
9644	71
9656	71
9667	71
9679	71
9691	71
9691	71
9703	71
9714	71
9726	71
9738	71
9738	71
9750	71
9761	71
9773	71
9785	71
9785	71
9796	71
9808	71
9820	71
9832	71
9832	71
9843	72
9855	72
9867	72
9878	72
9890	72
9890	72
9902	72
9914	72
9925	72
9937	72
9949	72
9960	72
9972	72
9984	72
9996	72
10007	72
10019	72
10031	72
10031	72
10042	72
10054	72
10066	72
10078	72
10078	72
10089	72
10101	72
10113	72
10125	72
10136	72
10136	72
10148	72
10160	72
10171	72
10183	72
10183	72
10195	72
10207	72
10218	72
10230	72
10242	72
10253	72
10253	72
10265	72
10277	72
10289	72
10300	72
10300	72
10312	72
10324	72
10335	72
10347	73
10359	73
10359	73
10371	73
10382	73
10394	73
10406	73
10417	73
10429	73
10441	73
10441	73
10453	73
10464	73
10476	73
10488	73
10500	73
10500	73
10511	73
10523	73
10535	73
10546	73
10558	73
10570	73
10570	73
10582	73
10593	73
10605	73
10617	73
10628	73
10640	73
10640	73
10652	73
10664	73
10675	73
10687	73
10699	73
10710	73
10734	73
10734	73
10746	73
10757	73
10769	73
10781	73
10792	73
10804	73
10816	73
10828	73
10828	73
10839	73
10851	73
10863	74
10875	74
10886	74
10898	74
10898	74
10910	74
10921	74
10933	74
10945	74
10957	74
10968	74
10968	74
10980	74
10992	74
11003	74
11015	74
11027	74
11039	74
11050	74
11062	74
11062	74
11074	74
11085	74
11097	74
11109	74
11121	74
11132	74
11144	74
11156	74
11167	74
11167	74
11179	74
11191	74
11203	74
11214	74
11226	74
11238	74
11250	74
11261	74
11261	74
11273	74
11285	74
11296	74
11308	74
11320	74
11332	74
11343	74
11355	74
11355	74
11367	74
11378	75
11390	75
11402	75
11414	75
11425	75
11437	75
11449	75
11460	75
11484	75
11484	75
11496	75
11507	75
11519	75
11531	75
11542	75
11554	75
11566	75
11578	75
11589	75
11601	75
11613	75
11613	75
11625	75
11636	75
11648	75
11660	75
11671	75
11683	75
11683	75
11695	75
11707	75
11718	75
11730	75
11742	75
11753	75
11765	75
11777	75
11789	75
11800	75
11812	75
11812	75
11824	75
11835	75
11847	75
11859	75
11871	75
11882	75
11894	75
11906	75
11917	75
11929	76
11941	76
11953	76
11953	76
11964	76
11976	76
11988	76
12000	76
12011	76
12023	76
12035	76
12046	76
12046	76
12058	76
12070	76
12082	76
12093	76
12105	76
12117	76
12128	76
12140	76
12152	76
12164	76
12175	76
12187	76
12199	76
12210	76
12222	76
12234	76
12246	76
12257	76
12269	76
12281	76
12292	76
12304	76
12316	76
12328	76
12339	76
12351	76
12363	76
12375	76
12386	76
12398	76
12410	76
12421	76
12433	76
12433	76
12445	76
12457	76
12468	76
12480	77
12492	77
12503	77
12515	77
12527	77
12539	77
12550	77
12562	77
12574	77
12585	77
12597	77
12609	77
12621	77
12632	77
12644	77
12656	77
12667	77
12679	77
12691	77
12703	77
12714	77
12726	77
12738	77
12750	77
12761	77
12773	77
12785	77
12796	77
12796	77
12808	77
12820	77
12832	77
12843	77
12855	77
12867	77
12878	77
12890	77
12902	77
12914	77
12925	77
12937	77
12949	77
12960	77
12972	77
12984	77
13007	77
13019	77
13031	77
13031	77
13042	77
13054	78
13066	78
13078	78
13089	78
13101	78
13113	78
13125	78
13136	78
13148	78
13160	78
13171	78
13183	78
13195	78
13207	78
13218	78
13230	78
13242	78
13253	78
13265	78
13277	78
13289	78
13300	78
13312	78
13335	78
13347	78
13359	78
13371	78
13382	78
13394	78
13406	78
13417	78
13429	78
13441	78
13453	78
13464	78
13476	78
13488	78
13500	78
13511	78
13523	78
13535	78
13546	78
13558	78
13570	78
13582	78
13593	78
13605	78
13617	78
13628	78
13640	78
13652	79
13664	79
13675	79
13687	79
13699	79
13710	79
13722	79
13746	79
13757	79
13769	79
13781	79
13792	79
13804	79
13816	79
13828	79
13839	79
13851	79
13863	79
13875	79
13886	79
13910	79
13921	79
13933	79
13945	79
13957	79
13968	79
13980	79
13992	79
14003	79
14015	79
14027	79
14039	79
14050	79
14062	79
14074	79
14085	79
14109	79
14121	79
14132	79
14144	79
14156	79
14167	79
14179	79
14191	79
14203	79
14214	79
14226	79
14238	79
14250	79
14250	79
14261	80
14273	80
14285	80
14296	80
14308	80
14320	80
14332	80
14343	80
14355	80
14367	80
14378	80
14390	80
14402	80
14414	80
14425	80
14437	80
14449	80
14460	80
14472	80
14484	80
14507	80
14519	80
14531	80
14542	80
14554	80
14566	80
14578	80
14589	80
14601	80
14613	80
14625	80
14636	80
14660	80
14671	80
14683	80
14695	80
14707	80
14718	80
14730	80
14742	80
14753	80
14765	80
14777	80
14789	80
14812	80
14824	80
14835	80
14859	80
14871	80
14882	80
14894	81
14906	81
14917	81
14929	81
14941	81
14953	81
14964	81
14976	81
14988	81
15000	81
15023	81
15035	81
15046	81
15058	81
15070	81
15082	81
15093	81
15105	81
15117	81
15128	81
15140	81
15152	81
15164	81
15175	81
15187	81
15199	81
15210	81
15234	81
15246	81
15257	81
15269	81
15281	81
15292	81
15304	81
15316	81
15328	81
15339	81
15351	81
15363	81
15375	81
15386	81
15410	81
15421	81
15433	81
15445	81
15457	81
15468	81
15480	81
15492	81
15503	81
15515	82
15527	82
15550	82
15562	82
15574	82
15597	82
15609	82
15621	82
15632	82
15644	82
15656	82
15679	82
15691	82
15703	82
15714	82
15726	82
15738	82
15750	82
15761	82
15773	82
15796	82
15808	82
15820	82
15832	82
15843	82
15855	82
15867	82
15878	82
15890	82
15902	82
15914	82
15925	82
15937	82
15960	82
15972	82
15984	82
15996	82
16007	82
16019	82
16031	82
16042	82
16054	82
16078	82
16089	82
16101	82
16113	82
16125	82
16136	82
16148	82
16171	82
16183	83
16195	83
16207	83
16218	83
16230	83
16242	83
16253	83
16265	83
16289	83
16300	83
16312	83
16335	83
16347	83
16371	83
16382	83
16394	83
16406	83
16417	83
16429	83
16441	83
16453	83
16464	83
16488	83
16500	83
16511	83
16523	83
16535	83
16546	83
16558	83
16570	83
16582	83
16593	83
16605	83
16628	83
16640	83
16652	83
16664	83
16675	83
16687	83
16699	83
16710	83
16722	83
16734	83
16746	83
16757	83
16769	83
16781	83
16792	83
16816	83
16828	83
16839	84
16851	84
16863	84
16875	84
16886	84
16898	84
16910	84
16921	84
16933	84
16945	84
16957	84
16968	84
16980	84
16992	84
17015	84
17027	84
17039	84
17062	84
17074	84
17097	84
17109	84
17121	84
17144	84
17156	84
17167	84
17179	84
17191	84
17203	84
17214	84
17226	84
17250	84
17261	84
17273	84
17296	84
17308	84
17320	84
17332	84
17343	84
17355	84
17367	84
17378	84
17402	84
17414	84
17425	84
17437	84
17449	84
17460	84
17472	84
17484	84
17496	84
17507	85
17531	85
17542	85
17554	85
17566	85
17578	85
17589	85
17601	85
17613	85
17625	85
17636	85
17648	85
17660	85
17671	85
17683	85
17695	85
17707	85
17718	85
17742	85
17753	85
17765	85
17777	85
17789	85
17800	85
17824	85
17835	85
17847	85
17871	85
17882	85
17894	85
17906	85
17917	85
17929	85
17941	85
17964	85
17976	85
17988	85
18000	85
18011	85
18035	85
18046	85
18058	85
18070	85
18082	85
18093	85
18105	85
18128	85
18140	85
18152	85
18164	85
18175	86
18199	86
18210	86
18222	86
18234	86
18246	86
18257	86
18281	86
18292	86
18304	86
18316	86
18328	86
18339	86
18351	86
18363	86
18386	86
18398	86
18410	86
18421	86
18433	86
18445	86
18457	86
18468	86
18492	86
18503	86
18515	86
18527	86
18539	86
18562	86
18574	86
18585	86
18609	86
18621	86
18632	86
18644	86
18656	86
18667	86
18691	86
18703	86
18714	86
18726	86
18738	86
18750	86
18773	86
18785	86
18796	86
18808	86
18820	86
18832	86
18843	86
18867	87
18878	87
18890	87
18902	87
18914	87
18925	87
18937	87
18960	87
18972	87
18984	87
18996	87
19007	87
19019	87
19031	87
19054	87
19066	87
19078	87
19089	87
19101	87
19113	87
19125	87
19136	87
19148	87
19160	87
19171	87
19183	87
19195	87
19207	87
19230	87
19242	87
19253	87
19265	87
19277	87
19289	87
19312	87
19324	87
19335	87
19359	87
19371	87
19382	87
19394	87
19406	87
19429	87
19441	87
19453	87
19464	87
19476	87
19500	87
19511	87
19535	87
19546	88
19558	88
19570	88
19582	88
19593	88
19617	88
19628	88
19640	88
19652	88
19675	88
19687	88
19699	88
19722	88
19734	88
19746	88
19769	88
19781	88
19792	88
19804	88
19816	88
19828	88
19851	88
19863	88
19875	88
19886	88
19898	88
19910	88
19921	88
19945	88
19957	88
19968	88
19980	88
19992	88
20015	88
20027	88
20039	88
20050	88
20062	88
20085	88
20097	88
20109	88
20121	88
20144	88
20156	88
20167	88
20179	88
20191	88
20214	88
20226	88
20238	88
20250	89
20261	89
20285	89
20296	89
20308	89
20320	89
20332	89
20343	89
20367	89
20378	89
20390	89
20402	89
20414	89
20437	89
20449	89
20460	89
20484	89
20496	89
20507	89
20519	89
20531	89
20554	89
20566	89
20578	89
20589	89
20601	89
20613	89
20625	89
20648	89
20660	89
20671	89
20683	89
20695	89
20707	89
20730	89
20742	89
20753	89
20765	89
20777	89
20800	89
20812	89
20824	89
20835	89
20847	89
20871	89
20882	89
20894	89
20906	89
20929	89
20941	89
20953	90
20964	90
20976	90
20988	90
21011	90
21023	90
21035	90
21046	90
21058	90
21082	90
21093	90
21105	90
21117	90
21140	90
21152	90
21164	90
21175	90
21199	90
21210	90
21222	90
21246	90
21257	90
21269	90
21281	90
21304	90
21316	90
21328	90
21339	90
21351	90
21375	90
21386	90
21398	90
21410	90
21421	90
21433	90
21445	90
21468	90
21480	90
21492	90
21503	90
21515	90
21539	90
21550	90
21562	90
21574	90
21585	90
21609	90
21621	90
21632	90
21644	90
21667	91
21679	91
21691	91
21703	91
21726	91
21738	91
21750	91
21761	91
21773	91
21796	91
21808	91
21820	91
21832	91
21843	91
21867	91
21878	91
21890	91
21902	91
21925	91
21937	91
21960	91
21972	91
21984	91
22007	91
22019	91
22031	91
22054	91
22066	91
22078	91
22089	91
22101	91
22125	91
22136	91
22148	91
22160	91
22171	91
22183	91
22207	91
22218	91
22230	91
22242	91
22265	91
22277	91
22289	91
22300	91
22312	91
22324	91
22347	91
22359	91
22371	91
22382	92
22406	92
22417	92
22429	92
22441	92
22464	92
22476	92
22488	92
22500	92
22511	92
22535	92
22546	92
22558	92
22570	92
22593	92
22605	92
22617	92
22628	92
22652	92
22664	92
22687	92
22699	92
22722	92
22734	92
22746	92
22769	92
22781	92
22792	92
22804	92
22828	92
22839	92
22851	92
22875	92
22886	92
22898	92
22910	92
22921	92
22945	92
22957	92
22968	92
22980	92
23003	92
23015	92
23027	92
23039	92
23062	92
23074	92
23085	92
23097	92
23121	92
23132	93
23144	93
23156	93
23179	93
23191	93
23203	93
23226	93
23238	93
23250	93
23261	93
23285	93
23296	93
23308	93
23320	93
23343	93
23355	93
23367	93
23390	93
23402	93
23414	93
23437	93
23449	93
23472	93
23484	93
23507	93
23519	93
23531	93
23542	93
23566	93
23578	93
23589	93
23613	93
23625	93
23636	93
23648	93
23660	93
23683	93
23695	93
23707	93
23718	93
23742	93
23753	93
23765	93
23777	93
23800	93
23812	93
23824	93
23835	93
23859	93
23871	93
23882	94
23906	94
23917	94
23929	94
23953	94
23964	94
23976	94
23988	94
24000	94
24023	94
24035	94
24046	94
24070	94
24082	94
24093	94
24105	94
24128	94
24140	94
24152	94
24175	94
24187	94
24210	94
24222	94
24246	94
24257	94
24269	94
24292	94
24304	94
24316	94
24339	94
24351	94
24363	94
24386	94
24398	94
24410	94
24421	94
24445	94
24457	94
24468	94
24492	94
24503	94
24515	94
24539	94
24550	94
24562	94
24585	94
24597	94
24609	94
24632	94
24644	94
24656	95
24679	95
24691	95
24703	95
24726	95
24738	95
24750	95
24761	95
24785	95
24796	95
24808	95
24832	95
24843	95
24855	95
24878	95
24890	95
24902	95
24925	95
24937	95
24960	95
24972	95
24984	95
25007	95
25019	95
25042	95
25054	95
25066	95
25089	95
25101	95
25113	95
25136	95
25148	95
25160	95
25183	95
25195	95
25207	95
25230	95
25242	95
25253	95
25277	95
25289	95
25300	95
25324	95
25335	95
25359	95
25371	95
25394	95
25406	95
25417	95
25441	95
25453	96
25464	96
25488	96
25500	96
25511	96
25523	96
25546	96
25558	96
25570	96
25593	96
25605	96
25617	96
25640	96
25652	96
25675	96
25687	96
25710	96
25722	96
25746	96
25757	96
25781	96
25792	96
25804	96
25828	96
25839	96
25863	96
25875	96
25898	96
25910	96
25933	96
25945	96
25957	96
25980	96
25992	96
26003	96
26027	96
26039	96
26062	96
26074	96
26097	96
26109	96
26132	96
26144	96
26156	96
26179	96
26191	96
26214	96
26226	96
26238	96
26250	96
26261	97
26285	97
26296	97
26308	97
26320	97
26343	97
26355	97
26378	97
26390	97
26402	97
26425	97
26437	97
26449	97
26472	97
26484	97
26507	97
26519	97
26531	97
26554	97
26566	97
26578	97
26601	97
26613	97
26636	97
26648	97
26671	97
26683	97
26707	97
26718	97
26730	97
26753	97
26765	97
26789	97
26812	97
26824	97
26847	97
26871	97
26882	97
26894	97
26917	97
26929	97
26953	97
26964	97
26976	97
27000	97
27011	97
27035	97
27046	97
27058	97
27082	97
27093	98
27117	98
27128	98
27140	98
27164	98
27175	98
27187	98
27210	98
27222	98
27246	98
27257	98
27281	98
27292	98
27304	98
27328	98
27339	98
27363	98
27375	98
27386	98
27410	98
27421	98
27445	98
27457	98
27468	98
27492	98
27503	98
27527	98
27539	98
27562	98
27585	98
27609	98
27621	98
27644	98
27656	98
27679	98
27691	98
27703	98
27726	98
27738	98
27761	98
27773	98
27796	98
27808	98
27820	98
27843	98
27855	98
27878	98
27890	98
27914	98
27925	98
27937	99
27960	99
27972	99
27996	99
28007	99
28031	99
28042	99
28066	99
28078	99
28089	99
28113	99
28125	99
28148	99
28171	99
28183	99
28195	99
28218	99
28230	99
28253	99
28265	99
28289	99
28312	99
28335	99
28347	99
28371	99
28394	99
28406	99
28417	99
28441	99
28453	99
28476	99
28488	99
28511	99
28523	99
28546	99
28558	99
28570	99
28593	99
28605	99
28628	99
28640	99
28664	99
28675	99
28687	99
28710	99
28722	99
28746	99
28757	99
28769	99
28792	99
28804	100
28828	100
28839	100
28863	100
28875	100
28886	100
28910	100
28921	100
28945	100
28957	100
28968	100
28992	100
29015	100
29027	100
29050	100
29074	100
29097	100
29121	100
29132	100
29156	100
29167	100
29179	100
29203	100
29226	100
29238	100
29261	100
29285	100
29296	100
29320	100
29332	100
29355	100
29367	100
29390	100
29402	100
29414	100
29437	100
29449	100
29472	100
29484	100
29507	100
29519	100
29542	100
29554	100
29578	100
29589	100
29601	100
29625	100
29636	100
29648	100
29671	100
29683	101
29695	101
29718	101
29730	101
29753	101
29765	101
29789	101
29812	101
29824	101
29847	101
29871	101
29882	101
29906	101
29917	101
29941	101
29953	101
29976	101
29988	101
30011	101
30023	101
30046	101
30058	101
30082	101
30093	101
30117	101
30128	101
30152	101
30175	101
30187	101
30210	101
30222	101
30246	101
30257	101
30281	101
30292	101
30316	101
30328	101
30351	101
30363	101
30386	101
30398	101
30421	101
30433	101
30457	101
30468	101
30492	101
30503	101
30527	101
30539	101
30562	101
30585	102
30597	102
30621	102
30644	102
30656	102
30679	102
30691	102
30714	102
30726	102
30750	102
30761	102
30785	102
30796	102
30820	102
30832	102
30855	102
30867	102
30890	102
30902	102
30925	102
30937	102
30960	102
30972	102
30996	102
31007	102
31031	102
31054	102
31066	102
31089	102
31101	102
31113	102
31125	102
31148	102
31160	102
31171	102
31195	102
31218	102
31230	102
31253	102
31265	102
31289	102
31300	102
31324	102
31347	102
31359	102
31382	102
31406	102
31417	102
31441	102
31453	102
31476	103
31500	103
31511	103
31535	103
31558	103
31570	103
31593	103
31605	103
31628	103
31640	103
31664	103
31687	103
31710	103
31722	103
31746	103
31769	103
31781	103
31804	103
31816	103
31839	103
31851	103
31875	103
31886	103
31910	103
31921	103
31945	103
31957	103
31980	103
31992	103
32015	103
32027	103
32050	103
32062	103
32085	103
32109	103
32121	103
32144	103
32156	103
32179	103
32203	103
32214	103
32238	103
32250	103
32273	103
32285	103
32308	103
32320	103
32343	103
32355	103
32378	103
32390	104
32414	104
32437	104
32449	104
32472	104
32484	104
32507	104
32531	104
32542	104
32566	104
32578	104
32601	104
32613	104
32625	104
32648	104
32660	104
32683	104
32695	104
32718	104
32730	104
32753	104
32765	104
32789	104
32800	104
32824	104
32835	104
32859	104
32882	104
32894	104
32917	104
32929	104
32953	104
32964	104
32988	104
33000	104
33023	104
33046	104
33058	104
33070	104
33093	104
33117	104
33128	104
33152	104
33164	104
33187	104
33210	104
33234	104
33246	104
33269	104
33281	104
33304	105
33328	105
33339	105
33363	105
33375	105
33398	105
33410	105
33421	105
33445	105
33468	105
33480	105
33503	105
33515	105
33539	105
33550	105
33574	105
33585	105
33609	105
33621	105
33644	105
33656	105
33679	105
33703	105
33714	105
33738	105
33750	105
33773	105
33785	105
33808	105
33820	105
33843	105
33855	105
33878	105
33902	105
33914	105
33937	105
33960	105
33984	105
33996	105
34019	105
34042	105
34054	105
34078	105
34089	105
34113	105
34125	105
34148	105
34160	105
34183	105
34195	105
34218	106
34230	106
34253	106
34265	106
34289	106
34300	106
34324	106
34335	106
34359	106
34371	106
34394	106
34417	106
34429	106
34453	106
34464	106
34488	106
34500	106
34523	106
34546	106
34558	106
34582	106
34593	106
34617	106
34628	106
34652	106
34675	106
34699	106
34722	106
34734	106
34757	106
34781	106
34792	106
34816	106
34828	106
34851	106
34863	106
34886	106
34898	106
34921	106
34933	106
34957	106
34980	106
34992	106
35015	106
35027	106
35050	106
35062	106
35085	106
35109	106
35121	106
35144	107
35156	107
35179	107
35203	107
35214	107
35238	107
35250	107
35273	107
35285	107
35308	107
35332	107
35343	107
35367	107
35378	107
35402	107
35425	107
35449	107
35472	107
35484	107
35507	107
35531	107
35542	107
35566	107
35578	107
35601	107
35625	107
35636	107
35648	107
35671	107
35683	107
35707	107
35730	107
35742	107
35765	107
35777	107
35800	107
35812	107
35835	107
35859	107
35871	107
35894	107
35906	107
35929	107
35953	107
35964	107
35988	107
36000	107
36023	107
36035	107
36058	107
36070	108
36093	108
36117	108
36128	108
36152	108
36175	108
36187	108
36210	108
36234	108
36257	108
36269	108
36292	108
36316	108
36328	108
36351	108
36363	108
36386	108
36410	108
36421	108
36445	108
36457	108
36480	108
36503	108
36515	108
36539	108
36562	108
36574	108
36597	108
36621	108
36632	108
36656	108
36679	108
36691	108
36714	108
36726	108
36750	108
36761	108
36785	108
36808	108
36820	108
36843	108
36855	108
36878	108
36902	108
36914	108
36937	108
36960	108
36984	108
36996	108
37019	108
37042	109
37054	109
37078	109
37101	109
37113	109
37136	109
37148	109
37171	109
37195	109
37207	109
37230	109
37253	109
37265	109
37289	109
37312	109
37324	109
37347	109
37371	109
37382	109
37406	109
37429	109
37441	109
37464	109
37488	109
37500	109
37523	109
37535	109
37558	109
37582	109
37593	109
37617	109
37640	109
37652	109
37675	109
37699	109
37722	109
37746	109
37757	109
37781	109
37804	109
37816	109
37839	109
37863	109
37886	109
37910	109
37921	109
37945	109
37968	109
37980	109
38003	109
38027	110
38039	110
38062	110
38085	110
38109	110
38132	110
38144	110
38167	110
38191	110
38203	110
38226	110
38238	110
38261	110
38273	110
38296	110
38308	110
38332	110
38355	110
38367	110
38390	110
38402	110
38425	110
38449	110
38460	110
38484	110
38507	110
38519	110
38542	110
38566	110
38578	110
38601	110
38625	110
38648	110
38671	110
38683	110
38707	110
38718	110
38742	110
38765	110
38789	110
38812	110
38835	110
38859	110
38882	110
38894	110
38917	110
38929	110
38953	110
38976	110
39000	110
39011	111
39035	111
39058	111
39070	111
39093	111
39117	111
39128	111
39152	111
39164	111
39187	111
39210	111
39234	111
39246	111
39269	111
39292	111
39304	111
39328	111
39351	111
39363	111
39386	111
39410	111
39421	111
39445	111
39468	111
39480	111
39503	111
39527	111
39550	111
39574	111
39597	111
39621	111
39644	111
39667	111
39679	111
39703	111
39726	111
39750	111
39761	111
39785	111
39808	111
39820	111
39843	111
39867	111
39890	111
39902	111
39925	111
39949	111
39960	111
39984	111
40007	111
40031	112
40042	112
40066	112
40089	112
40101	112
40125	112
40148	112
40171	112
40195	112
40207	112
40230	112
40253	112
40265	112
40289	112
40324	112
40347	112
40371	112
40394	112
40406	112
40429	112
40453	112
40464	112
40488	112
40511	112
40535	112
40546	112
40570	112
40593	112
40605	112
40628	112
40652	112
40664	112
40687	112
40710	112
40722	112
40746	112
40757	112
40781	112
40804	112
40828	112
40839	112
40863	112
40886	112
40898	112
40921	112
40945	112
40957	112
40980	112
41003	112
41027	112
41050	113
41074	113
41097	113
41132	113
41144	113
41167	113
41191	113
41203	113
41226	113
41261	113
41285	113
41296	113
41320	113
41343	113
41367	113
41378	113
41402	113
41425	113
41449	113
41460	113
41484	113
41507	113
41519	113
41542	113
41566	113
41589	113
41601	113
41625	113
41636	113
41660	113
41671	113
41695	113
41718	113
41730	113
41753	113
41777	113
41800	113
41824	113
41847	113
41871	113
41882	113
41906	113
41929	113
41953	113
41964	113
41988	113
42011	113
42035	113
42058	113
42070	113
42093	114
42117	114
42140	114
42164	114
42175	114
42199	114
42222	114
42246	114
42269	114
42281	114
42304	114
42328	114
42351	114
42363	114
42386	114
42410	114
42433	114
42445	114
42468	114
42492	114
42515	114
42539	114
42562	114
42585	114
42609	114
42632	114
42644	114
42667	114
42691	114
42714	114
42738	114
42750	114
42773	114
42796	114
42820	114
42832	114
42855	114
42878	114
42902	114
42925	114
42937	114
42960	114
42984	114
43007	114
43019	114
43042	114
43066	114
43089	114
43101	114
43125	114
43136	115
43160	115
43171	115
43195	115
43218	115
43242	115
43253	115
43277	115
43300	115
43324	115
43347	115
43371	115
43394	115
43417	115
43429	115
43453	115
43476	115
43500	115
43523	115
43546	115
43570	115
43593	115
43605	115
43628	115
43652	115
43675	115
43699	115
43722	115
43746	115
43769	115
43792	115
43816	115
43839	115
43851	115
43875	115
43898	115
43921	115
43933	115
43957	115
43980	115
44003	115
44027	115
44050	115
44062	115
44085	115
44109	115
44132	115
44156	115
44179	115
44203	115
44226	116
44238	116
44261	116
44285	116
44308	116
44332	116
44343	116
44367	116
44390	116
44414	116
44437	116
44460	116
44484	116
44507	116
44531	116
44554	116
44566	116
44589	116
44613	116
44625	116
44648	116
44671	116
44683	116
44707	116
44730	116
44753	116
44777	116
44789	116
44812	116
44835	116
44859	116
44882	116
44906	116
44917	116
44941	116
44964	116
44988	116
45011	116
45023	116
45046	116
45070	116
45093	116
45117	116
45140	116
45152	116
45175	116
45210	116
45234	116
45257	116
45269	116
45292	117
45316	117
45339	117
45363	117
45375	117
45398	117
45421	117
45445	117
45468	117
45480	117
45503	117
45527	117
45550	117
45574	117
45597	117
45609	117
45632	117
45656	117
45679	117
45703	117
45726	117
45750	117
45761	117
45785	117
45808	117
45832	117
45855	117
45878	117
45902	117
45925	117
45949	117
45972	117
45996	117
46019	117
46042	117
46066	117
46078	117
46101	117
46125	117
46148	117
46160	117
46183	117
46207	117
46230	117
46253	117
46277	117
46289	117
46312	117
46335	117
46359	117
46371	118
46394	118
46417	118
46441	118
46464	118
46488	118
46500	118
46523	118
46546	118
46570	118
46593	118
46617	118
46640	118
46652	118
46687	118
46710	118
46734	118
46757	118
46781	118
46804	118
46828	118
46839	118
46863	118
46886	118
46910	118
46933	118
46945	118
46968	118
46992	118
47015	118
47039	118
47062	118
47085	118
47097	118
47121	118
47144	118
47167	118
47191	118
47214	118
47238	118
47261	118
47285	118
47308	118
47320	118
47343	118
47367	118
47390	118
47414	118
47449	118
47472	118
47496	119
47519	119
47542	119
47566	119
47578	119
47601	119
47625	119
47648	119
47671	119
47683	119
47707	119
47730	119
47753	119
47777	119
47800	119
47812	119
47835	119
47859	119
47882	119
47906	119
47929	119
47953	119
47964	119
47988	119
48011	119
48035	119
48058	119
48070	119
48093	119
48117	119
48140	119
48164	119
48187	119
48210	119
48234	119
48257	119
48281	119
48304	119
48328	119
48351	119
48375	119
48398	119
48421	119
48433	119
48457	119
48480	119
48503	119
48527	119
48550	119
48574	119
48597	120
48621	120
48644	120
48667	120
48691	120
48714	120
48726	120
48750	120
48773	120
48796	120
48820	120
48843	120
48867	120
48890	120
48914	120
48937	120
48960	120
48984	120
49007	120
49031	120
49054	120
49078	120
49101	120
49125	120
49148	120
49160	120
49183	120
49207	120
49230	120
49253	120
49277	120
49300	120
49324	120
49347	120
49371	120
49394	120
49417	120
49441	120
49464	120
49488	120
49500	120
49523	120
49546	120
49570	120
49593	120
49617	120
49640	120
49664	120
49687	120
49710	120
49734	121
49757	121
49781	121
49804	121
49828	121
49851	121
49875	121
49910	121
49933	121
49945	121
49968	121
49992	121
50015	121
50039	121
50074	121
50097	121
50121	121
50144	121
50167	121
50191	121
50214	121
50226	121
50250	121
50273	121
50285	121
50308	121
50332	121
50355	121
50378	121
50402	121
50425	121
50449	121
50472	121
50496	121
50519	121
50542	121
50566	121
50589	121
50613	121
50636	121
50660	121
50683	121
50707	121
50730	121
50753	121
50777	121
50800	121
50835	121
50859	121
50882	121
50906	122
50929	122
50953	122
50976	122
51000	122
51023	122
51046	122
51070	122
51093	122
51117	122
51140	122
51164	122
51187	122
51210	122
51234	122
51246	122
51269	122
51292	122
51316	122
51339	122
51363	122
51386	122
51410	122
51433	122
51457	122
51480	122
51503	122
51527	122
51550	122
51585	122
51609	122
51632	122
51656	122
51679	122
51703	122
51726	122
51750	122
51773	122
51796	122
51820	122
51843	122
51867	122
51890	122
51914	122
51937	122
51960	122
51984	122
52007	122
52031	122
52054	122
52078	123
52101	123
52125	123
52160	123
52183	123
52207	123
52218	123
52242	123
52277	123
52300	123
52335	123
52359	123
52382	123
52406	123
52429	123
52453	123
52476	123
52500	123
52523	123
52546	123
52570	123
52593	123
52617	123
52640	123
52664	123
52687	123
52710	123
52734	123
52757	123
52781	123
52804	123
52828	123
52851	123
52875	123
52886	123
52910	123
52933	123
52957	123
52980	123
53003	123
53039	123
53062	123
53097	123
53121	123
53144	123
53167	123
53191	123
53214	123
53250	123
53273	123
53296	124
53320	124
53343	124
53367	124
53390	124
53414	124
53437	124
53460	124
53484	124
53507	124
53531	124
53554	124
53578	124
53601	124
53625	124
53636	124
53660	124
53683	124
53707	124
53730	124
53753	124
53777	124
53812	124
53835	124
53859	124
53882	124
53906	124
53929	124
53953	124
53988	124
54011	124
54035	124
54058	124
54082	124
54105	124
54128	124
54152	124
54175	124
54199	124
54234	124
54257	124
54281	124
54304	124
54328	124
54351	124
54375	124
54398	124
54421	124
54445	124
54468	124
54492	125
54515	125
54539	125
54562	125
54597	125
54621	125
54644	125
54667	125
54691	125
54714	125
54738	125
54761	125
54785	125
54808	125
54832	125
54855	125
54890	125
54914	125
54937	125
54960	125
54984	125
55007	125
55031	125
55054	125
55078	125
55101	125
55125	125
55136	125
55160	125
55183	125
55207	125
55230	125
55253	125
55277	125
55300	125
55335	125
55359	125
55382	125
55406	125
55429	125
55453	125
55488	125
55511	125
55535	125
55570	125
55582	125
55617	125
55640	125
55664	125
55687	125
55722	126
55746	126
55769	126
55792	126
55816	126
55839	126
55863	126
55886	126
55910	126
55933	126
55957	126
55980	126
56015	126
56039	126
56062	126
56085	126
56109	126
56132	126
56167	126
56191	126
56214	126
56238	126
56261	126
56285	126
56308	126
56332	126
56355	126
56378	126
56402	126
56437	126
56460	126
56484	126
56507	126
56531	126
56566	126
56589	126
56613	126
56625	126
56648	126
56671	126
56695	126
56718	126
56753	126
56777	126
56800	126
56824	126
56847	126
56871	126
56894	126
56917	126
56941	127
56964	127
57000	127
57023	127
57046	127
57070	127
57093	127
57117	127
57140	127
57164	127
57199	127
57222	127
57246	127
57281	127
57304	127
57328	127
57351	127
57375	127
57398	127
57421	127
57445	127
57468	127
57492	127
57515	127
57539	127
57562	127
57597	127
57621	127
57644	127
57667	127
57691	127
57714	127
57738	127
57761	127
57785	127
57808	127
57843	127
57867	127
57890	127
57914	127
57949	127
57972	127
57996	127
58031	127
58054	127
58078	127
58101	127
58125	127
58148	127
58171	127
58195	128
58218	128
58242	128
58265	128
58300	128
58324	128
58347	128
58371	128
58394	128
58417	128
58441	128
58464	128
58488	128
58523	128
58546	128
58570	128
58593	128
58617	128
58640	128
58675	128
58699	128
58734	128
58757	128
58781	128
58804	128
58828	128
58863	128
58886	128
58910	128
58933	128
58957	128
58980	128
59003	128
59027	128
59050	128
59085	128
59109	128
59132	128
59156	128
59179	128
59203	128
59238	128
59261	128
59285	128
59308	128
59332	128
59355	128
59390	128
59414	128
59437	128
59472	129
59496	129
59531	129
59554	129
59578	129
59601	129
59625	129
59648	129
59671	129
59695	129
59718	129
59753	129
59777	129
59800	129
59824	129
59847	129
59871	129
59894	129
59929	129
59953	129
59976	129
60000	129
60023	129
60046	129
60070	129
60093	129
60117	129
60152	129
60175	129
60199	129
60234	129
60257	129
60281	129
60304	129
60339	129
60363	129
60386	129
60410	129
60433	129
60468	129
60492	129
60515	129
60539	129
60574	129
60597	129
60621	129
60644	129
60667	129
60703	129
60726	129
60750	130
60773	130
60796	130
60820	130
60843	130
60878	130
60902	130
60925	130
60960	130
60984	130
61007	130
61042	130
61066	130
61089	130
61113	130
61136	130
61171	130
61195	130
61218	130
61242	130
61265	130
61300	130
61324	130
61347	130
61382	130
61406	130
61429	130
61453	130
61476	130
61511	130
61535	130
61558	130
61582	130
61605	130
61628	130
61664	130
61687	130
61722	130
61746	130
61769	130
61804	130
61828	130
61851	130
61886	130
61910	130
61945	130
61968	130
61992	130
62015	130
62039	130
62074	131
62097	131
62132	131
62156	131
62179	131
62203	131
62226	131
62250	131
62273	131
62296	131
62320	131
62355	131
62378	131
62402	131
62425	131
62449	131
62484	131
62507	131
62531	131
62554	131
62589	131
62613	131
62636	131
62671	131
62695	131
62718	131
62742	131
62777	131
62800	131
62835	131
62871	131
62894	131
62917	131
62941	131
62976	131
63000	131
63023	131
63046	131
63082	131
63105	131
63128	131
63152	131
63175	131
63210	131
63234	131
63257	131
63281	131
63316	131
63339	131
63363	131
63386	132
63410	132
63445	132
63468	132
63492	132
63515	132
63550	132
63574	132
63609	132
63632	132
63667	132
63691	132
63714	132
63738	132
63773	132
63796	132
63820	132
63843	132
63878	132
63902	132
63925	132
63949	132
63984	132
64007	132
64031	132
64066	132
64089	132
64113	132
64136	132
64171	132
64195	132
64218	132
64242	132
64277	132
64312	132
64347	132
64371	132
64406	132
64429	132
64453	132
64476	132
64511	132
64535	132
64558	132
64582	132
64617	132
64640	132
64664	132
64687	132
64710	132
64734	133
64769	133
64792	133
64816	133
64851	133
64875	133
64898	133
64921	133
64945	133
64968	133
65003	133
65027	133
65062	133
65097	133
65121	133
65156	133
65179	133
65203	133
65238	133
65261	133
65296	133
65320	133
65343	133
65378	133
65402	133
65425	133
65449	133
65484	133
65507	133
65531	133
65554	133
65589	133
65613	133
65625	133
65648	133
65683	133
65707	133
65730	133
65753	133
65789	133
65812	133
65847	133
65871	133
65906	133
65929	133
65953	133
65976	133
66011	133
66035	133
66070	133
66093	134
66117	134
66140	134
66175	134
66199	134
66234	134
66257	134
66281	134
66316	134
66339	134
66363	134
66386	134
66421	134
66445	134
66468	134
66492	134
66527	134
66550	134
66585	134
66609	134
66644	134
66667	134
66691	134
66726	134
66750	134
66773	134
66796	134
66832	134
66855	134
66878	134
66914	134
66937	134
66960	134
66984	134
67019	134
67042	134
67066	134
67101	134
67113	134
67136	134
67160	134
67183	134
67218	134
67242	134
67265	134
67300	134
67324	134
67359	134
67382	134
67417	134
67441	135
67464	135
67500	135
67535	135
67558	135
67582	135
67605	135
67640	135
67664	135
67699	135
67734	135
67757	135
67781	135
67816	135
67839	135
67863	135
67886	135
67921	135
67945	135
67968	135
67992	135
68027	135
68050	135
68085	135
68109	135
68132	135
68167	135
68191	135
68214	135
68250	135
68273	135
68296	135
68332	135
68355	135
68378	135
68414	135
68437	135
68472	135
68496	135
68519	135
68554	135
68578	135
68601	135
68625	135
68648	135
68683	135
68707	135
68730	135
68765	135
68789	135
68812	136
68847	136
68871	136
68894	136
68929	136
68953	136
68976	136
69000	136
69035	136
69058	136
69082	136
69117	136
69140	136
69175	136
69199	136
69234	136
69257	136
69292	136
69316	136
69339	136
69363	136
69398	136
69421	136
69445	136
69468	136
69503	136
69527	136
69550	136
69574	136
69609	136
69632	136
69656	136
69691	136
69714	136
69738	136
69773	136
69796	136
69820	136
69843	136
69878	136
69902	136
69937	136
69972	136
69996	136
70031	136
70054	136
70078	136
70113	136
70136	136
70160	136
70183	137
70207	137
70242	137
70265	137
70289	137
70324	137
70347	137
70371	137
70406	137
70429	137
70453	137
70488	137
70511	137
70535	137
70570	137
70593	137
70617	137
70652	137
70675	137
70710	137
70746	137
70769	137
70804	137
70828	137
70851	137
70886	137
70910	137
70933	137
70957	137
70992	137
71015	137
71039	137
71074	137
71097	137
71121	137
71156	137
71179	137
71214	137
71238	137
71261	137
71296	137
71320	137
71343	137
71378	137
71402	137
71437	137
71472	137
71496	137
71531	137
71554	137
71578	138
71613	138
71636	138
71660	138
71683	138
71718	138
71742	138
71765	138
71800	138
71824	138
71847	138
71882	138
71906	138
71929	138
71964	138
71988	138
72011	138
72035	138
72070	138
72093	138
72117	138
72152	138
72187	138
72210	138
72246	138
72269	138
72304	138
72328	138
72363	138
72386	138
72410	138
72445	138
72468	138
72492	138
72527	138
72550	138
72585	138
72609	138
72644	138
72667	138
72703	138
72726	138
72750	138
72785	138
72808	138
72832	138
72867	138
72890	138
72925	138
72949	138
72984	139
73007	139
73042	139
73066	139
73101	139
73125	139
73148	139
73183	139
73207	139
73242	139
73265	139
73300	139
73324	139
73359	139
73382	139
73417	139
73441	139
73464	139
73500	139
73523	139
73546	139
73582	139
73605	139
73640	139
73664	139
73699	139
73734	139
73757	139
73792	139
73816	139
73839	139
73875	139
73910	139
73933	139
73968	139
73992	139
74027	139
74050	139
74085	139
74121	139
74144	139
74167	139
74203	139
74226	139
74250	139
74273	139
74296	139
74332	139
74355	139
74390	139
74414	140
74437	140
74472	140
74496	140
74531	140
74554	140
74589	140
74613	140
74648	140
74671	140
74707	140
74730	140
74765	140
74800	140
74835	140
74859	140
74894	140
74917	140
74953	140
74976	140
75011	140
75035	140
75070	140
75093	140
75117	140
75152	140
75175	140
75210	140
75234	140
75269	140
75292	140
75328	140
75351	140
75375	140
75410	140
75433	140
75468	140
75492	140
75527	140
75550	140
75585	140
75621	140
75656	140
75679	140
75714	140
75738	140
75773	140
75796	140
75832	140
75855	140
75890	141
75914	141
75937	141
75972	141
75996	141
76031	141
76054	141
76089	141
76113	141
76148	141
76183	141
76207	141
76230	141
76265	141
76300	141
76335	141
76371	141
76406	141
76429	141
76453	141
76488	141
76523	141
76546	141
76570	141
76605	141
76628	141
76664	141
76687	141
76710	141
76746	141
76769	141
76804	141
76828	141
76851	141
76886	141
76910	141
76933	141
76968	141
76992	141
77027	141
77062	141
77097	141
77132	141
77167	141
77191	141
77226	141
77261	141
77285	141
77320	141
77343	141
77378	142
77402	142
77437	142
77460	142
77496	142
77519	142
77554	142
77578	142
77601	142
77625	142
77660	142
77683	142
77707	142
77742	142
77765	142
77800	142
77835	142
77871	142
77894	142
77929	142
77953	142
77988	142
78011	142
78046	142
78070	142
78105	142
78140	142
78164	142
78199	142
78222	142
78257	142
78281	142
78316	142
78339	142
78375	142
78398	142
78433	142
78457	142
78480	142
78515	142
78550	142
78574	142
78609	142
78644	142
78667	142
78703	142
78726	142
78761	142
78785	142
78820	142
78843	143
78878	143
78902	143
78937	143
78960	143
78996	143
79019	143
79054	143
79078	143
79113	143
79136	143
79160	143
79183	143
79218	143
79242	143
79277	143
79300	143
79335	143
79371	143
79406	143
79429	143
79464	143
79488	143
79523	143
79558	143
79593	143
79617	143
79652	143
79687	143
79710	143
79746	143
79781	143
79804	143
79839	143
79863	143
79898	143
79921	143
79957	143
79980	143
80015	143
80039	143
80074	143
80109	143
80132	143
80167	143
80191	143
80226	143
80250	143
80285	143
80308	143
80343	144
80367	144
80402	144
80437	144
80460	144
80496	144
80531	144
80554	144
80589	144
80613	144
80636	144
80671	144
80695	144
80730	144
80753	144
80789	144
80812	144
80847	144
80871	144
80906	144
80941	144
80964	144
81000	144
81023	144
81058	144
81082	144
81117	144
81140	144
81175	144
81210	144
81246	144
81281	144
81304	144
81339	144
81363	144
81398	144
81421	144
81445	144
81480	144
81515	144
81539	144
81574	144
81597	144
81632	144
81656	144
81691	144
81714	144
81750	144
81773	144
81808	144
81832	145
81867	145
81902	145
81937	145
81960	145
81996	145
82031	145
82054	145
82089	145
82125	145
82148	145
82171	145
82207	145
82242	145
82265	145
82300	145
82324	145
82359	145
82382	145
82417	145
82441	145
82476	145
82500	145
82535	145
82558	145
82593	145
82628	145
82652	145
82687	145
82722	145
82757	145
82792	145
82816	145
82851	145
82875	145
82910	145
82933	145
82968	145
82992	145
83027	145
83050	145
83085	145
83121	145
83144	145
83179	145
83203	145
83238	145
83273	145
83296	145
83332	145
83355	146
83390	146
83425	146
83460	146
83496	146
83531	146
83554	146
83589	146
83613	146
83648	146
83671	146
83707	146
83730	146
83765	146
83789	146
83824	146
83847	146
83882	146
83917	146
83941	146
83976	146
84000	146
84035	146
84058	146
84093	146
84117	146
84152	146
84187	146
84222	146
84257	146
84281	146
84316	146
84351	146
84375	146
84410	146
84433	146
84468	146
84503	146
84527	146
84562	146
84597	146
84621	146
84656	146
84691	146
84714	146
84750	146
84773	146
84808	146
84832	146
84867	146
84902	147
84925	147
84960	147
84996	147
85031	147
85054	147
85089	147
85125	147
85148	147
85183	147
85207	147
85242	147
85277	147
85312	147
85335	147
85371	147
85406	147
85429	147
85464	147
85500	147
85523	147
85558	147
85582	147
85617	147
85652	147
85675	147
85710	147
85746	147
85781	147
85816	147
85839	147
85875	147
85910	147
85945	147
85980	147
86003	147
86039	147
86074	147
86109	147
86144	147
86167	147
86203	147
86226	147
86261	147
86285	147
86308	147
86343	147
86378	147
86402	147
86437	147
86472	148
86496	148
86531	148
86566	148
86589	148
86625	148
86660	148
86695	148
86718	148
86753	148
86789	148
86824	148
86859	148
86894	148
86929	148
86953	148
86988	148
87023	148
87046	148
87082	148
87117	148
87140	148
87175	148
87210	148
87234	148
87269	148
87304	148
87328	148
87363	148
87386	148
87421	148
87457	148
87480	148
87515	148
87550	148
87585	148
87621	148
87656	148
87691	148
87714	148
87750	148
87785	148
87808	148
87843	148
87878	148
87902	148
87937	148
87972	148
87996	148
88031	148
88066	149
88089	149
88125	149
88160	149
88195	149
88218	149
88253	149
88289	149
88335	149
88371	149
88406	149
88429	149
88464	149
88500	149
88523	149
88558	149
88593	149
88617	149
88652	149
88675	149
88710	149
88734	149
88769	149
88804	149
88839	149
88863	149
88886	149
88921	149
88957	149
88980	149
89015	149
89050	149
89097	149
89132	149
89167	149
89191	149
89226	149
89261	149
89296	149
89332	149
89367	149
89390	149
89425	149
89460	149
89484	149
89519	149
89554	149
89578	149
89613	149
89636	149
89660	150
89695	150
89730	150
89753	150
89789	150
89824	150
89859	150
89894	150
89929	150
89953	150
89988	150
90023	150
90058	150
90082	150
90117	150
90152	150
90187	150
90210	150
90246	150
90281	150
90316	150
90339	150
90375	150
90398	150
90433	150
90468	150
90492	150
90527	150
90562	150
90597	150
90632	150
90667	150
90691	150
90726	150
90761	150
90785	150
90820	150
90855	150
90878	150
90914	150
90949	150
90984	150
91007	150
91042	150
91078	150
91101	150
91125	150
91160	150
91183	150
91218	150
91253	151
91277	151
91312	151
91347	151
91382	151
91417	151
91453	151
91488	151
91523	151
91558	151
91582	151
91617	151
91652	151
91687	151
91722	151
91757	151
91792	151
91828	151
91851	151
91886	151
91921	151
91945	151
91980	151
92015	151
92039	151
92074	151
92109	151
92144	151
92179	151
92203	151
92238	151
92273	151
92296	151
92332	151
92367	151
92390	151
92425	151
92460	151
92496	151
92531	151
92566	151
92589	151
92625	151
92648	151
92683	151
92707	151
92742	151
92777	151
92800	151
92835	151
92871	152
92906	152
92929	152
92964	152
93000	152
93023	152
93058	152
93093	152
93128	152
93152	152
93199	152
93234	152
93257	152
93292	152
93328	152
93363	152
93386	152
93421	152
93445	152
93480	152
93515	152
93539	152
93574	152
93609	152
93644	152
93667	152
93703	152
93738	152
93761	152
93796	152
93832	152
93867	152
93890	152
93937	152
93972	152
94007	152
94031	152
94066	152
94101	152
94125	152
94160	152
94183	152
94218	152
94253	152
94289	152
94312	152
94347	152
94371	152
94406	152
94441	152
94476	153
94500	153
94535	153
94570	153
94593	153
94628	153
94664	153
94699	153
94734	153
94769	153
94804	153
94839	153
94863	153
94898	153
94921	153
94957	153
94992	153
95015	153
95050	153
95085	153
95121	153
95144	153
95179	153
95214	153
95238	153
95273	153
95308	153
95343	153
95367	153
95402	153
95449	153
95484	153
95519	153
95554	153
95578	153
95613	153
95648	153
95671	153
95707	153
95742	153
95765	153
95800	153
95835	153
95871	153
95894	153
95929	153
95964	153
96000	153
96023	153
96058	153
96093	154
96117	154
96152	154
96187	154
96222	154
96257	154
96292	154
96328	154
96363	154
96398	154
96421	154
96457	154
96492	154
96527	154
96550	154
96585	154
96621	154
96656	154
96691	154
96714	154
96750	154
96773	154
96808	154
96843	154
96867	154
96902	154
96937	154
96972	154
97007	154
97042	154
97078	154
97101	154
97136	154
97171	154
97195	154
97230	154
97265	154
97300	154
97335	154
97371	154
97394	154
97429	154
97464	154
97488	154
97523	154
97558	154
97582	154
97617	154
97652	154
97687	154
97722	155
97757	155
97792	155
97828	155
97863	155
97898	155
97933	155
97968	155
98003	155
98039	155
98074	155
98109	155
98144	155
98167	155
98203	155
98238	155
98261	155
98296	155
98320	155
98355	155
98390	155
98414	155
98449	155
98484	155
98519	155
98554	155
98578	155
98613	155
98648	155
98683	155
98718	155
98753	155
98789	155
98824	155
98859	155
98894	155
98929	155
98964	155
99000	155
99023	155
99058	155
99093	155
99117	155
99152	155
99187	155
99222	155
99246	155
99281	155
99316	155
99351	155
99375	156
99410	156
99445	156
99468	156
99503	156
99539	156
99585	156
99621	156
99656	156
99679	156
99714	156
99750	156
99785	156
99808	156
99843	156
99878	156
99914	156
99937	156
99972	156
100007	156
100042	156
100078	156
100101	156
100136	156
100171	156
100207	156
100242	156
100277	156
100312	156
100359	156
100394	156
100429	156
100453	156
100488	156
100523	156
100558	156
100582	156
100617	156
100652	156
100687	156
100710	156
100746	156
100781	156
100804	156
100839	156
100875	156
100898	156
100933	156
100968	156
101003	156
101039	157
101074	157
101121	157
101156	157
101179	157
101214	157
101250	157
101285	157
101320	157
101355	157
101390	157
101414	157
101449	157
101484	157
101507	157
101542	157
101578	157
101601	157
101636	157
101660	157
101695	157
101718	157
101753	157
101789	157
101824	157
101859	157
101894	157
101929	157
101953	157
101988	157
102023	157
102058	157
102093	157
102117	157
102152	157
102187	157
102222	157
102257	157
102292	157
102316	157
102351	157
102386	157
102410	157
102445	157
102480	157
102515	157
102550	157
102585	157
102621	157
102656	157
102679	158
102714	158
102750	158
102785	158
102808	158
102843	158
102878	158
102914	158
102937	158
102972	158
103007	158
103042	158
103078	158
103101	158
103125	158
103160	158
103183	158
103218	158
103253	158
103289	158
103324	158
103359	158
103394	158
103417	158
103453	158
103488	158
103523	158
103558	158
103593	158
103628	158
103664	158
103699	158
103734	158
103769	158
103792	158
103828	158
103863	158
103886	158
103921	158
103957	158
103980	158
104015	158
104050	158
104085	158
104121	158
104144	158
104179	158
104214	158
104250	158
104273	158
104308	159
104343	159
104378	159
104402	159
104437	159
104472	159
104507	159
104542	159
104578	159
104601	159
104636	159
104660	159
104695	159
104718	159
104753	159
104789	159
104812	159
104847	159
104882	159
104917	159
104953	159
104976	159
105011	159
105046	159
105070	159
105105	159
105140	159
105175	159
105210	159
105246	159
105281	159
105316	159
105339	159
105375	159
105398	159
105433	159
105468	159
105492	159
105527	159
105562	159
105585	159
105621	159
105656	159
105691	159
105714	159
105750	159
105785	159
105808	159
105843	159
105878	159
105914	160
105949	160
105984	160
106019	160
106042	160
106078	160
106113	160
106136	160
106171	160
106195	160
106230	160
106265	160
106289	160
106324	160
106359	160
106382	160
106417	160
106453	160
106476	160
106511	160
106546	160
106582	160
106605	160
106640	160
106675	160
106710	160
106746	160
106781	160
106816	160
106851	160
106875	160
106910	160
106933	160
106968	160
107003	160
107027	160
107062	160
107097	160
107132	160
107156	160
107191	160
107226	160
107261	160
107285	160
107320	160
107355	160
107390	160
107414	160
107460	160
107496	160
107531	161
107554	161
107589	161
107625	161
107648	161
107683	161
107707	161
107742	161
107777	161
107800	161
107835	161
107871	161
107894	161
107929	161
107964	161
107988	161
108023	161
108058	161
108082	161
108117	161
108152	161
108187	161
108222	161
108257	161
108281	161
108316	161
108351	161
108386	161
108410	161
108445	161
108480	161
108503	161
108539	161
108574	161
108609	161
108644	161
108667	161
108703	161
108738	161
108761	161
108796	161
108820	161
108855	161
108890	161
108925	161
108949	161
108984	161
109019	161
109054	161
109089	161
109113	162
109148	162
109183	162
109207	162
109242	162
109277	162
109312	162
109347	162
109382	162
109406	162
109441	162
109476	162
109500	162
109535	162
109570	162
109593	162
109628	162
109664	162
109699	162
109734	162
109769	162
109792	162
109828	162
109863	162
109898	162
109933	162
109968	162
109992	162
110027	162
110062	162
110097	162
110132	162
110167	162
110191	162
110226	162
110250	162
110285	162
110308	162
110343	162
110367	162
110402	162
110437	162
110460	162
110496	162
110531	162
110554	162
110589	162
110625	162
110660	162
110695	162
110718	163
110753	163
110789	163
110824	163
110859	163
110894	163
110929	163
110964	163
110988	163
111023	163
111058	163
111082	163
111117	163
111152	163
111175	163
111210	163
111234	163
111269	163
111304	163
111339	163
111363	163
111398	163
111433	163
111457	163
111492	163
111527	163
111562	163
111597	163
111632	163
111667	163
111691	163
111726	163
111761	163
111796	163
111820	163
111855	163
111890	163
111914	163
111949	163
111984	163
112007	163
112042	163
112078	163
112101	163
112136	163
112171	163
112207	163
112230	163
112265	163
112312	163
112347	164
112382	164
112417	164
112441	164
112476	164
112511	164
112535	164
112570	164
112605	164
112628	164
112664	164
112687	164
112722	164
112746	164
112781	164
112816	164
112839	164
112875	164
112898	164
112933	164
112957	164
112992	164
113027	164
113062	164
113109	164
113144	164
113167	164
113203	164
113238	164
113273	164
113308	164
113332	164
113367	164
113390	164
113425	164
113460	164
113484	164
113519	164
113554	164
113578	164
113613	164
113636	164
113660	164
113695	164
113718	164
113753	164
113789	164
113824	164
113859	164
113882	164
113917	165
113953	165
113988	165
114011	165
114046	165
114082	165
114105	165
114140	165
114175	165
114210	165
114234	165
114269	165
114304	165
114328	165
114363	165
114386	165
114421	165
114457	165
114480	165
114515	165
114550	165
114585	165
114621	165
114644	165
114679	165
114714	165
114738	165
114773	165
114796	165
114832	165
114867	165
114890	165
114925	165
114949	165
114984	165
115019	165
115042	165
115078	165
115101	165
115136	165
115160	165
115183	165
115218	165
115242	165
115277	165
115312	165
115347	165
115382	165
115406	165
115441	165
115476	166
115511	166
115546	166
115570	166
115605	166
115640	166
115664	166
115699	166
115734	166
115769	166
115804	166
115828	166
115863	166
115886	166
115921	166
115945	166
115980	166
116015	166
116039	166
116074	166
116109	166
116144	166
116167	166
116203	166
116238	166
116261	166
116296	166
116332	166
116355	166
116390	166
116425	166
116449	166
116484	166
116519	166
116554	166
116578	166
116613	166
116636	166
116660	166
116695	166
116718	166
116753	166
116789	166
116812	166
116847	166
116882	166
116906	166
116941	166
116964	166
117000	166
117035	167
117058	167
117093	167
117128	167
117152	167
117187	167
117222	167
117257	167
117292	167
117316	167
117351	167
117375	167
117410	167
117433	167
117468	167
117492	167
117527	167
117562	167
117585	167
117621	167
117644	167
117679	167
117714	167
117738	167
117773	167
117808	167
117832	167
117867	167
117890	167
117925	167
117960	167
117996	167
118031	167
118066	167
118089	167
118125	167
118148	167
118183	167
118207	167
118242	167
118277	167
118300	167
118335	167
118359	167
118394	167
118429	167
118453	167
118488	167
118511	167
118546	167
118582	168
118605	168
118640	168
118675	168
118710	168
118746	168
118781	168
118804	168
118839	168
118863	168
118898	168
118921	168
118957	168
118992	168
119015	168
119050	168
119074	168
119109	168
119144	168
119167	168
119203	168
119238	168
119261	168
119296	168
119332	168
119355	168
119390	168
119425	168
119460	168
119496	168
119531	168
119554	168
119589	168
119613	168
119648	168
119671	168
119707	168
119730	168
119765	168
119789	168
119824	168
119859	168
119882	168
119917	168
119953	168
119976	168
120000	168
120035	168
120070	168
120093	168
120128	169
120152	169
120187	169
120222	169
120257	169
120292	169
120316	169
120351	169
120386	169
120410	169
120445	169
120468	169
120503	169
120539	169
120574	169
120597	169
120632	169
120667	169
120691	169
120726	169
120750	169
120785	169
120808	169
120843	169
120878	169
120902	169
120937	169
120972	169
121007	169
121042	169
121066	169
121101	169
121125	169
121160	169
121195	169
121218	169
121253	169
121289	169
121324	169
121347	169
121382	169
121417	169
121441	169
121476	169
121511	169
121535	169
121570	169
121593	169
121628	169
121664	169
121699	170
121734	170
121757	170
121792	170
121828	170
121863	170
121898	170
121933	170
121957	170
121992	170
122015	170
122050	170
122085	170
122121	170
122156	170
122179	170
122214	170
122238	170
122261	170
122296	170
122320	170
122355	170
122378	170
122414	170
122437	170
122472	170
122507	170
122531	170
122566	170
122601	170
122625	170
122660	170
122695	170
122718	170
122753	170
122789	170
122824	170
122859	170
122894	170
122929	170
122953	170
122988	170
123023	170
123046	170
123082	170
123117	170
123140	170
123175	170
123199	170
123234	170
123269	171
123292	171
123328	171
123363	171
123386	171
123421	171
123457	171
123480	171
123515	171
123550	171
123585	171
123621	171
123656	171
123679	171
123714	171
123750	171
123785	171
123808	171
123843	171
123867	171
123902	171
123937	171
123960	171
123996	171
124031	171
124054	171
124089	171
124125	171
124160	171
124183	171
124218	171
124242	171
124277	171
124324	171
124359	171
124394	171
124429	171
124453	171
124488	171
124511	171
124546	171
124570	171
124605	171
124640	171
124664	171
124699	171
124722	171
124757	171
124781	171
124816	171
124851	172
124875	172
124910	172
124933	172
124968	172
124992	172
125027	172
125062	172
125109	172
125144	172
125167	172
125203	172
125238	172
125273	172
125308	172
125332	172
125367	172
125402	172
125425	172
125460	172
125484	172
125519	172
125554	172
125589	172
125613	172
125636	172
125660	172
125695	172
125730	172
125753	172
125789	172
125824	172
125859	172
125894	172
125917	172
125953	172
125988	172
126023	172
126046	172
126082	172
126117	172
126140	172
126175	172
126210	172
126246	172
126269	172
126304	172
126339	172
126363	172
126398	172
126421	173
126457	173
126480	173
126515	173
126550	173
126585	173
126621	173
126656	173
126679	173
126714	173
126738	173
126773	173
126808	173
126832	173
126867	173
126890	173
126925	173
126960	173
126984	173
127019	173
127054	173
127078	173
127113	173
127136	173
127160	173
127195	173
127218	173
127253	173
127277	173
127312	173
127347	173
127382	173
127417	173
127441	173
127476	173
127511	173
127546	173
127582	173
127617	173
127640	173
127675	173
127710	173
127746	173
127781	173
127816	173
127839	173
127875	173
127898	173
127933	173
127957	173
127992	174
128027	174
128062	174
128085	174
128121	174
128156	174
128191	174
128214	174
128250	174
128285	174
128308	174
128343	174
128378	174
128402	174
128437	174
128472	174
128507	174
128531	174
128566	174
128601	174
128625	174
128648	174
128683	174
128718	174
128742	174
128777	174
128800	174
128835	174
128871	174
128894	174
128929	174
128964	174
128988	174
129023	174
129058	174
129082	174
129117	174
129152	174
129187	174
129222	174
129246	174
129281	174
129316	174
129339	174
129375	174
129398	174
129433	174
129457	174
129492	174
129527	174
129550	175
129585	175
129621	175
129644	175
129679	175
129714	175
129738	175
129773	175
129796	175
129832	175
129867	175
129890	175
129925	175
129972	175
129996	175
130031	175
130066	175
130101	175
130125	175
130160	175
130183	175
130218	175
130242	175
130277	175
130312	175
130335	175
130371	175
130406	175
130429	175
130464	175
130500	175
130523	175
130558	175
130582	175
130617	175
130652	175
130687	175
130722	175
130757	175
130792	175
130816	175
130851	175
130886	175
130910	175
130945	175
130968	175
131003	175
131039	175
131062	175
131097	175
131132	176
131156	176
131191	176
131226	176
131250	176
131285	176
131320	176
131343	176
131378	176
131414	176
131449	176
131484	176
131519	176
131542	176
131578	176
131613	176
131636	176
131671	176
131695	176
131730	176
131753	176
131789	176
131824	176
131847	176
131882	176
131906	176
131941	176
131976	176
132000	176
132035	176
132058	176
132093	176
132128	176
132164	176
132187	176
132234	176
132257	176
132292	176
132328	176
132351	176
132386	176
132421	176
132445	176
132480	176
132515	176
132550	176
132574	176
132609	176
132644	176
132679	176
132703	177
132738	177
132761	177
132796	177
132832	177
132855	177
132890	177
132925	177
132960	177
132984	177
133019	177
133054	177
133089	177
133113	177
133148	177
133183	177
133207	177
133242	177
133277	177
133300	177
133335	177
133371	177
133406	177
133429	177
133464	177
133500	177
133523	177
133558	177
133582	177
133617	177
133652	177
133687	177
133722	177
133757	177
133781	177
133816	177
133851	177
133886	177
133921	177
133945	177
133980	177
134015	177
134050	177
134085	177
134109	177
134144	177
134179	177
134203	177
134238	177
134261	177
134285	178
134320	178
134343	178
134378	178
134414	178
134437	178
134472	178
134507	178
134531	178
134566	178
134601	178
134636	178
134671	178
134695	178
134730	178
134765	178
134800	178
134835	178
134871	178
134906	178
134929	178
134964	178
135000	178
135035	178
135058	178
135093	178
135117	178
135152	178
135187	178
135210	178
135246	178
135281	178
135316	178
135339	178
135375	178
135398	178
135433	178
135468	178
135492	178
135527	178
135562	178
135609	178
135644	178
135667	178
135703	178
135738	178
135761	178
135796	178
135832	178
135855	178
135890	179
135925	179
135949	179
135984	179
136019	179
136042	179
136078	179
136113	179
136136	179
136171	179
136207	179
136230	179
136265	179
136312	179
136347	179
136382	179
136417	179
136441	179
136476	179
136511	179
136535	179
136570	179
136593	179
136628	179
136664	179
136687	179
136722	179
136746	179
136781	179
136816	179
136839	179
136875	179
136898	179
136933	179
136957	179
136992	179
137027	179
137062	179
137109	179
137144	179
137167	179
137203	179
137238	179
137273	179
137308	179
137343	179
137367	179
137402	179
137437	179
137460	179
137496	180
137531	180
137554	180
137589	180
137613	180
137636	180
137671	180
137707	180
137730	180
137765	180
137800	180
137835	180
137871	180
137894	180
137929	180
137964	180
138000	180
138023	180
138058	180
138093	180
138117	180
138152	180
138187	180
138222	180
138246	180
138281	180
138316	180
138339	180
138375	180
138398	180
138433	180
138468	180
138492	180
138527	180
138562	180
138597	180
138632	180
138656	180
138691	180
138726	180
138750	180
138785	180
138820	180
138843	180
138878	180
138914	180
138937	180
138972	180
138996	180
139031	180
139066	181
139101	181
139125	181
139148	181
139171	181
139207	181
139242	181
139265	181
139300	181
139335	181
139371	181
139406	181
139429	181
139464	181
139500	181
139535	181
139570	181
139605	181
139628	181
139664	181
139699	181
139734	181
139769	181
139804	181
139828	181
139863	181
139886	181
139921	181
139945	181
139980	181
140015	181
140050	181
140074	181
140109	181
140144	181
140179	181
140203	181
140238	181
140273	181
140296	181
140332	181
140355	181
140390	181
140425	181
140460	181
140484	181
140519	181
140554	181
140578	181
140613	181
140636	182
140660	182
140695	182
140730	182
140753	182
140789	182
140812	182
140847	182
140882	182
140906	182
140941	182
140976	182
141000	182
141035	182
141058	182
141093	182
141128	182
141152	182
141187	182
141222	182
141257	182
141292	182
141316	182
141351	182
141375	182
141410	182
141433	182
141468	182
141503	182
141527	182
141562	182
141585	182
141621	182
141656	182
141679	182
141714	182
141738	182
141773	182
141808	182
141832	182
141867	182
141902	182
141937	182
141972	182
141996	182
142031	182
142066	182
142089	182
142125	182
142148	182
142183	183
142207	183
142242	183
142277	183
142300	183
142335	183
142359	183
142394	183
142429	183
142453	183
142488	183
142511	183
142546	183
142582	183
142605	183
142640	183
142675	183
142710	183
142746	183
142769	183
142804	183
142839	183
142863	183
142898	183
142921	183
142957	183
142980	183
143015	183
143039	183
143074	183
143109	183
143132	183
143167	183
143203	183
143226	183
143261	183
143285	183
143320	183
143355	183
143378	183
143414	183
143449	183
143484	183
143519	183
143554	183
143578	183
143613	183
143636	183
143671	183
143695	183
143730	184
143753	184
143789	184
143812	184
143847	184
143882	184
143906	184
143941	184
143976	184
144000	184
144035	184
144058	184
144093	184
144117	184
144152	184
144187	184
144222	184
144257	184
144281	184
144316	184
144351	184
144375	184
144410	184
144445	184
144468	184
144503	184
144539	184
144562	184
144597	184
144632	184
144667	184
144691	184
144726	184
144750	184
144785	184
144808	184
144843	184
144878	184
144902	184
144937	184
144972	184
145007	184
145042	184
145066	184
145101	184
145125	184
145160	184
145195	184
145218	184
145253	184
145289	185
145324	185
145347	185
145382	185
145417	185
145441	185
145476	185
145500	185
145535	185
145570	185
145593	185
145628	185
145664	185
145699	185
145734	185
145757	185
145792	185
145828	185
145863	185
145898	185
145933	185
145957	185
145992	185
146027	185
146050	185
146085	185
146121	185
146156	185
146179	185
146214	185
146238	185
146273	185
146296	185
146332	185
146355	185
146390	185
146414	185
146449	185
146484	185
146507	185
146542	185
146578	185
146613	185
146648	185
146671	185
146707	185
146742	185
146765	185
146812	185
146847	185
146882	186
146917	186
146941	186
146976	186
147000	186
147035	186
147070	186
147093	186
147128	186
147164	186
147187	186
147222	186
147246	186
147281	186
147316	186
147351	186
147375	186
147410	186
147433	186
147468	186
147503	186
147539	186
147574	186
147609	186
147644	186
147667	186
147703	186
147738	186
147773	186
147796	186
147832	186
147855	186
147890	186
147925	186
147949	186
147984	186
148019	186
148054	186
148078	186
148113	186
148148	186
148183	186
148207	186
148242	186
148277	186
148312	186
148347	186
148382	186
148417	186
148453	186
148476	187
148511	187
148546	187
148570	187
148605	187
148640	187
148664	187
148699	187
148722	187
148757	187
148781	187
148816	187
148851	187
148875	187
148910	187
148933	187
148968	187
149003	187
149039	187
149074	187
149109	187
149144	187
149179	187
149203	187
149238	187
149285	187
149308	187
149343	187
149378	187
149402	187
149437	187
149472	187
149496	187
149531	187
149566	187
149589	187
149613	187
149648	187
149671	187
149707	187
149730	187
149765	187
149800	187
149835	187
149871	187
149894	187
149929	187
149964	187
150000	187
150023	187
150058	188
150093	188
150117	188
150152	188
150187	188
150222	188
150246	188
150281	188
150316	188
150339	188
150375	188
150398	188
150433	188
150468	188
150492	188
150527	188
150562	188
150597	188
150632	188
150667	188
150691	188
150726	188
150761	188
150785	188
150820	188
150843	188
150878	188
150914	188
150937	188
150972	188
151007	188
151031	188
151066	188
151101	188
151125	188
151148	188
151183	188
151207	188
151242	188
151277	188
151300	188
151335	188
151371	188
151406	188
151441	188
151464	188
151500	188
151546	188
151570	188
151605	188
151640	189
151675	189
151710	189
151746	189
151769	189
151804	189
151839	189
151863	189
151898	189
151921	189
151957	189
151992	189
152015	189
152050	189
152085	189
152121	189
152144	189
152179	189
152214	189
152238	189
152273	189
152308	189
152332	189
152367	189
152402	189
152437	189
152460	189
152496	189
152531	189
152566	189
152589	189
152625	189
152648	189
152671	189
152707	189
152742	189
152765	189
152800	189
152835	189
152859	189
152894	189
152929	189
152953	189
152988	189
153023	189
153058	189
153082	189
153117	189
153152	189
153187	189
153222	190
153246	190
153281	190
153316	190
153351	190
153375	190
153410	190
153433	190
153468	190
153492	190
153527	190
153562	190
153585	190
153621	190
153656	190
153679	190
153714	190
153750	190
153773	190
153808	190
153843	190
153867	190
153902	190
153937	190
153972	190
154007	190
154042	190
154078	190
154101	190
154136	190
154160	190
154195	190
154218	190
154253	190
154289	190
154312	190
154347	190
154382	190
154406	190
154441	190
154476	190
154500	190
154535	190
154570	190
154593	190
154628	190
154664	190
154699	190
154734	190
154769	190
154804	191
154828	191
154863	191
154898	191
154921	191
154957	191
154992	191
155015	191
155050	191
155085	191
155109	191
155144	191
155179	191
155203	191
155238	191
155273	191
155308	191
155332	191
timepoint: 179.5