0	0
0	0
0	0
0	0
0	0
0	0
0	0
0	0
0	0
0	0
0	0
0	0
0	0
0	0
0	0
0	0
0	0
0	0
0	0
0	0
0	0
0	0
0	0
0	0
0	0
0	0
0	0
0	0
0	0
0	0
0	0
0	0
0	0
0	0
0	0
0	0
0	0
0	0
0	0
0	0
0	0
0	0
0	0
0	0
0	0
0	0
0	0
0	0
0	0
0	0
0	1
0	1
0	1
0	1
0	1
0	1
0	1
0	1
0	1
0	1
0	1
0	1
0	1
0	1
0	1
0	1
0	1
0	1
0	1
0	1
0	1
0	1
0	1
0	1
0	1
0	1
0	1
0	1
0	1
0	1
0	1
0	1
0	1
0	1
0	1
0	1
0	1
0	1
0	1
0	1
0	1
0	1
0	1
0	1
0	1
0	1
0	1
0	1
0	1
0	1
0	2
0	2
0	2
0	2
0	2
0	2
0	2
0	2
0	2
0	2
0	2
0	2
0	2
0	2
0	2
0	2
0	2
0	2
0	2
0	2
0	2
0	2
0	2
0	2
0	2
0	2
0	2
0	2
0	2
0	2
0	2
0	2
0	2
0	2
0	2
0	2
0	2
0	2
0	2
0	2
0	2
0	2
0	2
0	2
0	2
0	2
0	2
0	2
0	2
0	2
0	3
0	3
0	3
0	3
0	3
0	3
0	3
0	3
0	3
0	3
0	3
0	3
0	3
0	3
0	3
0	3
0	3
0	3
0	3
0	3
0	3
0	3
0	3
0	3
0	3
0	3
0	3
0	3
0	3
0	3
0	3
0	3
0	3
0	3
0	3
0	3
0	3
0	3
0	3
0	3
0	3
0	3
0	3
0	3
0	3
0	3
0	3
0	3
0	3
0	3
0	4
0	4
0	4
0	4
0	4
0	4
0	4
0	4
0	4
0	4
0	4
0	4
0	4
0	4
0	4
0	4
0	4
0	4
0	4
0	4
0	4
0	4
0	4
0	4
0	4
0	4
0	4
0	4
0	4
0	4
0	4
0	4
0	4
0	4
0	4
0	4
0	4
0	4
0	4
0	4
0	4
0	4
0	4
0	4
0	4
0	4
0	4
0	4
0	4
0	4
0	5
0	5
0	5
0	5
0	5
0	5
0	5
0	5
0	5
0	5
0	5
0	5
0	5
0	5
0	5
0	5
0	5
0	5
11	5
11	5
11	5
11	5
11	5
11	5
11	5
11	5
11	5
11	5
11	5
11	5
23	5
23	5
23	5
23	5
23	5
23	5
23	5
23	5
23	5
23	5
23	5
35	5
35	5
35	5
35	5
35	5
35	5
35	5
35	5
35	5
35	6
35	6
35	6
35	6
35	6
35	6
35	6
35	6
35	6
35	6
35	6
35	6
35	6
35	6
23	6
23	6
23	6
23	6
23	6
23	6
23	6
23	6
23	6
23	6
23	6
23	6
23	6
23	6
23	6
23	6
23	6
23	6
23	6
23	6
23	6
23	6
23	6
23	6
23	6
23	6
23	6
23	6
23	6
23	6
23	6
23	6
23	6
23	6
23	6
23	6
23	7
35	7
35	7
35	7
35	7
35	7
35	7
35	7
35	7
35	7
35	7
35	7
35	7
35	7
35	7
35	7
35	7
35	7
35	7
35	7
35	7
35	7
35	7
35	7
35	7
35	7
35	7
35	7
35	7
35	7
35	7
35	7
35	7
35	7
35	7
35	7
35	7
35	7
35	7
35	7
35	7
35	7
35	7
35	7
35	7
35	7
35	7
35	7
35	7
35	7
35	8
35	8
35	8
35	8
35	8
35	8
35	8
35	8
35	8
35	8
35	8
35	8
35	8
35	8
35	8
35	8
35	8
35	8
35	8
35	8
35	8
35	8
35	8
35	8
35	8
35	8
35	8
35	8
35	8
35	8
35	8
35	8
35	8
35	8
35	8
35	8
46	8
46	8
46	8
46	8
46	8
46	8
46	8
46	8
46	8
46	8
46	8
46	8
46	8
46	8
46	9
46	9
46	9
46	9
35	9
35	9
35	9
35	9
35	9
35	9
35	9
35	9
35	9
35	9
35	9
35	9
35	9
35	9
35	9
35	9
35	9
35	9
35	9
35	9
35	9
35	9
35	9
35	9
35	9
35	9
35	9
35	9
35	9
35	9
35	9
35	9
35	9
35	9
35	9
35	9
35	9
35	9
35	9
35	9
35	9
35	9
35	9
35	9
35	9
35	9
35	10
35	10
35	10
35	10
35	10
35	10
35	10
35	10
35	10
35	10
35	10
35	10
46	10
46	10
46	10
46	10
46	10
46	10
46	10
46	10
46	10
46	10
46	10
46	10
46	10
46	10
46	10
35	10
35	10
35	10
35	10
35	10
35	10
35	10
35	10
35	10
35	10
35	10
35	10
35	10
35	10
35	10
35	10
35	10
35	10
35	10
35	10
35	10
35	10
35	10
35	11
35	11
35	11
35	11
35	11
35	11
35	11
35	11
35	11
35	11
35	11
35	11
35	11
35	11
35	11
35	11
35	11
35	11
35	11
35	11
35	11
35	11
35	11
35	11
35	11
35	11
35	11
35	11
35	11
35	11
35	11
35	11
35	11
35	11
35	11
35	11
35	11
35	11
35	11
35	11
35	11
35	11
35	11
35	11
35	11
35	11
35	11
35	11
35	11
35	11
35	12
35	12
35	12
35	12
35	12
35	12
35	12
35	12
35	12
35	12
35	12
35	12
35	12
35	12
35	12
35	12
35	12
35	12
35	12
35	12
35	12
35	12
35	12
35	12
35	12
35	12
35	12
35	12
35	12
35	12
35	12
35	12
35	12
35	12
35	12
35	12
35	12
35	12
35	12
35	12
35	12
35	12
35	12
35	12
35	12
35	12
35	12
35	12
35	12
35	12
35	13
35	13
35	13
35	13
35	13
35	13
35	13
35	13
35	13
35	13
35	13
35	13
35	13
35	13
35	13
35	13
35	13
35	13
35	13
35	13
35	13
35	13
35	13
35	13
35	13
35	13
35	13
35	13
35	13
35	13
35	13
35	13
35	13
35	13
35	13
35	13
35	13
35	13
35	13
35	13
35	13
35	13
35	13
35	13
35	13
35	13
35	13
35	13
35	13
35	13
35	14
35	14
35	14
35	14
35	14
35	14
35	14
35	14
35	14
35	14
35	14
35	14
35	14
35	14
35	14
35	14
35	14
35	14
35	14
35	14
35	14
35	14
35	14
35	14
35	14
35	14
35	14
35	14
35	14
35	14
35	14
35	14
35	14
35	14
35	14
35	14
35	14
35	14
35	14
35	14
35	14
35	14
35	14
35	14
35	14
35	14
35	14
35	14
35	14
35	14
35	15
35	15
35	15
35	15
35	15
35	15
35	15
35	15
35	15
35	15
35	15
35	15
35	15
35	15
35	15
35	15
35	15
35	15
35	15
35	15
35	15
35	15
35	15
35	15
35	15
35	15
35	15
35	15
35	15
35	15
35	15
35	15
35	15
35	15
35	15
35	15
35	15
35	15
35	15
35	15
35	15
35	15
35	15
35	15
35	15
35	15
35	15
35	15
35	15
35	15
35	16
35	16
35	16
35	16
35	16
35	16
35	16
35	16
35	16
35	16
35	16
35	16
35	16
35	16
35	16
35	16
35	16
35	16
35	16
35	16
35	16
35	16
35	16
35	16
35	16
35	16
35	16
35	16
35	16
35	16
35	16
35	16
35	16
35	16
35	16
35	16
35	16
35	16
35	16
35	16
35	16
35	16
35	16
35	16
35	16
35	16
35	16
35	16
35	16
35	16
35	17
35	17
35	17
35	17
35	17
35	17
35	17
35	17
35	17
35	17
35	17
35	17
35	17
35	17
35	17
35	17
35	17
35	17
35	17
35	17
35	17
35	17
35	17
35	17
35	17
35	17
35	17
35	17
35	17
35	17
35	17
35	17
35	17
35	17
35	17
35	17
35	17
35	17
35	17
35	17
35	17
35	17
35	17
35	17
35	17
35	17
35	17
35	17
35	17
35	17
35	18
35	18
35	18
35	18
35	18
35	18
35	18
35	18
35	18
35	18
35	18
35	18
35	18
35	18
35	18
35	18
35	18
35	18
35	18
35	18
35	18
35	18
35	18
35	18
35	18
35	18
35	18
35	18
35	18
35	18
35	18
35	18
35	18
35	18
35	18
35	18
35	18
35	18
35	18
35	18
35	18
35	18
35	18
35	18
35	18
35	18
35	18
35	18
35	18
35	18
35	19
35	19
35	19
35	19
35	19
35	19
35	19
35	19
35	19
35	19
35	19
35	19
35	19
35	19
35	19
35	19
35	19
35	19
35	19
35	19
35	19
35	19
35	19
35	19
35	19
35	19
35	19
35	19
35	19
35	19
35	19
35	19
35	19
35	19
35	19
35	19
35	19
35	19
35	19
35	19
35	19
35	19
35	19
35	19
35	19
35	19
35	19
35	19
35	19
35	19
35	20
35	20
35	20
35	20
35	20
35	20
35	20
35	20
35	20
35	20
35	20
35	20
35	20
35	20
35	20
35	20
35	20
35	20
35	20
35	20
35	20
35	20
35	20
35	20
35	20
35	20
35	20
35	20
35	20
35	20
35	20
35	20
35	20
35	20
35	20
35	20
35	20
35	20
35	20
35	20
35	20
35	20
35	20
35	20
35	20
35	20
35	20
35	20
35	20
35	20
35	21
35	21
35	21
35	21
35	21
35	21
35	21
35	21
35	21
35	21
35	21
35	21
35	21
35	21
35	21
35	21
35	21
35	21
35	21
35	21
35	21
35	21
35	21
35	21
35	21
35	21
35	21
35	21
35	21
35	21
35	21
35	21
35	21
35	21
35	21
35	21
35	21
35	21
35	21
35	21
35	21
35	21
35	21
35	21
35	21
35	21
35	21
35	21
35	21
35	21
35	22
35	22
35	22
35	22
35	22
35	22
35	22
35	22
35	22
35	22
35	22
35	22
35	22
35	22
35	22
35	22
35	22
35	22
35	22
35	22
35	22
35	22
35	22
35	22
35	22
35	22
35	22
35	22
35	22
35	22
35	22
35	22
35	22
35	22
35	22
35	22
35	22
35	22
35	22
35	22
35	22
35	22
35	22
35	22
35	22
35	22
35	22
35	22
35	22
35	22
35	23
35	23
35	23
35	23
35	23
35	23
35	23
35	23
35	23
35	23
35	23
35	23
35	23
35	23
35	23
35	23
35	23
35	23
35	23
35	23
35	23
35	23
35	23
35	23
35	23
35	23
35	23
35	23
35	23
35	23
35	23
35	23
35	23
35	23
35	23
35	23
35	23
35	23
35	23
35	23
35	23
35	23
35	23
35	23
35	23
35	23
35	23
35	23
35	23
35	23
35	24
35	24
35	24
35	24
35	24
35	24
35	24
35	24
35	24
35	24
35	24
35	24
35	24
35	24
35	24
35	24
35	24
35	24
35	24
35	24
35	24
35	24
35	24
35	24
35	24
35	24
35	24
35	24
35	24
35	24
35	24
35	24
35	24
35	24
35	24
35	24
35	24
35	24
35	24
35	24
35	24
35	24
35	24
35	24
35	24
35	24
35	24
35	24
35	24
35	24
35	25
35	25
35	25
35	25
35	25
35	25
35	25
35	25
35	25
35	25
35	25
35	25
35	25
35	25
35	25
35	25
35	25
35	25
35	25
35	25
35	25
35	25
35	25
35	25
35	25
35	25
35	25
35	25
35	25
35	25
35	25
35	25
35	25
35	25
35	25
35	25
35	25
35	25
35	25
35	25
35	25
35	25
35	25
35	25
35	25
35	25
35	25
35	25
35	25
35	25
35	26
35	26
35	26
35	26
35	26
35	26
35	26
35	26
35	26
35	26
35	26
35	26
35	26
35	26
35	26
35	26
35	26
35	26
35	26
35	26
35	26
35	26
35	26
35	26
35	26
35	26
35	26
35	26
35	26
35	26
35	26
35	26
35	26
35	26
35	26
35	26
35	26
35	26
35	26
35	26
35	26
35	26
35	26
35	26
35	26
35	26
35	26
35	26
35	26
35	26
35	27
35	27
35	27
35	27
35	27
35	27
35	27
35	27
35	27
35	27
35	27
35	27
35	27
35	27
35	27
35	27
35	27
35	27
35	27
35	27
35	27
35	27
35	27
35	27
35	27
35	27
35	27
35	27
35	27
35	27
35	27
35	27
35	27
35	27
35	27
35	27
35	27
35	27
35	27
35	27
35	27
35	27
35	27
35	27
35	27
35	27
35	27
35	27
35	27
35	27
35	28
35	28
35	28
35	28
35	28
35	28
35	28
35	28
35	28
35	28
35	28
35	28
35	28
35	28
35	28
35	28
35	28
35	28
35	28
35	28
35	28
35	28
35	28
35	28
35	28
35	28
35	28
35	28
35	28
35	28
35	28
35	28
35	28
35	28
35	28
35	28
35	28
35	28
35	28
35	28
46	28
46	28
46	28
46	28
46	28
46	28
46	28
46	28
46	28
46	28
46	29
46	29
46	29
46	29
46	29
46	29
46	29
46	29
46	29
46	29
46	29
46	29
46	29
46	29
46	29
46	29
46	29
46	29
46	29
46	29
46	29
46	29
46	29
46	29
46	29
46	29
58	29
58	29
58	29
58	29
58	29
58	29
58	29
58	29
58	29
58	29
58	29
58	29
58	29
58	29
58	29
58	29
58	29
58	29
58	29
58	29
58	29
70	29
70	29
70	29
70	30
70	30
70	30
70	30
70	30
70	30
70	30
70	30
70	30
70	30
70	30
82	30
82	30
82	30
82	30
82	30
82	30
82	30
82	30
82	30
82	30
82	30
82	30
82	30
93	30
93	30
93	30
93	30
93	30
93	30
93	30
93	30
93	30
93	30
93	30
105	30
105	30
105	30
105	30
105	30
105	30
105	30
105	30
105	30
105	30
105	30
105	30
105	30
105	30
117	30
117	31
117	31
117	31
117	31
117	31
117	31
117	31
117	31
117	31
117	31
128	31
128	31
128	31
128	31
128	31
128	31
128	31
128	31
128	31
140	31
140	31
140	31
140	31
140	31
140	31
140	31
140	31
140	31
152	31
152	31
152	31
152	31
152	31
152	31
152	31
152	31
152	31
152	31
152	31
164	31
164	31
164	31
164	31
164	31
164	31
164	31
175	31
175	31
175	31
175	31
175	32
175	32
175	32
175	32
175	32
175	32
187	32
187	32
187	32
187	32
187	32
187	32
187	32
187	32
199	32
199	32
199	32
199	32
199	32
199	32
199	32
199	32
199	32
210	32
210	32
210	32
210	32
210	32
210	32
210	32
210	32
222	32
222	32
222	32
222	32
222	32
222	32
222	32
222	32
234	32
234	32
234	32
234	32
234	32
234	32
234	32
234	32
246	32
246	32
246	32
246	33
246	33
246	33
257	33
257	33
257	33
257	33
257	33
257	33
257	33
257	33
269	33
269	33
269	33
269	33
269	33
269	33
269	33
269	33
281	33
281	33
281	33
281	33
281	33
281	33
281	33
292	33
292	33
292	33
292	33
292	33
292	33
292	33
304	33
304	33
304	33
304	33
304	33
304	33
316	33
316	33
316	33
316	33
316	33
316	33
316	33
328	33
328	33
328	33
328	33
328	34
328	34
328	34
339	34
339	34
339	34
339	34
339	34
339	34
351	34
351	34
351	34
351	34
351	34
351	34
363	34
363	34
363	34
363	34
363	34
363	34
363	34
375	34
375	34
375	34
375	34
375	34
386	34
386	34
386	34
386	34
386	34
386	34
398	34
398	34
398	34
398	34
398	34
398	34
410	34
410	34
410	34
410	34
410	34
410	34
421	34
421	34
421	34
421	34
421	34
433	35
433	35
433	35
433	35
433	35
433	35
445	35
445	35
445	35
445	35
445	35
457	35
457	35
457	35
457	35
457	35
468	35
468	35
468	35
468	35
468	35
480	35
480	35
480	35
480	35
480	35
492	35
492	35
492	35
492	35
503	35
503	35
503	35
503	35
503	35
515	35
515	35
515	35
515	35
515	35
527	35
527	35
527	35
527	35
527	35
539	35
539	35
539	35
539	35
539	35
550	36
550	36
550	36
550	36
550	36
550	36
562	36
562	36
562	36
562	36
562	36
574	36
574	36
574	36
574	36
574	36
585	36
585	36
585	36
585	36
585	36
597	36
597	36
597	36
597	36
597	36
609	36
609	36
609	36
609	36
609	36
621	36
621	36
621	36
621	36
621	36
632	36
632	36
632	36
632	36
644	36
644	36
644	36
644	36
644	36
656	36
656	36
656	36
656	36
656	36
667	37
667	37
667	37
667	37
667	37
679	37
679	37
679	37
679	37
679	37
691	37
691	37
691	37
691	37
703	37
703	37
703	37
703	37
703	37
714	37
714	37
714	37
714	37
714	37
726	37
726	37
726	37
726	37
726	37
738	37
738	37
738	37
738	37
750	37
750	37
750	37
750	37
750	37
761	37
761	37
761	37
761	37
761	37
773	37
773	37
773	37
773	37
785	37
785	37
785	37
785	38
796	38
796	38
796	38
796	38
796	38
808	38
808	38
808	38
808	38
820	38
820	38
820	38
820	38
832	38
832	38
832	38
832	38
832	38
843	38
843	38
843	38
843	38
855	38
855	38
855	38
855	38
867	38
867	38
867	38
867	38
878	38
878	38
878	38
878	38
890	38
890	38
890	38
890	38
890	38
902	38
902	38
902	38
902	38
914	38
914	38
914	38
914	38
925	38
925	38
925	39
925	39
937	39
937	39
937	39
937	39
937	39
949	39
949	39
949	39
949	39
960	39
960	39
960	39
960	39
972	39
972	39
972	39
972	39
984	39
984	39
984	39
984	39
996	39
996	39
996	39
996	39
996	39
1007	39
1007	39
1007	39
1007	39
1019	39
1019	39
1019	39
1019	39
1031	39
1031	39
1031	39
1031	39
1042	39
1042	39
1042	39
1042	39
1054	39
1054	39
1054	39
1054	39
1054	39
1066	39
1066	40
1066	40
1066	40
1078	40
1078	40
1078	40
1078	40
1089	40
1089	40
1089	40
1089	40
1089	40
1101	40
1101	40
1101	40
1101	40
1113	40
1113	40
1113	40
1113	40
1125	40
1125	40
1125	40
1125	40
1136	40
1136	40
1136	40
1136	40
1148	40
1148	40
1148	40
1148	40
1160	40
1160	40
1160	40
1160	40
1171	40
1171	40
1171	40
1183	40
1183	40
1183	40
1183	40
1195	40
1195	40
1195	40
1207	40
1207	40
1207	40
1207	40
1218	41
1218	41
1218	41
1230	41
1230	41
1230	41
1242	41
1242	41
1242	41
1242	41
1253	41
1253	41
1253	41
1265	41
1265	41
1265	41
1265	41
1277	41
1277	41
1277	41
1277	41
1289	41
1289	41
1289	41
1300	41
1300	41
1300	41
1300	41
1312	41
1312	41
1312	41
1312	41
1324	41
1324	41
1324	41
1324	41
1335	41
1335	41
1335	41
1335	41
1347	41
1347	41
1347	41
1347	41
1359	41
1359	41
1359	41
1371	41
1371	41
1371	41
1382	42
1382	42
1382	42
1394	42
1394	42
1394	42
1406	42
1406	42
1406	42
1417	42
1417	42
1417	42
1417	42
1429	42
1429	42
1429	42
1441	42
1441	42
1441	42
1453	42
1453	42
1453	42
1453	42
1464	42
1464	42
1464	42
1464	42
1476	42
1476	42
1476	42
1476	42
1488	42
1488	42
1488	42
1500	42
1500	42
1500	42
1500	42
1511	42
1511	42
1511	42
1523	42
1523	42
1523	42
1523	42
1535	42
1535	42
1535	42
1546	42
1546	42
1546	43
1558	43
1558	43
1558	43
1558	43
1570	43
1570	43
1570	43
1582	43
1582	43
1582	43
1593	43
1593	43
1593	43
1605	43
1605	43
1605	43
1617	43
1617	43
1617	43
1617	43
1628	43
1628	43
1628	43
1640	43
1640	43
1640	43
1652	43
1652	43
1652	43
1652	43
1664	43
1664	43
1664	43
1675	43
1675	43
1675	43
1687	43
1687	43
1687	43
1687	43
1699	43
1699	43
1699	43
1710	43
1710	43
1710	43
1722	43
1722	43
1722	43
1722	44
1734	44
1734	44
1734	44
1746	44
1746	44
1746	44
1746	44
1757	44
1757	44
1757	44
1757	44
1769	44
1769	44
1769	44
1769	44
1781	44
1781	44
1781	44
1781	44
1792	44
1792	44
1792	44
1792	44
1804	44
1804	44
1804	44
1816	44
1816	44
1816	44
1816	44
1828	44
1828	44
1828	44
1839	44
1839	44
1839	44
1839	44
1851	44
1851	44
1851	44
1863	44
1863	44
1863	44
1875	44
1875	44
1875	44
1886	44
1886	44
1886	44
1898	45
1898	45
1898	45
1910	45
1910	45
1910	45
1910	45
1921	45
1921	45
1921	45
1933	45
1933	45
1933	45
1945	45
1945	45
1945	45
1957	45
1957	45
1957	45
1968	45
1968	45
1968	45
1980	45
1980	45
1980	45
1992	45
1992	45
1992	45
2003	45
2003	45
2003	45
2015	45
2015	45
2015	45
2027	45
2027	45
2027	45
2039	45
2039	45
2039	45
2050	45
2050	45
2050	45
2062	45
2062	45
2062	45
2074	45
2074	45
2074	45
2085	45
2085	46
2085	46
2097	46
2097	46
2097	46
2109	46
2109	46
2109	46
2121	46
2121	46
2121	46
2132	46
2132	46
2144	46
2144	46
2144	46
2156	46
2156	46
2167	46
2167	46
2167	46
2179	46
2179	46
2191	46
2191	46
2191	46
2203	46
2203	46
2203	46
2214	46
2214	46
2214	46
2226	46
2226	46
2226	46
2238	46
2238	46
2238	46
2250	46
2250	46
2261	46
2261	46
2261	46
2273	46
2273	46
2273	46
2285	46
2285	46
2296	46
2296	46
2308	47
2308	47
2308	47
2320	47
2320	47
2332	47
2332	47
2343	47
2343	47
2343	47
2355	47
2355	47
2367	47
2367	47
2378	47
2378	47
2378	47
2390	47
2390	47
2402	47
2402	47
2402	47
2414	47
2414	47
2425	47
2425	47
2425	47
2437	47
2437	47
2437	47
2449	47
2449	47
2449	47
2460	47
2460	47
2472	47
2472	47
2472	47
2484	47
2484	47
2496	47
2496	47
2496	47
2507	47
2507	47
2519	47
2519	47
2519	47
2531	47
2531	47
2542	48
2542	48
2542	48
2554	48
2554	48
2554	48
2566	48
2566	48
2578	48
2578	48
2578	48
2589	48
2589	48
2589	48
2601	48
2601	48
2613	48
2613	48
2613	48
2625	48
2625	48
2636	48
2636	48
2636	48
2648	48
2648	48
2660	48
2660	48
2660	48
2671	48
2671	48
2683	48
2683	48
2683	48
2695	48
2695	48
2707	48
2707	48
2707	48
2718	48
2718	48
2718	48
2730	48
2730	48
2742	48
2742	48
2753	48
2753	48
2753	48
2765	48
2765	49
2777	49
2777	49
2777	49
2789	49
2789	49
2800	49
2800	49
2800	49
2812	49
2812	49
2824	49
2824	49
2835	49
2835	49
2835	49
2847	49
2847	49
2859	49
2859	49
2859	49
2871	49
2871	49
2882	49
2882	49
2882	49
2894	49
2894	49
2906	49
2906	49
2917	49
2917	49
2917	49
2929	49
2929	49
2941	49
2941	49
2953	49
2953	49
2953	49
2964	49
2964	49
2976	49
2976	49
2976	49
2988	49
2988	49
3000	49
3000	49
3000	49
3011	50
3011	50
3023	50
3023	50
3035	50
3035	50
3046	50
3046	50
3058	50
3058	50
3070	50
3070	50
3082	50
3082	50
3093	50
3093	50
3105	50
3105	50
3117	50
3117	50
3128	50
3128	50
3140	50
3140	50
3152	50
3152	50
3164	50
3164	50
3175	50
3175	50
3175	50
3187	50
3187	50
3199	50
3199	50
3210	50
3210	50
3222	50
3222	50
3222	50
3234	50
3234	50
3246	50
3246	50
3257	50
3257	50
3269	50
3269	50
3281	50
3281	50
3292	51
3292	51
3304	51
3304	51
3316	51
3316	51
3316	51
3328	51
3328	51
3339	51
3339	51
3351	51
3351	51
3363	51
3363	51
3375	51
3375	51
3375	51
3386	51
3386	51
3398	51
3398	51
3410	51
3410	51
3421	51
3421	51
3433	51
3433	51
3433	51
3445	51
3445	51
3457	51
3457	51
3468	51
3468	51
3480	51
3480	51
3492	51
3492	51
3503	51
3503	51
3503	51
3515	51
3515	51
3527	51
3527	51
3539	51
3539	51
3550	51
3550	51
3562	52
3562	52
3574	52
3574	52
3585	52
3585	52
3597	52
3597	52
3609	52
3609	52
3609	52
3621	52
3621	52
3632	52
3632	52
3644	52
3644	52
3656	52
3667	52
3667	52
3679	52
3679	52
3691	52
3691	52
3703	52
3703	52
3714	52
3714	52
3714	52
3726	52
3726	52
3738	52
3738	52
3750	52
3750	52
3761	52
3761	52
3773	52
3773	52
3785	52
3785	52
3796	52
3796	52
3808	52
3820	52
3820	52
3832	52
3832	52
3843	52
3855	52
3855	53
3867	53
3878	53
3878	53
3890	53
3890	53
3902	53
3902	53
3914	53
3914	53
3925	53
3925	53
3937	53
3937	53
3949	53
3949	53
3960	53
3960	53
3972	53
3972	53
3984	53
3984	53
3996	53
3996	53
4007	53
4007	53
4019	53
4019	53
4031	53
4031	53
4042	53
4042	53
4054	53
4054	53
4066	53
4066	53
4078	53
4078	53
4089	53
4089	53
4101	53
4101	53
4113	53
4113	53
4125	53
4136	53
4136	53
4148	53
4148	53
4160	53
4160	54
4171	54
4171	54
4183	54
4183	54
4183	54
4195	54
4195	54
4207	54
4207	54
4218	54
4218	54
4230	54
4230	54
4242	54
4242	54
4253	54
4253	54
4265	54
4265	54
4277	54
4277	54
4289	54
4289	54
4300	54
4300	54
4312	54
4324	54
4324	54
4335	54
4335	54
4347	54
4347	54
4359	54
4359	54
4371	54
4371	54
4382	54
4382	54
4394	54
4394	54
4406	54
4406	54
4417	54
4417	54
4429	54
4429	54
4441	54
4441	54
4453	54
4453	55
4464	55
4464	55
4476	55
4476	55
4488	55
4500	55
4500	55
4511	55
4511	55
4523	55
4523	55
4535	55
4546	55
4546	55
4558	55
4570	55
4570	55
4582	55
4593	55
4593	55
4605	55
4617	55
4628	55
4628	55
4640	55
4640	55
4652	55
4664	55
4664	55
4675	55
4675	55
4687	55
4687	55
4699	55
4699	55
4710	55
4710	55
4722	55
4734	55
4734	55
4746	55
4746	55
4757	55
4769	55
4769	55
4781	55
4792	55
4792	55
4804	55
4816	56
4816	56
4828	56
4828	56
4839	56
4839	56
4851	56
4851	56
4863	56
4875	56
4875	56
4886	56
4886	56
4898	56
4910	56
4910	56
4921	56
4921	56
4933	56
4933	56
4945	56
4957	56
4957	56
4968	56
4968	56
4980	56
4980	56
4992	56
5003	56
5003	56
5015	56
5015	56
5027	56
5027	56
5039	56
5050	56
5050	56
5062	56
5062	56
5074	56
5085	56
5085	56
5097	56
5097	56
5109	56
5109	56
5121	56
5121	56
5132	56
5132	56
5144	57
5144	57
5156	57
5156	57
5167	57
5167	57
5179	57
5179	57
5191	57
5191	57
5203	57
5214	57
5214	57
5226	57
5226	57
5238	57
5238	57
5250	57
5261	57
5261	57
5273	57
5273	57
5285	57
5296	57
5296	57
5308	57
5320	57
5320	57
5332	57
5343	57
5343	57
5355	57
5367	57
5367	57
5378	57
5390	57
5390	57
5402	57
5402	57
5414	57
5425	57
5425	57
5437	57
5449	57
5449	57
5460	57
5460	57
5472	57
5484	57
5484	57
5496	58
5496	58
5507	58
5519	58
5531	58
5531	58
5542	58
5554	58
5554	58
5566	58
5566	58
5578	58
5589	58
5589	58
5601	58
5601	58
5613	58
5625	58
5625	58
5636	58
5648	58
5648	58
5660	58
5660	58
5671	58
5683	58
5683	58
5695	58
5707	58
5707	58
5718	58
5730	58
5730	58
5742	58
5753	58
5753	58
5765	58
5765	58
5777	58
5789	58
5789	58
5800	58
5812	58
5812	58
5824	58
5835	58
5835	58
5847	58
5847	58
5859	58
5871	59
5871	59
5882	59
5882	59
5894	59
5906	59
5906	59
5917	59
5917	59
5929	59
5941	59
5941	59
5953	59
5964	59
5964	59
5976	59
5976	59
5988	59
6000	59
6000	59
6011	59
6023	59
6023	59
6035	59
6046	59
6046	59
6058	59
6070	59
6082	59
6082	59
6093	59
6105	59
6117	59
6117	59
6128	59
6140	59
6140	59
6152	59
6164	59
6164	59
6175	59
6187	59
6187	59
6199	59
6210	59
6210	59
6222	59
6234	59
6234	59
6246	59
6257	60
6257	60
6269	60
6269	60
6281	60
6292	60
6292	60
6304	60
6316	60
6316	60
6328	60
6339	60
6339	60
6351	60
6363	60
6363	60
6375	60
6386	60
6386	60
6398	60
6410	60
6410	60
6421	60
6433	60
6433	60
6445	60
6457	60
6457	60
6468	60
6480	60
6480	60
6492	60
6503	60
6503	60
6515	60
6527	60
6527	60
6539	60
6550	60
6550	60
6562	60
6574	60
6574	60
6585	60
6597	60
6597	60
6609	60
6621	60
6621	60
6632	60
6632	61
6644	61
6644	61
6656	61
6667	61
6667	61
6679	61
6679	61
6691	61
6703	61
6703	61
6714	61
6726	61
6726	61
6738	61
6750	61
6750	61
6761	61
6773	61
6773	61
6785	61
6796	61
6808	61
6808	61
6820	61
6832	61
6832	61
6843	61
6855	61
6867	61
6867	61
6878	61
6890	61
6902	61
6902	61
6914	61
6925	61
6925	61
6937	61
6949	61
6949	61
6960	61
6972	61
6984	61
6984	61
6996	61
7007	61
7019	61
7031	61
7031	61
7042	62
7054	62
7066	62
7066	62
7078	62
7089	62
7101	62
7101	62
7113	62
7125	62
7125	62
7136	62
7148	62
7148	62
7160	62
7171	62
7183	62
7195	62
7195	62
7207	62
7218	62
7230	62
7242	62
7242	62
7253	62
7265	62
7277	62
7277	62
7289	62
7300	62
7312	62
7312	62
7324	62
7335	62
7335	62
7347	62
7359	62
7371	62
7371	62
7382	62
7394	62
7394	62
7406	62
7417	62
7417	62
7429	62
7441	62
7441	62
7453	62
7464	62
7464	63
7476	63
7488	63
7500	63
7500	63
7511	63
7523	63
7523	63
7535	63
7546	63
7558	63
7558	63
7570	63
7582	63
7593	63
7593	63
7605	63
7617	63
7628	63
7628	63
7640	63
7652	63
7664	63
7664	63
7675	63
7687	63
7699	63
7699	63
7710	63
7722	63
7734	63
7734	63
7746	63
7757	63
7769	63
7769	63
7781	63
7792	63
7792	63
7804	63
7816	63
7828	63
7828	63
7839	63
7851	63
7863	63
7863	63
7875	63
7886	63
7898	63
7898	64
7910	64
7921	64
7933	64
7933	64
7945	64
7957	64
7968	64
7980	64
7980	64
7992	64
8003	64
8015	64
8015	64
8027	64
8039	64
8050	64
8050	64
8062	64
8074	64
8085	64
8085	64
8097	64
8109	64
8121	64
8121	64
8132	64
8144	64
8144	64
8156	64
8167	64
8167	64
8179	64
8191	64
8191	64
8203	64
8214	64
8226	64
8226	64
8238	64
8250	64
8261	64
8261	64
8273	64
8285	64
8296	64
8296	64
8308	64
8320	64
8332	64
8332	65
8343	65
8355	65
8367	65
8378	65
8378	65
8390	65
8402	65
8414	65
8414	65
8425	65
8437	65
8449	65
8460	65
8460	65
8472	65
8484	65
8496	65
8496	65
8507	65
8519	65
8531	65
8531	65
8542	65
8554	65
8566	65
8566	65
8578	65
8589	65
8601	65
8601	65
8613	65
8625	65
8636	65
8648	65
8648	65
8660	65
8671	65
8683	65
8695	65
8707	65
8707	65
8718	65
8730	65
8742	65
8753	65
8765	65
8777	65
8777	65
8789	65
8800	66
8812	66
8812	66
8824	66
8835	66
8847	66
8859	66
8859	66
8871	66
8882	66
8894	66
8894	66
8906	66
8917	66
8929	66
8929	66
8941	66
8953	66
8964	66
8964	66
8976	66
8988	66
9000	66
9011	66
9011	66
9023	66
9035	66
9046	66
9046	66
9058	66
9070	66
9082	66
9093	66
9093	66
9105	66
9117	66
9128	66
9140	66
9140	66
9152	66
9164	66
9175	66
9187	66
9187	66
9199	66
9210	66
9222	66
9234	66
9234	66
9246	66
9257	67
9269	67
9269	67
9281	67
9292	67
9304	67
9316	67
9328	67
9328	67
9339	67
9351	67
9363	67
9363	67
9375	67
9386	67
9398	67
9410	67
9421	67
9421	67
9433	67
9445	67
9457	67
9468	67
9480	67
9492	67
9503	67
9515	67
9527	67
9527	67
9539	67
9550	67
9562	67
9574	67
9574	67
9585	67
9597	67
9609	67
9621	67
9632	67
9632	67
9644	67
9656	67
9667	67
9667	67
9679	67
9691	67
9703	67
9714	67
9714	67
9726	67
9738	68
9750	68
9761	68
9773	68
9773	68
9785	68
9796	68
9808	68
9820	68
9820	68
9832	68
9843	68
9855	68
9867	68
9867	68
9878	68
9890	68
9902	68
9914	68
9925	68
9925	68
9937	68
9949	68
9960	68
9972	68
9984	68
9984	68
9996	68
10007	68
10019	68
10031	68
10031	68
10042	68
10054	68
10066	68
10078	68
10089	68
10089	68
10101	68
10113	68
10125	68
10136	68
10148	68
10148	68
10160	68
10171	68
10183	68
10195	68
10207	68
10218	68
10230	69
10242	69
10253	69
10265	69
10277	69
10289	69
10300	69
10300	69
10312	69
10324	69
10335	69
10347	69
10359	69
10371	69
10371	69
10382	69
10394	69
10406	69
10417	69
10417	69
10429	69
10441	69
10453	69
10464	69
10476	69
10488	69
10488	69
10500	69
10511	69
10523	69
10535	69
10546	69
10558	69
10558	69
10570	69
10582	69
10593	69
10605	69
10617	69
10628	69
10628	69
10640	69
10652	69
10664	69
10675	69
10687	69
10699	69
10710	69
10710	69
10722	69
10734	70
10746	70
10757	70
10769	70
10781	70
10781	70
10792	70
10804	70
10816	70
10828	70
10839	70
10851	70
10851	70
10863	70
10875	70
10886	70
10898	70
10910	70
10921	70
10933	70
10945	70
10957	70
10968	70
10980	70
10992	70
11003	70
11015	70
11027	70
11039	70
11050	70
11050	70
11062	70
11074	70
11085	70
11097	70
11109	70
11121	70
11132	70
11132	70
11144	70
11156	70
11167	70
11179	70
11191	70
11191	70
11203	70
11214	70
11226	70
11238	70
11250	70
11261	71
11273	71
11285	71
11285	71
11296	71
11308	71
11320	71
11332	71
11343	71
11355	71
11367	71
11367	71
11378	71
11390	71
11402	71
11414	71
11425	71
11437	71
11449	71
11460	71
11472	71
11472	71
11484	71
11496	71
11507	71
11519	71
11531	71
11531	71
11542	71
11554	71
11566	71
11578	71
11589	71
11601	71
11613	71
11613	71
11625	71
11636	71
11648	71
11660	71
11671	71
11683	71
11695	71
11707	71
11718	71
11730	71
11742	71
11753	71
11765	71
11777	71
11789	72
11800	72
11812	72
11824	72
11835	72
11847	72
11859	72
11859	72
11871	72
11882	72
11894	72
11906	72
11917	72
11929	72
11941	72
11953	72
11964	72
11976	72
11988	72
12000	72
12011	72
12023	72
12035	72
12035	72
12046	72
12058	72
12070	72
12082	72
12093	72
12105	72
12117	72
12128	72
12140	72
12152	72
12164	72
12175	72
12187	72
12199	72
12210	72
12222	72
12234	72
12246	72
12257	72
12257	72
12269	72
12281	72
12292	72
12304	72
12316	72
12328	72
12339	73
12351	73
12363	73
12363	73
12375	73
12386	73
12398	73
12410	73
12421	73
12433	73
12445	73
12457	73
12468	73
12480	73
12492	73
12503	73
12515	73
12527	73
12539	73
12550	73
12562	73
12574	73
12585	73
12597	73
12609	73
12621	73
12632	73
12644	73
12656	73
12667	73
12679	73
12691	73
12703	73
12714	73
12726	73
12738	73
12750	73
12761	73
12773	73
12785	73
12785	73
12808	73
12820	73
12832	73
12843	73
12855	73
12867	73
12878	73
12890	73
12902	73
12914	74
12925	74
12937	74
12949	74
12960	74
12972	74
12984	74
12996	74
12996	74
13007	74
13019	74
13031	74
13042	74
13054	74
13066	74
13078	74
13089	74
13101	74
13113	74
13125	74
13136	74
13148	74
13160	74
13171	74
13183	74
13195	74
13207	74
13218	74
13230	74
13253	74
13265	74
13277	74
13289	74
13300	74
13312	74
13324	74
13335	74
13347	74
13359	74
13371	74
13382	74
13394	74
13406	74
13417	74
13429	74
13441	74
13453	74
13464	74
13476	74
13488	74
13500	75
13511	75
13523	75
13535	75
13546	75
13570	75
13582	75
13593	75
13605	75
13617	75
13628	75
13640	75
13652	75
13664	75
13675	75
13687	75
13699	75
13710	75
13722	75
13734	75
13746	75
13757	75
13769	75
13781	75
13781	75
13792	75
13804	75
13816	75
13828	75
13839	75
13851	75
13863	75
13875	75
13886	75
13898	75
13910	75
13921	75
13933	75
13945	75
13957	75
13968	75
13980	75
13992	75
14003	75
14015	75
14027	75
14039	75
14050	75
14062	75
14074	75
14085	76
14097	76
14109	76
14121	76
14144	76
14156	76
14167	76
14179	76
14191	76
14203	76
14214	76
14226	76
14238	76
14250	76
14261	76
14273	76
14285	76
14296	76
14320	76
14332	76
14343	76
14355	76
14378	76
14390	76
14402	76
14414	76
14425	76
14437	76
14449	76
14460	76
14472	76
14484	76
14496	76
14507	76
14519	76
14531	76
14542	76
14554	76
14566	76
14578	76
14589	76
14613	76
14625	76
14636	76
14648	76
14660	76
14671	76
14683	76
14695	76
14707	76
14718	77
14730	77
14742	77
14753	77
14765	77
14777	77
14789	77
14800	77
14812	77
14824	77
14835	77
14847	77
14871	77
14871	77
14894	77
14906	77
14917	77
14929	77
14941	77
14953	77
14964	77
14976	77
14988	77
15000	77
15011	77
15023	77
15035	77
15046	77
15070	77
15082	77
15093	77
15105	77
15128	77
15140	77
15152	77
15164	77
15175	77
15187	77
15199	77
15210	77
15222	77
15234	77
15257	77
15269	77
15281	77
15292	77
15304	77
15316	77
15328	77
15339	77
15351	78
15363	78
15375	78
15398	78
15410	78
15421	78
15433	78
15445	78
15457	78
15468	78
15480	78
15492	78
15503	78
15515	78
15527	78
15550	78
15562	78
15574	78
15585	78
15597	78
15609	78
15621	78
15632	78
15644	78
15667	78
15679	78
15691	78
15703	78
15714	78
15726	78
15738	78
15750	78
15761	78
15773	78
15796	78
15808	78
15820	78
15843	78
15855	78
15867	78
15878	78
15902	78
15914	78
15925	78
15937	78
15949	78
15960	78
15972	78
15984	78
15996	78
16007	79
16031	79
16042	79
16054	79
16066	79
16078	79
16089	79
16101	79
16113	79
16125	79
16136	79
16148	79
16160	79
16171	79
16183	79
16195	79
16207	79
16218	79
16230	79
16242	79
16253	79
16265	79
16277	79
16300	79
16312	79
16324	79
16335	79
16347	79
16359	79
16371	79
16382	79
16394	79
16406	79
16417	79
16429	79
16441	79
16453	79
16464	79
16476	79
16500	79
16511	79
16523	79
16535	79
16546	79
16570	79
16582	79
16593	79
16617	79
16628	79
16640	79
16664	80
16675	80
16687	80
16699	80
16710	80
16722	80
16734	80
16746	80
16769	80
16781	80
16792	80
16816	80
16828	80
16839	80
16851	80
16863	80
16875	80
16886	80
16898	80
16910	80
16921	80
16945	80
16957	80
16968	80
16980	80
16992	80
17003	80
17015	80
17027	80
17039	80
17050	80
17074	80
17085	80
17097	80
17109	80
17121	80
17132	80
17144	80
17156	80
17156	80
17167	80
17191	80
17203	80
17214	80
17226	80
17238	80
17250	80
17261	80
17273	80
17285	80
17308	81
17320	81
17332	81
17343	81
17367	81
17378	81
17390	81
17402	81
17414	81
17425	81
17449	81
17460	81
17472	81
17484	81
17496	81
17507	81
17531	81
17542	81
17554	81
17566	81
17578	81
17589	81
17601	81
17625	81
17636	81
17648	81
17660	81
17671	81
17683	81
17695	81
17718	81
17730	81
17742	81
17753	81
17765	81
17777	81
17800	81
17812	81
17824	81
17835	81
17847	81
17859	81
17871	81
17882	81
17894	81
17906	81
17917	81
17941	81
17953	81
17964	81
17976	82
17988	82
18000	82
18011	82
18023	82
18046	82
18058	82
18070	82
18082	82
18105	82
18117	82
18128	82
18140	82
18152	82
18175	82
18187	82
18199	82
18210	82
18222	82
18234	82
18246	82
18269	82
18281	82
18292	82
18304	82
18316	82
18328	82
18339	82
18351	82
18375	82
18386	82
18398	82
18410	82
18421	82
18433	82
18445	82
18468	82
18480	82
18492	82
18503	82
18515	82
18527	82
18539	82
18562	82
18574	82
18585	82
18597	82
18609	82
18621	82
18632	82
18644	83
18656	83
18667	83
18679	83
18691	83
18703	83
18714	83
18726	83
18738	83
18750	83
18773	83
18785	83
18796	83
18808	83
18820	83
18843	83
18855	83
18867	83
18878	83
18902	83
18914	83
18925	83
18937	83
18949	83
18960	83
18972	83
18996	83
19007	83
19019	83
19042	83
19054	83
19066	83
19089	83
19101	83
19113	83
19125	83
19136	83
19148	83
19171	83
19183	83
19195	83
19218	83
19230	83
19242	83
19253	83
19277	83
19289	83
19300	83
19312	83
19324	83
19347	84
19359	84
19371	84
19382	84
19394	84
19406	84
19417	84
19441	84
19453	84
19464	84
19476	84
19488	84
19500	84
19511	84
19535	84
19546	84
19558	84
19570	84
19593	84
19605	84
19617	84
19628	84
19640	84
19664	84
19675	84
19687	84
19699	84
19710	84
19722	84
19746	84
19757	84
19769	84
19781	84
19792	84
19804	84
19828	84
19839	84
19851	84
19863	84
19875	84
19886	84
19910	84
19921	84
19933	84
19945	84
19957	84
19980	84
19992	84
20003	84
20015	84
20039	85
20050	85
20062	85
20074	85
20085	85
20109	85
20121	85
20132	85
20144	85
20156	85
20167	85
20179	85
20191	85
20203	85
20226	85
20238	85
20250	85
20261	85
20273	85
20296	85
20308	85
20320	85
20332	85
20343	85
20355	85
20378	85
20390	85
20402	85
20414	85
20425	85
20449	85
20460	85
20472	85
20484	85
20496	85
20519	85
20531	85
20542	85
20554	85
20566	85
20578	85
20601	85
20613	85
20625	85
20636	85
20648	85
20671	85
20683	85
20695	85
20707	85
20730	86
20742	86
20753	86
20777	86
20789	86
20800	86
20812	86
20824	86
20847	86
20859	86
20871	86
20882	86
20894	86
20906	86
20917	86
20941	86
20953	86
20964	86
20976	86
20988	86
21011	86
21023	86
21035	86
21046	86
21058	86
21070	86
21093	86
21105	86
21117	86
21128	86
21140	86
21164	86
21175	86
21187	86
21199	86
21222	86
21234	86
21246	86
21257	86
21269	86
21281	86
21304	86
21316	86
21328	86
21339	86
21351	86
21375	86
21386	86
21398	86
21410	86
21433	87
21445	87
21457	87
21480	87
21492	87
21515	87
21527	87
21539	87
21550	87
21574	87
21585	87
21597	87
21609	87
21621	87
21644	87
21656	87
21667	87
21679	87
21691	87
21703	87
21714	87
21738	87
21750	87
21761	87
21773	87
21785	87
21808	87
21820	87
21832	87
21843	87
21855	87
21867	87
21890	87
21902	87
21914	87
21925	87
21949	87
21960	87
21972	87
21984	87
21996	87
22019	87
22031	87
22042	87
22054	87
22066	87
22089	87
22101	87
22113	87
22125	87
22136	88
22160	88
22171	88
22195	88
22207	88
22218	88
22242	88
22253	88
22277	88
22289	88
22300	88
22312	88
22335	88
22347	88
22359	88
22371	88
22394	88
22406	88
22417	88
22429	88
22441	88
22464	88
22476	88
22488	88
22500	88
22523	88
22535	88
22546	88
22558	88
22570	88
22593	88
22605	88
22617	88
22628	88
22652	88
22664	88
22675	88
22687	88
22710	88
22722	88
22734	88
22746	88
22757	88
22781	88
22792	88
22804	88
22828	88
22839	88
22851	88
22863	88
22875	89
22898	89
22910	89
22921	89
22945	89
22957	89
22980	89
22992	89
23015	89
23027	89
23039	89
23050	89
23074	89
23085	89
23097	89
23109	89
23132	89
23144	89
23156	89
23167	89
23179	89
23203	89
23214	89
23226	89
23238	89
23261	89
23273	89
23285	89
23296	89
23320	89
23332	89
23343	89
23355	89
23378	89
23390	89
23402	89
23414	89
23437	89
23449	89
23460	89
23484	89
23496	89
23507	89
23519	89
23531	89
23542	89
23566	89
23578	89
23589	89
23601	89
23625	90
23636	90
23648	90
23671	90
23683	90
23695	90
23718	90
23730	90
23753	90
23765	90
23777	90
23800	90
23812	90
23824	90
23847	90
23859	90
23871	90
23882	90
23906	90
23917	90
23929	90
23953	90
23964	90
23976	90
23988	90
24011	90
24023	90
24035	90
24046	90
24070	90
24082	90
24105	90
24117	90
24128	90
24152	90
24164	90
24175	90
24187	90
24210	90
24222	90
24234	90
24257	90
24269	90
24281	90
24292	90
24316	90
24328	90
24339	90
24351	90
24375	90
24386	91
24398	91
24421	91
24433	91
24445	91
24468	91
24480	91
24503	91
24515	91
24527	91
24550	91
24562	91
24574	91
24597	91
24609	91
24621	91
24644	91
24656	91
24667	91
24691	91
24703	91
24714	91
24726	91
24750	91
24761	91
24773	91
24796	91
24808	91
24820	91
24843	91
24855	91
24878	91
24890	91
24902	91
24925	91
24937	91
24949	91
24972	91
24984	91
24996	91
25007	91
25031	91
25042	91
25054	91
25078	91
25089	91
25101	91
25125	91
25136	91
25148	91
25171	92
25183	92
25195	92
25218	92
25230	92
25253	92
25265	92
25289	92
25300	92
25312	92
25335	92
25347	92
25359	92
25382	92
25406	92
25417	92
25441	92
25453	92
25464	92
25488	92
25500	92
25511	92
25535	92
25546	92
25558	92
25582	92
25593	92
25617	92
25628	92
25652	92
25664	92
25675	92
25699	92
25710	92
25722	92
25746	92
25757	92
25769	92
25781	92
25792	92
25816	92
25828	92
25839	92
25851	92
25875	92
25886	92
25910	92
25921	92
25933	92
25945	92
25968	93
25980	93
26003	93
26015	93
26027	93
26050	93
26062	93
26074	93
26097	93
26109	93
26132	93
26144	93
26167	93
26179	93
26191	93
26214	93
26226	93
26238	93
26261	93
26273	93
26296	93
26308	93
26332	93
26355	93
26367	93
26390	93
26402	93
26425	93
26437	93
26449	93
26472	93
26484	93
26496	93
26519	93
26531	93
26554	93
26566	93
26578	93
26601	93
26613	93
26625	93
26648	93
26660	93
26671	93
26695	93
26707	93
26730	93
26742	93
26753	93
26777	93
26789	94
26812	94
26824	94
26835	94
26859	94
26871	94
26882	94
26906	94
26917	94
26941	94
26953	94
26964	94
26988	94
27000	94
27011	94
27035	94
27046	94
27070	94
27093	94
27105	94
27128	94
27152	94
27164	94
27187	94
27199	94
27210	94
27234	94
27246	94
27269	94
27281	94
27304	94
27316	94
27328	94
27351	94
27363	94
27375	94
27398	94
27410	94
27433	94
27445	94
27457	94
27480	94
27492	94
27515	94
27527	94
27550	94
27562	94
27574	94
27597	94
27609	94
27632	95
27644	95
27667	95
27679	95
27703	95
27714	95
27726	95
27750	95
27761	95
27785	95
27796	95
27820	95
27843	95
27867	95
27878	95
27902	95
27925	95
27937	95
27949	95
27972	95
27984	95
28007	95
28019	95
28042	95
28054	95
28066	95
28089	95
28101	95
28125	95
28136	95
28148	95
28171	95
28183	95
28195	95
28218	95
28230	95
28242	95
28265	95
28277	95
28300	95
28312	95
28335	95
28347	95
28359	95
28382	95
28394	95
28406	95
28429	95
28441	95
28464	95
28476	96
28488	96
28511	96
28523	96
28546	96
28570	96
28593	96
28605	96
28628	96
28652	96
28664	96
28687	96
28699	96
28722	96
28734	96
28757	96
28769	96
28792	96
28816	96
28828	96
28851	96
28863	96
28875	96
28898	96
28910	96
28933	96
28945	96
28968	96
28980	96
29003	96
29015	96
29027	96
29050	96
29062	96
29085	96
29097	96
29121	96
29132	96
29144	96
29156	96
29179	96
29191	96
29203	96
29226	96
29238	96
29261	96
29273	96
29296	96
29308	96
29332	96
29343	97
29367	97
29390	97
29402	97
29425	97
29437	97
29460	97
29472	97
29496	97
29507	97
29531	97
29542	97
29566	97
29578	97
29601	97
29613	97
29636	97
29648	97
29671	97
29683	97
29707	97
29718	97
29742	97
29753	97
29777	97
29789	97
29812	97
29824	97
29847	97
29859	97
29882	97
29894	97
29917	97
29929	97
29941	97
29964	97
29976	97
30000	97
30011	97
30035	97
30046	97
30070	97
30093	97
30105	97
30128	97
30152	97
30164	97
30187	97
30199	97
30222	97
30234	98
30257	98
30269	98
30292	98
30304	98
30316	98
30339	98
30351	98
30375	98
30386	98
30410	98
30421	98
30445	98
30457	98
30480	98
30492	98
30515	98
30527	98
30550	98
30562	98
30585	98
30597	98
30621	98
30632	98
30644	98
30656	98
30679	98
30691	98
30703	98
30726	98
30738	98
30761	98
30773	98
30796	98
30808	98
30832	98
30855	98
30867	98
30890	98
30902	98
30925	98
30937	98
30960	98
30972	98
30996	98
31019	98
31031	98
31054	98
31078	98
31089	98
31113	99
31125	99
31148	99
31160	99
31183	99
31207	99
31218	99
31242	99
31265	99
31277	99
31300	99
31312	99
31335	99
31347	99
31371	99
31382	99
31394	99
31417	99
31429	99
31453	99
31464	99
31488	99
31500	99
31523	99
31535	99
31558	99
31570	99
31593	99
31605	99
31628	99
31640	99
31664	99
31675	99
31699	99
31722	99
31734	99
31746	99
31769	99
31781	99
31804	99
31816	99
31839	99
31851	99
31875	99
31886	99
31910	99
31921	99
31945	99
31968	99
31980	99
32003	100
32015	100
32039	100
32050	100
32074	100
32085	100
32109	100
32121	100
32144	100
32156	100
32167	100
32191	100
32203	100
32226	100
32238	100
32261	100
32273	100
32296	100
32308	100
32320	100
32343	100
32367	100
32378	100
32402	100
32414	100
32437	100
32449	100
32472	100
32484	100
32507	100
32519	100
32542	100
32554	100
32578	100
32589	100
32613	100
32625	100
32648	100
32660	100
32683	100
32695	100
32718	100
32742	100
32753	100
32777	100
32800	100
32812	100
32835	100
32847	100
32871	100
32882	101
32894	101
32917	101
32929	101
32953	101
32964	101
32988	101
33000	101
33023	101
33035	101
33058	101
33070	101
33093	101
33105	101
33128	101
33140	101
33164	101
33175	101
33199	101
33210	101
33234	101
33246	101
33269	101
33281	101
33304	101
33316	101
33339	101
33351	101
33375	101
33386	101
33410	101
33421	101
33445	101
33468	101
33492	101
33503	101
33527	101
33550	101
33562	101
33585	101
33597	101
33621	101
33632	101
33656	101
33667	101
33679	101
33703	101
33714	101
33738	101
33750	101
33773	102
33785	102
33808	102
33820	102
33843	102
33855	102
33878	102
33890	102
33914	102
33925	102
33949	102
33972	102
33984	102
34007	102
34019	102
34042	102
34054	102
34078	102
34089	102
34113	102
34125	102
34148	102
34160	102
34183	102
34207	102
34230	102
34242	102
34265	102
34289	102
34300	102
34324	102
34335	102
34359	102
34371	102
34394	102
34406	102
34429	102
34441	102
34464	102
34476	102
34500	102
34511	102
34535	102
34546	102
34570	102
34593	102
34605	102
34628	102
34640	102
34664	102
34675	103
34699	103
34710	103
34734	103
34746	103
34769	103
34792	103
34804	103
34828	103
34839	103
34863	103
34875	103
34898	103
34921	103
34933	103
34957	103
34980	103
35003	103
35027	103
35039	103
35062	103
35074	103
35097	103
35109	103
35132	103
35144	103
35167	103
35179	103
35203	103
35214	103
35238	103
35250	103
35273	103
35285	103
35308	103
35332	103
35343	103
35367	103
35378	103
35402	103
35414	103
35437	103
35449	103
35472	103
35484	103
35507	103
35519	103
35542	103
35554	103
35578	103
35589	104
35613	104
35636	104
35648	104
35671	104
35683	104
35707	104
35730	104
35753	104
35765	104
35789	104
35812	104
35824	104
35847	104
35859	104
35882	104
35906	104
35917	104
35941	104
35953	104
35976	104
35988	104
36011	104
36035	104
36046	104
36070	104
36093	104
36105	104
36128	104
36152	104
36164	104
36187	104
36199	104
36222	104
36246	104
36257	104
36281	104
36292	104
36316	104
36328	104
36351	104
36363	104
36386	104
36410	104
36421	104
36445	104
36468	104
36480	104
36503	104
36527	104
36539	105
36562	105
36585	105
36597	105
36621	105
36632	105
36656	105
36679	105
36691	105
36714	105
36726	105
36750	105
36773	105
36785	105
36808	105
36832	105
36843	105
36867	105
36890	105
36902	105
36925	105
36949	105
36960	105
36984	105
36996	105
37019	105
37042	105
37054	105
37078	105
37089	105
37113	105
37136	105
37148	105
37171	105
37195	105
37207	105
37230	105
37253	105
37277	105
37300	105
37312	105
37335	105
37347	105
37371	105
37394	105
37417	105
37441	105
37453	105
37476	105
37500	105
37511	106
37535	106
37558	106
37582	106
37593	106
37617	106
37640	106
37664	106
37675	106
37699	106
37722	106
37734	106
37757	106
37769	106
37781	106
37804	106
37816	106
37839	106
37863	106
37875	106
37898	106
37921	106
37933	106
37957	106
37968	106
37992	106
38015	106
38027	106
38050	106
38074	106
38085	106
38109	106
38132	106
38156	106
38167	106
38191	106
38214	106
38226	106
38250	106
38273	106
38285	106
38308	106
38332	106
38355	106
38378	106
38402	106
38425	106
38437	106
38460	106
38484	106
38496	107
38519	107
38542	107
38554	107
38578	107
38589	107
38613	107
38636	107
38648	107
38671	107
38695	107
38707	107
38730	107
38753	107
38765	107
38789	107
38812	107
38824	107
38847	107
38871	107
38882	107
38906	107
38929	107
38941	107
38964	107
38988	107
39000	107
39023	107
39046	107
39070	107
39093	107
39117	107
39140	107
39164	107
39175	107
39199	107
39222	107
39234	107
39257	107
39281	107
39304	107
39316	107
39339	107
39363	107
39386	107
39398	107
39421	107
39445	107
39457	107
39480	107
39503	108
39515	108
39539	108
39562	108
39585	108
39597	108
39621	108
39644	108
39667	108
39679	108
39703	108
39726	108
39738	108
39761	108
39785	108
39808	108
39832	108
39855	108
39878	108
39902	108
39925	108
39937	108
39960	108
39984	108
39996	108
40019	108
40042	108
40054	108
40078	108
40101	108
40113	108
40136	108
40160	108
40171	108
40195	108
40218	108
40230	108
40253	108
40265	108
40289	108
40312	108
40335	108
40347	108
40371	108
40394	108
40406	108
40429	108
40453	108
40464	108
40488	108
40511	109
40535	109
40558	109
40582	109
40605	109
40628	109
40652	109
40675	109
40699	109
40710	109
40734	109
40757	109
40781	109
40804	109
40828	109
40851	109
40863	109
40886	109
40910	109
40933	109
40945	109
40968	109
40992	109
41003	109
41027	109
41050	109
41074	109
41085	109
41109	109
41121	109
41144	109
41156	109
41179	109
41191	109
41214	109
41238	109
41261	109
41273	109
41296	109
41320	109
41343	109
41367	109
41390	109
41402	109
41425	109
41449	109
41472	109
41484	109
41507	109
41531	109
41554	110
41578	110
41589	110
41613	110
41636	110
41660	110
41683	110
41695	110
41718	110
41742	110
41765	110
41789	110
41800	110
41824	110
41847	110
41871	110
41882	110
41906	110
41929	110
41953	110
41964	110
41988	110
42011	110
42035	110
42046	110
42070	110
42093	110
42117	110
42140	110
42164	110
42187	110
42210	110
42222	110
42246	110
42269	110
42292	110
42316	110
42328	110
42351	110
42375	110
42398	110
42410	110
42433	110
42457	110
42480	110
42492	110
42515	110
42539	110
42562	110
42574	110
42597	111
42621	111
42632	111
42656	111
42667	111
42691	111
42703	111
42726	111
42750	111
42773	111
42785	111
42808	111
42832	111
42855	111
42878	111
42902	111
42925	111
42949	111
42960	111
42984	111
43007	111
43031	111
43054	111
43078	111
43101	111
43113	111
43136	111
43160	111
43183	111
43207	111
43230	111
43253	111
43277	111
43300	111
43324	111
43347	111
43359	111
43382	111
43406	111
43417	111
43441	111
43464	111
43488	111
43511	111
43523	111
43546	111
43570	111
43593	111
43617	111
43640	111
43664	112
43687	112
43699	112
43722	112
43746	112
43769	112
43792	112
43804	112
43828	112
43851	112
43875	112
43898	112
43910	112
43933	112
43957	112
43980	112
44003	112
44027	112
44050	112
44074	112
44085	112
44109	112
44132	112
44144	112
44167	112
44191	112
44203	112
44226	112
44250	112
44273	112
44296	112
44308	112
44332	112
44355	112
44378	112
44390	112
44414	112
44437	112
44460	112
44484	112
44496	112
44519	112
44542	112
44566	112
44589	112
44601	112
44625	112
44648	112
44671	112
44695	112
44718	113
44742	113
44765	113
44789	113
44800	113
44824	113
44847	113
44871	113
44894	113
44906	113
44929	113
44953	113
44976	113
44988	113
45011	113
45035	113
45058	113
45082	113
45093	113
45117	113
45140	113
45164	113
45187	113
45210	113
45234	113
45246	113
45269	113
45292	113
45316	113
45328	113
45351	113
45375	113
45398	113
45421	113
45445	113
45468	113
45492	113
45515	113
45539	113
45562	113
45585	113
45609	113
45621	113
45644	113
45667	113
45679	113
45703	113
45726	113
45750	113
45773	113
45785	114
45808	114
45832	114
45855	114
45867	114
45890	114
45914	114
45937	114
45960	114
45984	114
45996	114
46019	114
46042	114
46066	114
46078	114
46101	114
46125	114
46148	114
46171	114
46195	114
46218	114
46242	114
46265	114
46289	114
46312	114
46335	114
46347	114
46371	114
46394	114
46417	114
46441	114
46453	114
46476	114
46500	114
46523	114
46546	114
46558	114
46582	114
46605	114
46628	114
46652	114
46675	114
46699	114
46722	114
46734	114
46757	114
46781	114
46804	114
46828	114
46851	114
46863	115
46886	115
46910	115
46933	115
46968	115
46992	115
47015	115
47039	115
47062	115
47074	115
47097	115
47121	115
47144	115
47167	115
47179	115
47203	115
47226	115
47250	115
47273	115
47285	115
47308	115
47332	115
47355	115
47378	115
47390	115
47414	115
47437	115
47460	115
47484	115
47496	115
47519	115
47542	115
47566	115
47578	115
47601	115
47625	115
47648	115
47671	115
47695	115
47718	115
47742	115
47765	115
47789	115
47812	115
47835	115
47847	115
47871	115
47894	115
47917	115
47941	115
47964	116
47988	116
48000	116
48023	116
48046	116
48070	116
48093	116
48117	116
48140	116
48164	116
48187	116
48210	116
48234	116
48246	116
48269	116
48292	116
48316	116
48339	116
48363	116
48375	116
48398	116
48421	116
48445	116
48468	116
48492	116
48515	116
48539	116
48562	116
48585	116
48609	116
48632	116
48656	116
48679	116
48703	116
48714	116
48738	116
48761	116
48785	116
48808	116
48832	116
48855	116
48878	116
48902	116
48925	116
48949	116
48972	116
48984	116
49007	116
49031	116
49054	116
49078	117
49089	117
49113	117
49136	117
49160	117
49183	117
49207	117
49230	117
49265	117
49289	117
49300	117
49324	117
49347	117
49371	117
49394	117
49429	117
49453	117
49464	117
49488	117
49511	117
49535	117
49558	117
49582	117
49617	117
49640	117
49652	117
49675	117
49699	117
49722	117
49746	117
49769	117
49781	117
49804	117
49828	117
49851	117
49875	117
49898	117
49910	117
49933	117
49957	117
49980	117
50003	117
50027	117
50050	117
50074	117
50097	117
50121	117
50144	117
50167	117
50191	117
50214	118
50238	118
50261	118
50285	118
50308	118
50332	118
50367	118
50390	118
50414	118
50437	118
50460	118
50484	118
50507	118
50531	118
50554	118
50566	118
50589	118
50613	118
50636	118
50660	118
50683	118
50707	118
50730	118
50753	118
50777	118
50800	118
50824	118
50847	118
50859	118
50882	118
50906	118
50929	118
50953	118
50976	118
51000	118
51023	118
51046	118
51070	118
51093	118
51128	118
51152	118
51175	118
51199	118
51222	118
51246	118
51269	118
51292	118
51316	118
51339	118
51363	118
51386	119
51410	119
51433	119
51457	119
51480	119
51503	119
51527	119
51550	119
51574	119
51597	119
51621	119
51644	119
51667	119
51691	119
51714	119
51738	119
51750	119
51785	119
51808	119
51832	119
51867	119
51890	119
51914	119
51937	119
51960	119
51984	119
52007	119
52031	119
52054	119
52078	119
52101	119
52125	119
52148	119
52171	119
52195	119
52207	119
52230	119
52253	119
52277	119
52300	119
52324	119
52347	119
52371	119
52394	119
52417	119
52441	119
52464	119
52476	119
52500	119
52523	119
52558	120
52582	120
52617	120
52640	120
52664	120
52687	120
52710	120
52734	120
52757	120
52792	120
52816	120
52839	120
52863	120
52886	120
52910	120
52933	120
52957	120
52980	120
53003	120
53027	120
53050	120
53074	120
53097	120
53121	120
53132	120
53156	120
53179	120
53203	120
53226	120
53250	120
53273	120
53296	120
53320	120
53343	120
53367	120
53402	120
53425	120
53449	120
53472	120
53496	120
53519	120
53542	120
53566	120
53589	120
53613	120
53636	120
53660	120
53683	120
53707	120
53730	120
53753	121
53777	121
53800	121
53835	121
53859	121
53871	121
53894	121
53917	121
53941	121
53964	121
53988	121
54011	121
54035	121
54058	121
54093	121
54117	121
54140	121
54164	121
54187	121
54210	121
54234	121
54257	121
54281	121
54304	121
54328	121
54351	121
54375	121
54398	121
54421	121
54445	121
54468	121
54492	121
54515	121
54539	121
54562	121
54597	121
54609	121
54632	121
54656	121
54667	121
54691	121
54714	121
54738	121
54761	121
54796	121
54820	121
54843	121
54867	121
54890	121
54914	121
54949	122
54972	122
54996	122
55019	122
55054	122
55078	122
55101	122
55125	122
55148	122
55171	122
55195	122
55230	122
55253	122
55277	122
55300	122
55324	122
55347	122
55371	122
55394	122
55417	122
55441	122
55464	122
55488	122
55511	122
55535	122
55558	122
55582	122
55617	122
55640	122
55664	122
55687	122
55710	122
55734	122
55757	122
55781	122
55804	122
55828	122
55851	122
55875	122
55898	122
55933	122
55957	122
55980	122
56003	122
56027	122
56050	122
56074	122
56097	122
56121	122
56144	122
56167	123
56191	123
56214	123
56238	123
56261	123
56285	123
56308	123
56332	123
56355	123
56390	123
56414	123
56437	123
56460	123
56484	123
56507	123
56531	123
56554	123
56578	123
56601	123
56625	123
56648	123
56683	123
56707	123
56730	123
56765	123
56789	123
56812	123
56835	123
56859	123
56882	123
56906	123
56929	123
56953	123
56976	123
57000	123
57023	123
57046	123
57070	123
57093	123
57117	123
57140	123
57175	123
57199	123
57222	123
57246	123
57269	123
57292	123
57316	123
57339	123
57363	123
57386	124
57410	124
57445	124
57468	124
57503	124
57527	124
57550	124
57574	124
57597	124
57621	124
57644	124
57667	124
57691	124
57714	124
57738	124
57761	124
57796	124
57820	124
57843	124
57867	124
57890	124
57914	124
57937	124
57960	124
57984	124
58007	124
58031	124
58066	124
58089	124
58113	124
58136	124
58160	124
58183	124
58218	124
58242	124
58277	124
58300	124
58324	124
58347	124
58371	124
58394	124
58417	124
58441	124
58464	124
58500	124
58523	124
58546	124
58570	124
58593	124
58617	124
58640	125
58675	125
58699	125
58722	125
58746	125
58769	125
58792	125
58828	125
58851	125
58875	125
58898	125
58921	125
58957	125
58980	125
59015	125
59039	125
59062	125
59085	125
59109	125
59132	125
59156	125
59179	125
59203	125
59226	125
59261	125
59285	125
59308	125
59332	125
59355	125
59378	125
59402	125
59425	125
59460	125
59484	125
59507	125
59531	125
59554	125
59578	125
59601	125
59625	125
59648	125
59683	125
59707	125
59730	125
59765	125
59789	125
59812	125
59835	125
59871	125
59894	125
59917	126
59941	126
59964	126
59988	126
60023	126
60046	126
60070	126
60105	126
60128	126
60152	126
60175	126
60199	126
60234	126
60257	126
60281	126
60304	126
60328	126
60351	126
60375	126
60410	126
60433	126
60457	126
60492	126
60515	126
60539	126
60562	126
60585	126
60621	126
60644	126
60667	126
60691	126
60714	126
60738	126
60773	126
60796	126
60820	126
60855	126
60878	126
60902	126
60925	126
60949	126
60984	126
61007	126
61031	126
61054	126
61078	126
61101	126
61125	126
61160	126
61183	126
61207	127
61242	127
61265	127
61289	127
61324	127
61347	127
61371	127
61406	127
61429	127
61453	127
61476	127
61511	127
61535	127
61558	127
61593	127
61617	127
61640	127
61664	127
61699	127
61722	127
61746	127
61769	127
61792	127
61816	127
61839	127
61863	127
61886	127
61910	127
61933	127
61957	127
61992	127
62015	127
62039	127
62062	127
62085	127
62121	127
62144	127
62167	127
62203	127
62226	127
62250	127
62273	127
62308	127
62332	127
62367	127
62390	127
62425	127
62449	127
62472	127
62496	127
62531	128
62554	128
62578	128
62601	128
62625	128
62648	128
62683	128
62707	128
62730	128
62753	128
62777	128
62812	128
62835	128
62859	128
62882	128
62906	128
62941	128
62964	128
62988	128
63011	128
63035	128
63070	128
63105	128
63128	128
63164	128
63187	128
63210	128
63234	128
63269	128
63292	128
63316	128
63339	128
63363	128
63398	128
63421	128
63445	128
63468	128
63492	128
63527	128
63550	128
63574	128
63597	128
63632	128
63656	128
63679	128
63703	128
63726	128
63761	128
63785	128
63820	128
63855	129
63878	129
63914	129
63937	129
63960	129
63984	129
64007	129
64042	129
64066	129
64089	129
64113	129
64136	129
64171	129
64195	129
64218	129
64242	129
64265	129
64289	129
64312	129
64347	129
64371	129
64394	129
64417	129
64441	129
64464	129
64488	129
64511	129
64546	129
64582	129
64617	129
64640	129
64675	129
64699	129
64722	129
64746	129
64781	129
64804	129
64839	129
64863	129
64886	129
64910	129
64945	129
64968	129
64992	129
65015	129
65039	129
65074	129
65097	129
65121	129
65144	129
65167	130
65191	130
65214	130
65238	130
65261	130
65285	130
65320	130
65343	130
65378	130
65402	130
65425	130
65460	130
65484	130
65507	130
65542	130
65566	130
65589	130
65613	130
65648	130
65671	130
65695	130
65730	130
65753	130
65777	130
65812	130
65835	130
65859	130
65882	130
65906	130
65941	130
65964	130
65988	130
66011	130
66035	130
66070	130
66093	130
66128	130
66152	130
66187	130
66210	130
66234	130
66257	130
66292	130
66316	130
66339	130
66363	130
66386	130
66421	130
66445	130
66468	130
66492	131
66527	131
66550	131
66574	131
66597	131
66621	131
66644	131
66667	131
66691	131
66714	131
66750	131
66773	131
66796	131
66832	131
66855	131
66890	131
66914	131
66937	131
66960	131
66996	131
67031	131
67054	131
67089	131
67113	131
67136	131
67160	131
67195	131
67218	131
67253	131
67277	131
67312	131
67335	131
67359	131
67382	131
67417	131
67441	131
67464	131
67488	131
67511	131
67546	131
67570	131
67605	131
67628	131
67652	131
67687	131
67710	131
67734	131
67757	131
67792	131
67816	131
67839	132
67863	132
67898	132
67921	132
67957	132
67980	132
68003	132
68039	132
68062	132
68085	132
68109	132
68144	132
68167	132
68191	132
68214	132
68238	132
68261	132
68296	132
68320	132
68343	132
68367	132
68402	132
68425	132
68449	132
68484	132
68507	132
68531	132
68554	132
68578	132
68613	132
68636	132
68660	132
68695	132
68718	132
68753	132
68777	132
68812	132
68835	132
68859	132
68882	132
68917	132
68941	132
68964	132
68988	132
69011	132
69046	132
69070	132
69093	132
69128	132
69152	132
69175	133
69199	133
69234	133
69257	133
69281	133
69316	133
69339	133
69363	133
69386	133
69421	133
69445	133
69480	133
69515	133
69539	133
69562	133
69597	133
69621	133
69644	133
69667	133
69703	133
69726	133
69750	133
69785	133
69808	133
69832	133
69855	133
69878	133
69914	133
69937	133
69960	133
69996	133
70019	133
70042	133
70078	133
70101	133
70125	133
70148	133
70183	133
70218	133
70242	133
70277	133
70300	133
70324	133
70359	133
70382	133
70406	133
70429	133
70453	133
70488	133
70511	133
70535	134
70570	134
70593	134
70617	134
70640	134
70675	134
70699	134
70722	134
70757	134
70781	134
70804	134
70839	134
70863	134
70886	134
70910	134
70945	134
70980	134
71003	134
71039	134
71062	134
71085	134
71121	134
71144	134
71167	134
71191	134
71226	134
71250	134
71273	134
71308	134
71332	134
71355	134
71378	134
71414	134
71437	134
71472	134
71496	134
71519	134
71542	134
71566	134
71601	134
71625	134
71660	134
71683	134
71718	134
71742	134
71777	134
71800	134
71835	134
71859	134
71882	134
71917	135
71941	135
71964	135
72000	135
72023	135
72058	135
72082	135
72117	135
72140	135
72164	135
72199	135
72222	135
72246	135
72281	135
72304	135
72328	135
72351	135
72386	135
72410	135
72445	135
72468	135
72503	135
72527	135
72562	135
72585	135
72609	135
72644	135
72667	135
72691	135
72726	135
72750	135
72773	135
72808	135
72832	135
72867	135
72890	135
72925	135
72949	135
72972	135
73007	135
73031	135
73054	135
73078	135
73113	135
73136	135
73171	135
73195	135
73230	135
73253	135
73289	135
73312	136
73347	136
73371	136
73406	136
73441	136
73464	136
73488	136
73523	136
73546	136
73582	136
73617	136
73640	136
73675	136
73699	136
73722	136
73757	136
73781	136
73804	136
73828	136
73851	136
73886	136
73910	136
73933	136
73968	136
73992	136
74027	136
74050	136
74074	136
74109	136
74132	136
74167	136
74203	136
74226	136
74250	136
74285	136
74308	136
74343	136
74378	136
74414	136
74437	136
74460	136
74496	136
74519	136
74554	136
74578	136
74601	136
74636	136
74660	136
74683	136
74718	136
74742	137
74777	137
74800	137
74835	137
74859	137
74882	137
74917	137
74941	137
74964	137
75000	137
75023	137
75058	137
75093	137
75128	137
75152	137
75187	137
75210	137
75246	137
75269	137
75304	137
75328	137
75351	137
75386	137
75410	137
75445	137
75468	137
75503	137
75527	137
75562	137
75585	137
75621	137
75644	137
75679	137
75703	137
75726	137
75761	137
75796	137
75832	137
75867	137
75902	137
75925	137
75949	137
75984	137
76007	137
76042	137
76066	137
76101	137
76125	137
76160	137
76183	137
76207	138
76230	138
76265	138
76289	138
76324	138
76347	138
76371	138
76394	138
76429	138
76453	138
76488	138
76511	138
76546	138
76582	138
76617	138
76652	138
76675	138
76699	138
76734	138
76769	138
76804	138
76828	138
76863	138
76886	138
76910	138
76945	138
76968	138
77003	138
77027	138
77062	138
77085	138
77109	138
77144	138
77167	138
77191	138
77214	138
77250	138
77273	138
77308	138
77332	138
77367	138
77402	138
77425	138
77460	138
77484	138
77519	138
77542	138
77578	138
77601	138
77636	138
77660	139
77695	139
77718	139
77753	139
77789	139
77812	139
77847	139
77871	139
77894	139
77929	139
77953	139
77976	139
78011	139
78046	139
78070	139
78105	139
78140	139
78164	139
78199	139
78222	139
78257	139
78281	139
78316	139
78339	139
78363	139
78398	139
78421	139
78457	139
78480	139
78515	139
78539	139
78574	139
78597	139
78632	139
78656	139
78679	139
78703	139
78726	139
78761	139
78785	139
78820	139
78855	139
78878	139
78914	139
78937	139
78972	139
79007	139
79042	139
79066	139
79101	139
79125	140
79160	140
79183	140
79218	140
79253	140
79289	140
79312	140
79347	140
79371	140
79406	140
79429	140
79453	140
79488	140
79511	140
79546	140
79570	140
79605	140
79640	140
79664	140
79699	140
79722	140
79757	140
79781	140
79816	140
79839	140
79875	140
79898	140
79933	140
79968	140
79992	140
80027	140
80050	140
80085	140
80109	140
80144	140
80167	140
80191	140
80226	140
80250	140
80285	140
80308	140
80343	140
80367	140
80402	140
80425	140
80460	140
80496	140
80519	140
80554	140
80578	140
80601	141
80636	141
80671	141
80695	141
80730	141
80765	141
80800	141
80824	141
80859	141
80882	141
80906	141
80941	141
80964	141
81000	141
81023	141
81058	141
81082	141
81117	141
81140	141
81175	141
81199	141
81234	141
81257	141
81292	141
81316	141
81351	141
81375	141
81410	141
81445	141
81480	141
81503	141
81539	141
81574	141
81597	141
81632	141
81656	141
81679	141
81714	141
81738	141
81773	141
81796	141
81832	141
81855	141
81890	141
81914	141
81949	141
81984	141
82007	141
82042	141
82066	141
82101	142
82125	142
82160	142
82195	142
82230	142
82265	142
82289	142
82324	142
82347	142
82382	142
82406	142
82441	142
82464	142
82500	142
82523	142
82558	142
82582	142
82617	142
82640	142
82675	142
82710	142
82734	142
82769	142
82792	142
82828	142
82851	142
82886	142
82921	142
82957	142
82992	142
83015	142
83050	142
83085	142
83109	142
83144	142
83167	142
83191	142
83226	142
83250	142
83285	142
83308	142
83343	142
83367	142
83402	142
83437	142
83460	142
83496	142
83519	142
83542	142
83578	142
83601	143
83636	143
83671	143
83707	143
83730	143
83765	143
83800	143
83824	143
83859	143
83894	143
83917	143
83953	143
83976	143
84011	143
84046	143
84070	143
84105	143
84140	143
84164	143
84199	143
84234	143
84257	143
84292	143
84316	143
84351	143
84375	143
84410	143
84445	143
84468	143
84503	143
84539	143
84574	143
84597	143
84632	143
84656	143
84691	143
84726	143
84750	143
84785	143
84820	143
84843	143
84878	143
84914	143
84949	143
84972	143
85007	143
85031	143
85066	143
85089	143
85125	143
85160	144
85183	144
85218	144
85253	144
85289	144
85324	144
85347	144
85382	144
85417	144
85453	144
85476	144
85511	144
85546	144
85582	144
85617	144
85640	144
85675	144
85699	144
85734	144
85757	144
85792	144
85816	144
85839	144
85875	144
85910	144
85933	144
85968	144
85992	144
86027	144
86062	144
86085	144
86121	144
86156	144
86191	144
86214	144
86250	144
86285	144
86320	144
86355	144
86390	144
86425	144
86449	144
86484	144
86507	144
86542	144
86578	144
86601	144
86636	144
86660	144
86695	144
86730	145
86753	145
86789	145
86824	145
86847	145
86882	145
86906	145
86941	145
86976	145
87000	145
87035	145
87070	145
87105	145
87140	145
87175	145
87210	145
87234	145
87269	145
87304	145
87328	145
87363	145
87398	145
87421	145
87457	145
87492	145
87515	145
87550	145
87585	145
87609	145
87644	145
87679	145
87714	145
87738	145
87773	145
87808	145
87843	145
87878	145
87914	145
87949	145
87972	145
88007	145
88042	145
88066	145
88101	145
88136	145
88160	145
88195	145
88218	145
88253	145
88277	145
88312	146
88347	146
88371	146
88406	146
88429	146
88464	146
88488	146
88523	146
88558	146
88605	146
88640	146
88675	146
88699	146
88734	146
88769	146
88804	146
88839	146
88863	146
88898	146
88933	146
88957	146
88992	146
89015	146
89050	146
89085	146
89109	146
89144	146
89167	146
89191	146
89226	146
89261	146
89285	146
89320	146
89355	146
89390	146
89425	146
89460	146
89484	146
89519	146
89554	146
89589	146
89613	146
89648	146
89683	146
89718	146
89742	146
89777	146
89812	146
89847	146
89871	146
89906	147
89929	147
89964	147
89988	147
90023	147
90058	147
90093	147
90128	147
90164	147
90187	147
90222	147
90257	147
90281	147
90316	147
90351	147
90375	147
90410	147
90445	147
90468	147
90503	147
90539	147
90562	147
90597	147
90632	147
90656	147
90679	147
90714	147
90738	147
90773	147
90808	147
90843	147
90878	147
90902	147
90937	147
90972	147
91007	147
91042	147
91078	147
91101	147
91136	147
91171	147
91207	147
91242	147
91277	147
91312	147
91335	147
91371	147
91406	147
91429	147
91464	147
91488	148
91523	148
91558	148
91593	148
91628	148
91664	148
91687	148
91722	148
91757	148
91781	148
91816	148
91851	148
91875	148
91910	148
91945	148
91980	148
92015	148
92050	148
92074	148
92109	148
92132	148
92167	148
92191	148
92226	148
92261	148
92285	148
92320	148
92355	148
92390	148
92414	148
92449	148
92484	148
92507	148
92542	148
92578	148
92601	148
92636	148
92671	148
92707	148
92742	148
92777	148
92812	148
92835	148
92871	148
92906	148
92929	148
92964	148
92988	148
93023	148
93058	148
93082	149
93117	149
93152	149
93175	149
93210	149
93246	149
93269	149
93304	149
93328	149
93363	149
93398	149
93433	149
93468	149
93503	149
93539	149
93562	149
93597	149
93632	149
93656	149
93691	149
93714	149
93750	149
93785	149
93808	149
93843	149
93878	149
93902	149
93937	149
93972	149
93996	149
94031	149
94066	149
94089	149
94125	149
94160	149
94195	149
94230	149
94265	149
94300	149
94335	149
94359	149
94394	149
94429	149
94453	149
94488	149
94523	149
94546	149
94582	149
94617	149
94652	149
94675	150
94710	150
94746	150
94781	150
94804	150
94839	150
94875	150
94910	150
94945	150
94980	150
95015	150
95050	150
95074	150
95109	150
95144	150
95167	150
95203	150
95226	150
95261	150
95296	150
95320	150
95355	150
95390	150
95414	150
95449	150
95484	150
95507	150
95542	150
95578	150
95601	150
95636	150
95671	150
95707	150
95742	150
95777	150
95800	150
95835	150
95871	150
95906	150
95929	150
95964	150
96000	150
96023	150
96058	150
96093	150
96128	150
96164	150
96187	150
96222	150
96257	150
96281	151
96316	151
96351	151
96375	151
96410	151
96445	151
96480	151
96515	151
96550	151
96574	151
96609	151
96644	151
96679	151
96714	151
96738	151
96773	151
96808	151
96843	151
96878	151
96914	151
96937	151
96972	151
97007	151
97031	151
97066	151
97101	151
97136	151
97160	151
97195	151
97230	151
97265	151
97300	151
97335	151
97371	151
97406	151
97441	151
97476	151
97511	151
97535	151
97570	151
97605	151
97640	151
97675	151
97710	151
97734	151
97769	151
97792	151
97816	151
97851	151
97886	151
97921	152
97945	152
97980	152
98015	152
98039	152
98074	152
98109	152
98144	152
98179	152
98214	152
98238	152
98273	152
98308	152
98355	152
98390	152
98425	152
98449	152
98484	152
98519	152
98542	152
98578	152
98613	152
98648	152
98671	152
98707	152
98742	152
98777	152
98800	152
98835	152
98871	152
98906	152
98929	152
98964	152
99000	152
99035	152
99070	152
99105	152
99140	152
99175	152
99210	152
99246	152
99281	152
99304	152
99339	152
99375	152
99410	152
99433	152
99468	152
99503	152
99539	152
99574	153
99597	153
99632	153
99667	153
99703	153
99726	153
99761	153
99796	153
99843	153
99878	153
99914	153
99949	153
99972	153
100007	153
100042	153
100078	153
100101	153
100136	153
100171	153
100195	153
100230	153
100253	153
100289	153
100324	153
100359	153
100382	153
100417	153
100441	153
100476	153
100511	153
100546	153
100582	153
100628	153
100664	153
100687	153
100722	153
100757	153
100792	153
100828	153
100863	153
100898	153
100921	153
100957	153
100992	153
101027	153
101050	153
101085	153
101121	153
101144	153
101167	153
101203	154
101238	154
101261	154
101296	154
101332	154
101367	154
101402	154
101437	154
101472	154
101507	154
101542	154
101578	154
101601	154
101636	154
101671	154
101707	154
101742	154
101765	154
101800	154
101835	154
101871	154
101894	154
101929	154
101964	154
101988	154
102023	154
102058	154
102093	154
102128	154
102164	154
102199	154
102234	154
102257	154
102292	154
102328	154
102351	154
102386	154
102421	154
102457	154
102480	154
102515	154
102550	154
102585	154
102609	154
102644	154
102667	154
102691	154
102726	154
102761	154
102796	154
102820	155
102855	155
102890	155
102925	155
102960	155
102996	155
103031	155
103066	155
103101	155
103136	155
103160	155
103207	155
103242	155
103277	155
103300	155
103335	155
103371	155
103394	155
103429	155
103464	155
103488	155
103523	155
103558	155
103593	155
103628	155
103664	155
103687	155
103722	155
103757	155
103792	155
103828	155
103851	155
103886	155
103921	155
103957	155
103992	155
104015	155
104050	155
104085	155
104121	155
104144	155
104179	155
104203	155
104238	155
104273	155
104296	155
104332	155
104367	155
104390	155
104425	155
104460	156
104496	156
104519	156
104554	156
104589	156
104625	156
104648	156
104683	156
104718	156
104753	156
104789	156
104824	156
104859	156
104882	156
104917	156
104941	156
104976	156
105011	156
105035	156
105070	156
105105	156
105128	156
105164	156
105199	156
105234	156
105257	156
105292	156
105328	156
105351	156
105386	156
105421	156
105457	156
105492	156
105527	156
105562	156
105597	156
105621	156
105656	156
105679	156
105714	156
105750	156
105785	156
105808	156
105843	156
105878	156
105902	156
105937	156
105972	156
105996	156
106031	156
106066	157
106101	157
106125	157
106160	157
106195	157
106230	157
106265	157
106300	157
106335	157
106371	157
106394	157
106429	157
106453	157
106488	157
106523	157
106558	157
106582	157
106617	157
106652	157
106675	157
106710	157
106746	157
106781	157
106804	157
106839	157
106875	157
106910	157
106945	157
106980	157
107015	157
107050	157
107074	157
107109	157
107144	157
107167	157
107203	157
107226	157
107261	157
107296	157
107320	157
107355	157
107390	157
107425	157
107449	157
107484	157
107507	157
107542	157
107578	157
107601	157
107636	157
107671	158
107707	158
107742	158
107777	158
107812	158
107835	158
107871	158
107906	158
107941	158
107964	158
108000	158
108035	158
108070	158
108093	158
108128	158
108164	158
108199	158
108222	158
108257	158
108292	158
108316	158
108351	158
108386	158
108410	158
108445	158
108480	158
108515	158
108550	158
108585	158
108609	158
108644	158
108679	158
108714	158
108738	158
108773	158
108808	158
108843	158
108878	158
108902	158
108937	158
108972	158
108996	158
109031	158
109066	158
109089	158
109125	158
109160	158
109195	158
109230	158
109265	158
109300	159
109324	159
109359	159
109394	159
109429	159
109464	159
109500	159
109523	159
109558	159
109593	159
109628	159
109664	159
109699	159
109722	159
109757	159
109781	159
109804	159
109839	159
109875	159
109898	159
109933	159
109968	159
109992	159
110027	159
110062	159
110097	159
110121	159
110156	159
110191	159
110226	159
110261	159
110285	159
110332	159
110367	159
110402	159
110437	159
110460	159
110496	159
110531	159
110554	159
110589	159
110625	159
110660	159
110683	159
110718	159
110753	159
110777	159
110812	159
110847	159
110871	159
110906	160
110941	160
110964	160
111000	160
111035	160
111070	160
111105	160
111140	160
111175	160
111199	160
111234	160
111269	160
111304	160
111328	160
111363	160
111398	160
111421	160
111457	160
111492	160
111527	160
111550	160
111585	160
111621	160
111644	160
111679	160
111714	160
111750	160
111773	160
111820	160
111855	160
111890	160
111925	160
111960	160
111984	160
112019	160
112054	160
112078	160
112113	160
112148	160
112171	160
112207	160
112230	160
112265	160
112289	160
112324	160
112359	160
112382	160
112417	160
112453	160
112476	160
112511	161
112546	161
112582	161
112617	161
112652	161
112687	161
112722	161
112757	161
112792	161
112828	161
112851	161
112886	161
112910	161
112945	161
112980	161
113003	161
113039	161
113074	161
113109	161
113132	161
113156	161
113179	161
113214	161
113250	161
113273	161
113308	161
113343	161
113378	161
113414	161
113437	161
113472	161
113507	161
113542	161
113566	161
113601	161
113636	161
113660	161
113695	161
113730	161
113765	161
113789	161
113824	161
113859	161
113882	161
113917	161
113941	161
113976	161
114011	161
114035	161
114070	161
114105	162
114140	162
114175	162
114199	162
114234	162
114269	162
114292	162
114328	162
114363	162
114386	162
114421	162
114457	162
114480	162
114515	162
114550	162
114574	162
114609	162
114632	162
114656	162
114691	162
114714	162
114750	162
114785	162
114808	162
114843	162
114878	162
114914	162
114949	162
114972	162
115007	162
115042	162
115078	162
115113	162
115136	162
115171	162
115207	162
115242	162
115277	162
115312	162
115347	162
115371	162
115406	162
115429	162
115464	162
115488	162
115523	162
115558	162
115582	162
115617	162
115652	162
115687	163
115710	163
115746	163
115781	163
115804	163
115839	163
115863	163
115898	163
115933	163
115968	163
115992	163
116027	163
116062	163
116097	163
116121	163
116144	163
116179	163
116203	163
116238	163
116261	163
116296	163
116332	163
116355	163
116390	163
116425	163
116449	163
116484	163
116519	163
116542	163
116578	163
116601	163
116636	163
116671	163
116707	163
116742	163
116777	163
116800	163
116835	163
116871	163
116894	163
116917	163
116953	163
116988	163
117011	163
117046	163
117070	163
117105	163
117140	163
117164	163
117199	163
117234	164
117257	164
117292	164
117328	164
117351	164
117386	164
117410	164
117445	164
117480	164
117515	164
117550	164
117585	164
117609	164
117644	164
117667	164
117703	164
117726	164
117761	164
117796	164
117820	164
117855	164
117878	164
117914	164
117949	164
117972	164
118007	164
118042	164
118066	164
118101	164
118125	164
118160	164
118195	164
118230	164
118265	164
118300	164
118335	164
118359	164
118394	164
118417	164
118453	164
118476	164
118511	164
118546	164
118570	164
118605	164
118640	164
118664	164
118699	164
118734	164
118757	164
118792	165
118828	165
118851	165
118886	165
118910	165
118957	165
118992	165
119027	165
119050	165
119085	165
119121	165
119144	165
119167	165
119203	165
119238	165
119261	165
119296	165
119320	165
119355	165
119390	165
119414	165
119449	165
119484	165
119507	165
119542	165
119566	165
119601	165
119625	165
119660	165
119695	165
119730	165
119765	165
119800	165
119824	165
119859	165
119894	165
119917	165
119953	165
119988	165
120011	165
120046	165
120082	165
120105	165
120140	165
120175	165
120210	165
120234	165
120269	165
120292	165
120328	165
120351	166
120386	166
120421	166
120445	166
120480	166
120515	166
120550	166
120574	166
120609	166
120644	166
120667	166
120703	166
120738	166
120761	166
120796	166
120832	166
120867	166
120890	166
120925	166
120960	166
120984	166
121019	166
121042	166
121078	166
121113	166
121136	166
121171	166
121207	166
121242	166
121277	166
121300	166
121335	166
121371	166
121406	166
121441	166
121476	166
121500	166
121535	166
121570	166
121605	166
121640	166
121664	166
121699	166
121734	166
121757	166
121781	166
121804	166
121839	166
121875	166
121898	166
121933	167
121957	167
121992	167
122027	167
122050	167
122085	167
122121	167
122156	167
122191	167
122214	167
122250	167
122285	167
122320	167
122355	167
122390	167
122425	167
122449	167
122484	167
122519	167
122542	167
122578	167
122601	167
122636	167
122671	167
122695	167
122730	167
122753	167
122789	167
122824	167
122847	167
122882	167
122917	167
122941	167
122976	167
123000	167
123035	167
123070	167
123105	167
123140	167
123175	167
123210	167
123234	167
123269	167
123304	167
123328	167
123363	167
123398	167
123421	167
123457	167
123492	167
123515	168
123550	168
123585	168
123609	168
123644	168
123679	168
123714	168
123738	168
123773	168
123808	168
123843	168
123878	168
123914	168
123949	168
123984	168
124007	168
124042	168
124066	168
124101	168
124136	168
124160	168
124195	168
124218	168
124253	168
124277	168
124312	168
124347	168
124371	168
124406	168
124429	168
124464	168
124488	168
124523	168
124558	168
124605	168
124640	168
124675	168
124699	168
124734	168
124769	168
124804	168
124839	168
124863	168
124898	168
124933	168
124957	168
124992	168
125015	168
125050	168
125085	168
125109	169
125144	169
125167	169
125191	169
125226	169
125250	169
125285	169
125320	169
125355	169
125390	169
125414	169
125449	169
125484	169
125507	169
125542	169
125578	169
125601	169
125636	169
125671	169
125707	169
125730	169
125765	169
125800	169
125835	169
125859	169
125894	169
125917	169
125953	169
125976	169
126011	169
126046	169
126082	169
126117	169
126140	169
126175	169
126210	169
126234	169
126269	169
126304	169
126328	169
126363	169
126398	169
126421	169
126457	169
126492	169
126515	169
126550	169
126585	169
126609	169
126644	169
126667	170
126691	170
126726	170
126750	170
126785	170
126820	170
126855	170
126878	170
126914	170
126949	170
126984	170
127019	170
127054	170
127078	170
127113	170
127148	170
127183	170
127218	170
127253	170
127277	170
127312	170
127347	170
127371	170
127406	170
127429	170
127464	170
127488	170
127523	170
127558	170
127593	170
127617	170
127652	170
127687	170
127710	170
127746	170
127781	170
127804	170
127839	170
127875	170
127898	170
127933	170
127968	170
128003	170
128027	170
128062	170
128097	170
128121	170
128156	170
128179	170
128214	170
128238	171
128273	171
128296	171
128332	171
128367	171
128390	171
128425	171
128460	171
128496	171
128519	171
128554	171
128578	171
128613	171
128648	171
128683	171
128718	171
128753	171
128777	171
128812	171
128847	171
128871	171
128906	171
128929	171
128964	171
129000	171
129023	171
129058	171
129082	171
129117	171
129152	171
129175	171
129210	171
129246	171
129269	171
129304	171
129339	171
129363	171
129398	171
129433	171
129468	171
129503	171
129539	171
129562	171
129597	171
129632	171
129656	171
129691	171
129714	171
129750	171
129785	171
129808	172
129843	172
129867	172
129902	172
129937	172
129960	172
129996	172
130019	172
130054	172
130089	172
130113	172
130148	172
130183	172
130218	172
130253	172
130289	172
130324	172
130347	172
130382	172
130417	172
130441	172
130476	172
130500	172
130535	172
130570	172
130593	172
130628	172
130664	172
130687	172
130722	172
130757	172
130781	172
130816	172
130851	172
130875	172
130910	172
130945	172
130980	172
131015	172
131050	172
131085	172
131109	172
131144	172
131179	172
131203	172
131238	172
131261	172
131296	172
131332	172
131355	172
131390	173
131425	173
131449	173
131484	173
131507	173
131542	173
131578	173
131601	173
131636	173
131671	173
131707	173
131742	173
131777	173
131800	173
131835	173
131871	173
131894	173
131929	173
131964	173
131988	173
132023	173
132058	173
132093	173
132117	173
132152	173
132187	173
132210	173
132246	173
132281	173
132304	173
132339	173
132363	173
132398	173
132433	173
132468	173
132503	173
132527	173
132562	173
132597	173
132621	173
132656	173
132691	173
132726	173
132750	173
132785	173
132820	173
132855	173
132878	173
132914	173
132949	173
132984	174
133007	174
133042	174
133066	174
133101	174
133136	174
133160	174
133195	174
133230	174
133265	174
133300	174
133335	174
133371	174
133406	174
133441	174
133464	174
133500	174
133535	174
133570	174
133605	174
133640	174
133664	174
133699	174
133734	174
133757	174
133781	174
133816	174
133839	174
133875	174
133910	174
133933	174
133968	174
134003	174
134027	174
134062	174
134097	174
134121	174
134156	174
134191	174
134226	174
134250	174
134285	174
134320	174
134367	174
134402	174
134425	174
134460	174
134496	174
134519	174
134554	174
134589	175
134613	175
134648	175
134683	175
134707	175
134742	175
134777	175
134800	175
134835	175
134871	175
134894	175
134929	175
134964	175
134988	175
135023	175
135058	175
135093	175
135128	175
135164	175
135199	175
135234	175
135269	175
135292	175
135328	175
135363	175
135386	175
135421	175
135457	175
135480	175
135515	175
135550	175
135585	175
135609	175
135644	175
135679	175
135714	175
135738	175
135773	175
135808	175
135855	175
135890	175
135925	175
135949	175
135984	175
136019	175
136042	175
136078	175
136113	175
136136	175
136171	175
136195	176
136230	176
136253	176
136289	176
136324	176
136359	176
136382	176
136417	176
136441	176
136476	176
136500	176
136535	176
136582	176
136617	176
136652	176
136687	176
136710	176
136746	176
136781	176
136816	176
136851	176
136886	176
136910	176
136945	176
136980	176
137003	176
137039	176
137074	176
137097	176
137132	176
137156	176
137179	176
137214	176
137250	176
137273	176
137308	176
137343	176
137378	176
137414	176
137449	176
137472	176
137507	176
137542	176
137578	176
137601	176
137636	176
137671	176
137695	176
137730	176
137765	176
137800	177
137824	177
137859	177
137894	177
137917	177
137953	177
137976	177
138011	177
138046	177
138082	177
138117	177
138152	177
138175	177
138210	177
138246	177
138269	177
138304	177
138339	177
138363	177
138398	177
138433	177
138457	177
138492	177
138527	177
138550	177
138585	177
138621	177
138644	177
138667	177
138703	177
138726	177
138761	177
138785	177
138820	177
138855	177
138890	177
138925	177
138949	177
138984	177
139019	177
139066	177
139089	177
139125	177
139160	177
139183	177
139218	177
139253	177
139289	177
139324	177
139359	177
139382	178
139417	178
139441	178
139476	178
139500	178
139535	178
139570	178
139605	178
139628	178
139664	178
139699	178
139722	178
139757	178
139792	178
139816	178
139851	178
139886	178
139910	178
139945	178
139980	178
140015	178
140039	178
140074	178
140109	178
140132	178
140156	178
140191	178
140214	178
140250	178
140285	178
140308	178
140343	178
140378	178
140402	178
140437	178
140472	178
140496	178
140531	178
140566	178
140589	178
140625	178
140660	178
140683	178
140718	178
140753	178
140789	178
140824	178
140847	178
140882	178
140906	178
140941	179
140964	179
141000	179
141035	179
141058	179
141093	179
141128	179
141152	179
141187	179
141222	179
141246	179
141281	179
141304	179
141339	179
141375	179
141398	179
141433	179
141468	179
141503	179
141539	179
141574	179
141597	179
141632	179
141656	179
141691	179
141714	179
141750	179
141785	179
141808	179
141843	179
141867	179
141902	179
141937	179
141960	179
141996	179
142031	179
142054	179
142089	179
142113	179
142148	179
142183	179
142218	179
142253	179
142289	179
142324	179
142347	179
142382	179
142406	179
142441	179
142464	179
142500	180
142535	180
142558	180
142593	180
142628	180
142652	180
142687	180
142722	180
142746	180
142781	180
142816	180
142839	180
142875	180
142898	180
142933	180
142968	180
143003	180
143039	180
143074	180
143097	180
143132	180
143156	180
143191	180
143214	180
143250	180
143285	180
143308	180
143343	180
143367	180
143402	180
143437	180
143460	180
143496	180
143519	180
143554	180
143578	180
143613	180
143648	180
143671	180
143707	180
143742	180
143777	180
143812	180
143835	180
143871	180
143906	180
143929	180
143964	180
144000	180
144023	180
144058	181
144093	181
144128	181
144152	181
144187	181
144222	181
144246	181
144281	181
144304	181
144339	181
144375	181
144398	181
144433	181
144468	181
144503	181
144539	181
144562	181
144597	181
144632	181
144656	181
144691	181
144726	181
144750	181
144785	181
144820	181
144855	181
144878	181
144914	181
144949	181
144972	181
145007	181
145042	181
145066	181
145101	181
145125	181
145160	181
145195	181
145230	181
145265	181
145300	181
145324	181
145359	181
145394	181
145429	181
145464	181
145488	181
145523	181
145558	181
145593	181
145628	181
145664	182
145687	182
145722	182
145746	182
145781	182
145804	182
145828	182
145863	182
145898	182
145921	182
145957	182
145980	182
146015	182
146050	182
146085	182
146109	182
146144	182
146179	182
146214	182
146238	182
146273	182
146308	182
146343	182
146378	182
146414	182
146449	182
146472	182
146507	182
146542	182
146566	182
146601	182
146636	182
146660	182
146695	182
146730	182
146753	182
146789	182
146824	182
146847	182
146882	182
146917	182
146941	182
146976	182
147011	182
147046	182
147082	182
147117	182
147152	182
147187	182
147210	182
147246	183
147281	183
147316	183
147339	183
147375	183
147410	183
147433	183
147468	183
147503	183
147527	183
147562	183
147597	183
147621	183
147656	183
147691	183
147726	183
147750	183
147785	183
147820	183
147867	183
147902	183
147925	183
147960	183
147996	183
148031	183
148054	183
148089	183
148113	183
148148	183
148183	183
148207	183
148242	183
148265	183
148300	183
148335	183
148359	183
148394	183
148417	183
148453	183
148476	183
148511	183
148546	183
148582	183
148628	183
148664	183
148687	183
148722	183
148757	183
148792	183
148828	183
148851	184
148886	184
148921	184
148945	184
148980	184
149015	184
149039	184
149074	184
149109	184
149132	184
149156	184
149191	184
149214	184
149250	184
149285	184
149320	184
149355	184
149390	184
149414	184
149449	184
149484	184
149519	184
149554	184
149578	184
149613	184
149648	184
149671	184
149707	184
149742	184
149777	184
149800	184
149835	184
149871	184
149894	184
149929	184
149964	184
149988	184
150023	184
150058	184
150093	184
150128	184
150152	184
150187	184
150222	184
150257	184
150281	184
150316	184
150339	184
150375	184
150410	184
150433	185
150468	185
150503	185
150527	185
150562	185
150597	185
150621	185
150644	185
150679	185
150703	185
150738	185
150773	185
150796	185
150832	185
150867	185
150902	185
150937	185
150960	185
150996	185
151031	185
151066	185
151101	185
151136	185
151160	185
151207	185
151242	185
151277	185
151300	185
151335	185
151371	185
151394	185
151429	185
151453	185
151488	185
151523	185
151546	185
151582	185
151617	185
151652	185
151687	185
151710	185
151746	185
151781	185
151816	185
151839	185
151875	185
151910	185
151933	185
151968	185
152003	185
152039	186
152074	186
152097	186
152132	186
152156	186
152191	186
152214	186
152250	186
152285	186
152308	186
152343	186
152378	186
152402	186
152437	186
152472	186
152496	186
152531	186
152566	186
152589	186
152625	186
152660	186
152695	186
152730	186
152765	186
152789	186
152824	186
152859	186
152882	186
152917	186
152941	186
152976	186
153011	186
153035	186
153070	186
153105	186
153128	186
153164	186
153199	186
153222	186
153257	186
153292	186
153316	186
153351	186
153386	186
153410	186
153457	186
153492	186
153527	186
153550	186
153585	186
153621	187
153644	187
153679	187
153703	187
153738	187
153773	187
153796	187
153832	187
153867	187
153890	187
153925	187
153960	187
153984	187
154019	187
154054	187
154089	187
154113	187
154148	187
154183	187
154218	187
154253	187
154289	187
154324	187
154347	187
154382	187
154417	187
154441	187
154476	187
154511	187
154535	187
154570	187
154605	187
154628	187
154664	187
154699	187
154722	187
154757	187
154792	187
154828	187
154851	187
154886	187
154921	187
154957	187
154992	187
155027	187
155062	187
155085	187
155121	187
155156	187
155179	187
155214	188
155238	188
155273	188
155308	188
155332	188
155367	188
155402	188
155437	188
timepoint: 177.17999999999998