0	0
0	0
0	0
0	0
0	0
0	0
0	0
0	0
0	0
0	0
0	0
0	0
0	0
0	0
0	0
0	0
0	0
0	0
0	0
0	0
0	0
0	0
0	0
0	0
0	0
0	0
0	0
0	0
0	0
0	0
0	0
0	0
0	0
0	0
0	0
0	0
0	0
0	0
0	0
0	0
0	0
0	0
0	0
0	0
0	0
0	0
0	0
0	0
0	0
0	0
0	1
0	1
0	1
0	1
0	1
0	1
0	1
0	1
0	1
0	1
0	1
0	1
0	1
0	1
0	1
0	1
0	1
0	1
0	1
0	1
0	1
0	1
0	1
0	1
0	1
0	1
0	1
0	1
0	1
0	1
0	1
0	1
0	1
0	1
0	1
0	1
0	1
0	1
0	1
0	1
0	1
0	1
0	1
0	1
0	1
0	1
0	1
0	1
0	1
0	1
0	2
0	2
0	2
0	2
0	2
0	2
0	2
0	2
0	2
0	2
0	2
0	2
0	2
0	2
0	2
0	2
0	2
0	2
0	2
0	2
0	2
0	2
0	2
0	2
0	2
0	2
0	2
0	2
0	2
0	2
0	2
0	2
0	2
0	2
0	2
0	2
0	2
0	2
0	2
0	2
0	2
0	2
0	2
0	2
0	2
0	2
0	2
0	2
0	2
0	2
0	3
0	3
0	3
0	3
0	3
0	3
0	3
0	3
0	3
0	3
0	3
0	3
0	3
0	3
0	3
0	3
0	3
0	3
0	3
0	3
0	3
0	3
0	3
0	3
0	3
0	3
0	3
0	3
0	3
0	3
0	3
0	3
0	3
0	3
0	3
0	3
0	3
0	3
0	3
0	3
0	3
0	3
0	3
0	3
0	3
0	3
0	3
0	3
0	3
0	3
0	4
0	4
0	4
0	4
0	4
0	4
0	4
0	4
0	4
0	4
0	4
0	4
0	4
0	4
0	4
0	4
0	4
0	4
0	4
0	4
0	4
0	4
0	4
0	4
0	4
0	4
0	4
0	4
0	4
0	4
0	4
0	4
0	4
0	4
0	4
0	4
0	4
0	4
0	4
0	4
0	4
0	4
0	4
0	4
0	4
0	4
0	4
0	4
11	4
11	4
11	5
11	5
11	5
11	5
11	5
11	5
11	5
11	5
23	5
23	5
23	5
23	5
23	5
23	5
23	5
23	5
23	5
23	5
23	5
23	5
35	5
35	5
35	5
35	5
35	5
35	5
35	5
35	5
35	5
35	5
35	5
35	5
35	5
35	5
35	5
35	5
35	5
35	5
23	5
23	5
23	5
23	5
23	5
23	5
23	5
23	5
23	5
23	5
23	5
23	5
23	6
23	6
23	6
23	6
23	6
23	6
23	6
23	6
23	6
23	6
23	6
23	6
23	6
23	6
23	6
23	6
23	6
23	6
23	6
23	6
23	6
23	6
23	6
23	6
23	6
23	6
23	6
23	6
23	6
23	6
35	6
35	6
35	6
35	6
35	6
35	6
35	6
35	6
35	6
35	6
35	6
35	6
35	6
35	6
35	6
35	6
35	6
35	6
35	6
35	6
35	7
35	7
35	7
35	7
35	7
35	7
35	7
35	7
35	7
35	7
35	7
35	7
35	7
35	7
35	7
35	7
35	7
35	7
35	7
35	7
35	7
35	7
35	7
23	7
23	7
23	7
23	7
23	7
23	7
23	7
23	7
23	7
23	7
23	7
23	7
23	7
23	7
23	7
23	7
23	7
23	7
23	7
35	7
35	7
35	7
35	7
35	7
35	7
35	7
35	7
35	8
35	8
35	8
35	8
35	8
35	8
35	8
35	8
35	8
35	8
35	8
35	8
35	8
35	8
35	8
35	8
35	8
35	8
35	8
35	8
35	8
35	8
35	8
35	8
35	8
35	8
35	8
35	8
35	8
35	8
35	8
35	8
35	8
35	8
35	8
35	8
35	8
35	8
35	8
35	8
35	8
35	8
35	8
35	8
35	8
35	8
35	8
35	8
35	8
35	8
35	9
35	9
35	9
35	9
35	9
35	9
35	9
35	9
35	9
35	9
35	9
35	9
35	9
35	9
35	9
35	9
35	9
35	9
35	9
35	9
35	9
35	9
35	9
35	9
35	9
35	9
35	9
35	9
35	9
35	9
35	9
35	9
35	9
35	9
35	9
35	9
35	9
35	9
35	9
35	9
35	9
35	9
35	9
35	9
35	9
35	9
35	9
35	9
35	9
35	9
35	10
35	10
35	10
35	10
35	10
35	10
35	10
35	10
35	10
35	10
35	10
35	10
35	10
35	10
35	10
35	10
35	10
35	10
35	10
35	10
35	10
35	10
35	10
35	10
35	10
35	10
35	10
35	10
35	10
35	10
35	10
35	10
35	10
35	10
35	10
35	10
35	10
35	10
35	10
35	10
35	10
35	10
35	10
35	10
35	10
35	10
35	10
35	10
35	10
35	10
35	11
35	11
35	11
35	11
35	11
35	11
35	11
35	11
35	11
35	11
35	11
35	11
35	11
35	11
35	11
35	11
35	11
35	11
35	11
35	11
35	11
35	11
35	11
35	11
35	11
35	11
35	11
35	11
35	11
35	11
35	11
35	11
35	11
35	11
35	11
35	11
35	11
35	11
35	11
35	11
35	11
35	11
35	11
35	11
35	11
35	11
35	11
35	11
35	11
35	11
35	12
35	12
35	12
35	12
35	12
35	12
35	12
35	12
35	12
35	12
35	12
35	12
35	12
35	12
35	12
35	12
35	12
35	12
35	12
35	12
35	12
35	12
35	12
35	12
35	12
35	12
35	12
35	12
35	12
35	12
35	12
35	12
35	12
35	12
35	12
35	12
35	12
35	12
35	12
35	12
35	12
35	12
35	12
35	12
35	12
35	12
35	12
35	12
35	12
35	12
35	13
35	13
35	13
35	13
35	13
35	13
35	13
35	13
35	13
35	13
35	13
35	13
35	13
35	13
35	13
35	13
35	13
35	13
35	13
35	13
35	13
35	13
35	13
35	13
35	13
35	13
35	13
35	13
35	13
35	13
35	13
35	13
35	13
35	13
35	13
35	13
35	13
35	13
35	13
35	13
35	13
35	13
35	13
35	13
35	13
35	13
35	13
35	13
35	13
35	13
35	14
35	14
35	14
35	14
35	14
35	14
35	14
35	14
35	14
35	14
35	14
35	14
35	14
35	14
35	14
35	14
35	14
35	14
35	14
35	14
35	14
35	14
35	14
35	14
35	14
35	14
35	14
35	14
35	14
35	14
35	14
35	14
35	14
35	14
35	14
35	14
35	14
35	14
35	14
35	14
35	14
35	14
35	14
35	14
35	14
35	14
35	14
35	14
35	14
35	14
35	15
35	15
35	15
35	15
35	15
35	15
35	15
35	15
35	15
35	15
35	15
35	15
35	15
35	15
35	15
35	15
35	15
35	15
35	15
35	15
35	15
35	15
35	15
35	15
35	15
35	15
35	15
35	15
35	15
35	15
35	15
35	15
35	15
35	15
35	15
35	15
35	15
35	15
35	15
35	15
35	15
35	15
35	15
35	15
35	15
35	15
35	15
35	15
35	15
35	15
35	16
35	16
35	16
35	16
35	16
35	16
35	16
35	16
35	16
35	16
35	16
35	16
35	16
35	16
35	16
35	16
35	16
35	16
35	16
35	16
35	16
35	16
35	16
35	16
35	16
35	16
35	16
35	16
35	16
35	16
35	16
35	16
35	16
35	16
35	16
35	16
35	16
35	16
35	16
35	16
35	16
35	16
35	16
35	16
35	16
35	16
35	16
35	16
35	16
35	16
35	17
35	17
35	17
35	17
35	17
35	17
35	17
35	17
35	17
35	17
35	17
35	17
35	17
35	17
35	17
35	17
35	17
35	17
35	17
35	17
35	17
35	17
35	17
35	17
35	17
35	17
35	17
35	17
35	17
35	17
35	17
35	17
35	17
35	17
35	17
35	17
35	17
35	17
35	17
35	17
35	17
35	17
35	17
35	17
35	17
35	17
35	17
35	17
35	17
35	17
35	18
35	18
35	18
35	18
35	18
35	18
35	18
35	18
35	18
35	18
35	18
35	18
35	18
35	18
35	18
35	18
35	18
35	18
35	18
35	18
35	18
35	18
35	18
35	18
35	18
35	18
35	18
35	18
35	18
35	18
35	18
35	18
35	18
35	18
35	18
35	18
35	18
35	18
35	18
35	18
35	18
35	18
35	18
35	18
35	18
35	18
35	18
35	18
35	18
35	18
35	19
35	19
35	19
35	19
35	19
35	19
35	19
35	19
35	19
35	19
35	19
35	19
35	19
35	19
35	19
35	19
35	19
35	19
35	19
35	19
35	19
35	19
35	19
35	19
35	19
35	19
35	19
35	19
35	19
35	19
35	19
35	19
35	19
35	19
35	19
35	19
35	19
35	19
35	19
35	19
35	19
35	19
35	19
35	19
35	19
35	19
35	19
35	19
35	19
35	19
35	20
35	20
35	20
35	20
35	20
35	20
35	20
35	20
35	20
35	20
35	20
35	20
35	20
35	20
35	20
35	20
35	20
35	20
35	20
35	20
35	20
35	20
35	20
35	20
35	20
35	20
35	20
35	20
35	20
35	20
35	20
35	20
35	20
35	20
35	20
35	20
35	20
35	20
35	20
35	20
35	20
35	20
35	20
35	20
35	20
35	20
35	20
35	20
35	20
35	20
35	21
35	21
35	21
35	21
35	21
35	21
35	21
35	21
35	21
35	21
35	21
35	21
35	21
35	21
35	21
35	21
35	21
35	21
35	21
35	21
35	21
35	21
35	21
35	21
35	21
35	21
35	21
35	21
35	21
35	21
35	21
35	21
35	21
35	21
35	21
35	21
35	21
35	21
35	21
35	21
35	21
35	21
35	21
35	21
35	21
35	21
35	21
35	21
35	21
35	21
35	22
35	22
35	22
35	22
35	22
35	22
35	22
35	22
35	22
35	22
35	22
35	22
35	22
35	22
35	22
35	22
35	22
35	22
35	22
35	22
35	22
35	22
35	22
35	22
35	22
35	22
35	22
35	22
35	22
35	22
35	22
35	22
35	22
35	22
35	22
35	22
35	22
35	22
35	22
35	22
35	22
35	22
35	22
35	22
35	22
35	22
35	22
35	22
35	22
35	22
35	23
35	23
35	23
35	23
35	23
35	23
35	23
35	23
35	23
35	23
35	23
35	23
35	23
35	23
35	23
35	23
35	23
35	23
35	23
35	23
35	23
35	23
35	23
35	23
35	23
35	23
35	23
35	23
35	23
35	23
35	23
35	23
35	23
35	23
35	23
35	23
35	23
35	23
35	23
35	23
35	23
35	23
35	23
35	23
35	23
35	23
35	23
35	23
35	23
35	23
35	24
35	24
35	24
35	24
35	24
35	24
35	24
35	24
35	24
35	24
35	24
35	24
35	24
35	24
35	24
35	24
35	24
35	24
35	24
35	24
35	24
35	24
35	24
35	24
35	24
35	24
35	24
35	24
35	24
35	24
35	24
35	24
35	24
35	24
35	24
35	24
35	24
35	24
35	24
35	24
35	24
35	24
35	24
35	24
35	24
35	24
35	24
35	24
35	24
35	24
35	25
35	25
35	25
35	25
35	25
35	25
35	25
35	25
35	25
35	25
35	25
35	25
35	25
35	25
35	25
35	25
35	25
35	25
35	25
35	25
35	25
35	25
35	25
35	25
35	25
35	25
35	25
35	25
35	25
35	25
35	25
35	25
35	25
35	25
35	25
35	25
35	25
35	25
35	25
35	25
35	25
35	25
35	25
35	25
35	25
35	25
35	25
35	25
35	25
35	25
35	26
35	26
35	26
35	26
35	26
35	26
35	26
35	26
35	26
35	26
35	26
35	26
35	26
35	26
35	26
35	26
35	26
35	26
35	26
35	26
35	26
35	26
35	26
35	26
35	26
35	26
35	26
35	26
35	26
35	26
35	26
35	26
35	26
35	26
35	26
35	26
35	26
35	26
35	26
35	26
35	26
35	26
35	26
35	26
35	26
35	26
35	26
35	26
35	26
35	26
35	27
35	27
35	27
35	27
35	27
35	27
35	27
35	27
35	27
35	27
35	27
35	27
35	27
35	27
35	27
35	27
35	27
35	27
35	27
35	27
35	27
35	27
35	27
35	27
35	27
35	27
35	27
35	27
35	27
35	27
35	27
35	27
35	27
35	27
35	27
35	27
35	27
35	27
35	27
35	27
35	27
35	27
35	27
35	27
35	27
35	27
35	27
35	27
35	27
35	27
35	28
35	28
35	28
35	28
35	28
35	28
35	28
35	28
35	28
35	28
35	28
35	28
35	28
35	28
35	28
35	28
35	28
35	28
35	28
35	28
35	28
35	28
35	28
35	28
35	28
35	28
35	28
35	28
35	28
35	28
35	28
35	28
35	28
35	28
35	28
35	28
35	28
35	28
35	28
35	28
35	28
35	28
35	28
35	28
35	28
35	28
35	28
35	28
35	28
35	28
35	29
35	29
35	29
35	29
35	29
35	29
35	29
35	29
35	29
35	29
35	29
35	29
35	29
35	29
35	29
35	29
35	29
35	29
35	29
35	29
35	29
35	29
35	29
35	29
35	29
35	29
35	29
35	29
35	29
35	29
35	29
35	29
35	29
35	29
35	29
35	29
35	29
35	29
35	29
35	29
35	29
35	29
35	29
35	29
35	29
35	29
35	29
35	29
35	29
35	29
35	30
35	30
35	30
35	30
35	30
35	30
35	30
35	30
35	30
35	30
35	30
35	30
35	30
35	30
35	30
35	30
35	30
35	30
35	30
35	30
35	30
35	30
35	30
35	30
35	30
35	30
35	30
35	30
35	30
35	30
35	30
35	30
35	30
35	30
35	30
35	30
35	30
35	30
35	30
35	30
35	30
35	30
35	30
35	30
35	30
35	30
35	30
35	30
35	30
35	30
35	31
35	31
35	31
35	31
35	31
35	31
35	31
35	31
35	31
35	31
35	31
35	31
35	31
35	31
35	31
35	31
35	31
35	31
35	31
35	31
35	31
35	31
35	31
35	31
35	31
35	31
35	31
35	31
35	31
35	31
35	31
35	31
35	31
35	31
35	31
35	31
35	31
35	31
35	31
35	31
35	31
35	31
35	31
35	31
35	31
35	31
35	31
35	31
35	31
35	31
35	32
35	32
35	32
35	32
35	32
35	32
35	32
35	32
35	32
35	32
35	32
35	32
35	32
35	32
35	32
35	32
35	32
35	32
35	32
35	32
35	32
35	32
35	32
35	32
35	32
35	32
46	32
46	32
46	32
46	32
46	32
46	32
46	32
46	32
46	32
46	32
46	32
46	32
46	32
46	32
46	32
46	32
46	32
46	32
46	32
46	32
46	32
46	32
58	32
58	32
58	33
58	33
58	33
58	33
58	33
58	33
58	33
58	33
58	33
58	33
58	33
58	33
58	33
58	33
58	33
58	33
58	33
58	33
58	33
58	33
70	33
70	33
70	33
70	33
70	33
70	33
70	33
70	33
70	33
70	33
70	33
70	33
70	33
70	33
70	33
82	33
82	33
82	33
82	33
82	33
82	33
82	33
82	33
82	33
82	33
82	33
82	33
82	33
82	33
82	33
93	34
93	34
93	34
93	34
93	34
93	34
93	34
93	34
93	34
93	34
93	34
93	34
93	34
93	34
105	34
105	34
105	34
105	34
105	34
105	34
105	34
105	34
105	34
105	34
117	34
117	34
117	34
117	34
117	34
117	34
117	34
117	34
117	34
117	34
128	34
128	34
128	34
128	34
128	34
128	34
128	34
128	34
128	34
128	34
128	34
140	34
140	34
140	34
140	34
140	34
140	35
140	35
140	35
140	35
140	35
140	35
152	35
152	35
152	35
152	35
152	35
152	35
152	35
152	35
164	35
164	35
164	35
164	35
164	35
164	35
164	35
164	35
164	35
164	35
175	35
175	35
175	35
175	35
175	35
175	35
175	35
175	35
175	35
187	35
187	35
187	35
187	35
187	35
187	35
187	35
187	35
187	35
199	35
199	35
199	35
199	35
199	35
199	35
199	35
199	35
199	36
210	36
210	36
210	36
210	36
210	36
210	36
210	36
210	36
222	36
222	36
222	36
222	36
222	36
222	36
222	36
234	36
234	36
234	36
234	36
234	36
234	36
234	36
234	36
246	36
246	36
246	36
246	36
246	36
246	36
246	36
246	36
257	36
257	36
257	36
257	36
257	36
257	36
257	36
269	36
269	36
269	36
269	36
269	36
269	36
269	36
281	36
281	36
281	36
281	36
281	37
281	37
281	37
292	37
292	37
292	37
292	37
292	37
292	37
304	37
304	37
304	37
304	37
304	37
304	37
304	37
316	37
316	37
316	37
316	37
316	37
316	37
328	37
328	37
328	37
328	37
328	37
328	37
339	37
339	37
339	37
339	37
339	37
339	37
351	37
351	37
351	37
351	37
351	37
351	37
363	37
363	37
363	37
363	37
363	37
375	37
375	37
375	37
375	37
375	37
375	38
386	38
386	38
386	38
386	38
386	38
398	38
398	38
398	38
398	38
398	38
410	38
410	38
410	38
410	38
410	38
421	38
421	38
421	38
421	38
421	38
421	38
433	38
433	38
433	38
433	38
433	38
445	38
445	38
445	38
445	38
445	38
445	38
457	38
457	38
457	38
457	38
457	38
468	38
468	38
468	38
468	38
468	38
480	38
480	38
480	38
480	38
480	38
480	38
492	38
492	39
492	39
492	39
492	39
503	39
503	39
503	39
503	39
503	39
515	39
515	39
515	39
515	39
515	39
515	39
527	39
527	39
527	39
527	39
527	39
539	39
539	39
539	39
539	39
539	39
550	39
550	39
550	39
550	39
550	39
562	39
562	39
562	39
562	39
562	39
574	39
574	39
574	39
574	39
574	39
585	39
585	39
585	39
585	39
585	39
597	39
597	39
597	39
597	39
597	39
609	40
609	40
609	40
609	40
609	40
621	40
621	40
621	40
621	40
621	40
632	40
632	40
632	40
632	40
632	40
644	40
644	40
644	40
644	40
644	40
656	40
656	40
656	40
656	40
667	40
667	40
667	40
667	40
667	40
679	40
679	40
679	40
679	40
679	40
691	40
691	40
691	40
691	40
703	40
703	40
703	40
703	40
703	40
714	40
714	40
714	40
714	40
714	40
726	40
726	40
726	41
726	41
738	41
738	41
738	41
738	41
738	41
750	41
750	41
750	41
750	41
761	41
761	41
761	41
761	41
773	41
773	41
773	41
773	41
773	41
785	41
785	41
785	41
785	41
796	41
796	41
796	41
796	41
808	41
808	41
808	41
808	41
820	41
820	41
820	41
820	41
832	41
832	41
832	41
832	41
832	41
843	41
843	41
843	41
843	41
855	41
855	41
855	41
855	41
867	41
867	42
867	42
867	42
867	42
878	42
878	42
878	42
878	42
890	42
890	42
890	42
890	42
890	42
902	42
902	42
902	42
902	42
902	42
914	42
914	42
914	42
914	42
925	42
925	42
925	42
925	42
925	42
937	42
937	42
937	42
937	42
949	42
949	42
949	42
949	42
949	42
960	42
960	42
960	42
960	42
972	42
972	42
972	42
972	42
972	42
984	42
984	42
984	42
984	42
996	42
996	43
996	43
996	43
1007	43
1007	43
1007	43
1007	43
1019	43
1019	43
1019	43
1019	43
1031	43
1031	43
1031	43
1031	43
1042	43
1042	43
1042	43
1042	43
1054	43
1054	43
1054	43
1054	43
1066	43
1066	43
1066	43
1066	43
1078	43
1078	43
1078	43
1078	43
1089	43
1089	43
1089	43
1089	43
1101	43
1101	43
1101	43
1101	43
1113	43
1113	43
1113	43
1113	43
1125	43
1125	43
1125	43
1125	43
1136	43
1136	43
1136	43
1148	44
1148	44
1148	44
1148	44
1160	44
1160	44
1160	44
1160	44
1171	44
1171	44
1171	44
1171	44
1183	44
1183	44
1183	44
1195	44
1195	44
1195	44
1195	44
1207	44
1207	44
1207	44
1207	44
1218	44
1218	44
1218	44
1218	44
1230	44
1230	44
1230	44
1230	44
1242	44
1242	44
1242	44
1242	44
1253	44
1253	44
1253	44
1265	44
1265	44
1265	44
1265	44
1277	44
1277	44
1277	44
1277	44
1289	44
1289	44
1289	44
1300	44
1300	45
1300	45
1312	45
1312	45
1312	45
1324	45
1324	45
1324	45
1335	45
1335	45
1335	45
1335	45
1347	45
1347	45
1347	45
1347	45
1359	45
1359	45
1359	45
1359	45
1371	45
1371	45
1371	45
1371	45
1382	45
1382	45
1382	45
1382	45
1394	45
1394	45
1394	45
1394	45
1406	45
1406	45
1406	45
1406	45
1417	45
1417	45
1417	45
1429	45
1429	45
1429	45
1429	45
1441	45
1441	45
1441	45
1453	45
1453	45
1453	45
1453	45
1464	46
1464	46
1464	46
1476	46
1476	46
1476	46
1488	46
1488	46
1488	46
1488	46
1500	46
1500	46
1500	46
1511	46
1511	46
1511	46
1523	46
1523	46
1523	46
1535	46
1535	46
1535	46
1535	46
1546	46
1546	46
1546	46
1558	46
1558	46
1558	46
1558	46
1570	46
1570	46
1570	46
1570	46
1582	46
1582	46
1582	46
1593	46
1593	46
1593	46
1593	46
1605	46
1605	46
1605	46
1605	46
1617	46
1617	46
1617	46
1628	46
1628	46
1628	47
1628	47
1640	47
1640	47
1640	47
1640	47
1652	47
1652	47
1652	47
1664	47
1664	47
1664	47
1664	47
1675	47
1675	47
1675	47
1675	47
1687	47
1687	47
1687	47
1687	47
1699	47
1699	47
1699	47
1699	47
1710	47
1710	47
1710	47
1722	47
1722	47
1722	47
1722	47
1734	47
1734	47
1734	47
1734	47
1746	47
1746	47
1746	47
1757	47
1757	47
1757	47
1769	47
1769	47
1769	47
1769	47
1781	47
1781	47
1781	47
1792	47
1792	48
1792	48
1804	48
1804	48
1804	48
1804	48
1816	48
1816	48
1816	48
1828	48
1828	48
1828	48
1828	48
1839	48
1839	48
1839	48
1851	48
1851	48
1851	48
1851	48
1863	48
1863	48
1863	48
1875	48
1875	48
1875	48
1886	48
1886	48
1886	48
1886	48
1898	48
1898	48
1898	48
1910	48
1910	48
1910	48
1921	48
1921	48
1921	48
1933	48
1933	48
1933	48
1945	48
1945	48
1945	48
1957	48
1957	48
1957	48
1968	48
1968	48
1968	49
1980	49
1980	49
1980	49
1992	49
1992	49
1992	49
2003	49
2003	49
2003	49
2015	49
2015	49
2015	49
2027	49
2027	49
2027	49
2039	49
2039	49
2039	49
2050	49
2050	49
2050	49
2062	49
2062	49
2074	49
2074	49
2074	49
2085	49
2085	49
2085	49
2097	49
2097	49
2097	49
2109	49
2109	49
2109	49
2121	49
2121	49
2121	49
2132	49
2132	49
2132	49
2144	49
2144	49
2144	49
2156	49
2156	49
2156	49
2167	49
2167	49
2167	50
2179	50
2179	50
2179	50
2191	50
2191	50
2203	50
2203	50
2203	50
2214	50
2214	50
2226	50
2226	50
2238	50
2238	50
2238	50
2250	50
2250	50
2261	50
2261	50
2273	50
2273	50
2285	50
2285	50
2296	50
2296	50
2296	50
2308	50
2308	50
2320	50
2320	50
2320	50
2332	50
2332	50
2343	50
2343	50
2343	50
2355	50
2355	50
2355	50
2367	50
2367	50
2367	50
2378	50
2378	50
2378	50
2390	50
2390	50
2390	50
2402	50
2402	51
2414	51
2414	51
2414	51
2425	51
2425	51
2425	51
2437	51
2437	51
2437	51
2449	51
2449	51
2460	51
2460	51
2460	51
2472	51
2472	51
2472	51
2484	51
2484	51
2484	51
2496	51
2496	51
2507	51
2507	51
2507	51
2519	51
2519	51
2519	51
2531	51
2531	51
2542	51
2542	51
2554	51
2554	51
2554	51
2566	51
2566	51
2578	51
2578	51
2578	51
2589	51
2589	51
2589	51
2601	51
2601	51
2613	51
2613	51
2613	51
2625	51
2625	52
2636	52
2636	52
2636	52
2648	52
2648	52
2660	52
2660	52
2660	52
2671	52
2671	52
2683	52
2683	52
2683	52
2695	52
2695	52
2707	52
2707	52
2707	52
2718	52
2718	52
2730	52
2730	52
2730	52
2742	52
2742	52
2753	52
2753	52
2753	52
2765	52
2765	52
2765	52
2777	52
2777	52
2789	52
2789	52
2789	52
2800	52
2800	52
2812	52
2812	52
2812	52
2824	52
2824	52
2835	52
2835	52
2835	52
2847	52
2847	52
2859	52
2859	53
2871	53
2871	53
2871	53
2882	53
2882	53
2894	53
2894	53
2894	53
2906	53
2906	53
2917	53
2917	53
2929	53
2929	53
2929	53
2941	53
2941	53
2953	53
2953	53
2964	53
2964	53
2976	53
2976	53
2988	53
2988	53
3000	53
3000	53
3011	53
3011	53
3023	53
3023	53
3035	53
3035	53
3046	53
3046	53
3058	53
3058	53
3070	53
3070	53
3082	53
3082	53
3082	53
3093	53
3093	53
3105	53
3105	53
3105	53
3117	53
3117	53
3128	54
3128	54
3140	54
3140	54
3140	54
3152	54
3152	54
3164	54
3164	54
3175	54
3175	54
3187	54
3187	54
3199	54
3199	54
3199	54
3210	54
3210	54
3222	54
3222	54
3234	54
3234	54
3246	54
3246	54
3246	54
3257	54
3257	54
3269	54
3269	54
3281	54
3281	54
3292	54
3292	54
3304	54
3304	54
3304	54
3316	54
3316	54
3328	54
3328	54
3339	54
3339	54
3351	54
3351	54
3363	54
3363	54
3375	54
3375	54
3375	54
3386	54
3386	55
3398	55
3398	55
3410	55
3410	55
3421	55
3421	55
3421	55
3433	55
3433	55
3445	55
3445	55
3457	55
3457	55
3468	55
3468	55
3480	55
3480	55
3492	55
3492	55
3492	55
3503	55
3503	55
3515	55
3515	55
3527	55
3527	55
3539	55
3539	55
3539	55
3550	55
3550	55
3562	55
3562	55
3574	55
3574	55
3585	55
3585	55
3597	55
3597	55
3609	55
3609	55
3621	55
3621	55
3632	55
3632	55
3644	55
3644	55
3656	55
3656	55
3656	56
3667	56
3667	56
3679	56
3679	56
3691	56
3703	56
3703	56
3714	56
3714	56
3726	56
3726	56
3738	56
3750	56
3750	56
3761	56
3773	56
3773	56
3785	56
3785	56
3796	56
3796	56
3808	56
3820	56
3820	56
3832	56
3832	56
3843	56
3843	56
3855	56
3855	56
3855	56
3867	56
3867	56
3878	56
3878	56
3890	56
3890	56
3902	56
3902	56
3914	56
3914	56
3925	56
3925	56
3937	56
3937	56
3949	56
3949	56
3960	56
3960	56
3972	57
3972	57
3984	57
3984	57
3984	57
3996	57
3996	57
4007	57
4007	57
4019	57
4019	57
4031	57
4031	57
4042	57
4054	57
4054	57
4066	57
4066	57
4078	57
4078	57
4089	57
4089	57
4101	57
4101	57
4101	57
4113	57
4113	57
4125	57
4125	57
4136	57
4136	57
4148	57
4148	57
4160	57
4160	57
4171	57
4171	57
4183	57
4183	57
4195	57
4195	57
4207	57
4207	57
4218	57
4218	57
4230	57
4242	57
4242	57
4253	57
4253	57
4265	58
4265	58
4277	58
4277	58
4289	58
4289	58
4289	58
4300	58
4300	58
4312	58
4312	58
4324	58
4324	58
4335	58
4335	58
4347	58
4347	58
4359	58
4359	58
4371	58
4371	58
4382	58
4382	58
4394	58
4394	58
4406	58
4406	58
4417	58
4417	58
4429	58
4441	58
4441	58
4453	58
4453	58
4464	58
4476	58
4476	58
4488	58
4500	58
4500	58
4511	58
4523	58
4523	58
4535	58
4546	58
4546	58
4558	58
4570	58
4570	58
4582	58
4593	59
4593	59
4605	59
4605	59
4617	59
4617	59
4628	59
4628	59
4640	59
4640	59
4652	59
4664	59
4664	59
4675	59
4687	59
4687	59
4699	59
4710	59
4710	59
4722	59
4722	59
4734	59
4734	59
4746	59
4757	59
4757	59
4769	59
4769	59
4781	59
4781	59
4792	59
4792	59
4804	59
4804	59
4816	59
4828	59
4828	59
4839	59
4839	59
4851	59
4851	59
4863	59
4863	59
4875	59
4886	59
4886	59
4898	59
4898	59
4910	59
4910	59
4921	60
4921	60
4933	60
4945	60
4945	60
4957	60
4957	60
4968	60
4968	60
4980	60
4992	60
4992	60
5003	60
5003	60
5015	60
5027	60
5027	60
5039	60
5039	60
5050	60
5050	60
5062	60
5062	60
5062	60
5074	60
5074	60
5085	60
5085	60
5097	60
5109	60
5109	60
5121	60
5121	60
5132	60
5132	60
5144	60
5156	60
5156	60
5167	60
5167	60
5179	60
5179	60
5191	60
5203	60
5203	60
5214	60
5226	60
5226	60
5238	60
5238	60
5250	61
5261	61
5261	61
5273	61
5285	61
5285	61
5296	61
5308	61
5308	61
5320	61
5320	61
5332	61
5343	61
5343	61
5355	61
5355	61
5367	61
5378	61
5378	61
5390	61
5390	61
5402	61
5414	61
5414	61
5425	61
5437	61
5437	61
5449	61
5460	61
5460	61
5472	61
5472	61
5484	61
5496	61
5496	61
5507	61
5507	61
5519	61
5531	61
5531	61
5542	61
5542	61
5554	61
5566	61
5566	61
5578	61
5589	61
5589	61
5601	61
5613	61
5613	62
5625	62
5636	62
5636	62
5648	62
5648	62
5660	62
5671	62
5671	62
5683	62
5695	62
5695	62
5707	62
5718	62
5718	62
5730	62
5730	62
5742	62
5753	62
5753	62
5765	62
5765	62
5777	62
5789	62
5789	62
5800	62
5800	62
5812	62
5824	62
5824	62
5835	62
5835	62
5847	62
5859	62
5859	62
5871	62
5871	62
5882	62
5894	62
5894	62
5906	62
5906	62
5917	62
5929	62
5929	62
5941	62
5953	62
5953	62
5964	62
5976	62
5976	63
5988	63
6000	63
6011	63
6011	63
6023	63
6035	63
6035	63
6046	63
6058	63
6058	63
6070	63
6082	63
6082	63
6093	63
6105	63
6105	63
6117	63
6128	63
6128	63
6140	63
6152	63
6152	63
6164	63
6175	63
6175	63
6187	63
6199	63
6199	63
6210	63
6210	63
6222	63
6234	63
6234	63
6246	63
6257	63
6257	63
6269	63
6269	63
6281	63
6292	63
6292	63
6304	63
6316	63
6316	63
6328	63
6339	63
6339	63
6351	63
6363	63
6363	64
6375	64
6386	64
6386	64
6398	64
6410	64
6410	64
6421	64
6421	64
6433	64
6445	64
6445	64
6457	64
6468	64
6468	64
6480	64
6492	64
6503	64
6503	64
6515	64
6515	64
6527	64
6539	64
6539	64
6550	64
6550	64
6562	64
6562	64
6574	64
6585	64
6585	64
6597	64
6597	64
6609	64
6621	64
6621	64
6632	64
6644	64
6644	64
6656	64
6667	64
6667	64
6679	64
6691	64
6691	64
6703	64
6714	64
6714	64
6726	64
6738	64
6750	65
6750	65
6761	65
6773	65
6785	65
6785	65
6796	65
6808	65
6820	65
6820	65
6832	65
6843	65
6843	65
6855	65
6867	65
6867	65
6878	65
6890	65
6890	65
6902	65
6914	65
6925	65
6925	65
6937	65
6949	65
6960	65
6972	65
6972	65
6984	65
6996	65
7007	65
7007	65
7019	65
7019	65
7031	65
7042	65
7054	65
7054	65
7066	65
7078	65
7078	65
7089	65
7101	65
7113	65
7125	65
7125	65
7136	65
7148	65
7160	65
7171	65
7171	66
7183	66
7195	66
7195	66
7207	66
7218	66
7230	66
7230	66
7242	66
7253	66
7253	66
7265	66
7277	66
7289	66
7289	66
7300	66
7312	66
7312	66
7324	66
7335	66
7335	66
7347	66
7359	66
7359	66
7371	66
7382	66
7382	66
7394	66
7406	66
7406	66
7417	66
7429	66
7441	66
7441	66
7453	66
7464	66
7464	66
7476	66
7488	66
7500	66
7500	66
7511	66
7523	66
7535	66
7535	66
7546	66
7558	66
7570	66
7570	66
7582	66
7593	67
7605	67
7605	67
7617	67
7628	67
7628	67
7640	67
7652	67
7664	67
7664	67
7675	67
7687	67
7687	67
7699	67
7710	67
7722	67
7722	67
7734	67
7746	67
7746	67
7757	67
7769	67
7781	67
7781	67
7792	67
7804	67
7816	67
7816	67
7828	67
7839	67
7851	67
7851	67
7863	67
7875	67
7886	67
7898	67
7898	67
7910	67
7921	67
7933	67
7933	67
7945	67
7957	67
7968	67
7968	67
7980	67
7992	67
8003	67
8003	67
8015	67
8027	68
8039	68
8039	68
8050	68
8062	68
8062	68
8074	68
8085	68
8085	68
8097	68
8109	68
8109	68
8121	68
8132	68
8132	68
8144	68
8156	68
8167	68
8167	68
8179	68
8191	68
8203	68
8203	68
8214	68
8226	68
8226	68
8238	68
8250	68
8261	68
8261	68
8273	68
8285	68
8296	68
8296	68
8308	68
8320	68
8332	68
8343	68
8343	68
8355	68
8367	68
8378	68
8378	68
8390	68
8402	68
8414	68
8414	68
8425	68
8437	68
8449	68
8449	69
8460	69
8472	69
8484	69
8484	69
8496	69
8507	69
8519	69
8519	69
8531	69
8542	69
8554	69
8554	69
8566	69
8578	69
8589	69
8601	69
8613	69
8613	69
8625	69
8636	69
8648	69
8660	69
8671	69
8683	69
8683	69
8695	69
8707	69
8718	69
8718	69
8730	69
8742	69
8753	69
8765	69
8765	69
8777	69
8789	69
8800	69
8800	69
8812	69
8824	69
8824	69
8835	69
8847	69
8859	69
8859	69
8871	69
8882	69
8894	69
8894	69
8906	70
8917	70
8929	70
8941	70
8941	70
8953	70
8964	70
8976	70
8976	70
8988	70
9000	70
9011	70
9011	70
9023	70
9035	70
9046	70
9058	70
9058	70
9070	70
9082	70
9093	70
9105	70
9105	70
9117	70
9128	70
9140	70
9152	70
9152	70
9164	70
9175	70
9187	70
9187	70
9199	70
9210	70
9222	70
9234	70
9234	70
9246	70
9257	70
9269	70
9269	70
9281	70
9292	70
9304	70
9316	70
9316	70
9328	70
9339	70
9351	70
9363	70
9375	71
9386	71
9398	71
9410	71
9421	71
9421	71
9433	71
9445	71
9457	71
9468	71
9480	71
9480	71
9492	71
9503	71
9515	71
9515	71
9527	71
9539	71
9550	71
9562	71
9562	71
9574	71
9585	71
9597	71
9597	71
9609	71
9621	71
9632	71
9644	71
9644	71
9656	71
9667	71
9679	71
9691	71
9703	71
9703	71
9714	71
9726	71
9738	71
9738	71
9750	71
9761	71
9773	71
9785	71
9785	71
9796	71
9808	71
9820	71
9832	71
9843	71
9843	72
9855	72
9867	72
9878	72
9890	72
9902	72
9902	72
9914	72
9925	72
9937	72
9949	72
9949	72
9960	72
9972	72
9984	72
9996	72
10007	72
10007	72
10019	72
10031	72
10042	72
10054	72
10054	72
10066	72
10078	72
10089	72
10101	72
10113	72
10125	72
10136	72
10148	72
10160	72
10171	72
10183	72
10195	72
10207	72
10207	72
10218	72
10230	72
10242	72
10253	72
10265	72
10265	72
10277	72
10289	72
10300	72
10312	72
10324	72
10324	72
10335	72
10347	73
10359	73
10371	73
10371	73
10382	73
10394	73
10406	73
10417	73
10429	73
10441	73
10441	73
10453	73
10464	73
10476	73
10488	73
10500	73
10500	73
10511	73
10523	73
10535	73
10546	73
10558	73
10570	73
10570	73
10582	73
10593	73
10605	73
10617	73
10628	73
10640	73
10652	73
10652	73
10664	73
10675	73
10687	73
10699	73
10710	73
10722	73
10734	73
10734	73
10746	73
10757	73
10769	73
10781	73
10792	73
10792	73
10804	73
10816	73
10828	73
10839	73
10851	74
10863	74
10875	74
10886	74
10898	74
10910	74
10921	74
10933	74
10945	74
10957	74
10968	74
10980	74
10980	74
10992	74
11003	74
11015	74
11027	74
11039	74
11050	74
11062	74
11062	74
11074	74
11085	74
11097	74
11109	74
11109	74
11121	74
11132	74
11144	74
11156	74
11167	74
11179	74
11191	74
11203	74
11203	74
11214	74
11226	74
11238	74
11250	74
11261	74
11273	74
11273	74
11285	74
11296	74
11308	74
11320	74
11332	74
11343	74
11355	74
11367	74
11378	75
11378	75
11390	75
11402	75
11414	75
11425	75
11437	75
11437	75
11449	75
11460	75
11472	75
11484	75
11496	75
11507	75
11519	75
11519	75
11531	75
11542	75
11554	75
11566	75
11578	75
11589	75
11601	75
11613	75
11625	75
11636	75
11648	75
11660	75
11671	75
11683	75
11695	75
11707	75
11718	75
11730	75
11742	75
11742	75
11753	75
11765	75
11777	75
11789	75
11800	75
11812	75
11824	75
11835	75
11847	75
11859	75
11871	75
11882	75
11882	75
11894	75
11906	76
11917	76
11929	76
11941	76
11953	76
11964	76
11976	76
11988	76
12000	76
12011	76
12023	76
12035	76
12046	76
12058	76
12070	76
12082	76
12093	76
12093	76
12105	76
12117	76
12128	76
12140	76
12152	76
12164	76
12175	76
12187	76
12199	76
12210	76
12210	76
12222	76
12234	76
12246	76
12257	76
12269	76
12281	76
12292	76
12304	76
12316	76
12328	76
12339	76
12351	76
12363	76
12375	76
12386	76
12398	76
12410	76
12421	76
12433	76
12445	76
12457	76
12468	77
12480	77
12480	77
12492	77
12503	77
12515	77
12527	77
12539	77
12550	77
12562	77
12574	77
12585	77
12597	77
12609	77
12621	77
12632	77
12644	77
12656	77
12667	77
12679	77
12691	77
12703	77
12714	77
12726	77
12738	77
12750	77
12761	77
12773	77
12785	77
12796	77
12808	77
12820	77
12832	77
12843	77
12855	77
12867	77
12878	77
12890	77
12902	77
12914	77
12914	77
12925	77
12937	77
12949	77
12960	77
12972	77
12984	77
12996	77
13007	77
13019	77
13031	78
13042	78
13054	78
13066	78
13078	78
13089	78
13101	78
13113	78
13125	78
13136	78
13148	78
13160	78
13171	78
13195	78
13207	78
13218	78
13218	78
13230	78
13242	78
13253	78
13265	78
13277	78
13289	78
13312	78
13324	78
13335	78
13347	78
13359	78
13371	78
13382	78
13394	78
13406	78
13417	78
13429	78
13441	78
13453	78
13464	78
13476	78
13488	78
13500	78
13511	78
13535	78
13546	78
13558	78
13570	78
13582	78
13593	78
13605	78
13617	78
13628	78
13640	79
13652	79
13664	79
13664	79
13675	79
13687	79
13699	79
13710	79
13722	79
13734	79
13746	79
13757	79
13769	79
13781	79
13792	79
13804	79
13816	79
13828	79
13839	79
13851	79
13851	79
13863	79
13875	79
13898	79
13910	79
13921	79
13933	79
13945	79
13957	79
13968	79
13980	79
13992	79
14003	79
14015	79
14027	79
14039	79
14050	79
14062	79
14074	79
14085	79
14097	79
14109	79
14121	79
14132	79
14144	79
14156	79
14167	79
14179	79
14191	79
14203	79
14226	80
14238	80
14250	80
14261	80
14285	80
14296	80
14308	80
14320	80
14332	80
14343	80
14355	80
14367	80
14378	80
14390	80
14402	80
14414	80
14425	80
14437	80
14449	80
14460	80
14484	80
14484	80
14496	80
14507	80
14531	80
14542	80
14554	80
14566	80
14578	80
14589	80
14601	80
14613	80
14625	80
14636	80
14648	80
14660	80
14671	80
14683	80
14695	80
14707	80
14718	80
14730	80
14742	80
14753	80
14765	80
14777	80
14789	80
14800	80
14812	80
14824	80
14835	81
14859	81
14871	81
14882	81
14894	81
14906	81
14917	81
14929	81
14941	81
14953	81
14964	81
14976	81
14988	81
15011	81
15023	81
15035	81
15046	81
15070	81
15082	81
15093	81
15105	81
15117	81
15128	81
15140	81
15152	81
15164	81
15175	81
15187	81
15210	81
15222	81
15234	81
15246	81
15257	81
15269	81
15281	81
15292	81
15304	81
15316	81
15328	81
15339	81
15351	81
15363	81
15375	81
15386	81
15398	81
15410	81
15433	81
15445	81
15457	81
15468	81
15480	82
15492	82
15503	82
15515	82
15527	82
15539	82
15550	82
15562	82
15585	82
15597	82
15609	82
15621	82
15632	82
15644	82
15656	82
15667	82
15679	82
15691	82
15703	82
15726	82
15738	82
15750	82
15773	82
15785	82
15796	82
15808	82
15832	82
15843	82
15855	82
15867	82
15878	82
15890	82
15902	82
15914	82
15925	82
15937	82
15949	82
15960	82
15972	82
15984	82
15996	82
16007	82
16031	82
16042	82
16054	82
16066	82
16078	82
16089	82
16101	82
16113	82
16125	83
16136	83
16148	83
16160	83
16171	83
16183	83
16195	83
16207	83
16218	83
16230	83
16242	83
16253	83
16265	83
16277	83
16289	83
16300	83
16312	83
16324	83
16347	83
16359	83
16371	83
16382	83
16394	83
16406	83
16417	83
16429	83
16441	83
16453	83
16476	83
16488	83
16500	83
16523	83
16535	83
16546	83
16570	83
16582	83
16593	83
16605	83
16617	83
16628	83
16640	83
16652	83
16664	83
16687	83
16699	83
16710	83
16722	83
16746	83
16757	83
16769	83
16781	84
16792	84
16804	84
16816	84
16828	84
16839	84
16851	84
16863	84
16875	84
16898	84
16910	84
16921	84
16933	84
16945	84
16957	84
16968	84
16980	84
16992	84
17003	84
17015	84
17027	84
17039	84
17050	84
17062	84
17074	84
17085	84
17097	84
17109	84
17121	84
17132	84
17144	84
17156	84
17179	84
17191	84
17203	84
17214	84
17226	84
17238	84
17250	84
17273	84
17285	84
17296	84
17308	84
17320	84
17343	84
17355	84
17367	84
17378	84
17390	84
17402	84
17414	85
17437	85
17449	85
17460	85
17472	85
17484	85
17496	85
17507	85
17519	85
17542	85
17554	85
17566	85
17578	85
17589	85
17601	85
17613	85
17636	85
17648	85
17660	85
17671	85
17683	85
17695	85
17707	85
17718	85
17742	85
17753	85
17765	85
17777	85
17789	85
17800	85
17812	85
17824	85
17835	85
17847	85
17859	85
17882	85
17894	85
17906	85
17917	85
17929	85
17941	85
17953	85
17976	85
17988	85
18000	85
18011	85
18035	85
18046	85
18058	85
18070	85
18082	86
18093	86
18117	86
18128	86
18140	86
18152	86
18164	86
18175	86
18187	86
18199	86
18222	86
18234	86
18246	86
18257	86
18269	86
18281	86
18292	86
18304	86
18316	86
18339	86
18351	86
18363	86
18375	86
18386	86
18398	86
18410	86
18421	86
18433	86
18457	86
18468	86
18480	86
18492	86
18503	86
18515	86
18527	86
18539	86
18550	86
18562	86
18574	86
18585	86
18597	86
18609	86
18621	86
18632	86
18644	86
18656	86
18679	86
18691	86
18703	86
18714	86
18726	87
18738	87
18761	87
18773	87
18785	87
18796	87
18820	87
18832	87
18843	87
18855	87
18867	87
18878	87
18890	87
18914	87
18925	87
18937	87
18960	87
18972	87
18984	87
18996	87
19019	87
19031	87
19042	87
19054	87
19066	87
19078	87
19101	87
19113	87
19125	87
19148	87
19160	87
19171	87
19183	87
19207	87
19218	87
19230	87
19242	87
19253	87
19265	87
19289	87
19300	87
19312	87
19324	87
19335	87
19347	87
19359	87
19371	87
19382	87
19406	87
19417	87
19429	88
19441	88
19453	88
19464	88
19488	88
19500	88
19511	88
19523	88
19535	88
19558	88
19570	88
19582	88
19593	88
19605	88
19617	88
19640	88
19652	88
19664	88
19675	88
19687	88
19699	88
19710	88
19734	88
19746	88
19757	88
19769	88
19781	88
19792	88
19816	88
19828	88
19839	88
19851	88
19863	88
19886	88
19898	88
19910	88
19921	88
19945	88
19957	88
19968	88
19980	88
19992	88
20015	88
20027	88
20039	88
20050	88
20062	88
20074	88
20085	88
20097	88
20109	89
20121	89
20144	89
20156	89
20167	89
20179	89
20191	89
20203	89
20226	89
20238	89
20250	89
20261	89
20273	89
20296	89
20308	89
20320	89
20332	89
20343	89
20367	89
20378	89
20390	89
20402	89
20414	89
20425	89
20437	89
20460	89
20472	89
20484	89
20496	89
20507	89
20519	89
20542	89
20554	89
20566	89
20578	89
20589	89
20613	89
20625	89
20636	89
20660	89
20671	89
20683	89
20695	89
20718	89
20730	89
20742	89
20753	89
20765	89
20777	89
20800	89
20812	90
20824	90
20835	90
20847	90
20859	90
20871	90
20894	90
20906	90
20917	90
20929	90
20941	90
20964	90
20976	90
20988	90
21000	90
21011	90
21023	90
21046	90
21058	90
21070	90
21082	90
21093	90
21117	90
21128	90
21140	90
21152	90
21164	90
21187	90
21199	90
21210	90
21222	90
21234	90
21257	90
21269	90
21281	90
21292	90
21304	90
21328	90
21339	90
21351	90
21375	90
21386	90
21398	90
21421	90
21433	90
21445	90
21457	90
21480	90
21492	90
21503	90
21515	91
21527	91
21550	91
21562	91
21574	91
21585	91
21597	91
21609	91
21621	91
21632	91
21656	91
21667	91
21679	91
21691	91
21703	91
21726	91
21738	91
21750	91
21761	91
21773	91
21785	91
21808	91
21820	91
21832	91
21843	91
21867	91
21878	91
21890	91
21902	91
21914	91
21937	91
21949	91
21960	91
21972	91
21984	91
22007	91
22019	91
22031	91
22042	91
22054	91
22078	91
22089	91
22113	91
22125	91
22136	91
22160	91
22171	91
22195	91
22207	91
22218	91
22230	92
22253	92
22265	92
22277	92
22289	92
22300	92
22324	92
22335	92
22347	92
22359	92
22371	92
22382	92
22406	92
22417	92
22429	92
22441	92
22464	92
22476	92
22488	92
22500	92
22511	92
22535	92
22546	92
22558	92
22570	92
22593	92
22605	92
22617	92
22628	92
22652	92
22664	92
22675	92
22687	92
22699	92
22722	92
22734	92
22746	92
22757	92
22781	92
22792	92
22804	92
22816	92
22839	92
22851	92
22863	92
22886	92
22898	92
22921	92
22933	92
22945	92
22968	93
22980	93
22992	93
23003	93
23027	93
23039	93
23050	93
23062	93
23074	93
23097	93
23109	93
23121	93
23132	93
23144	93
23167	93
23179	93
23191	93
23203	93
23226	93
23238	93
23250	93
23261	93
23285	93
23296	93
23308	93
23320	93
23343	93
23355	93
23367	93
23378	93
23402	93
23414	93
23425	93
23437	93
23449	93
23472	93
23484	93
23496	93
23507	93
23519	93
23542	93
23554	93
23566	93
23578	93
23601	93
23613	93
23636	93
23648	93
23660	93
23683	93
23695	94
23707	94
23730	94
23742	94
23753	94
23765	94
23789	94
23800	94
23812	94
23835	94
23847	94
23859	94
23871	94
23882	94
23906	94
23917	94
23929	94
23953	94
23964	94
23976	94
24000	94
24011	94
24023	94
24046	94
24058	94
24070	94
24093	94
24105	94
24117	94
24128	94
24152	94
24164	94
24175	94
24187	94
24210	94
24222	94
24234	94
24246	94
24269	94
24281	94
24292	94
24304	94
24328	94
24339	94
24351	94
24375	94
24386	94
24410	94
24421	94
24433	94
24457	95
24468	95
24480	95
24492	95
24515	95
24527	95
24539	95
24562	95
24574	95
24585	95
24609	95
24621	95
24632	95
24644	95
24667	95
24679	95
24691	95
24703	95
24726	95
24738	95
24761	95
24773	95
24785	95
24808	95
24820	95
24832	95
24855	95
24867	95
24878	95
24890	95
24914	95
24925	95
24937	95
24949	95
24972	95
24984	95
24996	95
25007	95
25031	95
25042	95
25054	95
25078	95
25089	95
25101	95
25125	95
25136	95
25160	95
25171	95
25195	95
25207	95
25218	96
25242	96
25253	96
25265	96
25289	96
25300	96
25324	96
25335	96
25359	96
25371	96
25382	96
25406	96
25417	96
25429	96
25453	96
25464	96
25488	96
25500	96
25523	96
25535	96
25546	96
25570	96
25582	96
25593	96
25617	96
25628	96
25640	96
25664	96
25675	96
25687	96
25699	96
25710	96
25722	96
25734	96
25757	96
25769	96
25781	96
25804	96
25816	96
25828	96
25851	96
25863	96
25875	96
25898	96
25910	96
25921	96
25945	96
25957	96
25968	96
25992	96
26003	97
26015	97
26039	97
26050	97
26062	97
26085	97
26097	97
26121	97
26132	97
26144	97
26167	97
26179	97
26191	97
26214	97
26238	97
26250	97
26273	97
26285	97
26308	97
26320	97
26343	97
26355	97
26367	97
26390	97
26402	97
26425	97
26437	97
26449	97
26472	97
26484	97
26496	97
26519	97
26531	97
26542	97
26566	97
26578	97
26589	97
26613	97
26625	97
26636	97
26660	97
26671	97
26683	97
26707	97
26718	97
26742	97
26753	97
26765	97
26789	97
26800	97
26812	98
26835	98
26847	98
26859	98
26882	98
26894	98
26906	98
26929	98
26941	98
26964	98
26976	98
27000	98
27011	98
27035	98
27058	98
27070	98
27093	98
27105	98
27117	98
27140	98
27152	98
27164	98
27187	98
27199	98
27222	98
27234	98
27246	98
27269	98
27281	98
27292	98
27316	98
27328	98
27351	98
27363	98
27375	98
27398	98
27410	98
27433	98
27445	98
27457	98
27480	98
27492	98
27515	98
27527	98
27539	98
27562	98
27574	98
27597	98
27609	98
27632	98
27644	99
27656	99
27679	99
27691	99
27714	99
27738	99
27750	99
27773	99
27796	99
27808	99
27832	99
27843	99
27867	99
27878	99
27890	99
27914	99
27925	99
27949	99
27960	99
27984	99
27996	99
28007	99
28031	99
28042	99
28066	99
28078	99
28089	99
28113	99
28125	99
28136	99
28148	99
28171	99
28183	99
28195	99
28218	99
28230	99
28253	99
28265	99
28289	99
28300	99
28312	99
28324	99
28347	99
28359	99
28382	99
28394	99
28406	99
28429	99
28441	99
28464	99
28476	100
28500	100
28523	100
28546	100
28570	100
28582	100
28593	100
28617	100
28628	100
28652	100
28664	100
28687	100
28710	100
28722	100
28746	100
28757	100
28769	100
28792	100
28804	100
28828	100
28839	100
28863	100
28875	100
28898	100
28910	100
28921	100
28945	100
28957	100
28980	100
28992	100
29015	100
29027	100
29039	100
29050	100
29074	100
29085	100
29097	100
29109	100
29132	100
29144	100
29167	100
29179	100
29203	100
29214	100
29238	100
29250	100
29273	100
29296	100
29308	100
29332	100
29343	101
29367	101
29378	101
29390	101
29414	101
29425	101
29449	101
29472	101
29484	101
29496	101
29519	101
29531	101
29554	101
29566	101
29589	101
29601	101
29625	101
29636	101
29660	101
29671	101
29695	101
29707	101
29730	101
29742	101
29765	101
29777	101
29789	101
29812	101
29824	101
29847	101
29859	101
29882	101
29894	101
29906	101
29929	101
29941	101
29964	101
29988	101
30000	101
30023	101
30035	101
30058	101
30082	101
30093	101
30117	101
30128	101
30140	101
30164	101
30175	101
30199	101
30210	102
30234	102
30246	102
30269	102
30281	102
30304	102
30316	102
30339	102
30351	102
30375	102
30386	102
30410	102
30421	102
30433	102
30457	102
30468	102
30492	102
30503	102
30527	102
30539	102
30550	102
30574	102
30585	102
30597	102
30609	102
30632	102
30644	102
30667	102
30679	102
30703	102
30714	102
30738	102
30761	102
30773	102
30796	102
30808	102
30832	102
30843	102
30867	102
30878	102
30902	102
30925	102
30937	102
30960	102
30984	102
30996	102
31019	102
31031	102
31054	102
31066	102
31089	103
31101	103
31125	103
31148	103
31160	103
31183	103
31207	103
31218	103
31242	103
31253	103
31265	103
31289	103
31300	103
31324	103
31335	103
31359	103
31371	103
31382	103
31406	103
31417	103
31441	103
31453	103
31476	103
31500	103
31511	103
31535	103
31546	103
31570	103
31582	103
31605	103
31617	103
31640	103
31652	103
31675	103
31687	103
31710	103
31722	103
31746	103
31757	103
31781	103
31792	103
31804	103
31828	103
31851	103
31863	103
31886	103
31898	103
31921	103
31933	103
31957	103
31968	104
31992	104
32003	104
32027	104
32039	104
32062	104
32074	104
32085	104
32109	104
32121	104
32144	104
32156	104
32179	104
32191	104
32214	104
32226	104
32238	104
32261	104
32273	104
32296	104
32308	104
32332	104
32355	104
32367	104
32390	104
32402	104
32414	104
32437	104
32449	104
32472	104
32484	104
32507	104
32519	104
32542	104
32554	104
32578	104
32601	104
32613	104
32636	104
32660	104
32671	104
32695	104
32707	104
32730	104
32742	104
32765	104
32777	104
32800	104
32812	104
32835	104
32847	105
32859	105
32882	105
32894	105
32917	105
32929	105
32953	105
32964	105
32988	105
33000	105
33023	105
33035	105
33058	105
33070	105
33093	105
33105	105
33128	105
33140	105
33164	105
33175	105
33199	105
33210	105
33234	105
33246	105
33269	105
33281	105
33304	105
33316	105
33339	105
33363	105
33375	105
33398	105
33421	105
33433	105
33457	105
33468	105
33492	105
33503	105
33527	105
33539	105
33562	105
33574	105
33597	105
33609	105
33632	105
33644	105
33667	105
33679	105
33703	105
33714	105
33738	106
33750	106
33773	106
33785	106
33796	106
33820	106
33843	106
33855	106
33878	106
33890	106
33914	106
33925	106
33949	106
33960	106
33984	106
33996	106
34019	106
34031	106
34054	106
34066	106
34089	106
34113	106
34125	106
34148	106
34171	106
34195	106
34207	106
34230	106
34242	106
34265	106
34277	106
34300	106
34312	106
34335	106
34347	106
34371	106
34382	106
34406	106
34417	106
34441	106
34453	106
34476	106
34488	106
34511	106
34523	106
34546	106
34558	106
34582	106
34593	106
34617	106
34640	107
34652	107
34675	107
34687	107
34710	107
34722	107
34746	107
34757	107
34781	107
34792	107
34816	107
34839	107
34851	107
34875	107
34898	107
34921	107
34933	107
34957	107
34968	107
34992	107
35015	107
35027	107
35050	107
35062	107
35085	107
35097	107
35109	107
35132	107
35144	107
35167	107
35191	107
35203	107
35226	107
35238	107
35261	107
35273	107
35296	107
35308	107
35332	107
35343	107
35367	107
35390	107
35402	107
35414	107
35437	107
35449	107
35472	107
35484	107
35507	107
35519	107
35542	108
35566	108
35578	108
35601	108
35625	108
35636	108
35660	108
35683	108
35695	108
35718	108
35742	108
35753	108
35777	108
35789	108
35812	108
35835	108
35847	108
35871	108
35882	108
35906	108
35917	108
35941	108
35953	108
35976	108
36000	108
36011	108
36035	108
36058	108
36070	108
36093	108
36105	108
36128	108
36152	108
36164	108
36187	108
36199	108
36222	108
36234	108
36257	108
36269	108
36292	108
36304	108
36328	108
36351	108
36363	108
36386	108
36410	108
36421	108
36445	108
36468	108
36480	109
36503	109
36527	109
36539	109
36562	109
36574	109
36597	109
36621	109
36632	109
36656	109
36667	109
36691	109
36714	109
36726	109
36750	109
36773	109
36785	109
36808	109
36832	109
36843	109
36867	109
36890	109
36902	109
36925	109
36937	109
36960	109
36972	109
36996	109
37019	109
37031	109
37054	109
37066	109
37089	109
37113	109
37136	109
37160	109
37171	109
37195	109
37218	109
37230	109
37253	109
37265	109
37289	109
37312	109
37335	109
37359	109
37371	109
37394	109
37417	109
37429	109
37453	110
37476	110
37488	110
37511	110
37535	110
37558	110
37570	110
37593	110
37617	110
37628	110
37652	110
37664	110
37687	110
37699	110
37710	110
37734	110
37746	110
37769	110
37792	110
37804	110
37828	110
37839	110
37863	110
37886	110
37898	110
37921	110
37945	110
37957	110
37980	110
38003	110
38015	110
38039	110
38062	110
38074	110
38097	110
38121	110
38132	110
38156	110
38179	110
38191	110
38214	110
38238	110
38261	110
38285	110
38308	110
38332	110
38343	110
38367	110
38390	110
38402	110
38425	111
38449	111
38460	111
38484	111
38496	111
38519	111
38542	111
38554	111
38578	111
38601	111
38613	111
38636	111
38660	111
38671	111
38695	111
38718	111
38730	111
38753	111
38777	111
38789	111
38812	111
38824	111
38847	111
38871	111
38882	111
38906	111
38929	111
38941	111
38964	111
38988	111
39011	111
39035	111
39058	111
39082	111
39093	111
39117	111
39140	111
39152	111
39175	111
39199	111
39222	111
39234	111
39257	111
39281	111
39292	111
39316	111
39339	111
39351	111
39375	111
39398	111
39410	112
39433	112
39457	112
39468	112
39492	112
39515	112
39527	112
39550	112
39574	112
39597	112
39621	112
39632	112
39656	112
39667	112
39691	112
39714	112
39738	112
39761	112
39785	112
39808	112
39832	112
39855	112
39867	112
39890	112
39914	112
39937	112
39949	112
39972	112
39984	112
40007	112
40031	112
40054	112
40066	112
40089	112
40101	112
40125	112
40148	112
40160	112
40183	112
40195	112
40218	112
40242	112
40265	112
40277	112
40300	112
40312	112
40335	112
40359	112
40371	112
40394	112
40406	113
40429	113
40453	113
40476	113
40500	113
40523	113
40546	113
40570	113
40593	113
40617	113
40628	113
40652	113
40675	113
40699	113
40722	113
40746	113
40757	113
40781	113
40804	113
40828	113
40839	113
40863	113
40886	113
40898	113
40921	113
40945	113
40957	113
40980	113
41003	113
41027	113
41039	113
41062	113
41074	113
41085	113
41109	113
41132	113
41144	113
41167	113
41191	113
41214	113
41238	113
41250	113
41273	113
41296	113
41320	113
41343	113
41367	113
41378	113
41402	113
41425	113
41449	114
41472	114
41484	114
41507	114
41531	114
41554	114
41566	114
41589	114
41613	114
41636	114
41660	114
41671	114
41695	114
41718	114
41742	114
41753	114
41777	114
41800	114
41812	114
41835	114
41859	114
41871	114
41894	114
41917	114
41941	114
41953	114
41976	114
42000	114
42023	114
42046	114
42070	114
42093	114
42105	114
42128	114
42152	114
42175	114
42187	114
42210	114
42234	114
42246	114
42269	114
42292	114
42316	114
42328	114
42351	114
42375	114
42398	114
42410	114
42433	114
42457	114
42468	115
42492	115
42515	115
42539	115
42550	115
42574	115
42585	115
42609	115
42621	115
42644	115
42667	115
42691	115
42703	115
42726	115
42750	115
42773	115
42796	115
42820	115
42843	115
42855	115
42878	115
42902	115
42925	115
42949	115
42972	115
42996	115
43019	115
43042	115
43054	115
43078	115
43101	115
43125	115
43148	115
43171	115
43195	115
43218	115
43242	115
43265	115
43277	115
43300	115
43324	115
43335	115
43359	115
43382	115
43394	115
43417	115
43441	115
43464	115
43488	115
43511	115
43523	116
43546	116
43570	116
43593	116
43617	116
43628	116
43652	116
43675	116
43699	116
43722	116
43734	116
43757	116
43781	116
43804	116
43816	116
43839	116
43863	116
43886	116
43910	116
43933	116
43945	116
43968	116
43992	116
44015	116
44039	116
44050	116
44074	116
44085	116
44109	116
44132	116
44144	116
44167	116
44191	116
44214	116
44238	116
44250	116
44273	116
44296	116
44320	116
44343	116
44355	116
44378	116
44402	116
44425	116
44449	116
44460	116
44484	116
44507	116
44531	116
44554	116
44566	117
44589	117
44613	117
44636	117
44660	117
44683	117
44707	117
44730	117
44753	117
44765	117
44789	117
44812	117
44835	117
44847	117
44871	117
44894	117
44917	117
44929	117
44953	117
44976	117
45000	117
45011	117
45035	117
45058	117
45082	117
45105	117
45117	117
45140	117
45164	117
45187	117
45199	117
45222	117
45246	117
45269	117
45281	117
45304	117
45328	117
45351	117
45375	117
45398	117
45421	117
45445	117
45468	117
45492	117
45515	117
45527	117
45550	117
45574	117
45585	117
45609	117
45632	118
45656	118
45679	118
45691	118
45714	118
45738	118
45761	118
45773	118
45796	118
45820	118
45843	118
45867	118
45878	118
45902	118
45925	118
45949	118
45972	118
45984	118
46007	118
46031	118
46054	118
46078	118
46101	118
46125	118
46148	118
46171	118
46195	118
46218	118
46242	118
46253	118
46277	118
46300	118
46324	118
46335	118
46359	118
46382	118
46406	118
46429	118
46441	118
46464	118
46488	118
46511	118
46523	118
46546	118
46570	118
46593	118
46617	118
46640	118
46652	118
46675	118
46699	119
46722	119
46746	119
46757	119
46781	119
46804	119
46828	119
46851	119
46875	119
46898	119
46921	119
46945	119
46968	119
46992	119
47015	119
47027	119
47050	119
47074	119
47097	119
47109	119
47132	119
47156	119
47179	119
47203	119
47214	119
47238	119
47261	119
47285	119
47296	119
47320	119
47343	119
47367	119
47390	119
47414	119
47425	119
47449	119
47472	119
47496	119
47507	119
47531	119
47554	119
47578	119
47601	119
47625	119
47648	119
47671	119
47695	119
47718	119
47742	119
47753	119
47777	120
47800	120
47824	120
47847	120
47871	120
47894	120
47906	120
47929	120
47953	120
47976	120
48000	120
48023	120
48046	120
48070	120
48093	120
48105	120
48128	120
48152	120
48175	120
48199	120
48210	120
48234	120
48257	120
48281	120
48304	120
48316	120
48339	120
48363	120
48386	120
48410	120
48433	120
48457	120
48480	120
48503	120
48527	120
48550	120
48562	120
48585	120
48609	120
48632	120
48656	120
48679	120
48703	120
48714	120
48738	120
48761	120
48785	120
48808	120
48832	120
48855	120
48878	121
48902	121
48925	121
48937	121
48960	121
48984	121
49007	121
49031	121
49054	121
49078	121
49101	121
49125	121
49148	121
49171	121
49195	121
49218	121
49242	121
49265	121
49277	121
49312	121
49335	121
49359	121
49382	121
49406	121
49417	121
49441	121
49464	121
49488	121
49523	121
49546	121
49570	121
49582	121
49605	121
49628	121
49652	121
49675	121
49687	121
49710	121
49734	121
49746	121
49769	121
49792	121
49816	121
49839	121
49863	121
49886	121
49910	121
49921	121
49945	121
49968	121
49992	122
50015	122
50039	122
50062	122
50085	122
50109	122
50132	122
50156	122
50179	122
50203	122
50226	122
50250	122
50285	122
50308	122
50332	122
50355	122
50367	122
50390	122
50414	122
50437	122
50460	122
50484	122
50507	122
50531	122
50554	122
50578	122
50601	122
50613	122
50636	122
50660	122
50683	122
50707	122
50730	122
50753	122
50777	122
50800	122
50824	122
50847	122
50871	122
50882	122
50906	122
50929	122
50953	122
50988	122
51011	122
51035	122
51058	122
51082	122
51105	122
51128	122
51152	123
51175	123
51199	123
51222	123
51246	123
51269	123
51292	123
51316	123
51339	123
51363	123
51386	123
51410	123
51421	123
51445	123
51468	123
51492	123
51515	123
51539	123
51562	123
51585	123
51609	123
51632	123
51656	123
51679	123
51703	123
51726	123
51761	123
51785	123
51808	123
51843	123
51855	123
51878	123
51902	123
51925	123
51949	123
51972	123
51996	123
52019	123
52042	123
52066	123
52089	123
52113	123
52125	123
52148	123
52171	123
52195	123
52218	123
52242	123
52265	123
52289	123
52312	124
52324	124
52347	124
52371	124
52394	124
52417	124
52441	124
52464	124
52500	124
52523	124
52558	124
52582	124
52605	124
52628	124
52652	124
52675	124
52699	124
52734	124
52746	124
52769	124
52792	124
52816	124
52839	124
52863	124
52886	124
52910	124
52933	124
52957	124
52980	124
53003	124
53027	124
53050	124
53062	124
53085	124
53109	124
53132	124
53156	124
53179	124
53203	124
53226	124
53250	124
53273	124
53296	124
53320	124
53343	124
53367	124
53390	124
53414	124
53437	124
53472	124
53496	125
53507	125
53531	125
53554	125
53578	125
53601	125
53636	125
53660	125
53683	125
53707	125
53730	125
53753	125
53777	125
53800	125
53812	125
53835	125
53859	125
53882	125
53906	125
53929	125
53953	125
53976	125
54011	125
54035	125
54058	125
54082	125
54105	125
54128	125
54152	125
54175	125
54199	125
54222	125
54246	125
54269	125
54292	125
54316	125
54339	125
54363	125
54386	125
54410	125
54433	125
54457	125
54480	125
54503	125
54527	125
54550	125
54562	125
54585	125
54609	125
54632	125
54656	126
54679	126
54703	126
54726	126
54750	126
54773	126
54796	126
54832	126
54855	126
54878	126
54902	126
54925	126
54949	126
54984	126
55007	126
55031	126
55054	126
55078	126
55101	126
55125	126
55148	126
55183	126
55207	126
55230	126
55253	126
55277	126
55300	126
55324	126
55347	126
55371	126
55394	126
55417	126
55441	126
55464	126
55488	126
55511	126
55535	126
55558	126
55582	126
55605	126
55628	126
55652	126
55675	126
55699	126
55722	126
55746	126
55769	126
55792	126
55816	126
55851	126
55875	127
55898	127
55921	127
55945	127
55968	127
55992	127
56015	127
56039	127
56062	127
56085	127
56109	127
56132	127
56156	127
56179	127
56203	127
56226	127
56250	127
56273	127
56296	127
56320	127
56343	127
56367	127
56390	127
56414	127
56437	127
56472	127
56496	127
56519	127
56542	127
56566	127
56589	127
56613	127
56648	127
56671	127
56695	127
56718	127
56742	127
56765	127
56789	127
56812	127
56835	127
56859	127
56882	127
56906	127
56929	127
56953	127
56976	127
57000	127
57023	127
57046	127
57070	128
57105	128
57128	128
57152	128
57175	128
57199	128
57222	128
57246	128
57269	128
57292	128
57316	128
57339	128
57375	128
57398	128
57421	128
57445	128
57480	128
57503	128
57527	128
57550	128
57574	128
57597	128
57609	128
57644	128
57667	128
57691	128
57714	128
57738	128
57761	128
57785	128
57808	128
57832	128
57855	128
57878	128
57902	128
57925	128
57949	128
57972	128
58007	128
58019	128
58054	128
58078	128
58101	128
58136	128
58160	128
58183	128
58218	128
58242	128
58265	128
58289	128
58312	129
58335	129
58359	129
58382	129
58406	129
58429	129
58453	129
58476	129
58500	129
58535	129
58558	129
58582	129
58605	129
58628	129
58652	129
58675	129
58699	129
58734	129
58757	129
58781	129
58804	129
58828	129
58851	129
58886	129
58910	129
58945	129
58968	129
58992	129
59015	129
59039	129
59062	129
59085	129
59109	129
59132	129
59156	129
59191	129
59214	129
59238	129
59261	129
59285	129
59308	129
59332	129
59355	129
59378	129
59402	129
59425	129
59449	129
59484	129
59507	129
59531	129
59554	130
59578	130
59601	130
59636	130
59660	130
59683	130
59718	130
59742	130
59765	130
59789	130
59812	130
59835	130
59871	130
59894	130
59917	130
59941	130
59964	130
59988	130
60023	130
60046	130
60070	130
60093	130
60117	130
60152	130
60175	130
60199	130
60222	130
60246	130
60269	130
60292	130
60316	130
60351	130
60375	130
60398	130
60433	130
60457	130
60480	130
60503	130
60539	130
60562	130
60585	130
60609	130
60632	130
60656	130
60691	130
60714	130
60738	130
60773	130
60796	130
60820	130
60843	131
60878	131
60902	131
60925	131
60949	131
60972	131
60996	131
61019	131
61054	131
61078	131
61101	131
61125	131
61160	131
61183	131
61218	131
61242	131
61265	131
61289	131
61324	131
61347	131
61382	131
61406	131
61429	131
61453	131
61476	131
61511	131
61535	131
61558	131
61593	131
61617	131
61640	131
61664	131
61687	131
61710	131
61734	131
61757	131
61781	131
61804	131
61828	131
61851	131
61886	131
61910	131
61933	131
61957	131
61992	131
62015	131
62039	131
62062	131
62097	131
62121	131
62144	132
62167	132
62203	132
62226	132
62261	132
62296	132
62320	132
62343	132
62367	132
62402	132
62425	132
62449	132
62472	132
62496	132
62531	132
62554	132
62578	132
62601	132
62625	132
62660	132
62683	132
62707	132
62730	132
62753	132
62789	132
62812	132
62835	132
62859	132
62882	132
62906	132
62941	132
62964	132
63000	132
63023	132
63058	132
63082	132
63105	132
63128	132
63164	132
63187	132
63210	132
63246	132
63269	132
63292	132
63316	132
63339	132
63363	132
63398	132
63421	132
63445	132
63468	133
63503	133
63527	133
63550	133
63574	133
63609	133
63632	133
63656	133
63679	133
63714	133
63738	133
63773	133
63808	133
63832	133
63855	133
63890	133
63914	133
63937	133
63960	133
63996	133
64019	133
64042	133
64066	133
64089	133
64113	133
64148	133
64171	133
64195	133
64218	133
64242	133
64277	133
64300	133
64324	133
64347	133
64371	133
64394	133
64429	133
64453	133
64488	133
64523	133
64546	133
64582	133
64605	133
64628	133
64664	133
64687	133
64722	133
64746	133
64769	133
64804	133
64828	134
64851	134
64875	134
64910	134
64933	134
64957	134
64980	134
65015	134
65039	134
65050	134
65074	134
65097	134
65121	134
65156	134
65179	134
65203	134
65226	134
65261	134
65285	134
65320	134
65343	134
65367	134
65402	134
65425	134
65449	134
65484	134
65507	134
65531	134
65554	134
65589	134
65613	134
65636	134
65671	134
65695	134
65718	134
65753	134
65777	134
65800	134
65824	134
65847	134
65871	134
65906	134
65929	134
65953	134
65988	134
66011	134
66046	134
66070	134
66093	134
66128	134
66152	135
66175	135
66210	135
66234	135
66257	135
66281	135
66316	135
66339	135
66363	135
66386	135
66421	135
66445	135
66468	135
66503	135
66527	135
66550	135
66574	135
66597	135
66621	135
66644	135
66667	135
66703	135
66726	135
66750	135
66785	135
66808	135
66843	135
66867	135
66890	135
66925	135
66960	135
66984	135
67007	135
67031	135
67066	135
67089	135
67125	135
67148	135
67183	135
67207	135
67242	135
67265	135
67289	135
67312	135
67335	135
67359	135
67394	135
67417	135
67441	135
67476	135
67500	136
67523	136
67558	136
67582	136
67605	136
67640	136
67664	136
67687	136
67722	136
67746	136
67769	136
67792	136
67828	136
67851	136
67875	136
67910	136
67933	136
67968	136
67992	136
68015	136
68039	136
68074	136
68097	136
68121	136
68144	136
68167	136
68203	136
68226	136
68250	136
68273	136
68308	136
68332	136
68355	136
68390	136
68414	136
68437	136
68472	136
68496	136
68519	136
68542	136
68578	136
68601	136
68636	136
68660	136
68695	136
68718	136
68742	136
68777	136
68800	136
68824	136
68847	137
68871	137
68906	137
68929	137
68953	137
68988	137
69011	137
69035	137
69058	137
69093	137
69117	137
69140	137
69164	137
69199	137
69222	137
69246	137
69269	137
69304	137
69328	137
69363	137
69386	137
69421	137
69445	137
69480	137
69503	137
69527	137
69562	137
69585	137
69609	137
69632	137
69656	137
69691	137
69714	137
69738	137
69761	137
69796	137
69820	137
69843	137
69878	137
69902	137
69925	137
69960	137
69984	137
70007	137
70031	137
70066	137
70089	137
70125	137
70160	137
70183	137
70218	138
70242	138
70265	138
70300	138
70324	138
70347	138
70371	138
70406	138
70429	138
70453	138
70476	138
70511	138
70535	138
70558	138
70593	138
70617	138
70640	138
70675	138
70699	138
70722	138
70757	138
70781	138
70804	138
70839	138
70863	138
70898	138
70933	138
70957	138
70980	138
71015	138
71039	138
71062	138
71085	138
71121	138
71144	138
71167	138
71203	138
71226	138
71250	138
71273	138
71296	138
71332	138
71355	138
71390	138
71414	138
71437	138
71460	138
71496	138
71519	138
71542	138
71578	139
71601	139
71636	139
71660	139
71695	139
71718	139
71742	139
71777	139
71800	139
71835	139
71859	139
71882	139
71917	139
71941	139
71964	139
72000	139
72023	139
72058	139
72082	139
72117	139
72140	139
72164	139
72187	139
72222	139
72246	139
72269	139
72304	139
72328	139
72363	139
72386	139
72421	139
72445	139
72480	139
72503	139
72527	139
72562	139
72585	139
72621	139
72644	139
72667	139
72703	139
72726	139
72761	139
72785	139
72820	139
72843	139
72867	139
72902	139
72925	139
72949	139
72984	140
73007	140
73031	140
73066	140
73089	140
73125	140
73148	140
73183	140
73207	140
73242	140
73265	140
73300	140
73335	140
73359	140
73382	140
73417	140
73441	140
73476	140
73500	140
73535	140
73558	140
73593	140
73617	140
73652	140
73675	140
73699	140
73722	140
73746	140
73769	140
73804	140
73828	140
73851	140
73886	140
73910	140
73945	140
73968	140
73992	140
74027	140
74050	140
74085	140
74121	140
74144	140
74167	140
74203	140
74226	140
74261	140
74296	140
74332	140
74355	140
74390	140
74414	141
74437	141
74472	141
74496	141
74531	141
74554	141
74578	141
74613	141
74636	141
74671	141
74695	141
74718	141
74753	141
74777	141
74812	141
74835	141
74859	141
74894	141
74917	141
74953	141
74976	141
75011	141
75046	141
75082	141
75105	141
75128	141
75164	141
75187	141
75222	141
75246	141
75281	141
75304	141
75328	141
75363	141
75386	141
75421	141
75445	141
75480	141
75503	141
75539	141
75562	141
75597	141
75621	141
75644	141
75679	141
75703	141
75738	141
75773	141
75808	141
75843	141
75867	142
75902	142
75925	142
75960	142
75984	142
76007	142
76042	142
76066	142
76101	142
76125	142
76148	142
76171	142
76207	142
76230	142
76265	142
76289	142
76312	142
76347	142
76371	142
76394	142
76429	142
76453	142
76488	142
76535	142
76558	142
76593	142
76617	142
76652	142
76687	142
76722	142
76746	142
76769	142
76804	142
76828	142
76863	142
76886	142
76921	142
76945	142
76968	142
77003	142
77027	142
77050	142
77074	142
77109	142
77132	142
77156	142
77191	142
77214	142
77250	142
77285	142
77308	143
77343	143
77367	143
77402	143
77425	143
77460	143
77496	143
77519	143
77542	143
77578	143
77601	143
77636	143
77671	143
77695	143
77730	143
77753	143
77777	143
77812	143
77835	143
77871	143
77894	143
77917	143
77953	143
77976	143
78011	143
78046	143
78082	143
78105	143
78128	143
78164	143
78187	143
78222	143
78246	143
78281	143
78304	143
78339	143
78363	143
78398	143
78421	143
78445	143
78480	143
78515	143
78539	143
78562	143
78585	143
78609	143
78644	143
78667	143
78703	143
78726	143
78761	144
78796	144
78820	144
78855	144
78878	144
78914	144
78949	144
78984	144
79007	144
79042	144
79066	144
79101	144
79136	144
79171	144
79195	144
79230	144
79253	144
79289	144
79312	144
79335	144
79371	144
79394	144
79429	144
79453	144
79488	144
79511	144
79546	144
79582	144
79605	144
79640	144
79664	144
79687	144
79722	144
79746	144
79781	144
79804	144
79839	144
79875	144
79898	144
79933	144
79957	144
79992	144
80015	144
80050	144
80074	144
80097	144
80132	144
80156	144
80191	144
80214	144
80250	145
80273	145
80308	145
80332	145
80367	145
80390	145
80425	145
80449	145
80484	145
80507	145
80542	145
80566	145
80601	145
80636	145
80671	145
80695	145
80730	145
80753	145
80789	145
80812	145
80847	145
80871	145
80906	145
80929	145
80964	145
80988	145
81023	145
81046	145
81082	145
81105	145
81140	145
81164	145
81199	145
81222	145
81257	145
81281	145
81316	145
81339	145
81375	145
81410	145
81445	145
81468	145
81503	145
81539	145
81562	145
81585	145
81621	145
81644	145
81679	145
81703	145
81738	146
81761	146
81796	146
81820	146
81855	146
81878	146
81914	146
81937	146
81972	146
81996	146
82031	146
82054	146
82089	146
82125	146
82160	146
82195	146
82218	146
82253	146
82277	146
82312	146
82335	146
82371	146
82394	146
82429	146
82453	146
82488	146
82511	146
82546	146
82570	146
82605	146
82640	146
82664	146
82699	146
82722	146
82757	146
82781	146
82816	146
82851	146
82886	146
82921	146
82945	146
82980	146
83015	146
83039	146
83074	146
83097	146
83121	146
83156	146
83191	146
83214	146
83250	147
83273	147
83308	147
83332	147
83367	147
83402	147
83425	147
83449	147
83484	147
83507	147
83542	147
83578	147
83601	147
83636	147
83671	147
83707	147
83730	147
83765	147
83800	147
83824	147
83859	147
83882	147
83917	147
83953	147
83976	147
84011	147
84046	147
84070	147
84105	147
84128	147
84164	147
84187	147
84222	147
84246	147
84281	147
84316	147
84339	147
84375	147
84410	147
84445	147
84468	147
84503	147
84527	147
84562	147
84597	147
84621	147
84656	147
84679	147
84714	147
84750	147
84785	148
84808	148
84843	148
84878	148
84902	148
84937	148
84960	148
84996	148
85031	148
85054	148
85089	148
85125	148
85160	148
85195	148
85218	148
85253	148
85289	148
85324	148
85359	148
85382	148
85417	148
85441	148
85476	148
85511	148
85546	148
85582	148
85605	148
85640	148
85664	148
85699	148
85722	148
85746	148
85781	148
85816	148
85839	148
85875	148
85898	148
85933	148
85968	148
85992	148
86027	148
86062	148
86097	148
86121	148
86156	148
86179	148
86214	148
86250	148
86296	148
86320	148
86355	149
86390	149
86414	149
86449	149
86472	149
86507	149
86542	149
86566	149
86601	149
86625	149
86660	149
86695	149
86718	149
86753	149
86789	149
86812	149
86847	149
86871	149
86906	149
86929	149
86964	149
87011	149
87046	149
87082	149
87105	149
87140	149
87175	149
87199	149
87234	149
87269	149
87292	149
87328	149
87363	149
87386	149
87421	149
87457	149
87480	149
87515	149
87550	149
87585	149
87609	149
87644	149
87679	149
87703	149
87750	149
87785	149
87820	149
87855	149
87878	149
87914	149
87949	150
87972	150
88007	150
88042	150
88066	150
88101	150
88125	150
88160	150
88183	150
88218	150
88253	150
88277	150
88312	150
88335	150
88371	150
88394	150
88429	150
88464	150
88500	150
88535	150
88570	150
88605	150
88640	150
88664	150
88710	150
88734	150
88769	150
88804	150
88828	150
88863	150
88898	150
88921	150
88957	150
88992	150
89015	150
89050	150
89074	150
89097	150
89132	150
89156	150
89191	150
89226	150
89261	150
89296	150
89320	150
89355	150
89390	150
89425	150
89460	150
89484	150
89519	151
89554	151
89578	151
89613	151
89648	151
89683	151
89707	151
89742	151
89777	151
89800	151
89835	151
89871	151
89894	151
89929	151
89964	151
90000	151
90035	151
90070	151
90093	151
90128	151
90164	151
90187	151
90222	151
90257	151
90281	151
90316	151
90351	151
90375	151
90410	151
90445	151
90468	151
90503	151
90539	151
90562	151
90585	151
90621	151
90644	151
90679	151
90714	151
90738	151
90773	151
90808	151
90843	151
90878	151
90902	151
90949	151
90984	151
91007	151
91042	151
91078	151
91113	152
91148	152
91183	152
91218	152
91242	152
91277	152
91300	152
91335	152
91371	152
91394	152
91429	152
91464	152
91488	152
91523	152
91558	152
91593	152
91628	152
91652	152
91687	152
91722	152
91746	152
91781	152
91816	152
91851	152
91875	152
91910	152
91945	152
91980	152
92015	152
92039	152
92074	152
92097	152
92132	152
92156	152
92191	152
92226	152
92261	152
92285	152
92320	152
92355	152
92390	152
92414	152
92449	152
92484	152
92507	152
92542	152
92578	152
92613	152
92648	152
92683	152
92707	153
92742	153
92777	153
92800	153
92835	153
92859	153
92894	153
92929	153
92964	153
92988	153
93023	153
93046	153
93082	153
93117	153
93152	153
93175	153
93210	153
93234	153
93269	153
93304	153
93328	153
93363	153
93410	153
93445	153
93468	153
93503	153
93539	153
93562	153
93597	153
93621	153
93656	153
93691	153
93714	153
93750	153
93773	153
93808	153
93843	153
93878	153
93902	153
93937	153
93972	153
93996	153
94031	153
94066	153
94101	153
94136	153
94171	153
94207	153
94242	153
94265	153
94300	154
94335	154
94359	154
94394	154
94429	154
94453	154
94488	154
94523	154
94546	154
94582	154
94617	154
94652	154
94675	154
94710	154
94746	154
94781	154
94804	154
94839	154
94886	154
94921	154
94957	154
94980	154
95015	154
95050	154
95074	154
95109	154
95132	154
95167	154
95203	154
95238	154
95261	154
95296	154
95332	154
95355	154
95390	154
95425	154
95449	154
95484	154
95507	154
95542	154
95578	154
95613	154
95648	154
95683	154
95718	154
95742	154
95777	154
95812	154
95847	154
95871	154
95906	155
95941	155
95964	155
96000	155
96035	155
96070	155
96093	155
96128	155
96164	155
96187	155
96222	155
96257	155
96281	155
96316	155
96351	155
96386	155
96421	155
96457	155
96480	155
96515	155
96550	155
96585	155
96609	155
96644	155
96679	155
96714	155
96750	155
96785	155
96820	155
96843	155
96878	155
96914	155
96949	155
96972	155
97007	155
97042	155
97078	155
97101	155
97148	155
97183	155
97218	155
97242	155
97277	155
97312	155
97359	155
97382	155
97417	155
97453	155
97488	155
97523	155
97558	156
97593	156
97617	156
97652	156
97675	156
97710	156
97734	156
97769	156
97804	156
97828	156
97863	156
97898	156
97921	156
97957	156
97992	156
98027	156
98050	156
98085	156
98121	156
98156	156
98191	156
98226	156
98261	156
98296	156
98332	156
98367	156
98390	156
98425	156
98460	156
98496	156
98519	156
98554	156
98589	156
98613	156
98648	156
98683	156
98718	156
98742	156
98777	156
98812	156
98847	156
98871	156
98906	156
98941	156
98976	156
99011	156
99058	156
99093	156
99117	156
99152	156
99187	157
99222	157
99257	157
99281	157
99316	157
99351	157
99386	157
99410	157
99445	157
99480	157
99515	157
99550	157
99585	157
99621	157
99644	157
99679	157
99714	157
99761	157
99796	157
99832	157
99867	157
99890	157
99925	157
99960	157
99996	157
100019	157
100054	157
100089	157
100125	157
100148	157
100183	157
100207	157
100242	157
100277	157
100300	157
100335	157
100371	157
100394	157
100429	157
100464	157
100511	157
100546	157
100582	157
100617	157
100640	157
100675	157
100722	157
100746	157
100781	157
100816	157
100851	158
100875	158
100910	158
100945	158
100968	158
101003	158
101039	158
101062	158
101085	158
101121	158
101156	158
101179	158
101214	158
101250	158
101285	158
101320	158
101355	158
101390	158
101425	158
101460	158
101496	158
101519	158
101554	158
101589	158
101625	158
101660	158
101683	158
101718	158
101753	158
101789	158
101812	158
101847	158
101882	158
101917	158
101953	158
101976	158
102023	158
102058	158
102093	158
102117	158
102152	158
102187	158
102222	158
102246	158
102281	158
102316	158
102351	158
102375	158
102410	158
102445	158
102480	159
102503	159
102539	159
102562	159
102585	159
102621	159
102656	159
102679	159
102714	159
102750	159
102785	159
102820	159
102855	159
102878	159
102914	159
102960	159
102996	159
103019	159
103054	159
103089	159
103125	159
103160	159
103195	159
103230	159
103253	159
103289	159
103324	159
103347	159
103382	159
103417	159
103441	159
103476	159
103511	159
103546	159
103582	159
103617	159
103640	159
103675	159
103710	159
103746	159
103769	159
103804	159
103839	159
103875	159
103910	159
103945	159
103968	159
104003	159
104039	159
104062	159
104097	160
104121	160
104156	160
104191	160
104226	160
104250	160
104285	160
104320	160
104355	160
104390	160
104414	160
104449	160
104484	160
104519	160
104542	160
104578	160
104613	160
104648	160
104683	160
104718	160
104753	160
104789	160
104812	160
104847	160
104871	160
104906	160
104941	160
104964	160
105000	160
105035	160
105058	160
105093	160
105128	160
105164	160
105187	160
105222	160
105257	160
105281	160
105316	160
105351	160
105386	160
105421	160
105457	160
105492	160
105515	160
105550	160
105574	160
105609	160
105632	160
105667	160
105703	161
105738	161
105761	161
105796	161
105832	161
105855	161
105890	161
105925	161
105949	161
105984	161
106019	161
106054	161
106078	161
106125	161
106160	161
106195	161
106230	161
106253	161
106289	161
106324	161
106347	161
106382	161
106417	161
106441	161
106476	161
106511	161
106546	161
106570	161
106605	161
106640	161
106675	161
106699	161
106734	161
106769	161
106804	161
106828	161
106875	161
106910	161
106945	161
106980	161
107003	161
107039	161
107074	161
107097	161
107132	161
107156	161
107191	161
107226	161
107250	161
107285	161
107320	162
107343	162
107378	162
107414	162
107437	162
107472	162
107507	162
107531	162
107566	162
107601	162
107636	162
107671	162
107707	162
107730	162
107765	162
107800	162
107835	162
107859	162
107894	162
107929	162
107953	162
107988	162
108023	162
108058	162
108093	162
108117	162
108152	162
108187	162
108210	162
108246	162
108269	162
108304	162
108339	162
108375	162
108410	162
108445	162
108480	162
108503	162
108539	162
108574	162
108609	162
108632	162
108667	162
108703	162
108738	162
108773	162
108796	162
108832	162
108867	162
108902	162
108925	163
108960	163
108996	163
109019	163
109054	163
109089	163
109125	163
109160	163
109195	163
109230	163
109253	163
109289	163
109324	163
109359	163
109394	163
109429	163
109464	163
109500	163
109535	163
109558	163
109593	163
109628	163
109652	163
109687	163
109710	163
109734	163
109769	163
109804	163
109828	163
109863	163
109898	163
109921	163
109957	163
109992	163
110027	163
110050	163
110085	163
110121	163
110156	163
110179	163
110214	163
110261	163
110296	163
110332	163
110367	163
110390	163
110425	163
110460	163
110484	163
110519	163
110554	164
110578	164
110613	164
110648	164
110671	164
110707	164
110742	164
110765	164
110800	164
110835	164
110871	164
110894	164
110929	164
110964	164
111000	164
111035	164
111070	164
111105	164
111140	164
111164	164
111199	164
111234	164
111269	164
111292	164
111328	164
111363	164
111386	164
111421	164
111457	164
111492	164
111515	164
111550	164
111585	164
111621	164
111644	164
111679	164
111714	164
111750	164
111796	164
111832	164
111855	164
111890	164
111925	164
111949	164
111984	164
112007	164
112042	164
112078	164
112101	164
112136	164
112160	165
112195	165
112230	165
112253	165
112289	165
112312	165
112347	165
112382	165
112406	165
112441	165
112476	165
112511	165
112558	165
112593	165
112617	165
112652	165
112687	165
112722	165
112757	165
112781	165
112816	165
112851	165
112875	165
112910	165
112933	165
112968	165
113003	165
113039	165
113062	165
113085	165
113121	165
113144	165
113179	165
113214	165
113238	165
113273	165
113308	165
113343	165
113378	165
113414	165
113437	165
113472	165
113507	165
113542	165
113566	165
113601	165
113636	165
113671	165
113695	165
113730	165
113765	166
113789	166
113824	166
113847	166
113882	166
113917	166
113941	166
113976	166
114011	166
114046	166
114082	166
114117	166
114140	166
114175	166
114199	166
114234	166
114269	166
114292	166
114328	166
114363	166
114386	166
114421	166
114457	166
114480	166
114515	166
114539	166
114562	166
114597	166
114621	166
114656	166
114679	166
114714	166
114750	166
114785	166
114820	166
114843	166
114878	166
114914	166
114949	166
114984	166
115019	166
115042	166
115078	166
115113	166
115148	166
115183	166
115218	166
115242	166
115277	166
115312	166
115335	167
115371	167
115394	167
115429	167
115464	167
115488	167
115523	167
115558	167
115593	167
115617	167
115652	167
115687	167
115710	167
115746	167
115781	167
115804	167
115839	167
115875	167
115910	167
115945	167
115968	167
116003	167
116039	167
116062	167
116085	167
116121	167
116144	167
116179	167
116203	167
116238	167
116273	167
116296	167
116332	167
116367	167
116390	167
116425	167
116460	167
116484	167
116519	167
116542	167
116578	167
116613	167
116648	167
116683	167
116718	167
116742	167
116777	167
116800	167
116835	167
116859	167
116894	168
116929	168
116953	168
116988	168
117011	168
117046	168
117082	168
117105	168
117140	168
117164	168
117199	168
117234	168
117257	168
117292	168
117328	168
117363	168
117398	168
117433	168
117457	168
117492	168
117527	168
117550	168
117585	168
117609	168
117644	168
117667	168
117703	168
117738	168
117761	168
117796	168
117820	168
117855	168
117890	168
117914	168
117949	168
117984	168
118007	168
118042	168
118078	168
118101	168
118148	168
118183	168
118207	168
118242	168
118277	168
118300	168
118335	168
118359	168
118394	168
118417	168
118453	169
118488	169
118511	169
118546	169
118582	169
118605	169
118640	169
118664	169
118699	169
118734	169
118757	169
118792	169
118828	169
118863	169
118898	169
118933	169
118957	169
118992	169
119027	169
119050	169
119085	169
119109	169
119144	169
119167	169
119203	169
119238	169
119261	169
119296	169
119320	169
119355	169
119390	169
119414	169
119449	169
119472	169
119507	169
119531	169
119566	169
119601	169
119636	169
119671	169
119707	169
119730	169
119765	169
119789	169
119824	169
119859	169
119882	169
119917	169
119953	169
119988	169
120011	170
120046	170
120082	170
120105	170
120140	170
120175	170
120199	170
120234	170
120257	170
120292	170
120328	170
120351	170
120386	170
120421	170
120457	170
120492	170
120515	170
120550	170
120585	170
120609	170
120644	170
120667	170
120703	170
120738	170
120773	170
120796	170
120832	170
120867	170
120890	170
120925	170
120949	170
120984	170
121019	170
121042	170
121078	170
121113	170
121148	170
121183	170
121207	170
121242	170
121277	170
121312	170
121347	170
121371	170
121406	170
121441	170
121464	170
121500	170
121535	170
121570	170
121605	171
121628	171
121664	171
121687	171
121710	171
121746	171
121769	171
121804	171
121828	171
121863	171
121898	171
121921	171
121957	171
121992	171
122015	171
122050	171
122085	171
122121	171
122144	171
122179	171
122214	171
122250	171
122285	171
122320	171
122355	171
122378	171
122414	171
122449	171
122472	171
122507	171
122542	171
122566	171
122601	171
122625	171
122660	171
122695	171
122718	171
122753	171
122789	171
122812	171
122847	171
122882	171
122906	171
122941	171
122976	171
123011	171
123046	171
123082	171
123105	171
123140	171
123175	172
123199	172
123234	172
123269	172
123292	172
123328	172
123351	172
123386	172
123421	172
123445	172
123480	172
123515	172
123539	172
123574	172
123609	172
123644	172
123667	172
123703	172
123738	172
123773	172
123820	172
123843	172
123878	172
123902	172
123937	172
123972	172
123996	172
124031	172
124066	172
124089	172
124125	172
124148	172
124183	172
124207	172
124242	172
124277	172
124300	172
124324	172
124359	172
124394	172
124417	172
124453	172
124488	172
124535	172
124570	172
124605	172
124628	172
124664	172
124699	172
124734	172
124757	173
124792	173
124828	173
124851	173
124886	173
124921	173
124945	173
124980	173
125015	173
125039	173
125062	173
125085	173
125121	173
125156	173
125179	173
125214	173
125250	173
125285	173
125320	173
125343	173
125378	173
125402	173
125437	173
125472	173
125507	173
125531	173
125566	173
125601	173
125625	173
125660	173
125695	173
125730	173
125753	173
125789	173
125812	173
125847	173
125871	173
125906	173
125941	173
125964	173
126000	173
126035	173
126070	173
126105	173
126128	173
126164	173
126199	173
126222	173
126257	173
126281	173
126316	174
126351	174
126375	174
126410	174
126445	174
126468	174
126503	174
126539	174
126562	174
126585	174
126609	174
126644	174
126679	174
126703	174
126738	174
126773	174
126808	174
126843	174
126867	174
126902	174
126937	174
126972	174
127007	174
127031	174
127066	174
127101	174
127136	174
127171	174
127207	174
127230	174
127265	174
127300	174
127324	174
127359	174
127382	174
127417	174
127453	174
127476	174
127511	174
127546	174
127582	174
127605	174
127640	174
127664	174
127699	174
127734	174
127757	174
127792	174
127828	174
127851	174
127886	175
127921	175
127957	175
127980	175
128015	175
128050	175
128074	175
128097	175
128132	175
128156	175
128191	175
128226	175
128250	175
128285	175
128320	175
128343	175
128378	175
128414	175
128437	175
128472	175
128507	175
128531	175
128566	175
128601	175
128636	175
128671	175
128707	175
128730	175
128765	175
128800	175
128824	175
128847	175
128882	175
128917	175
128941	175
128976	175
129011	175
129035	175
129070	175
129105	175
129128	175
129164	175
129187	175
129222	175
129257	175
129281	175
129316	175
129351	175
129386	175
129421	175
129457	176
129492	176
129515	176
129550	176
129574	176
129609	176
129632	176
129667	176
129703	176
129726	176
129761	176
129785	176
129820	176
129855	176
129890	176
129914	176
129949	176
129972	176
130007	176
130042	176
130066	176
130101	176
130136	176
130171	176
130207	176
130242	176
130277	176
130300	176
130335	176
130359	176
130394	176
130417	176
130453	176
130488	176
130511	176
130546	176
130582	176
130605	176
130640	176
130675	176
130699	176
130734	176
130769	176
130792	176
130828	176
130863	176
130898	176
130933	176
130968	176
131003	176
131027	177
131062	177
131097	177
131121	177
131156	177
131179	177
131214	177
131250	177
131273	177
131308	177
131343	177
131367	177
131402	177
131425	177
131460	177
131496	177
131519	177
131554	177
131589	177
131625	177
131660	177
131695	177
131718	177
131753	177
131789	177
131812	177
131847	177
131882	177
131906	177
131941	177
131976	177
132011	177
132035	177
132070	177
132105	177
132128	177
132164	177
132199	177
132222	177
132257	177
132281	177
132316	177
132351	177
132386	177
132421	177
132445	177
132480	177
132515	177
132539	177
132574	177
132609	178
132632	178
132667	178
132703	178
132738	178
132773	178
132796	178
132832	178
132867	178
132890	178
132925	178
132960	178
132984	178
133019	178
133054	178
133078	178
133113	178
133148	178
133183	178
133218	178
133253	178
133277	178
133324	178
133359	178
133382	178
133417	178
133453	178
133488	178
133523	178
133546	178
133582	178
133617	178
133652	178
133675	178
133699	178
133722	178
133757	178
133792	178
133816	178
133851	178
133886	178
133910	178
133945	178
133980	178
134015	178
134039	178
134074	178
134109	178
134144	178
134167	178
134203	179
134238	179
134285	179
134320	179
134343	179
134378	179
134414	179
134437	179
134472	179
134507	179
134531	179
134566	179
134601	179
134625	179
134660	179
134695	179
134718	179
134753	179
134789	179
134812	179
134847	179
134882	179
134906	179
134941	179
134976	179
135011	179
135058	179
135082	179
135117	179
135152	179
135187	179
135210	179
135246	179
135281	179
135304	179
135339	179
135375	179
135398	179
135433	179
135468	179
135503	179
135527	179
135562	179
135597	179
135632	179
135656	179
135691	179
135726	179
135773	179
135808	179
135843	180
135867	180
135902	180
135937	180
135972	180
135996	180
136031	180
136066	180
136089	180
136125	180
136148	180
136183	180
136207	180
136242	180
136277	180
136300	180
136335	180
136371	180
136394	180
136429	180
136464	180
136500	180
136535	180
136570	180
136605	180
136640	180
136675	180
136710	180
136746	180
136769	180
136804	180
136839	180
136863	180
136898	180
136933	180
136957	180
136992	180
137027	180
137050	180
137074	180
137109	180
137132	180
137167	180
137203	180
137238	180
137273	180
137308	180
137332	180
137367	180
137402	180
137437	181
137460	181
137496	181
137531	181
137566	181
137589	181
137625	181
137660	181
137695	181
137718	181
137753	181
137789	181
137812	181
137847	181
137882	181
137906	181
137941	181
137976	181
138011	181
138046	181
138082	181
138105	181
138140	181
138175	181
138199	181
138234	181
138269	181
138292	181
138328	181
138363	181
138386	181
138421	181
138457	181
138480	181
138515	181
138550	181
138574	181
138597	181
138632	181
138656	181
138691	181
138726	181
138750	181
138785	181
138820	181
138855	181
138890	181
138914	181
138960	181
138996	181
139019	182
139054	182
139089	182
139125	182
139160	182
139195	182
139218	182
139253	182
139289	182
139312	182
139347	182
139371	182
139406	182
139429	182
139464	182
139500	182
139535	182
139570	182
139593	182
139628	182
139664	182
139687	182
139722	182
139757	182
139781	182
139816	182
139851	182
139886	182
139910	182
139945	182
139980	182
140015	182
140039	182
140074	182
140097	182
140121	182
140156	182
140191	182
140214	182
140250	182
140285	182
140320	182
140343	182
140378	182
140414	182
140437	182
140472	182
140507	182
140531	182
140566	182
140601	183
140636	183
140671	183
140707	183
140730	183
140765	183
140789	183
140824	183
140847	183
140882	183
140917	183
140941	183
140976	183
141011	183
141035	183
141070	183
141093	183
141128	183
141164	183
141187	183
141222	183
141257	183
141281	183
141316	183
141351	183
141386	183
141421	183
141457	183
141480	183
141515	183
141539	183
141574	183
141597	183
141632	183
141667	183
141691	183
141726	183
141750	183
141785	183
141808	183
141843	183
141878	183
141902	183
141937	183
141972	183
141996	183
142031	183
142066	183
142089	183
142136	183
142171	184
142195	184
142230	184
142265	184
142289	184
142324	184
142347	184
142382	184
142417	184
142441	184
142476	184
142511	184
142535	184
142570	184
142605	184
142628	184
142664	184
142699	184
142722	184
142757	184
142792	184
142816	184
142851	184
142886	184
142921	184
142957	184
142992	184
143027	184
143050	184
143085	184
143109	184
143144	184
143167	184
143203	184
143238	184
143261	184
143296	184
143320	184
143355	184
143390	184
143414	184
143449	184
143472	184
143507	184
143531	184
143566	184
143601	184
143636	184
143671	184
143707	184
143730	185
143765	185
143800	185
143824	185
143859	185
143894	185
143917	185
143953	185
143988	185
144011	185
144046	185
144082	185
144117	185
144140	185
144175	185
144199	185
144234	185
144257	185
144292	185
144328	185
144351	185
144386	185
144421	185
144457	185
144492	185
144515	185
144550	185
144585	185
144609	185
144644	185
144679	185
144703	185
144738	185
144773	185
144808	185
144843	185
144867	185
144902	185
144925	185
144960	185
144996	185
145019	185
145054	185
145089	185
145113	185
145160	185
145183	185
145218	185
145253	185
145289	185
145324	186
145359	186
145382	186
145417	186
145453	186
145488	186
145523	186
145546	186
145582	186
145617	186
145652	186
145675	186
145699	186
145722	186
145757	186
145792	186
145816	186
145851	186
145875	186
145910	186
145945	186
145980	186
146003	186
146039	186
146074	186
146109	186
146132	186
146167	186
146203	186
146238	186
146273	186
146308	186
146343	186
146378	186
146402	186
146437	186
146472	186
146496	186
146531	186
146554	186
146589	186
146625	186
146648	186
146683	186
146718	186
146742	186
146777	186
146812	186
146835	186
146871	186
146906	187
146929	187
146964	187
147000	187
147046	187
147082	187
147105	187
147140	187
147175	187
147199	187
147234	187
147269	187
147292	187
147328	187
147363	187
147386	187
147421	187
147457	187
147492	187
147515	187
147550	187
147585	187
147621	187
147644	187
147679	187
147714	187
147750	187
147796	187
147832	187
147855	187
147890	187
147925	187
147949	187
147984	187
148007	187
148042	187
148078	187
148101	187
148136	187
148160	187
148195	187
148230	187
148253	187
148289	187
148312	187
148347	187
148382	187
148406	187
148441	187
148476	187
148511	188
148558	188
148593	188
148617	188
148652	188
148687	188
148722	188
148757	188
148781	188
148816	188
148851	188
148875	188
148910	188
148933	188
148968	188
149003	188
149039	188
149062	188
149085	188
149109	188
149144	188
149179	188
149203	188
149238	188
149273	188
149308	188
149343	188
149378	188
149402	188
149437	188
149472	188
149507	188
149531	188
149566	188
149601	188
149636	188
149671	188
149695	188
149730	188
149765	188
149789	188
149824	188
149859	188
149882	188
149917	188
149953	188
149976	188
150011	188
150046	188
150082	188
150117	189
150152	189
150175	189
150210	189
150246	189
150269	189
150304	189
150339	189
150363	189
150398	189
150433	189
150457	189
150492	189
150527	189
150550	189
150574	189
150609	189
150632	189
150667	189
150703	189
150726	189
150761	189
150796	189
150832	189
150867	189
150890	189
150925	189
150972	189
150996	189
151031	189
151066	189
151101	189
151136	189
151171	189
151195	189
151230	189
151265	189
151289	189
151324	189
151359	189
151382	189
151417	189
151453	189
151476	189
151511	189
151546	189
151582	189
151605	189
151640	189
151675	189
151710	190
151734	190
151769	190
151804	190
151828	190
151863	190
151898	190
151933	190
151968	190
151992	190
152027	190
152062	190
152085	190
152109	190
152144	190
152179	190
152203	190
152238	190
152273	190
152296	190
152332	190
152367	190
152402	190
152425	190
152460	190
152496	190
152519	190
152554	190
152589	190
152625	190
152660	190
152695	190
152718	190
152753	190
152789	190
152812	190
152847	190
152871	190
152906	190
152941	190
152964	190
153000	190
153035	190
153058	190
153093	190
153128	190
153152	190
153187	190
153222	190
153246	190
153281	191
153316	191
153351	191
153386	191
153421	191
153457	191
153480	191
153515	191
153550	191
153574	191
153609	191
153632	191
153667	191
153703	191
153726	191
153761	191
153796	191
153820	191
153855	191
153890	191
153914	191
153949	191
153984	191
154007	191
154042	191
154078	191
154113	191
154148	191
154183	191
154218	191
154253	191
154277	191
154312	191
154335	191
154371	191
154406	191
154429	191
154464	191
154500	191
154523	191
154558	191
154593	191
154628	191
154652	191
154687	191
154722	191
154757	191
154781	191
154816	191
154851	191
154886	192
154921	192
154957	192
154992	192
155015	192
155050	192
155085	192
155109	192
155144	192
155179	192
155203	192
155238	192
155261	192
155296	192
155332	192
timepoint: 181.78