0	0
0	0
0	0
0	0
0	0
0	0
0	0
0	0
0	0
0	0
0	0
0	0
0	0
0	0
0	0
0	0
0	0
0	0
0	0
0	0
0	0
0	0
0	0
0	0
0	0
0	0
0	0
0	0
0	0
0	0
0	0
0	0
0	0
0	0
0	0
0	0
0	0
0	0
0	0
0	0
0	0
0	0
0	0
0	0
0	0
0	0
0	0
0	0
0	0
0	0
0	1
0	1
0	1
0	1
0	1
0	1
0	1
0	1
0	1
0	1
0	1
0	1
0	1
0	1
0	1
0	1
0	1
0	1
0	1
0	1
0	1
0	1
0	1
0	1
0	1
0	1
0	1
0	1
0	1
0	1
0	1
0	1
0	1
0	1
0	1
0	1
0	1
0	1
0	1
0	1
0	1
0	1
0	1
0	1
0	1
0	1
0	1
0	1
0	1
0	1
0	2
0	2
0	2
0	2
0	2
0	2
0	2
0	2
0	2
0	2
0	2
0	2
0	2
0	2
0	2
0	2
0	2
0	2
0	2
0	2
0	2
0	2
0	2
0	2
0	2
0	2
0	2
0	2
0	2
0	2
0	2
0	2
0	2
0	2
0	2
0	2
0	2
0	2
0	2
0	2
0	2
0	2
0	2
0	2
0	2
0	2
0	2
0	2
0	2
0	2
0	3
0	3
0	3
0	3
0	3
0	3
0	3
0	3
0	3
0	3
0	3
0	3
0	3
0	3
0	3
0	3
0	3
0	3
0	3
0	3
0	3
0	3
0	3
0	3
0	3
0	3
0	3
0	3
0	3
0	3
0	3
0	3
0	3
0	3
0	3
0	3
0	3
0	3
0	3
0	3
0	3
0	3
0	3
0	3
0	3
0	3
0	3
0	3
0	3
0	3
0	4
0	4
0	4
0	4
0	4
0	4
0	4
0	4
0	4
0	4
0	4
0	4
0	4
0	4
0	4
0	4
0	4
0	4
0	4
0	4
0	4
0	4
0	4
0	4
0	4
0	4
0	4
0	4
0	4
0	4
0	4
0	4
0	4
0	4
0	4
0	4
0	4
0	4
0	4
0	4
0	4
0	4
0	4
0	4
0	4
0	4
0	4
0	4
0	4
0	4
0	5
0	5
0	5
0	5
0	5
0	5
0	5
0	5
0	5
0	5
0	5
0	5
0	5
0	5
0	5
0	5
0	5
0	5
0	5
11	5
11	5
11	5
11	5
11	5
11	5
11	5
11	5
11	5
23	5
23	5
23	5
23	5
23	5
23	5
23	5
23	5
23	5
23	5
23	5
23	5
35	5
35	5
35	5
35	5
35	5
35	5
35	5
35	5
35	5
35	5
35	6
35	6
35	6
35	6
35	6
35	6
23	6
23	6
23	6
23	6
23	6
23	6
23	6
23	6
23	6
23	6
23	6
23	6
23	6
23	6
23	6
23	6
23	6
11	6
11	6
11	6
11	6
11	6
11	6
11	6
11	6
11	6
11	6
11	6
11	6
11	6
11	6
23	6
23	6
23	6
23	6
23	6
23	6
23	6
23	6
23	6
23	6
23	6
23	6
23	6
23	7
23	7
35	7
35	7
35	7
35	7
35	7
35	7
35	7
35	7
35	7
35	7
35	7
35	7
35	7
35	7
35	7
35	7
35	7
35	7
35	7
35	7
35	7
35	7
35	7
35	7
35	7
35	7
35	7
35	7
35	7
35	7
35	7
35	7
35	7
35	7
35	7
35	7
23	7
23	7
23	7
23	7
23	7
23	7
23	7
23	7
23	7
23	7
23	7
23	7
23	8
23	8
23	8
23	8
23	8
23	8
23	8
23	8
23	8
23	8
23	8
23	8
23	8
23	8
23	8
23	8
23	8
23	8
35	8
35	8
35	8
35	8
35	8
35	8
35	8
35	8
35	8
35	8
35	8
35	8
35	8
35	8
35	8
35	8
35	8
35	8
35	8
35	8
35	8
35	8
35	8
35	8
35	8
35	8
35	8
35	8
35	8
35	8
35	8
35	8
35	9
35	9
35	9
35	9
35	9
35	9
35	9
35	9
35	9
35	9
35	9
35	9
35	9
35	9
35	9
35	9
35	9
35	9
35	9
35	9
35	9
35	9
35	9
35	9
35	9
35	9
35	9
35	9
35	9
35	9
35	9
35	9
35	9
35	9
35	9
35	9
35	9
35	9
35	9
35	9
35	9
35	9
35	9
35	9
35	9
35	9
35	9
35	9
35	9
35	9
35	10
35	10
35	10
35	10
35	10
35	10
35	10
35	10
35	10
35	10
35	10
35	10
35	10
35	10
35	10
35	10
35	10
35	10
35	10
35	10
35	10
35	10
35	10
35	10
35	10
35	10
35	10
35	10
35	10
35	10
35	10
35	10
35	10
35	10
35	10
35	10
35	10
35	10
35	10
35	10
35	10
35	10
35	10
35	10
35	10
35	10
35	10
35	10
35	10
35	10
35	11
35	11
35	11
35	11
35	11
35	11
35	11
35	11
35	11
35	11
35	11
35	11
35	11
35	11
35	11
35	11
35	11
35	11
35	11
35	11
35	11
35	11
35	11
35	11
35	11
35	11
35	11
35	11
35	11
35	11
35	11
35	11
35	11
35	11
35	11
35	11
35	11
35	11
35	11
35	11
35	11
35	11
35	11
35	11
35	11
35	11
35	11
35	11
35	11
35	11
35	12
35	12
35	12
35	12
35	12
35	12
35	12
35	12
35	12
35	12
35	12
35	12
35	12
35	12
35	12
35	12
35	12
35	12
35	12
35	12
35	12
35	12
35	12
35	12
35	12
35	12
35	12
35	12
35	12
35	12
35	12
35	12
35	12
35	12
35	12
35	12
35	12
35	12
35	12
35	12
35	12
35	12
35	12
35	12
35	12
35	12
35	12
35	12
35	12
35	12
35	13
35	13
35	13
35	13
35	13
35	13
35	13
35	13
35	13
35	13
35	13
35	13
35	13
35	13
35	13
35	13
35	13
35	13
35	13
35	13
35	13
35	13
35	13
35	13
35	13
35	13
35	13
35	13
35	13
35	13
35	13
35	13
35	13
35	13
35	13
35	13
35	13
35	13
35	13
35	13
35	13
35	13
35	13
35	13
35	13
35	13
35	13
35	13
35	13
35	13
35	14
35	14
35	14
35	14
35	14
35	14
35	14
35	14
35	14
35	14
35	14
35	14
35	14
35	14
35	14
35	14
35	14
35	14
35	14
35	14
35	14
35	14
35	14
35	14
35	14
35	14
35	14
35	14
35	14
35	14
35	14
35	14
35	14
35	14
35	14
35	14
35	14
35	14
35	14
35	14
35	14
35	14
35	14
35	14
35	14
35	14
35	14
35	14
35	14
35	14
35	15
35	15
35	15
35	15
35	15
35	15
35	15
35	15
35	15
35	15
35	15
35	15
35	15
35	15
35	15
35	15
35	15
35	15
35	15
35	15
35	15
35	15
35	15
35	15
35	15
35	15
35	15
35	15
35	15
35	15
35	15
35	15
35	15
35	15
35	15
35	15
35	15
35	15
35	15
35	15
35	15
35	15
35	15
35	15
35	15
35	15
35	15
35	15
35	15
35	15
35	16
35	16
35	16
35	16
35	16
35	16
35	16
35	16
35	16
35	16
35	16
35	16
35	16
35	16
35	16
35	16
35	16
35	16
35	16
35	16
35	16
35	16
35	16
35	16
35	16
35	16
35	16
35	16
35	16
35	16
35	16
35	16
35	16
35	16
35	16
35	16
35	16
35	16
35	16
35	16
35	16
35	16
35	16
35	16
35	16
35	16
35	16
35	16
35	16
35	16
35	17
35	17
35	17
35	17
35	17
35	17
35	17
35	17
35	17
35	17
35	17
35	17
35	17
35	17
35	17
35	17
35	17
35	17
35	17
35	17
35	17
35	17
35	17
35	17
35	17
35	17
35	17
35	17
35	17
35	17
35	17
35	17
35	17
35	17
35	17
35	17
35	17
35	17
35	17
35	17
35	17
35	17
35	17
35	17
35	17
35	17
35	17
35	17
35	17
35	17
35	18
35	18
35	18
35	18
35	18
35	18
35	18
35	18
35	18
35	18
35	18
35	18
35	18
35	18
35	18
35	18
35	18
35	18
35	18
35	18
35	18
35	18
35	18
35	18
35	18
35	18
35	18
35	18
35	18
35	18
35	18
35	18
35	18
35	18
35	18
35	18
35	18
35	18
35	18
35	18
35	18
35	18
35	18
35	18
35	18
35	18
35	18
35	18
35	18
35	18
35	19
35	19
35	19
35	19
35	19
35	19
35	19
35	19
35	19
35	19
35	19
35	19
35	19
35	19
35	19
35	19
35	19
35	19
35	19
35	19
35	19
35	19
35	19
35	19
35	19
35	19
35	19
35	19
35	19
35	19
35	19
35	19
35	19
35	19
35	19
35	19
35	19
35	19
35	19
35	19
35	19
35	19
35	19
35	19
35	19
35	19
35	19
35	19
35	19
35	19
35	20
35	20
35	20
35	20
35	20
35	20
35	20
35	20
35	20
35	20
35	20
35	20
35	20
35	20
35	20
35	20
35	20
35	20
35	20
35	20
35	20
35	20
35	20
35	20
35	20
35	20
35	20
35	20
35	20
35	20
35	20
35	20
35	20
35	20
35	20
35	20
35	20
35	20
35	20
35	20
35	20
35	20
35	20
35	20
35	20
35	20
35	20
35	20
35	20
35	20
35	21
35	21
35	21
35	21
35	21
35	21
35	21
35	21
35	21
35	21
35	21
35	21
35	21
35	21
35	21
35	21
35	21
35	21
35	21
35	21
35	21
35	21
35	21
35	21
35	21
35	21
35	21
35	21
35	21
35	21
35	21
35	21
35	21
35	21
35	21
35	21
35	21
35	21
35	21
35	21
35	21
35	21
35	21
35	21
35	21
35	21
35	21
35	21
35	21
35	21
35	22
35	22
35	22
35	22
35	22
35	22
35	22
35	22
35	22
35	22
35	22
35	22
35	22
35	22
35	22
35	22
35	22
35	22
35	22
35	22
35	22
35	22
35	22
35	22
35	22
35	22
35	22
35	22
35	22
35	22
35	22
35	22
35	22
35	22
35	22
35	22
35	22
35	22
35	22
35	22
35	22
35	22
35	22
35	22
35	22
35	22
35	22
35	22
35	22
35	22
35	23
35	23
35	23
35	23
35	23
35	23
35	23
35	23
35	23
35	23
35	23
35	23
35	23
35	23
35	23
35	23
35	23
35	23
35	23
35	23
35	23
35	23
35	23
35	23
35	23
35	23
35	23
35	23
35	23
35	23
35	23
35	23
35	23
35	23
35	23
35	23
35	23
35	23
35	23
35	23
35	23
35	23
35	23
35	23
35	23
35	23
35	23
35	23
35	23
35	23
35	24
35	24
35	24
35	24
35	24
35	24
35	24
35	24
35	24
35	24
35	24
35	24
35	24
35	24
35	24
35	24
35	24
35	24
35	24
35	24
35	24
35	24
35	24
35	24
35	24
35	24
35	24
35	24
35	24
35	24
35	24
35	24
35	24
35	24
35	24
35	24
35	24
35	24
35	24
35	24
35	24
35	24
35	24
35	24
35	24
35	24
35	24
35	24
35	24
35	24
35	25
35	25
35	25
35	25
35	25
35	25
35	25
35	25
35	25
35	25
35	25
35	25
35	25
35	25
35	25
35	25
35	25
35	25
35	25
35	25
35	25
35	25
35	25
35	25
35	25
35	25
35	25
35	25
35	25
35	25
35	25
35	25
35	25
35	25
35	25
35	25
35	25
35	25
35	25
35	25
35	25
35	25
35	25
35	25
35	25
35	25
35	25
35	25
35	25
35	25
35	26
35	26
35	26
35	26
35	26
35	26
35	26
35	26
35	26
35	26
35	26
35	26
35	26
35	26
35	26
35	26
35	26
35	26
35	26
35	26
35	26
35	26
35	26
35	26
35	26
35	26
35	26
35	26
35	26
35	26
35	26
35	26
35	26
35	26
35	26
35	26
35	26
35	26
35	26
35	26
35	26
35	26
35	26
35	26
35	26
35	26
35	26
35	26
35	26
35	26
35	27
35	27
35	27
35	27
35	27
35	27
35	27
35	27
35	27
35	27
35	27
35	27
35	27
35	27
35	27
35	27
35	27
35	27
35	27
35	27
35	27
35	27
35	27
35	27
35	27
35	27
35	27
35	27
35	27
35	27
35	27
35	27
35	27
35	27
35	27
35	27
35	27
35	27
35	27
35	27
35	27
35	27
35	27
35	27
35	27
35	27
35	27
35	27
35	27
35	27
35	28
35	28
35	28
35	28
35	28
35	28
35	28
35	28
35	28
35	28
35	28
35	28
35	28
35	28
35	28
35	28
35	28
35	28
35	28
35	28
35	28
35	28
35	28
35	28
35	28
35	28
35	28
35	28
35	28
35	28
35	28
35	28
35	28
35	28
35	28
35	28
35	28
35	28
35	28
35	28
35	28
35	28
35	28
35	28
35	28
35	28
35	28
35	28
35	28
35	28
35	29
35	29
35	29
35	29
35	29
35	29
35	29
35	29
35	29
35	29
35	29
35	29
35	29
35	29
35	29
35	29
35	29
35	29
35	29
35	29
35	29
35	29
35	29
35	29
35	29
35	29
35	29
35	29
35	29
35	29
35	29
35	29
35	29
35	29
35	29
35	29
35	29
35	29
35	29
35	29
35	29
35	29
35	29
35	29
35	29
35	29
35	29
35	29
35	29
35	29
35	30
35	30
35	30
35	30
35	30
35	30
35	30
35	30
35	30
35	30
35	30
35	30
35	30
35	30
35	30
35	30
35	30
35	30
35	30
35	30
35	30
35	30
35	30
35	30
35	30
35	30
35	30
35	30
35	30
35	30
35	30
35	30
35	30
35	30
35	30
35	30
35	30
35	30
35	30
35	30
35	30
35	30
35	30
35	30
35	30
35	30
35	30
35	30
35	30
35	30
35	31
35	31
35	31
35	31
35	31
35	31
35	31
35	31
35	31
35	31
35	31
35	31
35	31
35	31
35	31
35	31
35	31
35	31
35	31
35	31
35	31
35	31
35	31
35	31
35	31
35	31
35	31
35	31
35	31
35	31
35	31
35	31
35	31
35	31
35	31
35	31
35	31
35	31
35	31
35	31
35	31
35	31
35	31
35	31
35	31
35	31
35	31
35	31
35	31
35	31
35	32
35	32
35	32
35	32
35	32
35	32
35	32
35	32
35	32
35	32
35	32
35	32
35	32
35	32
35	32
35	32
35	32
35	32
35	32
35	32
35	32
35	32
35	32
35	32
35	32
35	32
35	32
35	32
46	32
46	32
46	32
46	32
46	32
46	32
46	32
46	32
46	32
46	32
46	32
46	32
46	32
46	32
46	32
46	32
46	32
46	32
46	32
46	32
46	32
46	32
46	33
46	33
46	33
46	33
46	33
46	33
58	33
58	33
58	33
58	33
58	33
58	33
58	33
58	33
58	33
58	33
58	33
58	33
58	33
58	33
58	33
58	33
58	33
58	33
58	33
58	33
58	33
58	33
70	33
70	33
70	33
70	33
70	33
70	33
70	33
70	33
70	33
70	33
70	33
70	33
70	33
70	33
82	33
82	33
82	33
82	33
82	33
82	33
82	33
82	33
82	34
82	34
82	34
82	34
82	34
93	34
93	34
93	34
93	34
93	34
93	34
93	34
93	34
93	34
93	34
93	34
93	34
93	34
93	34
105	34
105	34
105	34
105	34
105	34
105	34
105	34
105	34
105	34
105	34
105	34
105	34
117	34
117	34
117	34
117	34
117	34
117	34
117	34
117	34
117	34
117	34
117	34
128	34
128	34
128	34
128	34
128	34
128	34
128	34
128	34
128	35
128	35
128	35
140	35
140	35
140	35
140	35
140	35
140	35
140	35
140	35
140	35
152	35
152	35
152	35
152	35
152	35
152	35
152	35
152	35
164	35
164	35
164	35
164	35
164	35
164	35
164	35
164	35
164	35
175	35
175	35
175	35
175	35
175	35
175	35
175	35
187	35
187	35
187	35
187	35
187	35
187	35
187	35
187	35
187	35
199	35
199	35
199	35
199	35
199	35
199	36
199	36
210	36
210	36
210	36
210	36
210	36
210	36
210	36
210	36
210	36
222	36
222	36
222	36
222	36
222	36
222	36
222	36
222	36
234	36
234	36
234	36
234	36
234	36
234	36
234	36
246	36
246	36
246	36
246	36
246	36
246	36
246	36
246	36
257	36
257	36
257	36
257	36
257	36
257	36
269	36
269	36
269	36
269	36
269	36
269	36
281	36
281	36
281	36
281	36
281	37
281	37
281	37
292	37
292	37
292	37
292	37
292	37
292	37
292	37
304	37
304	37
304	37
304	37
304	37
304	37
316	37
316	37
316	37
316	37
316	37
316	37
316	37
328	37
328	37
328	37
328	37
328	37
328	37
339	37
339	37
339	37
339	37
339	37
339	37
351	37
351	37
351	37
351	37
351	37
363	37
363	37
363	37
363	37
363	37
363	37
375	37
375	37
375	37
375	37
375	38
386	38
386	38
386	38
386	38
386	38
386	38
398	38
398	38
398	38
398	38
398	38
410	38
410	38
410	38
410	38
410	38
410	38
421	38
421	38
421	38
421	38
421	38
433	38
433	38
433	38
433	38
433	38
445	38
445	38
445	38
445	38
445	38
445	38
457	38
457	38
457	38
457	38
457	38
468	38
468	38
468	38
468	38
468	38
468	38
480	38
480	38
480	38
480	38
480	38
492	39
492	39
492	39
492	39
492	39
503	39
503	39
503	39
503	39
503	39
503	39
515	39
515	39
515	39
515	39
515	39
527	39
527	39
527	39
527	39
527	39
539	39
539	39
539	39
539	39
539	39
550	39
550	39
550	39
550	39
550	39
550	39
562	39
562	39
562	39
562	39
562	39
574	39
574	39
574	39
574	39
574	39
585	39
585	39
585	39
585	39
597	39
597	39
597	39
597	39
597	40
597	40
609	40
609	40
609	40
609	40
621	40
621	40
621	40
621	40
621	40
632	40
632	40
632	40
632	40
632	40
644	40
644	40
644	40
644	40
644	40
656	40
656	40
656	40
656	40
656	40
667	40
667	40
667	40
667	40
679	40
679	40
679	40
679	40
679	40
691	40
691	40
691	40
691	40
703	40
703	40
703	40
703	40
703	40
714	40
714	40
714	40
714	40
726	40
726	40
726	41
726	41
738	41
738	41
738	41
738	41
750	41
750	41
750	41
750	41
761	41
761	41
761	41
761	41
761	41
773	41
773	41
773	41
785	41
785	41
785	41
785	41
785	41
796	41
796	41
796	41
796	41
808	41
808	41
808	41
808	41
820	41
820	41
820	41
820	41
832	41
832	41
832	41
832	41
832	41
843	41
843	41
843	41
843	41
855	41
855	41
855	41
855	41
855	41
867	41
867	42
867	42
867	42
878	42
878	42
878	42
878	42
890	42
890	42
890	42
890	42
902	42
902	42
902	42
902	42
914	42
914	42
914	42
914	42
925	42
925	42
925	42
925	42
925	42
937	42
937	42
937	42
937	42
949	42
949	42
949	42
949	42
960	42
960	42
960	42
960	42
972	42
972	42
972	42
972	42
972	42
984	42
984	42
984	42
984	42
996	42
996	42
996	42
996	42
1007	42
1007	43
1007	43
1007	43
1019	43
1019	43
1019	43
1019	43
1031	43
1031	43
1031	43
1031	43
1042	43
1042	43
1042	43
1042	43
1054	43
1054	43
1054	43
1054	43
1066	43
1066	43
1066	43
1066	43
1078	43
1078	43
1078	43
1078	43
1089	43
1089	43
1089	43
1101	43
1101	43
1101	43
1101	43
1113	43
1113	43
1113	43
1125	43
1125	43
1125	43
1125	43
1136	43
1136	43
1136	43
1136	43
1148	43
1148	43
1148	43
1160	43
1160	43
1160	44
1160	44
1171	44
1171	44
1171	44
1171	44
1183	44
1183	44
1183	44
1183	44
1195	44
1195	44
1195	44
1195	44
1207	44
1207	44
1207	44
1207	44
1218	44
1218	44
1218	44
1218	44
1230	44
1230	44
1230	44
1230	44
1242	44
1242	44
1242	44
1242	44
1253	44
1253	44
1253	44
1253	44
1265	44
1265	44
1265	44
1265	44
1277	44
1277	44
1277	44
1277	44
1289	44
1289	44
1289	44
1300	44
1300	44
1300	44
1300	44
1312	44
1312	45
1312	45
1312	45
1324	45
1324	45
1324	45
1335	45
1335	45
1335	45
1335	45
1347	45
1347	45
1347	45
1347	45
1359	45
1359	45
1359	45
1359	45
1371	45
1371	45
1371	45
1371	45
1382	45
1382	45
1382	45
1394	45
1394	45
1394	45
1394	45
1406	45
1406	45
1406	45
1406	45
1417	45
1417	45
1417	45
1417	45
1429	45
1429	45
1429	45
1429	45
1441	45
1441	45
1441	45
1453	45
1453	45
1453	45
1453	45
1464	45
1464	45
1464	46
1476	46
1476	46
1476	46
1488	46
1488	46
1488	46
1488	46
1500	46
1500	46
1500	46
1511	46
1511	46
1511	46
1523	46
1523	46
1523	46
1535	46
1535	46
1535	46
1546	46
1546	46
1546	46
1558	46
1558	46
1558	46
1570	46
1570	46
1570	46
1570	46
1582	46
1582	46
1582	46
1593	46
1593	46
1593	46
1593	46
1605	46
1605	46
1605	46
1617	46
1617	46
1617	46
1617	46
1628	46
1628	46
1628	46
1640	46
1640	46
1640	46
1640	47
1652	47
1652	47
1652	47
1664	47
1664	47
1664	47
1675	47
1675	47
1675	47
1687	47
1687	47
1687	47
1699	47
1699	47
1699	47
1710	47
1710	47
1710	47
1722	47
1722	47
1722	47
1734	47
1734	47
1734	47
1734	47
1746	47
1746	47
1746	47
1757	47
1757	47
1757	47
1757	47
1769	47
1769	47
1769	47
1781	47
1781	47
1781	47
1781	47
1792	47
1792	47
1792	47
1804	47
1804	47
1804	47
1816	47
1816	47
1816	47
1828	47
1828	48
1828	48
1839	48
1839	48
1839	48
1851	48
1851	48
1851	48
1863	48
1863	48
1863	48
1875	48
1875	48
1875	48
1886	48
1886	48
1886	48
1898	48
1898	48
1898	48
1910	48
1910	48
1910	48
1921	48
1921	48
1921	48
1933	48
1933	48
1933	48
1933	48
1945	48
1945	48
1945	48
1957	48
1957	48
1957	48
1968	48
1968	48
1968	48
1980	48
1980	48
1980	48
1980	48
1992	48
1992	48
1992	48
2003	48
2003	48
2003	48
2015	48
2015	49
2015	49
2027	49
2027	49
2027	49
2027	49
2039	49
2039	49
2039	49
2050	49
2050	49
2050	49
2050	49
2062	49
2062	49
2062	49
2074	49
2074	49
2074	49
2074	49
2085	49
2085	49
2085	49
2097	49
2097	49
2097	49
2109	49
2109	49
2109	49
2121	49
2121	49
2121	49
2132	49
2132	49
2132	49
2144	49
2144	49
2144	49
2156	49
2156	49
2156	49
2167	49
2167	49
2167	49
2179	49
2179	49
2179	49
2191	49
2191	49
2191	49
2203	50
2203	50
2203	50
2214	50
2214	50
2214	50
2226	50
2226	50
2226	50
2238	50
2238	50
2238	50
2250	50
2250	50
2250	50
2261	50
2261	50
2261	50
2273	50
2273	50
2285	50
2285	50
2285	50
2296	50
2296	50
2296	50
2308	50
2308	50
2308	50
2320	50
2320	50
2332	50
2332	50
2332	50
2343	50
2343	50
2343	50
2355	50
2355	50
2367	50
2367	50
2367	50
2378	50
2378	50
2378	50
2390	50
2390	50
2402	50
2402	50
2402	50
2414	51
2414	51
2425	51
2425	51
2425	51
2437	51
2437	51
2449	51
2449	51
2449	51
2460	51
2460	51
2472	51
2472	51
2472	51
2484	51
2484	51
2484	51
2496	51
2496	51
2507	51
2507	51
2507	51
2519	51
2519	51
2519	51
2531	51
2531	51
2531	51
2542	51
2542	51
2554	51
2554	51
2554	51
2566	51
2566	51
2578	51
2578	51
2589	51
2589	51
2589	51
2601	51
2601	51
2613	51
2613	51
2625	51
2625	51
2636	51
2636	51
2648	51
2648	52
2660	52
2660	52
2671	52
2671	52
2671	52
2683	52
2683	52
2695	52
2695	52
2707	52
2707	52
2707	52
2718	52
2718	52
2730	52
2730	52
2730	52
2742	52
2742	52
2742	52
2753	52
2753	52
2765	52
2765	52
2765	52
2777	52
2777	52
2789	52
2789	52
2800	52
2800	52
2800	52
2812	52
2812	52
2824	52
2824	52
2824	52
2835	52
2835	52
2847	52
2847	52
2847	52
2859	52
2859	52
2859	52
2871	52
2871	52
2882	52
2882	52
2882	53
2894	53
2894	53
2906	53
2906	53
2917	53
2917	53
2917	53
2929	53
2929	53
2941	53
2941	53
2941	53
2953	53
2953	53
2964	53
2964	53
2976	53
2976	53
2976	53
2988	53
2988	53
3000	53
3000	53
3011	53
3011	53
3011	53
3023	53
3023	53
3035	53
3035	53
3046	53
3046	53
3046	53
3058	53
3058	53
3070	53
3070	53
3082	53
3082	53
3082	53
3093	53
3093	53
3105	53
3105	53
3117	53
3117	53
3128	53
3128	53
3128	53
3140	54
3140	54
3152	54
3152	54
3152	54
3164	54
3164	54
3175	54
3175	54
3187	54
3187	54
3187	54
3199	54
3199	54
3210	54
3210	54
3222	54
3222	54
3234	54
3234	54
3234	54
3246	54
3246	54
3257	54
3257	54
3269	54
3269	54
3269	54
3281	54
3281	54
3292	54
3292	54
3304	54
3304	54
3316	54
3316	54
3328	54
3328	54
3339	54
3339	54
3351	54
3351	54
3363	54
3363	54
3375	54
3386	54
3386	54
3398	54
3398	54
3410	54
3410	55
3421	55
3421	55
3433	55
3433	55
3445	55
3445	55
3457	55
3457	55
3468	55
3468	55
3480	55
3480	55
3480	55
3492	55
3492	55
3503	55
3503	55
3515	55
3515	55
3527	55
3527	55
3539	55
3539	55
3550	55
3550	55
3562	55
3562	55
3574	55
3574	55
3574	55
3585	55
3585	55
3597	55
3597	55
3609	55
3609	55
3621	55
3621	55
3621	55
3632	55
3632	55
3644	55
3644	55
3656	55
3656	55
3667	55
3667	55
3679	55
3679	55
3691	56
3691	56
3703	56
3703	56
3703	56
3714	56
3714	56
3726	56
3726	56
3738	56
3738	56
3750	56
3750	56
3761	56
3761	56
3773	56
3773	56
3785	56
3785	56
3796	56
3796	56
3808	56
3808	56
3820	56
3820	56
3832	56
3832	56
3843	56
3843	56
3855	56
3855	56
3867	56
3867	56
3878	56
3878	56
3890	56
3890	56
3890	56
3902	56
3902	56
3914	56
3914	56
3925	56
3925	56
3937	56
3949	56
3949	56
3960	56
3960	56
3972	56
3972	57
3984	57
3984	57
3996	57
3996	57
3996	57
4007	57
4007	57
4019	57
4019	57
4031	57
4031	57
4042	57
4042	57
4054	57
4054	57
4066	57
4066	57
4078	57
4089	57
4089	57
4101	57
4101	57
4113	57
4125	57
4125	57
4136	57
4148	57
4148	57
4160	57
4160	57
4171	57
4183	57
4183	57
4195	57
4195	57
4207	57
4207	57
4218	57
4218	57
4230	57
4230	57
4242	57
4242	57
4253	57
4253	57
4265	57
4265	57
4277	57
4277	57
4289	58
4300	58
4300	58
4312	58
4312	58
4324	58
4324	58
4335	58
4335	58
4347	58
4347	58
4359	58
4359	58
4371	58
4371	58
4382	58
4382	58
4394	58
4394	58
4406	58
4406	58
4417	58
4417	58
4429	58
4429	58
4441	58
4441	58
4453	58
4453	58
4464	58
4464	58
4476	58
4476	58
4488	58
4488	58
4500	58
4500	58
4511	58
4511	58
4523	58
4523	58
4535	58
4535	58
4546	58
4546	58
4558	58
4558	58
4570	58
4570	58
4582	58
4582	59
4593	59
4605	59
4605	59
4617	59
4617	59
4628	59
4628	59
4640	59
4640	59
4652	59
4652	59
4664	59
4664	59
4675	59
4675	59
4687	59
4687	59
4699	59
4710	59
4710	59
4722	59
4722	59
4734	59
4734	59
4746	59
4746	59
4757	59
4757	59
4769	59
4769	59
4781	59
4781	59
4792	59
4804	59
4804	59
4816	59
4816	59
4828	59
4839	59
4839	59
4851	59
4863	59
4875	59
4875	59
4886	59
4898	59
4898	59
4910	59
4921	59
4921	60
4933	60
4945	60
4945	60
4957	60
4957	60
4968	60
4968	60
4980	60
4980	60
4992	60
4992	60
5003	60
5015	60
5015	60
5027	60
5039	60
5039	60
5050	60
5062	60
5062	60
5074	60
5085	60
5085	60
5097	60
5097	60
5109	60
5121	60
5121	60
5132	60
5132	60
5144	60
5144	60
5156	60
5167	60
5167	60
5179	60
5179	60
5191	60
5203	60
5203	60
5214	60
5214	60
5226	60
5226	60
5238	60
5250	60
5250	60
5261	60
5261	60
5273	61
5285	61
5285	61
5296	61
5296	61
5308	61
5308	61
5320	61
5332	61
5332	61
5343	61
5343	61
5355	61
5367	61
5367	61
5378	61
5378	61
5390	61
5390	61
5402	61
5402	61
5414	61
5414	61
5425	61
5425	61
5437	61
5437	61
5449	61
5449	61
5460	61
5472	61
5472	61
5484	61
5484	61
5496	61
5496	61
5507	61
5519	61
5519	61
5531	61
5531	61
5542	61
5554	61
5554	61
5566	61
5578	61
5578	61
5589	61
5589	61
5601	61
5613	62
5625	62
5625	62
5636	62
5648	62
5648	62
5660	62
5671	62
5671	62
5683	62
5695	62
5695	62
5707	62
5707	62
5718	62
5730	62
5730	62
5742	62
5753	62
5753	62
5765	62
5765	62
5777	62
5789	62
5789	62
5800	62
5812	62
5824	62
5824	62
5835	62
5835	62
5847	62
5859	62
5859	62
5871	62
5871	62
5882	62
5894	62
5894	62
5906	62
5917	62
5917	62
5929	62
5929	62
5941	62
5953	62
5953	62
5964	62
5976	62
5976	62
5988	63
6000	63
6000	63
6011	63
6023	63
6023	63
6035	63
6046	63
6046	63
6058	63
6070	63
6070	63
6082	63
6093	63
6093	63
6105	63
6105	63
6117	63
6128	63
6128	63
6140	63
6152	63
6152	63
6164	63
6164	63
6175	63
6187	63
6187	63
6199	63
6210	63
6210	63
6222	63
6234	63
6234	63
6246	63
6246	63
6257	63
6269	63
6269	63
6281	63
6292	63
6292	63
6304	63
6316	63
6316	63
6328	63
6339	63
6339	63
6351	63
6363	63
6375	64
6375	64
6386	64
6398	64
6410	64
6410	64
6421	64
6433	64
6433	64
6445	64
6457	64
6457	64
6468	64
6480	64
6480	64
6492	64
6503	64
6503	64
6515	64
6515	64
6527	64
6539	64
6539	64
6550	64
6562	64
6562	64
6574	64
6585	64
6585	64
6597	64
6609	64
6609	64
6621	64
6632	64
6632	64
6644	64
6656	64
6656	64
6667	64
6679	64
6679	64
6691	64
6703	64
6703	64
6714	64
6726	64
6726	64
6738	64
6750	64
6750	64
6761	65
6773	65
6773	65
6785	65
6796	65
6796	65
6808	65
6820	65
6820	65
6832	65
6843	65
6843	65
6855	65
6867	65
6878	65
6878	65
6890	65
6890	65
6902	65
6914	65
6914	65
6925	65
6925	65
6937	65
6937	65
6949	65
6960	65
6960	65
6972	65
6972	65
6984	65
6996	65
6996	65
7007	65
7019	65
7019	65
7031	65
7042	65
7042	65
7054	65
7066	65
7078	65
7078	65
7089	65
7101	65
7101	65
7113	65
7125	65
7136	65
7136	65
7148	66
7160	66
7171	66
7171	66
7183	66
7195	66
7207	66
7207	66
7218	66
7230	66
7230	66
7242	66
7253	66
7253	66
7265	66
7277	66
7289	66
7300	66
7300	66
7312	66
7324	66
7335	66
7347	66
7347	66
7359	66
7371	66
7371	66
7382	66
7394	66
7394	66
7406	66
7417	66
7429	66
7429	66
7441	66
7453	66
7464	66
7464	66
7476	66
7488	66
7500	66
7511	66
7511	66
7523	66
7535	66
7546	66
7546	66
7558	66
7570	66
7582	66
7582	67
7593	67
7605	67
7605	67
7617	67
7628	67
7640	67
7640	67
7652	67
7664	67
7664	67
7675	67
7687	67
7687	67
7699	67
7710	67
7710	67
7722	67
7734	67
7734	67
7746	67
7757	67
7769	67
7769	67
7781	67
7792	67
7792	67
7804	67
7816	67
7828	67
7828	67
7839	67
7851	67
7863	67
7863	67
7875	67
7886	67
7898	67
7898	67
7910	67
7921	67
7933	67
7933	67
7945	67
7957	67
7968	67
7968	67
7980	67
7992	67
8003	67
8003	68
8015	68
8027	68
8027	68
8039	68
8050	68
8062	68
8062	68
8074	68
8085	68
8097	68
8097	68
8109	68
8121	68
8121	68
8132	68
8144	68
8156	68
8156	68
8167	68
8179	68
8191	68
8191	68
8203	68
8214	68
8226	68
8226	68
8238	68
8250	68
8261	68
8273	68
8273	68
8285	68
8296	68
8308	68
8308	68
8320	68
8332	68
8343	68
8343	68
8355	68
8367	68
8378	68
8378	68
8390	68
8402	68
8402	68
8414	68
8425	68
8425	68
8437	69
8449	69
8449	69
8460	69
8472	69
8484	69
8484	69
8496	69
8507	69
8507	69
8519	69
8531	69
8542	69
8554	69
8554	69
8566	69
8578	69
8578	69
8589	69
8601	69
8613	69
8613	69
8625	69
8636	69
8648	69
8660	69
8660	69
8671	69
8683	69
8695	69
8695	69
8707	69
8718	69
8730	69
8730	69
8742	69
8753	69
8765	69
8765	69
8777	69
8789	69
8800	69
8800	69
8812	69
8824	69
8835	69
8835	69
8847	69
8859	69
8871	69
8871	70
8882	70
8894	70
8906	70
8906	70
8917	70
8929	70
8941	70
8953	70
8953	70
8964	70
8976	70
8988	70
9000	70
9011	70
9023	70
9023	70
9035	70
9046	70
9058	70
9070	70
9070	70
9082	70
9093	70
9105	70
9117	70
9117	70
9128	70
9140	70
9152	70
9152	70
9164	70
9175	70
9187	70
9187	70
9199	70
9210	70
9222	70
9222	70
9234	70
9246	70
9246	70
9257	70
9269	70
9281	70
9292	70
9292	70
9304	70
9316	70
9328	70
9339	71
9339	71
9351	71
9363	71
9375	71
9375	71
9386	71
9398	71
9410	71
9410	71
9421	71
9433	71
9445	71
9457	71
9457	71
9468	71
9480	71
9492	71
9503	71
9503	71
9515	71
9527	71
9539	71
9539	71
9550	71
9562	71
9574	71
9574	71
9585	71
9597	71
9609	71
9621	71
9621	71
9632	71
9644	71
9656	71
9656	71
9667	71
9679	71
9691	71
9703	71
9714	71
9726	71
9738	71
9738	71
9750	71
9761	71
9773	71
9785	71
9796	71
9808	72
9820	72
9820	72
9832	72
9843	72
9855	72
9867	72
9867	72
9878	72
9890	72
9902	72
9914	72
9914	72
9925	72
9937	72
9949	72
9949	72
9960	72
9972	72
9984	72
9996	72
9996	72
10007	72
10019	72
10031	72
10042	72
10042	72
10054	72
10066	72
10078	72
10089	72
10089	72
10101	72
10113	72
10125	72
10136	72
10136	72
10148	72
10160	72
10171	72
10183	72
10183	72
10195	72
10207	72
10218	72
10230	72
10242	72
10242	72
10253	72
10265	72
10277	73
10277	73
10289	73
10300	73
10312	73
10324	73
10335	73
10335	73
10347	73
10359	73
10371	73
10382	73
10382	73
10394	73
10406	73
10417	73
10429	73
10441	73
10441	73
10453	73
10464	73
10476	73
10488	73
10500	73
10511	73
10523	73
10535	73
10546	73
10558	73
10570	73
10582	73
10593	73
10593	73
10605	73
10617	73
10628	73
10640	73
10652	73
10652	73
10664	73
10675	73
10687	73
10699	73
10699	73
10710	73
10722	73
10734	73
10746	73
10746	73
10757	73
10769	74
10781	74
10792	74
10804	74
10816	74
10816	74
10828	74
10839	74
10851	74
10863	74
10863	74
10875	74
10886	74
10898	74
10910	74
10921	74
10933	74
10933	74
10945	74
10957	74
10968	74
10980	74
10992	74
11003	74
11003	74
11015	74
11027	74
11039	74
11050	74
11062	74
11062	74
11074	74
11085	74
11097	74
11109	74
11121	74
11132	74
11132	74
11144	74
11156	74
11167	74
11179	74
11191	74
11203	74
11214	74
11226	74
11238	74
11250	74
11261	74
11273	74
11285	75
11296	75
11296	75
11308	75
11320	75
11332	75
11343	75
11355	75
11367	75
11378	75
11378	75
11390	75
11402	75
11414	75
11425	75
11437	75
11449	75
11449	75
11460	75
11472	75
11484	75
11496	75
11496	75
11507	75
11519	75
11531	75
11542	75
11554	75
11566	75
11578	75
11578	75
11589	75
11601	75
11613	75
11625	75
11636	75
11636	75
11648	75
11660	75
11671	75
11683	75
11695	75
11707	75
11718	75
11730	75
11730	75
11742	75
11753	75
11765	75
11777	75
11789	76
11789	76
11800	76
11812	76
11824	76
11835	76
11847	76
11859	76
11859	76
11871	76
11882	76
11894	76
11906	76
11917	76
11929	76
11941	76
11953	76
11964	76
11976	76
11988	76
12000	76
12011	76
12023	76
12035	76
12046	76
12058	76
12070	76
12082	76
12093	76
12093	76
12105	76
12117	76
12128	76
12140	76
12152	76
12164	76
12175	76
12187	76
12199	76
12210	76
12222	76
12234	76
12234	76
12246	76
12257	76
12269	76
12281	76
12292	76
12304	76
12316	76
12328	77
12339	77
12351	77
12363	77
12375	77
12386	77
12398	77
12410	77
12410	77
12421	77
12433	77
12445	77
12457	77
12468	77
12480	77
12492	77
12503	77
12515	77
12527	77
12539	77
12539	77
12550	77
12562	77
12574	77
12585	77
12597	77
12609	77
12621	77
12632	77
12632	77
12644	77
12656	77
12667	77
12679	77
12691	77
12703	77
12714	77
12726	77
12738	77
12750	77
12761	77
12773	77
12785	77
12796	77
12808	77
12820	77
12832	77
12843	77
12855	77
12867	77
12878	78
12890	78
12902	78
12914	78
12925	78
12937	78
12949	78
12960	78
12972	78
12984	78
12996	78
13007	78
13007	78
13019	78
13031	78
13042	78
13054	78
13066	78
13078	78
13089	78
13101	78
13113	78
13125	78
13136	78
13148	78
13160	78
13171	78
13183	78
13195	78
13207	78
13218	78
13230	78
13242	78
13253	78
13265	78
13277	78
13289	78
13300	78
13312	78
13324	78
13335	78
13347	78
13359	78
13359	78
13371	78
13382	78
13394	78
13406	78
13417	78
13429	78
13441	79
13453	79
13464	79
13476	79
13500	79
13511	79
13523	79
13535	79
13546	79
13558	79
13570	79
13582	79
13593	79
13605	79
13617	79
13628	79
13640	79
13652	79
13664	79
13675	79
13699	79
13710	79
13722	79
13734	79
13746	79
13757	79
13769	79
13781	79
13792	79
13804	79
13816	79
13828	79
13839	79
13851	79
13863	79
13875	79
13886	79
13898	79
13910	79
13921	79
13933	79
13945	79
13957	79
13968	79
13980	79
13992	79
14003	79
14015	79
14027	79
14039	79
14050	80
14062	80
14062	80
14074	80
14085	80
14097	80
14109	80
14121	80
14132	80
14144	80
14156	80
14167	80
14179	80
14191	80
14203	80
14214	80
14226	80
14238	80
14250	80
14261	80
14273	80
14285	80
14296	80
14308	80
14320	80
14332	80
14343	80
14355	80
14367	80
14378	80
14390	80
14402	80
14414	80
14425	80
14437	80
14460	80
14472	80
14484	80
14496	80
14507	80
14519	80
14531	80
14542	80
14554	80
14566	80
14578	80
14589	80
14613	80
14625	80
14636	80
14648	81
14660	81
14683	81
14695	81
14707	81
14718	81
14730	81
14742	81
14753	81
14765	81
14777	81
14789	81
14800	81
14812	81
14824	81
14835	81
14847	81
14859	81
14871	81
14882	81
14894	81
14906	81
14917	81
14929	81
14941	81
14953	81
14964	81
14976	81
14988	81
15000	81
15011	81
15023	81
15035	81
15046	81
15058	81
15070	81
15082	81
15105	81
15117	81
15128	81
15140	81
15152	81
15164	81
15175	81
15187	81
15199	81
15210	81
15222	81
15234	81
15246	81
15257	82
15269	82
15281	82
15292	82
15304	82
15316	82
15328	82
15351	82
15363	82
15375	82
15386	82
15410	82
15421	82
15433	82
15445	82
15457	82
15468	82
15480	82
15492	82
15503	82
15527	82
15539	82
15550	82
15562	82
15574	82
15585	82
15597	82
15609	82
15621	82
15632	82
15644	82
15656	82
15667	82
15691	82
15703	82
15714	82
15726	82
15738	82
15750	82
15761	82
15773	82
15785	82
15796	82
15808	82
15820	82
15832	82
15843	82
15855	82
15878	82
15890	82
15902	83
15914	83
15925	83
15937	83
15949	83
15960	83
15972	83
15984	83
15996	83
16007	83
16019	83
16031	83
16042	83
16066	83
16078	83
16089	83
16101	83
16125	83
16136	83
16148	83
16171	83
16183	83
16195	83
16207	83
16218	83
16230	83
16242	83
16253	83
16265	83
16277	83
16300	83
16312	83
16324	83
16335	83
16347	83
16359	83
16371	83
16382	83
16394	83
16406	83
16417	83
16429	83
16441	83
16453	83
16464	83
16476	83
16488	83
16500	83
16511	83
16523	83
16535	84
16546	84
16558	84
16570	84
16582	84
16605	84
16617	84
16628	84
16640	84
16652	84
16664	84
16675	84
16687	84
16699	84
16710	84
16722	84
16734	84
16746	84
16757	84
16769	84
16781	84
16792	84
16804	84
16816	84
16828	84
16851	84
16863	84
16875	84
16898	84
16910	84
16921	84
16933	84
16957	84
16968	84
16980	84
16992	84
17003	84
17015	84
17027	84
17039	84
17050	84
17074	84
17085	84
17097	84
17109	84
17121	84
17132	84
17144	84
17156	84
17167	84
17191	85
17203	85
17214	85
17226	85
17238	85
17250	85
17261	85
17273	85
17285	85
17296	85
17308	85
17320	85
17332	85
17355	85
17367	85
17378	85
17390	85
17402	85
17414	85
17425	85
17425	85
17437	85
17449	85
17460	85
17472	85
17484	85
17496	85
17519	85
17531	85
17542	85
17554	85
17566	85
17578	85
17589	85
17601	85
17625	85
17636	85
17648	85
17660	85
17671	85
17683	85
17707	85
17718	85
17730	85
17742	85
17753	85
17765	85
17777	85
17789	85
17800	85
17824	86
17835	86
17847	86
17859	86
17871	86
17882	86
17894	86
17906	86
17917	86
17929	86
17953	86
17964	86
17976	86
17988	86
18000	86
18011	86
18023	86
18035	86
18058	86
18070	86
18082	86
18093	86
18105	86
18117	86
18128	86
18140	86
18152	86
18164	86
18175	86
18199	86
18210	86
18222	86
18234	86
18246	86
18257	86
18269	86
18281	86
18292	86
18304	86
18328	86
18339	86
18351	86
18363	86
18375	86
18398	86
18410	86
18421	86
18433	86
18445	86
18457	86
18480	87
18492	87
18503	87
18515	87
18527	87
18539	87
18550	87
18562	87
18574	87
18585	87
18597	87
18621	87
18632	87
18644	87
18656	87
18667	87
18679	87
18691	87
18703	87
18714	87
18726	87
18738	87
18761	87
18773	87
18785	87
18796	87
18808	87
18820	87
18832	87
18843	87
18855	87
18878	87
18890	87
18902	87
18914	87
18914	87
18925	87
18937	87
18949	87
18960	87
18972	87
18984	87
18996	87
19019	87
19031	87
19042	87
19054	87
19066	87
19078	87
19089	87
19113	88
19125	88
19136	88
19148	88
19171	88
19183	88
19195	88
19207	88
19218	88
19230	88
19253	88
19265	88
19277	88
19289	88
19312	88
19324	88
19335	88
19347	88
19371	88
19382	88
19394	88
19406	88
19417	88
19429	88
19441	88
19464	88
19476	88
19488	88
19500	88
19523	88
19535	88
19546	88
19558	88
19570	88
19593	88
19605	88
19617	88
19628	88
19640	88
19652	88
19664	88
19675	88
19687	88
19699	88
19710	88
19734	88
19746	88
19757	88
19769	88
19781	88
19792	89
19804	89
19816	89
19839	89
19851	89
19863	89
19875	89
19886	89
19910	89
19921	89
19933	89
19945	89
19957	89
19968	89
19992	89
20003	89
20015	89
20027	89
20039	89
20050	89
20074	89
20085	89
20097	89
20109	89
20121	89
20132	89
20144	89
20156	89
20179	89
20191	89
20203	89
20214	89
20238	89
20250	89
20261	89
20273	89
20285	89
20308	89
20320	89
20332	89
20343	89
20355	89
20367	89
20390	89
20402	89
20414	89
20425	89
20437	89
20449	89
20460	89
20472	90
20484	90
20496	90
20507	90
20519	90
20542	90
20554	90
20566	90
20578	90
20589	90
20601	90
20613	90
20625	90
20648	90
20660	90
20671	90
20683	90
20695	90
20707	90
20730	90
20742	90
20753	90
20765	90
20777	90
20789	90
20800	90
20812	90
20835	90
20847	90
20859	90
20871	90
20882	90
20894	90
20906	90
20929	90
20941	90
20953	90
20964	90
20988	90
21000	90
21011	90
21035	90
21046	90
21058	90
21070	90
21082	90
21105	90
21117	90
21128	90
21140	90
21152	91
21164	91
21175	91
21199	91
21210	91
21222	91
21234	91
21246	91
21257	91
21269	91
21292	91
21304	91
21316	91
21328	91
21339	91
21351	91
21363	91
21386	91
21398	91
21410	91
21421	91
21433	91
21445	91
21468	91
21480	91
21492	91
21503	91
21515	91
21527	91
21539	91
21562	91
21574	91
21585	91
21597	91
21609	91
21621	91
21632	91
21656	91
21667	91
21679	91
21691	91
21703	91
21726	91
21738	91
21750	91
21773	91
21785	91
21796	91
21820	91
21832	91
21843	92
21855	92
21867	92
21878	92
21902	92
21914	92
21925	92
21937	92
21949	92
21960	92
21972	92
21984	92
22007	92
22019	92
22031	92
22042	92
22054	92
22078	92
22089	92
22101	92
22113	92
22125	92
22136	92
22160	92
22171	92
22183	92
22195	92
22207	92
22230	92
22242	92
22253	92
22265	92
22277	92
22289	92
22312	92
22324	92
22335	92
22347	92
22359	92
22371	92
22394	92
22406	92
22417	92
22429	92
22441	92
22464	92
22476	92
22500	92
22511	92
22523	92
22546	93
22558	93
22570	93
22582	93
22593	93
22617	93
22628	93
22640	93
22652	93
22664	93
22675	93
22699	93
22710	93
22722	93
22734	93
22746	93
22757	93
22781	93
22792	93
22804	93
22816	93
22828	93
22839	93
22863	93
22875	93
22886	93
22898	93
22910	93
22933	93
22945	93
22957	93
22968	93
22992	93
23003	93
23015	93
23027	93
23039	93
23062	93
23074	93
23085	93
23097	93
23109	93
23132	93
23144	93
23156	93
23167	93
23191	93
23203	93
23214	93
23238	93
23250	94
23273	94
23285	94
23296	94
23320	94
23332	94
23343	94
23355	94
23367	94
23390	94
23402	94
23414	94
23425	94
23437	94
23449	94
23472	94
23484	94
23496	94
23507	94
23519	94
23542	94
23554	94
23566	94
23578	94
23589	94
23601	94
23625	94
23636	94
23648	94
23660	94
23671	94
23695	94
23707	94
23718	94
23730	94
23753	94
23765	94
23777	94
23789	94
23800	94
23812	94
23824	94
23847	94
23859	94
23871	94
23882	94
23894	94
23917	94
23929	94
23941	94
23964	95
23976	95
23988	95
24011	95
24023	95
24035	95
24058	95
24070	95
24082	95
24093	95
24117	95
24128	95
24140	95
24152	95
24175	95
24187	95
24199	95
24222	95
24234	95
24246	95
24257	95
24269	95
24292	95
24304	95
24316	95
24339	95
24351	95
24363	95
24375	95
24398	95
24410	95
24421	95
24445	95
24457	95
24468	95
24480	95
24503	95
24515	95
24527	95
24539	95
24550	95
24574	95
24585	95
24597	95
24609	95
24621	95
24644	95
24656	95
24667	95
24691	95
24703	96
24714	96
24726	96
24750	96
24761	96
24785	96
24796	96
24808	96
24820	96
24843	96
24855	96
24867	96
24878	96
24902	96
24914	96
24925	96
24949	96
24960	96
24972	96
24984	96
24996	96
25019	96
25031	96
25042	96
25066	96
25078	96
25089	96
25113	96
25125	96
25136	96
25160	96
25171	96
25183	96
25207	96
25218	96
25230	96
25242	96
25265	96
25277	96
25289	96
25300	96
25324	96
25335	96
25347	96
25359	96
25382	96
25394	96
25406	96
25417	96
25441	96
25453	97
25476	97
25488	97
25500	97
25523	97
25535	97
25558	97
25570	97
25582	97
25605	97
25617	97
25628	97
25652	97
25664	97
25675	97
25699	97
25710	97
25734	97
25746	97
25757	97
25769	97
25792	97
25804	97
25816	97
25839	97
25851	97
25875	97
25886	97
25910	97
25921	97
25933	97
25945	97
25968	97
25980	97
25992	97
26015	97
26027	97
26039	97
26050	97
26062	97
26074	97
26085	97
26109	97
26121	97
26132	97
26144	97
26167	97
26179	97
26191	97
26214	97
26226	98
26238	98
26261	98
26273	98
26285	98
26308	98
26320	98
26332	98
26355	98
26367	98
26378	98
26402	98
26414	98
26425	98
26449	98
26460	98
26484	98
26496	98
26507	98
26519	98
26542	98
26554	98
26578	98
26589	98
26613	98
26625	98
26648	98
26671	98
26683	98
26695	98
26718	98
26730	98
26742	98
26765	98
26777	98
26789	98
26812	98
26824	98
26835	98
26847	98
26871	98
26882	98
26894	98
26917	98
26929	98
26941	98
26964	98
26976	98
26988	98
27011	98
27023	99
27035	99
27058	99
27070	99
27082	99
27105	99
27117	99
27128	99
27152	99
27164	99
27175	99
27187	99
27210	99
27222	99
27234	99
27257	99
27269	99
27281	99
27304	99
27316	99
27339	99
27351	99
27375	99
27398	99
27410	99
27433	99
27445	99
27457	99
27480	99
27492	99
27503	99
27527	99
27539	99
27562	99
27574	99
27597	99
27609	99
27621	99
27644	99
27656	99
27667	99
27691	99
27703	99
27714	99
27738	99
27750	99
27761	99
27785	99
27796	99
27820	99
27832	100
27843	100
27867	100
27878	100
27890	100
27914	100
27925	100
27949	100
27960	100
27984	100
27996	100
28007	100
28019	100
28042	100
28054	100
28078	100
28101	100
28113	100
28136	100
28160	100
28171	100
28195	100
28207	100
28218	100
28242	100
28253	100
28265	100
28289	100
28300	100
28324	100
28335	100
28347	100
28371	100
28382	100
28394	100
28417	100
28429	100
28453	100
28464	100
28476	100
28488	100
28511	100
28523	100
28535	100
28558	100
28570	100
28593	100
28605	100
28617	100
28640	100
28652	101
28664	101
28687	101
28699	101
28710	101
28734	101
28746	101
28757	101
28781	101
28792	101
28816	101
28828	101
28851	101
28875	101
28898	101
28910	101
28933	101
28945	101
28968	101
28980	101
28992	101
29015	101
29027	101
29050	101
29074	101
29085	101
29109	101
29121	101
29132	101
29156	101
29167	101
29191	101
29203	101
29214	101
29238	101
29250	101
29273	101
29285	101
29296	101
29320	101
29332	101
29355	101
29367	101
29378	101
29402	101
29414	101
29425	101
29437	101
29449	101
29472	101
29484	102
29496	102
29519	102
29531	102
29554	102
29566	102
29589	102
29601	102
29625	102
29636	102
29660	102
29671	102
29695	102
29707	102
29730	102
29742	102
29765	102
29777	102
29800	102
29812	102
29835	102
29847	102
29871	102
29882	102
29894	102
29917	102
29929	102
29953	102
29964	102
29988	102
30000	102
30023	102
30035	102
30058	102
30070	102
30093	102
30105	102
30128	102
30140	102
30152	102
30175	102
30187	102
30210	102
30222	102
30234	102
30257	102
30269	102
30292	102
30304	102
30328	102
30339	103
30363	103
30375	103
30398	103
30421	103
30433	103
30457	103
30468	103
30480	103
30503	103
30515	103
30539	103
30550	103
30574	103
30585	103
30597	103
30621	103
30632	103
30656	103
30667	103
30679	103
30703	103
30714	103
30738	103
30750	103
30773	103
30785	103
30796	103
30820	103
30832	103
30855	103
30867	103
30890	103
30902	103
30914	103
30925	103
30937	103
30960	103
30972	103
30984	103
31007	103
31019	103
31042	103
31054	103
31078	103
31089	103
31113	103
31125	103
31148	103
31160	103
31183	104
31195	104
31218	104
31230	104
31253	104
31265	104
31289	104
31300	104
31324	104
31347	104
31359	104
31382	104
31394	104
31406	104
31429	104
31441	104
31464	104
31488	104
31500	104
31523	104
31546	104
31558	104
31582	104
31593	104
31605	104
31628	104
31640	104
31664	104
31675	104
31687	104
31710	104
31722	104
31746	104
31757	104
31769	104
31792	104
31804	104
31828	104
31839	104
31863	104
31875	104
31898	104
31910	104
31933	104
31945	104
31968	104
31980	104
32003	104
32015	104
32027	104
32050	105
32062	105
32085	105
32097	105
32121	105
32132	105
32156	105
32167	105
32179	105
32203	105
32214	105
32238	105
32261	105
32273	105
32296	105
32308	105
32332	105
32343	105
32367	105
32378	105
32390	105
32414	105
32425	105
32437	105
32460	105
32472	105
32484	105
32507	105
32519	105
32542	105
32554	105
32578	105
32589	105
32613	105
32625	105
32636	105
32660	105
32671	105
32695	105
32707	105
32730	105
32742	105
32765	105
32777	105
32800	105
32812	105
32824	105
32847	105
32859	105
32882	105
32894	106
32917	106
32929	106
32953	106
32964	106
32988	106
33011	106
33023	106
33046	106
33058	106
33082	106
33093	106
33117	106
33128	106
33152	106
33164	106
33175	106
33199	106
33210	106
33222	106
33246	106
33257	106
33281	106
33292	106
33316	106
33328	106
33351	106
33363	106
33386	106
33398	106
33410	106
33433	106
33445	106
33468	106
33480	106
33503	106
33515	106
33539	106
33550	106
33574	106
33585	106
33597	106
33621	106
33632	106
33656	106
33667	106
33691	106
33703	106
33726	106
33750	106
33773	107
33785	107
33808	107
33820	107
33843	107
33855	107
33878	107
33890	107
33914	107
33925	107
33937	107
33960	107
33972	107
33996	107
34007	107
34019	107
34042	107
34054	107
34078	107
34089	107
34113	107
34125	107
34148	107
34160	107
34171	107
34195	107
34207	107
34230	107
34242	107
34265	107
34277	107
34300	107
34312	107
34335	107
34347	107
34371	107
34382	107
34394	107
34417	107
34429	107
34453	107
34476	107
34488	107
34511	107
34535	107
34558	107
34570	107
34593	107
34605	107
34628	107
34640	108
34664	108
34675	108
34687	108
34710	108
34722	108
34746	108
34757	108
34781	108
34792	108
34816	108
34828	108
34851	108
34863	108
34886	108
34898	108
34921	108
34933	108
34957	108
34968	108
34992	108
35003	108
35027	108
35039	108
35062	108
35074	108
35097	108
35109	108
35132	108
35144	108
35167	108
35179	108
35203	108
35214	108
35238	108
35261	108
35285	108
35296	108
35320	108
35332	108
35355	108
35367	108
35390	108
35402	108
35425	108
35437	108
35460	108
35472	108
35484	108
35507	108
35519	109
35542	109
35554	109
35578	109
35589	109
35613	109
35625	109
35648	109
35660	109
35683	109
35695	109
35718	109
35730	109
35753	109
35765	109
35789	109
35800	109
35824	109
35835	109
35847	109
35871	109
35882	109
35906	109
35917	109
35941	109
35964	109
35976	109
36000	109
36023	109
36046	109
36058	109
36082	109
36093	109
36117	109
36128	109
36152	109
36164	109
36187	109
36199	109
36222	109
36246	109
36257	109
36281	109
36292	109
36316	109
36328	109
36351	109
36363	109
36386	109
36410	109
36421	110
36445	110
36457	110
36480	110
36492	110
36515	110
36527	110
36550	110
36562	110
36585	110
36597	110
36621	110
36632	110
36656	110
36667	110
36691	110
36714	110
36726	110
36750	110
36773	110
36785	110
36808	110
36820	110
36843	110
36855	110
36878	110
36902	110
36914	110
36937	110
36949	110
36972	110
36984	110
37007	110
37019	110
37042	110
37066	110
37078	110
37101	110
37125	110
37136	110
37160	110
37183	110
37195	110
37218	110
37230	110
37253	110
37265	110
37289	110
37312	110
37324	110
37347	111
37359	111
37382	111
37394	111
37417	111
37429	111
37453	111
37476	111
37500	111
37511	111
37535	111
37558	111
37570	111
37593	111
37617	111
37628	111
37652	111
37675	111
37699	111
37710	111
37734	111
37746	111
37769	111
37792	111
37804	111
37828	111
37851	111
37863	111
37886	111
37910	111
37921	111
37945	111
37957	111
37980	111
38003	111
38015	111
38039	111
38050	111
38062	111
38085	111
38097	111
38121	111
38132	111
38156	111
38167	111
38191	111
38203	111
38226	111
38250	111
38261	111
38285	112
38296	112
38320	112
38343	112
38355	112
38378	112
38390	112
38414	112
38437	112
38460	112
38472	112
38496	112
38507	112
38531	112
38554	112
38566	112
38589	112
38613	112
38636	112
38660	112
38683	112
38695	112
38718	112
38730	112
38753	112
38777	112
38789	112
38812	112
38835	112
38847	112
38871	112
38882	112
38906	112
38929	112
38941	112
38964	112
38976	112
39000	112
39023	112
39035	112
39058	112
39070	112
39093	112
39117	112
39128	112
39152	112
39164	112
39187	112
39210	112
39222	112
39246	113
39257	113
39281	113
39304	113
39316	113
39339	113
39363	113
39386	113
39410	113
39433	113
39457	113
39468	113
39492	113
39503	113
39527	113
39550	113
39574	113
39585	113
39609	113
39621	113
39644	113
39667	113
39679	113
39703	113
39714	113
39738	113
39761	113
39773	113
39796	113
39820	113
39832	113
39855	113
39878	113
39890	113
39914	113
39937	113
39949	113
39972	113
39996	113
40007	113
40031	113
40054	113
40066	113
40089	113
40113	113
40136	113
40160	113
40183	113
40207	113
40230	113
40242	114
40265	114
40277	114
40300	114
40324	114
40347	114
40359	114
40382	114
40394	114
40417	114
40441	114
40453	114
40476	114
40488	114
40511	114
40523	114
40546	114
40570	114
40582	114
40605	114
40628	114
40640	114
40664	114
40675	114
40699	114
40722	114
40734	114
40757	114
40769	114
40792	114
40816	114
40839	114
40863	114
40886	114
40910	114
40933	114
40957	114
40968	114
40992	114
41015	114
41027	114
41050	114
41074	114
41097	114
41121	114
41132	114
41156	114
41179	114
41191	114
41214	114
41238	115
41250	115
41273	115
41296	115
41308	115
41332	115
41355	115
41378	115
41390	115
41414	115
41425	115
41437	115
41460	115
41472	115
41496	115
41519	115
41531	115
41554	115
41578	115
41601	115
41625	115
41636	115
41660	115
41683	115
41707	115
41718	115
41742	115
41765	115
41789	115
41800	115
41824	115
41847	115
41871	115
41882	115
41906	115
41929	115
41953	115
41964	115
41988	115
42011	115
42035	115
42046	115
42070	115
42093	115
42117	115
42128	115
42152	115
42164	115
42187	115
42210	115
42222	116
42246	116
42269	116
42281	116
42304	116
42328	116
42351	116
42375	116
42398	116
42410	116
42433	116
42457	116
42480	116
42492	116
42515	116
42539	116
42550	116
42574	116
42597	116
42609	116
42632	116
42656	116
42667	116
42691	116
42714	116
42738	116
42750	116
42773	116
42796	116
42808	116
42832	116
42855	116
42878	116
42890	116
42914	116
42925	116
42949	116
42960	116
42984	116
42996	116
43019	116
43042	116
43066	116
43078	116
43101	116
43125	116
43148	116
43171	116
43195	116
43207	116
43230	117
43253	117
43277	117
43300	117
43324	117
43347	117
43359	117
43382	117
43406	117
43429	117
43441	117
43464	117
43488	117
43511	117
43535	117
43558	117
43582	117
43605	117
43617	117
43640	117
43664	117
43675	117
43699	117
43722	117
43734	117
43757	117
43781	117
43792	117
43816	117
43839	117
43863	117
43886	117
43898	117
43921	117
43945	117
43968	117
43980	117
44003	117
44027	117
44050	117
44062	117
44085	117
44109	117
44121	117
44144	117
44167	117
44191	117
44203	117
44226	117
44250	117
44273	118
44296	118
44308	118
44332	118
44355	118
44378	118
44390	118
44414	118
44437	118
44449	118
44472	118
44484	118
44507	118
44531	118
44554	118
44566	118
44589	118
44613	118
44625	118
44648	118
44671	118
44695	118
44707	118
44730	118
44753	118
44777	118
44789	118
44812	118
44835	118
44859	118
44871	118
44894	118
44917	118
44941	118
44953	118
44976	118
45000	118
45023	118
45046	118
45070	118
45093	118
45105	118
45128	118
45152	118
45175	118
45187	118
45210	118
45222	118
45246	118
45269	118
45292	119
45304	119
45328	119
45351	119
45375	119
45386	119
45410	119
45433	119
45445	119
45468	119
45492	119
45515	119
45527	119
45550	119
45574	119
45597	119
45609	119
45632	119
45656	119
45667	119
45691	119
45714	119
45738	119
45761	119
45785	119
45808	119
45832	119
45855	119
45867	119
45890	119
45914	119
45925	119
45949	119
45972	119
45984	119
46007	119
46031	119
46054	119
46066	119
46089	119
46113	119
46125	119
46148	119
46171	119
46195	119
46207	119
46230	119
46253	119
46277	119
46289	119
46312	120
46335	120
46359	120
46371	120
46394	120
46417	120
46441	120
46464	120
46488	120
46511	120
46535	120
46558	120
46582	120
46593	120
46617	120
46640	120
46652	120
46675	120
46699	120
46722	120
46734	120
46757	120
46781	120
46792	120
46816	120
46839	120
46863	120
46875	120
46898	120
46921	120
46945	120
46957	120
46980	120
47003	120
47027	120
47039	120
47062	120
47085	120
47109	120
47132	120
47144	120
47167	120
47191	120
47214	120
47238	120
47261	120
47285	120
47308	120
47332	120
47355	120
47367	121
47390	121
47414	121
47425	121
47449	121
47472	121
47484	121
47507	121
47531	121
47554	121
47578	121
47589	121
47613	121
47636	121
47660	121
47671	121
47695	121
47718	121
47742	121
47765	121
47777	121
47800	121
47824	121
47835	121
47859	121
47882	121
47906	121
47917	121
47941	121
47964	121
47988	121
48011	121
48035	121
48058	121
48082	121
48105	121
48117	121
48140	121
48164	121
48187	121
48210	121
48222	121
48246	121
48269	121
48292	121
48316	121
48328	121
48351	121
48375	121
48398	121
48421	122
48445	122
48468	122
48480	122
48503	122
48527	122
48550	122
48562	122
48585	122
48609	122
48632	122
48644	122
48667	122
48691	122
48714	122
48738	122
48761	122
48785	122
48808	122
48832	122
48843	122
48867	122
48890	122
48914	122
48937	122
48949	122
48972	122
48996	122
49019	122
49042	122
49066	122
49078	122
49101	122
49125	122
49148	122
49171	122
49195	122
49218	122
49242	122
49265	122
49277	122
49300	122
49324	122
49347	122
49359	122
49382	122
49406	122
49429	122
49453	122
49476	122
49500	123
49523	123
49546	123
49570	123
49593	123
49605	123
49628	123
49652	123
49687	123
49710	123
49734	123
49746	123
49769	123
49792	123
49816	123
49839	123
49863	123
49886	123
49910	123
49933	123
49957	123
49968	123
49992	123
50015	123
50039	123
50050	123
50074	123
50085	123
50109	123
50132	123
50156	123
50179	123
50191	123
50214	123
50238	123
50261	123
50285	123
50308	123
50332	123
50343	123
50367	123
50390	123
50414	123
50437	123
50460	123
50484	123
50507	123
50531	123
50554	123
50578	123
50601	124
50625	124
50648	124
50683	124
50695	124
50718	124
50742	124
50765	124
50789	124
50812	124
50835	124
50859	124
50871	124
50894	124
50917	124
50941	124
50964	124
50988	124
51011	124
51035	124
51046	124
51070	124
51093	124
51117	124
51140	124
51164	124
51187	124
51210	124
51222	124
51246	124
51269	124
51292	124
51316	124
51339	124
51363	124
51398	124
51421	124
51445	124
51468	124
51480	124
51503	124
51527	124
51550	124
51574	124
51597	124
51621	124
51644	124
51667	124
51691	124
51703	124
51726	125
51750	125
51773	125
51796	125
51820	125
51843	125
51867	125
51890	125
51914	125
51937	125
51960	125
51984	125
51996	125
52019	125
52042	125
52066	125
52101	125
52125	125
52148	125
52183	125
52207	125
52218	125
52242	125
52265	125
52289	125
52312	125
52335	125
52359	125
52382	125
52406	125
52429	125
52441	125
52464	125
52488	125
52511	125
52535	125
52558	125
52570	125
52605	125
52628	125
52640	125
52664	125
52687	125
52710	125
52734	125
52746	125
52769	125
52792	125
52816	125
52851	125
52875	126
52910	126
52933	126
52957	126
52980	126
52992	126
53027	126
53050	126
53074	126
53097	126
53121	126
53144	126
53167	126
53191	126
53214	126
53238	126
53261	126
53273	126
53296	126
53320	126
53343	126
53367	126
53390	126
53414	126
53425	126
53449	126
53472	126
53484	126
53507	126
53531	126
53554	126
53578	126
53601	126
53636	126
53660	126
53683	126
53707	126
53730	126
53753	126
53777	126
53800	126
53824	126
53847	126
53871	126
53894	126
53917	126
53941	126
53964	126
53988	126
54011	126
54035	127
54058	127
54082	127
54105	127
54128	127
54152	127
54164	127
54187	127
54210	127
54234	127
54257	127
54281	127
54304	127
54328	127
54351	127
54375	127
54410	127
54433	127
54457	127
54480	127
54503	127
54527	127
54550	127
54574	127
54585	127
54609	127
54632	127
54656	127
54679	127
54703	127
54726	127
54750	127
54773	127
54796	127
54820	127
54843	127
54867	127
54890	127
54914	127
54925	127
54949	127
54972	127
54996	127
55007	127
55031	127
55054	127
55078	127
55113	127
55136	127
55160	127
55183	128
55207	128
55230	128
55253	128
55277	128
55300	128
55335	128
55359	128
55382	128
55406	128
55429	128
55453	128
55476	128
55500	128
55535	128
55558	128
55582	128
55605	128
55628	128
55652	128
55675	128
55699	128
55710	128
55734	128
55757	128
55781	128
55804	128
55828	128
55863	128
55886	128
55910	128
55933	128
55957	128
55980	128
56003	128
56027	128
56050	128
56074	128
56097	128
56121	128
56144	128
56167	128
56191	128
56214	128
56238	128
56261	128
56285	128
56308	128
56332	128
56355	128
56378	129
56402	129
56425	129
56449	129
56472	129
56496	129
56519	129
56542	129
56566	129
56589	129
56613	129
56636	129
56660	129
56683	129
56707	129
56730	129
56753	129
56777	129
56800	129
56824	129
56847	129
56871	129
56894	129
56917	129
56941	129
56964	129
57000	129
57023	129
57046	129
57070	129
57093	129
57117	129
57140	129
57164	129
57187	129
57210	129
57234	129
57257	129
57281	129
57304	129
57328	129
57351	129
57375	129
57398	129
57421	129
57445	129
57468	129
57492	129
57515	129
57539	129
57562	130
57585	130
57609	130
57632	130
57656	130
57679	130
57703	130
57738	130
57761	130
57785	130
57808	130
57843	130
57867	130
57890	130
57914	130
57937	130
57949	130
57972	130
57996	130
58019	130
58054	130
58066	130
58089	130
58113	130
58136	130
58160	130
58183	130
58218	130
58242	130
58265	130
58289	130
58312	130
58335	130
58359	130
58382	130
58406	130
58429	130
58453	130
58488	130
58511	130
58535	130
58570	130
58593	130
58617	130
58640	130
58664	130
58687	130
58710	130
58734	130
58757	130
58781	131
58804	131
58828	131
58851	131
58875	131
58898	131
58921	131
58945	131
58968	131
58992	131
59027	131
59050	131
59074	131
59097	131
59121	131
59144	131
59167	131
59191	131
59214	131
59250	131
59273	131
59308	131
59332	131
59355	131
59378	131
59402	131
59425	131
59449	131
59472	131
59496	131
59519	131
59542	131
59566	131
59589	131
59613	131
59636	131
59660	131
59683	131
59707	131
59730	131
59753	131
59777	131
59800	131
59824	131
59847	131
59871	131
59894	131
59917	131
59953	131
59976	131
60000	132
60035	132
60058	132
60082	132
60105	132
60128	132
60152	132
60175	132
60199	132
60234	132
60257	132
60281	132
60304	132
60328	132
60351	132
60375	132
60398	132
60433	132
60457	132
60480	132
60503	132
60527	132
60550	132
60574	132
60597	132
60621	132
60644	132
60667	132
60691	132
60726	132
60750	132
60773	132
60808	132
60832	132
60855	132
60878	132
60902	132
60925	132
60949	132
60972	132
60996	132
61031	132
61054	132
61078	132
61101	132
61125	132
61160	132
61183	132
61207	132
61230	132
61253	133
61277	133
61300	133
61324	133
61347	133
61371	133
61406	133
61429	133
61453	133
61476	133
61511	133
61535	133
61558	133
61582	133
61605	133
61628	133
61664	133
61687	133
61722	133
61746	133
61769	133
61792	133
61816	133
61839	133
61875	133
61898	133
61921	133
61945	133
61968	133
62003	133
62027	133
62050	133
62062	133
62085	133
62109	133
62132	133
62156	133
62191	133
62214	133
62238	133
62261	133
62285	133
62308	133
62332	133
62355	133
62390	133
62414	133
62437	133
62472	133
62496	133
62519	134
62542	134
62566	134
62601	134
62625	134
62660	134
62683	134
62707	134
62730	134
62765	134
62789	134
62812	134
62835	134
62859	134
62882	134
62906	134
62941	134
62964	134
62988	134
63011	134
63035	134
63058	134
63082	134
63105	134
63140	134
63164	134
63187	134
63210	134
63234	134
63257	134
63281	134
63304	134
63339	134
63363	134
63398	134
63421	134
63457	134
63480	134
63503	134
63527	134
63550	134
63585	134
63609	134
63632	134
63656	134
63679	134
63703	134
63726	134
63750	134
63785	134
63808	135
63832	135
63855	135
63878	135
63902	135
63937	135
63960	135
63984	135
64007	135
64031	135
64066	135
64089	135
64125	135
64160	135
64183	135
64207	135
64230	135
64265	135
64289	135
64312	135
64335	135
64359	135
64394	135
64417	135
64441	135
64464	135
64488	135
64511	135
64535	135
64558	135
64593	135
64617	135
64640	135
64664	135
64687	135
64710	135
64734	135
64757	135
64781	135
64816	135
64839	135
64875	135
64910	135
64933	135
64968	135
64992	135
65015	135
65039	135
65074	135
65097	135
65121	136
65144	136
65179	136
65203	136
65226	136
65250	136
65273	136
65296	136
65332	136
65355	136
65378	136
65402	136
65425	136
65449	136
65472	136
65496	136
65519	136
65542	136
65566	136
65601	136
65625	136
65648	136
65683	136
65707	136
65730	136
65753	136
65789	136
65812	136
65835	136
65871	136
65894	136
65917	136
65941	136
65964	136
66000	136
66023	136
66046	136
66082	136
66105	136
66128	136
66152	136
66175	136
66199	136
66234	136
66257	136
66281	136
66304	136
66339	136
66363	136
66398	136
66421	137
66445	137
66468	137
66503	137
66527	137
66550	137
66574	137
66597	137
66632	137
66656	137
66679	137
66703	137
66726	137
66761	137
66785	137
66808	137
66832	137
66867	137
66890	137
66914	137
66925	137
66949	137
66972	137
66996	137
67031	137
67054	137
67078	137
67101	137
67136	137
67160	137
67195	137
67218	137
67242	137
67265	137
67300	137
67335	137
67359	137
67382	137
67406	137
67441	137
67464	137
67488	137
67523	137
67546	137
67582	137
67605	137
67628	137
67652	137
67675	137
67710	137
67734	138
67757	138
67781	138
67804	138
67839	138
67863	138
67886	138
67921	138
67945	138
67968	138
68003	138
68027	138
68050	138
68074	138
68109	138
68132	138
68156	138
68179	138
68214	138
68238	138
68261	138
68296	138
68320	138
68343	138
68378	138
68402	138
68425	138
68449	138
68472	138
68496	138
68519	138
68554	138
68578	138
68601	138
68625	138
68660	138
68683	138
68707	138
68742	138
68765	138
68789	138
68812	138
68835	138
68871	138
68894	138
68917	138
68941	138
68976	138
69000	138
69035	138
69058	139
69082	139
69117	139
69140	139
69164	139
69187	139
69210	139
69234	139
69269	139
69292	139
69316	139
69339	139
69363	139
69398	139
69421	139
69445	139
69468	139
69503	139
69527	139
69550	139
69574	139
69597	139
69632	139
69656	139
69679	139
69714	139
69738	139
69773	139
69796	139
69832	139
69855	139
69878	139
69902	139
69937	139
69960	139
69984	139
70007	139
70031	139
70066	139
70089	139
70113	139
70136	139
70160	139
70195	139
70218	139
70242	139
70277	139
70300	139
70324	139
70347	139
70382	140
70406	140
70429	140
70464	140
70488	140
70523	140
70558	140
70582	140
70605	140
70628	140
70664	140
70687	140
70710	140
70734	140
70757	140
70792	140
70816	140
70839	140
70863	140
70898	140
70921	140
70945	140
70980	140
71003	140
71027	140
71050	140
71085	140
71109	140
71132	140
71156	140
71191	140
71214	140
71250	140
71273	140
71308	140
71332	140
71355	140
71390	140
71414	140
71437	140
71460	140
71484	140
71507	140
71542	140
71566	140
71589	140
71613	140
71648	140
71671	140
71695	140
71718	141
71753	141
71777	141
71800	141
71824	141
71859	141
71882	141
71906	141
71929	141
71964	141
71988	141
72023	141
72046	141
72082	141
72105	141
72128	141
72164	141
72187	141
72222	141
72246	141
72269	141
72292	141
72328	141
72351	141
72386	141
72410	141
72433	141
72468	141
72492	141
72515	141
72539	141
72574	141
72597	141
72621	141
72644	141
72679	141
72703	141
72738	141
72761	141
72796	141
72820	141
72843	141
72878	141
72902	141
72925	141
72960	141
72984	141
73007	141
73031	141
73066	141
73089	142
73125	142
73148	142
73183	142
73207	142
73230	142
73265	142
73289	142
73312	142
73335	142
73371	142
73394	142
73417	142
73453	142
73476	142
73511	142
73535	142
73570	142
73593	142
73617	142
73652	142
73687	142
73710	142
73746	142
73769	142
73792	142
73828	142
73851	142
73886	142
73910	142
73945	142
73968	142
73992	142
74027	142
74050	142
74074	142
74097	142
74121	142
74144	142
74179	142
74203	142
74226	142
74261	142
74285	142
74308	142
74343	142
74367	142
74390	142
74425	142
74460	142
74484	143
74507	143
74531	143
74566	143
74601	143
74636	143
74660	143
74695	143
74718	143
74742	143
74777	143
74800	143
74835	143
74859	143
74882	143
74917	143
74941	143
74964	143
74988	143
75023	143
75046	143
75082	143
75105	143
75128	143
75164	143
75187	143
75210	143
75246	143
75269	143
75292	143
75328	143
75351	143
75386	143
75421	143
75457	143
75480	143
75503	143
75539	143
75562	143
75597	143
75621	143
75644	143
75679	143
75703	143
75726	143
75761	143
75785	143
75820	143
75843	143
75878	143
75902	144
75925	144
75960	144
75984	144
76019	144
76042	144
76078	144
76113	144
76148	144
76171	144
76207	144
76230	144
76265	144
76289	144
76312	144
76347	144
76371	144
76394	144
76429	144
76453	144
76476	144
76511	144
76535	144
76558	144
76593	144
76617	144
76640	144
76675	144
76699	144
76722	144
76746	144
76781	144
76804	144
76839	144
76875	144
76910	144
76945	144
76968	144
76992	144
77027	144
77062	144
77085	144
77121	144
77144	144
77179	144
77203	144
77226	144
77261	144
77285	144
77308	144
77343	145
77367	145
77402	145
77425	145
77449	145
77472	145
77496	145
77519	145
77554	145
77578	145
77613	145
77648	145
77671	145
77707	145
77730	145
77765	145
77789	145
77824	145
77847	145
77882	145
77906	145
77941	145
77964	145
78000	145
78023	145
78058	145
78082	145
78117	145
78140	145
78164	145
78199	145
78222	145
78246	145
78281	145
78304	145
78339	145
78363	145
78398	145
78433	145
78457	145
78492	145
78515	145
78539	145
78574	145
78597	145
78632	145
78656	145
78691	145
78714	145
78738	145
78773	146
78796	146
78832	146
78855	146
78878	146
78914	146
78937	146
78960	146
78984	146
79007	146
79042	146
79066	146
79101	146
79125	146
79160	146
79195	146
79218	146
79242	146
79277	146
79312	146
79347	146
79371	146
79394	146
79429	146
79464	146
79488	146
79523	146
79558	146
79582	146
79617	146
79640	146
79664	146
79699	146
79722	146
79746	146
79781	146
79804	146
79839	146
79875	146
79898	146
79933	146
79957	146
79992	146
80015	146
80050	146
80074	146
80109	146
80132	146
80156	146
80191	146
80226	147
80250	147
80285	147
80308	147
80343	147
80367	147
80402	147
80425	147
80449	147
80472	147
80507	147
80531	147
80566	147
80589	147
80625	147
80648	147
80683	147
80707	147
80742	147
80765	147
80789	147
80824	147
80847	147
80882	147
80906	147
80941	147
80964	147
81000	147
81035	147
81058	147
81093	147
81117	147
81152	147
81175	147
81199	147
81234	147
81257	147
81292	147
81316	147
81351	147
81375	147
81398	147
81433	147
81457	147
81492	147
81515	147
81550	147
81574	147
81609	147
81632	147
81656	148
81691	148
81726	148
81761	148
81785	148
81820	148
81855	148
81878	148
81902	148
81937	148
81960	148
81984	148
82019	148
82054	148
82078	148
82101	148
82136	148
82160	148
82195	148
82218	148
82253	148
82277	148
82312	148
82335	148
82371	148
82394	148
82417	148
82453	148
82488	148
82523	148
82558	148
82582	148
82617	148
82640	148
82675	148
82699	148
82722	148
82757	148
82781	148
82816	148
82839	148
82875	148
82898	148
82933	148
82957	148
82992	148
83015	148
83050	148
83074	148
83109	148
83132	149
83167	149
83191	149
83226	149
83261	149
83296	149
83320	149
83355	149
83378	149
83414	149
83437	149
83460	149
83496	149
83519	149
83554	149
83578	149
83613	149
83636	149
83671	149
83695	149
83730	149
83753	149
83789	149
83812	149
83835	149
83871	149
83894	149
83929	149
83964	149
83988	149
84023	149
84058	149
84093	149
84117	149
84152	149
84175	149
84210	149
84234	149
84269	149
84292	149
84328	149
84351	149
84386	149
84421	149
84445	149
84480	149
84503	149
84539	149
84562	149
84597	149
84621	150
84656	150
84679	150
84714	150
84750	150
84773	150
84808	150
84843	150
84867	150
84902	150
84925	150
84960	150
84984	150
85019	150
85042	150
85078	150
85113	150
85148	150
85171	150
85207	150
85230	150
85265	150
85289	150
85324	150
85347	150
85382	150
85406	150
85441	150
85476	150
85511	150
85535	150
85570	150
85605	150
85628	150
85664	150
85699	150
85734	150
85757	150
85792	150
85816	150
85851	150
85886	150
85921	150
85945	150
85980	150
86003	150
86039	150
86062	150
86085	150
86109	150
86144	151
86179	151
86203	151
86238	151
86261	151
86296	151
86320	151
86355	151
86378	151
86414	151
86449	151
86484	151
86507	151
86531	151
86566	151
86601	151
86636	151
86671	151
86707	151
86730	151
86765	151
86800	151
86824	151
86859	151
86882	151
86917	151
86941	151
86976	151
87000	151
87035	151
87070	151
87093	151
87128	151
87152	151
87187	151
87222	151
87246	151
87281	151
87304	151
87339	151
87375	151
87410	151
87445	151
87480	151
87503	151
87539	151
87574	151
87597	151
87632	151
87656	151
87691	152
87726	152
87750	152
87785	152
87808	152
87843	152
87878	152
87902	152
87937	152
87972	152
87996	152
88031	152
88054	152
88089	152
88136	152
88171	152
88207	152
88230	152
88265	152
88289	152
88324	152
88347	152
88382	152
88417	152
88441	152
88476	152
88500	152
88523	152
88558	152
88593	152
88617	152
88652	152
88675	152
88710	152
88734	152
88769	152
88792	152
88828	152
88863	152
88910	152
88945	152
88968	152
89003	152
89039	152
89074	152
89097	152
89132	152
89167	152
89191	152
89226	152
89250	153
89285	153
89320	153
89343	153
89378	153
89402	153
89425	153
89460	153
89484	153
89519	153
89542	153
89578	153
89613	153
89648	153
89683	153
89707	153
89742	153
89777	153
89812	153
89835	153
89871	153
89906	153
89929	153
89964	153
90000	153
90023	153
90058	153
90093	153
90128	153
90152	153
90187	153
90210	153
90246	153
90269	153
90304	153
90339	153
90375	153
90398	153
90433	153
90468	153
90503	153
90527	153
90562	153
90585	153
90621	153
90656	153
90679	153
90714	153
90738	153
90773	153
90808	154
90832	154
90867	154
90902	154
90925	154
90949	154
90972	154
91007	154
91042	154
91066	154
91101	154
91136	154
91171	154
91207	154
91230	154
91265	154
91300	154
91335	154
91371	154
91394	154
91429	154
91464	154
91500	154
91535	154
91570	154
91605	154
91628	154
91664	154
91687	154
91722	154
91746	154
91781	154
91816	154
91851	154
91875	154
91910	154
91945	154
91980	154
92003	154
92039	154
92074	154
92097	154
92132	154
92167	154
92191	154
92226	154
92261	154
92296	154
92320	154
92355	154
92390	155
92414	155
92449	155
92472	155
92507	155
92531	155
92566	155
92601	155
92625	155
92660	155
92695	155
92718	155
92753	155
92789	155
92812	155
92847	155
92882	155
92906	155
92941	155
92976	155
93011	155
93046	155
93082	155
93105	155
93140	155
93175	155
93199	155
93222	155
93257	155
93292	155
93316	155
93351	155
93386	155
93410	155
93445	155
93480	155
93503	155
93539	155
93562	155
93597	155
93632	155
93656	155
93691	155
93726	155
93761	155
93796	155
93832	155
93867	155
93890	155
93925	155
93949	156
93984	156
94019	156
94042	156
94078	156
94113	156
94136	156
94171	156
94207	156
94242	156
94265	156
94300	156
94335	156
94359	156
94394	156
94429	156
94464	156
94500	156
94535	156
94570	156
94593	156
94628	156
94664	156
94687	156
94722	156
94757	156
94781	156
94816	156
94851	156
94875	156
94910	156
94945	156
94980	156
95003	156
95039	156
95074	156
95109	156
95132	156
95167	156
95203	156
95238	156
95273	156
95308	156
95343	156
95367	156
95402	156
95437	156
95460	156
95496	156
95519	156
95554	157
95589	157
95613	157
95648	157
95683	157
95707	157
95742	157
95777	157
95800	157
95835	157
95859	157
95894	157
95929	157
95964	157
96000	157
96035	157
96058	157
96093	157
96128	157
96164	157
96187	157
96222	157
96257	157
96281	157
96316	157
96351	157
96386	157
96421	157
96445	157
96480	157
96515	157
96539	157
96574	157
96609	157
96632	157
96667	157
96703	157
96738	157
96773	157
96808	157
96843	157
96867	157
96902	157
96937	157
96972	157
96996	157
97031	157
97066	157
97101	157
97136	157
97160	158
97195	158
97230	158
97265	158
97289	158
97324	158
97359	158
97382	158
97417	158
97453	158
97488	158
97523	158
97558	158
97593	158
97617	158
97652	158
97699	158
97734	158
97757	158
97792	158
97828	158
97863	158
97898	158
97933	158
97957	158
97992	158
98027	158
98050	158
98074	158
98109	158
98144	158
98167	158
98203	158
98238	158
98261	158
98296	158
98332	158
98367	158
98390	158
98425	158
98472	158
98496	158
98531	158
98566	158
98601	158
98636	158
98671	158
98707	158
98742	158
98777	158
98800	159
98835	159
98871	159
98906	159
98929	159
98964	159
99000	159
99035	159
99058	159
99093	159
99128	159
99164	159
99187	159
99222	159
99257	159
99292	159
99328	159
99363	159
99398	159
99433	159
99468	159
99503	159
99539	159
99562	159
99597	159
99632	159
99667	159
99691	159
99726	159
99761	159
99796	159
99820	159
99855	159
99890	159
99925	159
99960	159
99996	159
100019	159
100054	159
100089	159
100136	159
100171	159
100207	159
100230	159
100265	159
100300	159
100335	159
100359	159
100394	159
100429	159
100453	160
100488	160
100523	160
100546	160
100582	160
100617	160
100640	160
100675	160
100710	160
100734	160
100769	160
100804	160
100839	160
100875	160
100921	160
100957	160
100980	160
101015	160
101050	160
101085	160
101121	160
101156	160
101191	160
101214	160
101250	160
101285	160
101308	160
101343	160
101378	160
101402	160
101437	160
101460	160
101496	160
101531	160
101554	160
101589	160
101625	160
101660	160
101695	160
101730	160
101765	160
101800	160
101835	160
101859	160
101894	160
101929	160
101964	160
102000	160
102035	160
102058	160
102093	161
102128	161
102164	161
102187	161
102222	161
102257	161
102281	161
102316	161
102351	161
102386	161
102421	161
102457	161
102492	161
102527	161
102550	161
102585	161
102621	161
102644	161
102679	161
102714	161
102750	161
102773	161
102808	161
102843	161
102878	161
102902	161
102937	161
102960	161
102984	161
103019	161
103054	161
103089	161
103125	161
103160	161
103195	161
103218	161
103253	161
103289	161
103335	161
103359	161
103394	161
103429	161
103464	161
103500	161
103535	161
103570	161
103605	161
103628	161
103664	161
103699	161
103722	162
103757	162
103792	162
103828	162
103851	162
103886	162
103921	162
103957	162
103992	162
104027	162
104050	162
104085	162
104121	162
104156	162
104179	162
104214	162
104250	162
104285	162
104320	162
104355	162
104390	162
104414	162
104437	162
104472	162
104507	162
104531	162
104566	162
104601	162
104636	162
104660	162
104695	162
104730	162
104765	162
104800	162
104824	162
104859	162
104894	162
104929	162
104953	162
105000	162
105035	162
105070	162
105093	162
105128	162
105164	162
105187	162
105222	162
105257	162
105281	162
105316	162
105351	163
105386	163
105410	163
105445	163
105480	163
105515	163
105539	163
105574	163
105609	163
105632	163
105667	163
105703	163
105738	163
105785	163
105808	163
105843	163
105878	163
105914	163
105937	163
105972	163
105996	163
106031	163
106066	163
106101	163
106125	163
106160	163
106195	163
106230	163
106253	163
106289	163
106324	163
106359	163
106382	163
106417	163
106453	163
106488	163
106523	163
106558	163
106593	163
106628	163
106652	163
106687	163
106722	163
106746	163
106781	163
106816	163
106851	163
106875	163
106910	163
106945	163
106980	164
107015	164
107039	164
107074	164
107109	164
107144	164
107167	164
107203	164
107250	164
107285	164
107320	164
107355	164
107378	164
107414	164
107449	164
107472	164
107507	164
107542	164
107566	164
107601	164
107636	164
107671	164
107695	164
107730	164
107765	164
107800	164
107824	164
107859	164
107894	164
107917	164
107953	164
107988	164
108023	164
108058	164
108093	164
108128	164
108164	164
108199	164
108222	164
108257	164
108292	164
108328	164
108351	164
108386	164
108421	164
108457	164
108492	164
108527	164
108550	164
108585	164
108609	165
108644	165
108679	165
108714	165
108750	165
108785	165
108820	165
108843	165
108878	165
108914	165
108949	165
108984	165
109007	165
109042	165
109078	165
109113	165
109148	165
109183	165
109218	165
109242	165
109277	165
109312	165
109335	165
109371	165
109406	165
109441	165
109476	165
109511	165
109546	165
109582	165
109605	165
109640	165
109687	165
109722	165
109746	165
109781	165
109816	165
109851	165
109886	165
109921	165
109957	165
109992	165
110015	165
110050	165
110074	165
110097	165
110132	165
110167	165
110203	165
110226	165
110261	166
110296	166
110332	166
110367	166
110390	166
110425	166
110460	166
110496	166
110531	166
110566	166
110601	166
110636	166
110671	166
110707	166
110742	166
110777	166
110800	166
110835	166
110871	166
110894	166
110929	166
110964	166
111000	166
111023	166
111058	166
111093	166
111128	166
111152	166
111187	166
111222	166
111257	166
111281	166
111316	166
111351	166
111398	166
111433	166
111468	166
111492	166
111527	166
111562	166
111597	166
111621	166
111656	166
111691	166
111726	166
111750	166
111785	166
111820	166
111855	166
111878	166
111914	167
111949	167
111984	167
112019	167
112042	167
112078	167
112125	167
112160	167
112195	167
112230	167
112265	167
112289	167
112324	167
112359	167
112382	167
112417	167
112453	167
112476	167
112511	167
112535	167
112570	167
112605	167
112640	167
112664	167
112699	167
112734	167
112757	167
112792	167
112828	167
112863	167
112910	167
112945	167
112968	167
113003	167
113039	167
113074	167
113109	167
113144	167
113167	167
113203	167
113238	167
113273	167
113296	167
113332	167
113367	167
113390	167
113425	167
113449	167
113472	167
113507	167
113542	168
113578	168
113613	168
113648	168
113671	168
113707	168
113742	168
113777	168
113812	168
113847	168
113871	168
113906	168
113941	168
113964	168
114000	168
114035	168
114070	168
114105	168
114128	168
114164	168
114199	168
114222	168
114257	168
114281	168
114316	168
114351	168
114386	168
114421	168
114457	168
114492	168
114515	168
114550	168
114585	168
114609	168
114644	168
114679	168
114703	168
114738	168
114773	168
114796	168
114832	168
114867	168
114902	168
114925	168
114949	168
114972	168
115007	168
115042	168
115066	168
115101	168
115136	169
115171	169
115207	169
115242	169
115265	169
115312	169
115347	169
115371	169
115406	169
115441	169
115476	169
115511	169
115546	169
115582	169
115605	169
115640	169
115675	169
115699	169
115734	169
115757	169
115792	169
115828	169
115863	169
115886	169
115921	169
115957	169
115992	169
116015	169
116050	169
116085	169
116109	169
116144	169
116179	169
116214	169
116238	169
116273	169
116308	169
116343	169
116367	169
116402	169
116425	169
116460	169
116484	169
116519	169
116554	169
116578	169
116613	169
116636	169
116671	169
116707	169
116742	170
116765	170
116800	170
116835	170
116859	170
116894	170
116929	170
116953	170
116988	170
117023	170
117058	170
117093	170
117128	170
117152	170
117187	170
117210	170
117246	170
117269	170
117304	170
117339	170
117363	170
117398	170
117421	170
117457	170
117492	170
117515	170
117550	170
117585	170
117609	170
117644	170
117679	170
117714	170
117750	170
117785	170
117808	170
117843	170
117878	170
117902	170
117937	170
117960	170
117996	170
118031	170
118054	170
118089	170
118113	170
118148	170
118183	170
118207	170
118242	170
118277	170
118300	171
118335	171
118371	171
118394	171
118429	171
118464	171
118500	171
118535	171
118570	171
118593	171
118628	171
118664	171
118687	171
118722	171
118746	171
118781	171
118804	171
118839	171
118875	171
118898	171
118933	171
118968	171
118992	171
119027	171
119062	171
119085	171
119121	171
119156	171
119179	171
119214	171
119250	171
119285	171
119320	171
119355	171
119378	171
119414	171
119449	171
119472	171
119496	171
119531	171
119566	171
119589	171
119625	171
119660	171
119683	171
119718	171
119753	171
119777	171
119812	171
119835	171
119871	172
119894	172
119929	172
119964	172
120000	172
120035	172
120058	172
120093	172
120128	172
120152	172
120187	172
120222	172
120246	172
120281	172
120316	172
120339	172
120375	172
120410	172
120445	172
120468	172
120503	172
120539	172
120562	172
120597	172
120621	172
120656	172
120691	172
120714	172
120750	172
120785	172
120820	172
120843	172
120878	172
120914	172
120937	172
120972	172
121007	172
121031	172
121066	172
121101	172
121136	172
121160	172
121195	172
121230	172
121253	172
121289	172
121312	172
121347	172
121382	172
121406	172
121441	173
121476	173
121511	173
121546	173
121570	173
121605	173
121640	173
121675	173
121710	173
121746	173
121769	173
121804	173
121839	173
121863	173
121898	173
121933	173
121968	173
121992	173
122027	173
122050	173
122074	173
122109	173
122132	173
122167	173
122203	173
122226	173
122261	173
122285	173
122320	173
122355	173
122378	173
122414	173
122449	173
122484	173
122507	173
122542	173
122578	173
122613	173
122648	173
122683	173
122718	173
122742	173
122777	173
122812	173
122835	173
122871	173
122894	173
122929	173
122964	173
122988	173
123023	174
123046	174
123082	174
123117	174
123140	174
123175	174
123210	174
123234	174
123269	174
123292	174
123328	174
123363	174
123410	174
123433	174
123468	174
123503	174
123527	174
123562	174
123597	174
123621	174
123656	174
123679	174
123714	174
123750	174
123773	174
123808	174
123843	174
123867	174
123902	174
123937	174
123972	174
123996	174
124031	174
124054	174
124089	174
124136	174
124171	174
124207	174
124230	174
124265	174
124300	174
124324	174
124359	174
124382	174
124417	174
124441	174
124476	174
124500	174
124535	174
124558	174
124593	175
124628	175
124652	175
124687	175
124710	175
124746	175
124769	175
124804	175
124839	175
124875	175
124910	175
124945	175
124980	175
125003	175
125039	175
125074	175
125109	175
125144	175
125167	175
125203	175
125226	175
125261	175
125296	175
125320	175
125355	175
125390	175
125414	175
125437	175
125460	175
125496	175
125519	175
125554	175
125589	175
125625	175
125648	175
125683	175
125718	175
125742	175
125777	175
125812	175
125847	175
125871	175
125906	175
125941	175
125964	175
126000	175
126035	175
126058	175
126093	175
126128	175
126152	176
126187	176
126210	176
126246	176
126269	176
126304	176
126339	176
126375	176
126410	176
126433	176
126468	176
126492	176
126527	176
126562	176
126585	176
126621	176
126644	176
126679	176
126714	176
126738	176
126773	176
126796	176
126832	176
126867	176
126890	176
126925	176
126949	176
126972	176
126996	176
127031	176
127066	176
127089	176
127125	176
127160	176
127195	176
127218	176
127253	176
127289	176
127324	176
127359	176
127382	176
127417	176
127453	176
127488	176
127523	176
127558	176
127582	176
127617	176
127640	176
127675	176
127699	177
127734	177
127757	177
127792	177
127828	177
127851	177
127886	177
127921	177
127957	177
127980	177
128015	177
128050	177
128074	177
128109	177
128132	177
128167	177
128203	177
128226	177
128261	177
128296	177
128332	177
128355	177
128390	177
128414	177
128449	177
128472	177
128507	177
128531	177
128566	177
128589	177
128625	177
128660	177
128683	177
128718	177
128753	177
128777	177
128812	177
128847	177
128871	177
128906	177
128929	177
128964	177
129000	177
129035	177
129070	177
129093	177
129128	177
129164	177
129187	177
129210	177
129246	178
129281	178
129304	178
129339	178
129363	178
129398	178
129433	178
129457	178
129492	178
129515	178
129550	178
129585	178
129609	178
129644	178
129667	178
129703	178
129738	178
129773	178
129808	178
129843	178
129867	178
129902	178
129925	178
129960	178
129984	178
130019	178
130054	178
130078	178
130113	178
130136	178
130171	178
130207	178
130230	178
130265	178
130289	178
130324	178
130359	178
130382	178
130417	178
130453	178
130488	178
130523	178
130558	178
130582	178
130617	178
130652	178
130675	178
130710	178
130734	178
130769	178
130792	179
130828	179
130863	179
130886	179
130921	179
130957	179
130980	179
131015	179
131039	179
131074	179
131109	179
131132	179
131167	179
131203	179
131238	179
131273	179
131308	179
131343	179
131367	179
131402	179
131425	179
131460	179
131484	179
131519	179
131554	179
131578	179
131613	179
131636	179
131671	179
131707	179
131730	179
131765	179
131789	179
131824	179
131847	179
131882	179
131917	179
131941	179
131976	179
132011	179
132046	179
132082	179
132117	179
132140	179
132175	179
132210	179
132234	179
132269	179
132304	179
132328	179
132363	180
132398	180
132433	180
132457	180
132492	180
132527	180
132550	180
132585	180
132609	180
132644	180
132679	180
132703	180
132738	180
132773	180
132808	180
132843	180
132867	180
132902	180
132937	180
132960	180
132996	180
133031	180
133054	180
133089	180
133125	180
133160	180
133183	180
133218	180
133253	180
133277	180
133312	180
133347	180
133371	180
133406	180
133441	180
133464	180
133500	180
133535	180
133570	180
133605	180
133640	180
133675	180
133710	180
133734	180
133769	180
133804	180
133839	180
133863	180
133898	180
133933	180
133968	181
133992	181
134027	181
134050	181
134074	181
134109	181
134144	181
134167	181
134203	181
134226	181
134261	181
134296	181
134332	181
134355	181
134390	181
134425	181
134460	181
134484	181
134519	181
134554	181
134589	181
134625	181
134660	181
134695	181
134730	181
134753	181
134789	181
134824	181
134847	181
134882	181
134906	181
134941	181
134976	181
135000	181
135035	181
135070	181
135105	181
135128	181
135164	181
135187	181
135222	181
135257	181
135281	181
135316	181
135351	181
135398	181
135433	181
135457	181
135492	181
135527	181
135550	182
135585	182
135621	182
135644	182
135679	182
135714	182
135738	182
135773	182
135808	182
135843	182
135867	182
135902	182
135937	182
135972	182
135996	182
136031	182
136066	182
136101	182
136136	182
136171	182
136207	182
136242	182
136265	182
136300	182
136335	182
136359	182
136394	182
136429	182
136453	182
136488	182
136511	182
136546	182
136570	182
136605	182
136640	182
136664	182
136699	182
136722	182
136757	182
136792	182
136816	182
136863	182
136898	182
136933	182
136968	182
136992	182
137027	182
137074	182
137097	182
137132	182
137167	183
137191	183
137226	183
137261	183
137285	183
137320	183
137355	183
137390	183
137414	183
137437	183
137460	183
137496	183
137531	183
137554	183
137589	183
137625	183
137660	183
137695	183
137730	183
137753	183
137789	183
137824	183
137859	183
137882	183
137917	183
137953	183
137976	183
138011	183
138046	183
138082	183
138105	183
138140	183
138164	183
138199	183
138234	183
138257	183
138292	183
138328	183
138351	183
138386	183
138421	183
138457	183
138492	183
138515	183
138550	183
138574	183
138609	183
138644	183
138667	183
138703	183
138738	184
138761	184
138796	184
138820	184
138855	184
138890	184
138914	184
138937	184
138960	184
138996	184
139031	184
139054	184
139089	184
139125	184
139160	184
139195	184
139218	184
139253	184
139289	184
139324	184
139359	184
139382	184
139417	184
139453	184
139488	184
139523	184
139558	184
139582	184
139617	184
139652	184
139675	184
139699	184
139734	184
139769	184
139792	184
139828	184
139863	184
139886	184
139921	184
139957	184
139992	184
140015	184
140050	184
140074	184
140109	184
140144	184
140167	184
140203	184
140238	184
140273	184
140296	185
140332	185
140367	185
140390	185
140425	185
140449	185
140472	185
140507	185
140542	185
140566	185
140601	185
140625	185
140660	185
140695	185
140718	185
140753	185
140777	185
140812	185
140847	185
140871	185
140906	185
140941	185
140964	185
141000	185
141035	185
141070	185
141093	185
141128	185
141164	185
141187	185
141210	185
141246	185
141281	185
141304	185
141339	185
141363	185
141398	185
141433	185
141457	185
141492	185
141527	185
141550	185
141585	185
141609	185
141644	185
141667	185
141703	185
141738	185
141773	185
141808	185
141843	186
141867	186
141902	186
141925	186
141960	186
141984	186
142019	186
142054	186
142078	186
142113	186
142136	186
142171	186
142195	186
142230	186
142265	186
142289	186
142324	186
142359	186
142382	186
142417	186
142441	186
142476	186
142511	186
142546	186
142582	186
142617	186
142640	186
142675	186
142699	186
142734	186
142757	186
142792	186
142816	186
142851	186
142886	186
142910	186
142945	186
142968	186
143003	186
143039	186
143062	186
143097	186
143121	186
143156	186
143191	186
143226	186
143261	186
143296	186
143320	186
143355	186
143378	187
143414	187
143437	187
143472	187
143496	187
143531	187
143566	187
143589	187
143625	187
143648	187
143683	187
143718	187
143742	187
143777	187
143800	187
143835	187
143859	187
143894	187
143917	187
143953	187
143988	187
144023	187
144058	187
144093	187
144117	187
144152	187
144175	187
144210	187
144246	187
144269	187
144304	187
144339	187
144363	187
144398	187
144433	187
144457	187
144492	187
144527	187
144550	187
144585	187
144609	187
144644	187
144667	187
144703	187
144738	187
144773	187
144808	187
144832	187
144867	187
144890	187
144925	188
144960	188
144984	188
145019	188
145054	188
145078	188
145113	188
145148	188
145183	188
145207	188
145242	188
145265	188
145300	188
145335	188
145359	188
145394	188
145417	188
145453	188
145488	188
145523	188
145558	188
145582	188
145617	188
145652	188
145687	188
145722	188
145746	188
145781	188
145816	188
145851	188
145886	188
145910	188
145945	188
145980	188
146003	188
146039	188
146062	188
146085	188
146121	188
146144	188
146179	188
146214	188
146238	188
146273	188
146308	188
146332	188
146367	188
146402	188
146425	188
146460	188
146496	189
146531	189
146554	189
146589	189
146636	189
146671	189
146695	189
146730	189
146765	189
146789	189
146824	189
146859	189
146882	189
146917	189
146941	189
146976	189
147011	189
147035	189
147070	189
147105	189
147128	189
147164	189
147199	189
147222	189
147257	189
147281	189
147316	189
147351	189
147386	189
147421	189
147457	189
147492	189
147515	189
147550	189
147585	189
147609	189
147644	189
147679	189
147703	189
147738	189
147773	189
147796	189
147832	189
147867	189
147890	189
147925	189
147960	189
147996	189
148019	189
148054	189
148089	190
148125	190
148171	190
148207	190
148230	190
148265	190
148289	190
148324	190
148359	190
148382	190
148417	190
148453	190
148476	190
148511	190
148535	190
148570	190
148593	190
148628	190
148652	190
148687	190
148722	190
148746	190
148781	190
148804	190
148851	190
148886	190
148921	190
148957	190
148980	190
149015	190
149050	190
149085	190
149121	190
149144	190
149179	190
149214	190
149238	190
149273	190
149308	190
149332	190
149367	190
149402	190
149425	190
149449	190
149472	190
149507	190
149542	190
149566	190
149601	190
149636	190
149671	191
149707	191
149730	191
149765	191
149800	191
149835	191
149871	191
149894	191
149929	191
149964	191
149988	191
150023	191
150058	191
150093	191
150117	191
150152	191
150187	191
150210	191
150246	191
150269	191
150304	191
150339	191
150375	191
150410	191
150445	191
150468	191
150503	191
150539	191
150562	191
150597	191
150632	191
150656	191
150691	191
150726	191
150750	191
150785	191
150820	191
150843	191
150878	191
150902	191
150937	191
150960	191
150984	191
151019	191
151054	191
151078	191
151113	191
151148	191
151183	191
151218	191
151242	192
151277	192
151312	192
151347	192
151382	192
151417	192
151441	192
151476	192
151511	192
151546	192
151582	192
151617	192
151640	192
151675	192
151699	192
151734	192
151769	192
151792	192
151828	192
151863	192
151898	192
151921	192
151957	192
151992	192
152027	192
152050	192
152085	192
152121	192
152144	192
152179	192
152214	192
152250	192
152273	192
152308	192
152343	192
152378	192
152402	192
152437	192
152460	192
152484	192
152519	192
152554	192
152578	192
152613	192
152648	192
152683	192
152707	192
152742	192
152777	192
152800	192
152835	193
152871	193
152894	193
152929	193
152964	193
153000	193
153035	193
153070	193
153093	193
153128	193
153164	193
153187	193
153222	193
153246	193
153281	193
153316	193
153339	193
153375	193
153410	193
153433	193
153468	193
153503	193
153527	193
153562	193
153597	193
153621	193
153656	193
153691	193
153726	193
153761	193
153796	193
153832	193
153855	193
153890	193
153925	193
153949	193
153984	193
154007	193
154042	193
154078	193
154101	193
154136	193
154160	193
154195	193
154230	193
154265	193
154289	193
154324	193
154359	193
154382	193
154417	194
154453	194
154488	194
154523	194
154558	194
154593	194
154617	194
154652	194
154687	194
154710	194
154746	194
154769	194
154804	194
154839	194
154863	194
154898	194
154933	194
154968	194
154992	194
155027	194
155062	194
155097	194
155121	194
155156	194
155191	194
155214	194
155261	194
155296	194
155332	194
155355	194
155390	194
155425	194
155449	194
155484	194
155507	194
155542	194
155578	194
155601	194
155636	194
155660	194
timepoint: 183.62