0	0
0	0
0	0
0	0
0	0
0	0
0	0
0	0
0	0
0	0
0	0
0	0
0	0
0	0
0	0
0	0
0	0
0	0
0	0
0	0
0	0
0	0
0	0
0	0
0	0
0	0
0	0
0	0
0	0
0	0
0	0
0	0
0	0
0	0
0	0
0	0
0	0
0	0
0	0
0	0
0	0
0	0
0	0
0	0
0	0
0	0
0	0
0	0
0	0
0	0
0	1
0	1
0	1
0	1
0	1
0	1
0	1
0	1
0	1
0	1
0	1
0	1
0	1
0	1
0	1
0	1
0	1
0	1
0	1
0	1
0	1
0	1
0	1
0	1
0	1
0	1
0	1
0	1
0	1
0	1
0	1
0	1
0	1
0	1
0	1
0	1
0	1
0	1
0	1
0	1
0	1
0	1
0	1
0	1
0	1
0	1
0	1
0	1
0	1
0	1
0	2
0	2
0	2
0	2
0	2
0	2
0	2
0	2
0	2
0	2
0	2
0	2
0	2
0	2
0	2
0	2
0	2
0	2
0	2
0	2
0	2
0	2
0	2
0	2
0	2
0	2
0	2
0	2
0	2
0	2
0	2
0	2
0	2
0	2
0	2
0	2
0	2
0	2
0	2
0	2
0	2
0	2
0	2
0	2
0	2
0	2
0	2
0	2
0	2
0	2
0	3
0	3
0	3
0	3
0	3
0	3
0	3
0	3
0	3
0	3
0	3
0	3
0	3
0	3
0	3
0	3
0	3
0	3
0	3
0	3
0	3
0	3
0	3
0	3
0	3
0	3
0	3
0	3
0	3
0	3
0	3
0	3
0	3
0	3
0	3
0	3
0	3
0	3
0	3
0	3
0	3
0	3
0	3
0	3
0	3
0	3
0	3
0	3
0	3
0	3
0	4
0	4
0	4
0	4
0	4
0	4
0	4
0	4
0	4
0	4
0	4
0	4
0	4
0	4
0	4
0	4
0	4
0	4
0	4
0	4
0	4
0	4
0	4
0	4
0	4
0	4
0	4
0	4
0	4
0	4
0	4
0	4
0	4
0	4
0	4
0	4
0	4
0	4
0	4
0	4
0	4
0	4
0	4
0	4
0	4
0	4
0	4
0	4
0	4
0	4
0	5
0	5
0	5
0	5
0	5
0	5
0	5
0	5
0	5
0	5
0	5
0	5
0	5
0	5
0	5
0	5
0	5
0	5
0	5
0	5
0	5
0	5
0	5
0	5
0	5
0	5
0	5
0	5
0	5
0	5
0	5
0	5
0	5
0	5
0	5
0	5
0	5
0	5
0	5
0	5
0	5
0	5
0	5
0	5
0	5
0	5
0	5
0	5
0	5
0	5
0	6
0	6
0	6
0	6
0	6
0	6
0	6
0	6
0	6
0	6
0	6
0	6
0	6
0	6
0	6
0	6
0	6
0	6
0	6
0	6
0	6
0	6
0	6
0	6
0	6
0	6
0	6
0	6
0	6
0	6
0	6
0	6
0	6
0	6
0	6
0	6
0	6
0	6
0	6
0	6
0	6
0	6
0	6
0	6
0	6
0	6
0	6
0	6
0	6
0	6
0	7
0	7
11	7
11	7
11	7
11	7
11	7
11	7
11	7
11	7
11	7
23	7
23	7
23	7
23	7
23	7
23	7
23	7
23	7
23	7
23	7
23	7
23	7
23	7
23	7
23	7
23	7
23	7
23	7
23	7
23	7
23	7
23	7
23	7
23	7
23	7
23	7
23	7
23	7
23	7
23	7
23	7
23	7
23	7
23	7
23	7
23	7
11	7
11	7
11	7
11	8
11	8
11	8
11	8
11	8
11	8
11	8
11	8
11	8
11	8
11	8
11	8
11	8
11	8
11	8
11	8
11	8
11	8
11	8
11	8
11	8
23	8
23	8
23	8
23	8
23	8
23	8
23	8
23	8
23	8
23	8
23	8
23	8
23	8
23	8
23	8
23	8
23	8
35	8
35	8
35	8
35	8
35	8
35	8
35	8
35	8
35	8
35	8
35	8
35	8
35	9
35	9
35	9
35	9
35	9
35	9
35	9
35	9
35	9
35	9
23	9
23	9
23	9
23	9
23	9
23	9
23	9
23	9
23	9
23	9
23	9
23	9
23	9
23	9
23	9
23	9
23	9
23	9
23	9
23	9
23	9
23	9
23	9
23	9
23	9
23	9
23	9
23	9
23	9
23	9
23	9
23	9
23	9
23	9
23	9
23	9
23	9
23	9
23	9
23	9
23	10
23	10
23	10
23	10
23	10
35	10
35	10
35	10
35	10
35	10
35	10
35	10
35	10
35	10
35	10
35	10
35	10
35	10
35	10
35	10
35	10
35	10
35	10
35	10
35	10
35	10
35	10
35	10
35	10
35	10
35	10
35	10
35	10
35	10
35	10
35	10
35	10
35	10
35	10
35	10
35	10
23	10
23	10
23	10
23	10
23	10
23	10
23	10
23	10
23	10
23	11
23	11
23	11
23	11
23	11
23	11
23	11
23	11
23	11
23	11
23	11
23	11
23	11
23	11
23	11
23	11
23	11
23	11
23	11
23	11
23	11
23	11
23	11
23	11
23	11
23	11
35	11
35	11
35	11
35	11
35	11
35	11
35	11
35	11
35	11
35	11
35	11
35	11
35	11
35	11
35	11
35	11
35	11
35	11
35	11
35	11
35	11
35	11
35	11
35	11
35	12
35	12
35	12
35	12
35	12
35	12
35	12
35	12
35	12
35	12
35	12
35	12
35	12
35	12
35	12
35	12
35	12
35	12
35	12
35	12
35	12
35	12
35	12
35	12
35	12
35	12
23	12
23	12
23	12
23	12
23	12
23	12
23	12
23	12
23	12
23	12
23	12
23	12
23	12
23	12
23	12
23	12
23	12
23	12
23	12
35	12
35	12
35	12
35	12
35	12
35	13
35	13
35	13
35	13
35	13
35	13
35	13
35	13
35	13
35	13
35	13
35	13
35	13
35	13
35	13
35	13
35	13
35	13
35	13
35	13
35	13
35	13
35	13
35	13
35	13
35	13
35	13
35	13
35	13
35	13
35	13
35	13
35	13
35	13
35	13
35	13
35	13
35	13
35	13
35	13
35	13
35	13
35	13
35	13
35	13
35	13
35	13
35	13
35	13
35	13
35	14
35	14
35	14
35	14
35	14
35	14
35	14
35	14
35	14
35	14
35	14
35	14
35	14
35	14
35	14
35	14
35	14
35	14
35	14
35	14
35	14
35	14
35	14
35	14
35	14
35	14
35	14
35	14
35	14
35	14
35	14
35	14
35	14
35	14
35	14
35	14
35	14
35	14
35	14
35	14
35	14
35	14
35	14
35	14
35	14
35	14
35	14
35	14
35	14
35	14
35	15
35	15
35	15
35	15
35	15
35	15
35	15
35	15
35	15
35	15
35	15
35	15
35	15
35	15
35	15
35	15
35	15
35	15
35	15
35	15
35	15
35	15
35	15
35	15
35	15
35	15
35	15
35	15
35	15
35	15
35	15
35	15
35	15
35	15
35	15
35	15
35	15
35	15
35	15
35	15
35	15
35	15
35	15
35	15
35	15
35	15
35	15
35	15
35	15
35	15
35	16
35	16
35	16
35	16
35	16
35	16
35	16
35	16
35	16
35	16
35	16
35	16
35	16
35	16
35	16
35	16
35	16
35	16
35	16
35	16
35	16
35	16
35	16
35	16
35	16
35	16
35	16
35	16
35	16
35	16
35	16
35	16
35	16
35	16
35	16
35	16
35	16
35	16
35	16
35	16
35	16
35	16
35	16
35	16
35	16
35	16
35	16
35	16
35	16
35	16
35	17
35	17
35	17
35	17
35	17
35	17
35	17
35	17
35	17
35	17
35	17
35	17
35	17
35	17
35	17
35	17
35	17
35	17
35	17
35	17
35	17
35	17
35	17
35	17
35	17
35	17
35	17
35	17
35	17
35	17
35	17
35	17
35	17
35	17
35	17
35	17
35	17
35	17
35	17
35	17
35	17
35	17
35	17
35	17
35	17
35	17
35	17
35	17
35	17
35	17
35	18
35	18
35	18
35	18
35	18
35	18
35	18
35	18
35	18
35	18
35	18
35	18
35	18
35	18
35	18
35	18
35	18
35	18
35	18
35	18
35	18
35	18
35	18
35	18
35	18
35	18
35	18
35	18
35	18
35	18
35	18
35	18
35	18
35	18
35	18
35	18
35	18
35	18
35	18
35	18
35	18
35	18
35	18
35	18
35	18
35	18
35	18
35	18
35	18
35	18
35	19
35	19
35	19
35	19
35	19
35	19
35	19
35	19
35	19
35	19
35	19
35	19
35	19
35	19
35	19
35	19
35	19
35	19
35	19
35	19
35	19
35	19
35	19
35	19
35	19
35	19
35	19
35	19
35	19
35	19
35	19
35	19
35	19
35	19
35	19
35	19
35	19
35	19
35	19
35	19
35	19
35	19
35	19
35	19
35	19
35	19
35	19
35	19
35	19
35	19
35	20
35	20
35	20
35	20
35	20
35	20
35	20
35	20
35	20
35	20
35	20
35	20
35	20
35	20
35	20
35	20
35	20
35	20
35	20
35	20
35	20
35	20
35	20
35	20
35	20
35	20
35	20
35	20
35	20
35	20
35	20
35	20
35	20
35	20
35	20
35	20
35	20
35	20
35	20
35	20
35	20
35	20
35	20
35	20
35	20
35	20
35	20
35	20
35	20
35	20
35	21
35	21
35	21
35	21
35	21
35	21
35	21
35	21
35	21
35	21
35	21
35	21
35	21
35	21
35	21
35	21
35	21
35	21
35	21
35	21
35	21
35	21
35	21
35	21
35	21
35	21
35	21
35	21
35	21
35	21
35	21
35	21
35	21
35	21
35	21
35	21
35	21
35	21
35	21
35	21
35	21
35	21
35	21
35	21
35	21
35	21
35	21
35	21
35	21
35	21
35	22
35	22
35	22
35	22
35	22
35	22
35	22
35	22
35	22
35	22
35	22
35	22
35	22
35	22
35	22
35	22
35	22
35	22
35	22
35	22
35	22
35	22
35	22
35	22
35	22
35	22
35	22
35	22
35	22
35	22
35	22
35	22
35	22
35	22
35	22
35	22
35	22
35	22
35	22
35	22
35	22
35	22
35	22
35	22
35	22
35	22
35	22
35	22
35	22
35	22
35	23
35	23
35	23
35	23
35	23
35	23
35	23
35	23
35	23
35	23
35	23
35	23
35	23
35	23
35	23
35	23
35	23
35	23
35	23
35	23
35	23
35	23
35	23
35	23
35	23
35	23
35	23
35	23
35	23
35	23
35	23
35	23
35	23
35	23
35	23
35	23
35	23
35	23
35	23
35	23
35	23
35	23
35	23
35	23
35	23
35	23
35	23
35	23
35	23
35	23
35	24
35	24
35	24
35	24
35	24
35	24
35	24
35	24
35	24
35	24
35	24
35	24
35	24
35	24
35	24
35	24
35	24
35	24
35	24
35	24
35	24
35	24
35	24
35	24
35	24
35	24
35	24
35	24
35	24
35	24
35	24
35	24
35	24
35	24
35	24
35	24
35	24
35	24
35	24
35	24
35	24
35	24
35	24
35	24
35	24
35	24
35	24
35	24
35	24
35	24
35	25
35	25
35	25
35	25
35	25
35	25
35	25
35	25
35	25
35	25
35	25
35	25
35	25
35	25
35	25
35	25
35	25
35	25
35	25
35	25
35	25
35	25
35	25
35	25
35	25
35	25
35	25
35	25
35	25
35	25
35	25
35	25
35	25
35	25
35	25
35	25
35	25
35	25
35	25
35	25
35	25
35	25
35	25
35	25
35	25
35	25
35	25
35	25
35	25
35	25
35	26
35	26
35	26
35	26
35	26
35	26
35	26
35	26
35	26
35	26
35	26
35	26
35	26
35	26
35	26
35	26
35	26
35	26
35	26
35	26
35	26
35	26
35	26
35	26
35	26
35	26
35	26
35	26
35	26
35	26
35	26
35	26
35	26
35	26
35	26
35	26
35	26
35	26
35	26
35	26
35	26
35	26
35	26
35	26
35	26
35	26
35	26
35	26
35	26
35	26
35	27
35	27
35	27
35	27
35	27
35	27
35	27
35	27
35	27
35	27
35	27
35	27
35	27
35	27
35	27
35	27
35	27
35	27
35	27
35	27
35	27
35	27
35	27
35	27
35	27
35	27
35	27
35	27
35	27
35	27
35	27
35	27
35	27
35	27
35	27
35	27
35	27
35	27
35	27
35	27
35	27
35	27
35	27
35	27
35	27
35	27
35	27
35	27
35	27
35	27
35	28
35	28
35	28
35	28
35	28
35	28
35	28
35	28
35	28
35	28
35	28
35	28
35	28
35	28
35	28
35	28
35	28
35	28
35	28
35	28
35	28
35	28
35	28
35	28
35	28
35	28
35	28
35	28
35	28
35	28
35	28
35	28
35	28
35	28
35	28
35	28
35	28
35	28
35	28
35	28
35	28
35	28
35	28
35	28
35	28
35	28
35	28
35	28
35	28
35	28
35	29
35	29
35	29
35	29
35	29
35	29
35	29
35	29
35	29
35	29
35	29
35	29
35	29
35	29
35	29
46	29
46	29
46	29
46	29
46	29
46	29
46	29
46	29
46	29
46	29
46	29
46	29
46	29
46	29
46	29
46	29
46	29
46	29
46	29
46	29
46	29
58	29
58	29
58	29
58	29
58	29
58	29
58	29
58	29
58	29
58	29
58	29
58	29
58	29
58	29
70	30
70	30
70	30
70	30
70	30
70	30
70	30
70	30
70	30
70	30
70	30
70	30
70	30
70	30
70	30
70	30
70	30
82	30
82	30
82	30
82	30
82	30
82	30
82	30
82	30
82	30
82	30
93	30
93	30
93	30
93	30
93	30
93	30
93	30
93	30
93	30
93	30
93	30
93	30
93	30
93	30
105	30
105	30
105	30
105	30
105	30
105	30
105	30
105	30
105	30
105	31
105	31
105	31
117	31
117	31
117	31
117	31
117	31
117	31
117	31
117	31
117	31
117	31
128	31
128	31
128	31
128	31
128	31
128	31
128	31
128	31
128	31
140	31
140	31
140	31
140	31
140	31
140	31
140	31
140	31
140	31
152	31
152	31
152	31
152	31
152	31
152	31
152	31
152	31
152	31
152	31
164	31
164	31
164	31
164	31
164	31
164	31
164	31
175	31
175	31
175	32
175	32
175	32
175	32
175	32
175	32
175	32
187	32
187	32
187	32
187	32
187	32
187	32
187	32
187	32
199	32
199	32
199	32
199	32
199	32
199	32
199	32
210	32
210	32
210	32
210	32
210	32
210	32
210	32
222	32
222	32
222	32
222	32
222	32
222	32
222	32
234	32
234	32
234	32
234	32
234	32
234	32
234	32
246	32
246	32
246	32
246	32
246	32
246	32
246	32
257	33
257	33
257	33
257	33
257	33
257	33
269	33
269	33
269	33
269	33
269	33
269	33
269	33
281	33
281	33
281	33
281	33
281	33
281	33
281	33
292	33
292	33
292	33
292	33
292	33
292	33
304	33
304	33
304	33
304	33
304	33
304	33
304	33
316	33
316	33
316	33
316	33
316	33
316	33
328	33
328	33
328	33
328	33
328	33
328	33
339	33
339	33
339	33
339	33
339	33
339	34
351	34
351	34
351	34
351	34
351	34
351	34
363	34
363	34
363	34
363	34
363	34
363	34
375	34
375	34
375	34
375	34
375	34
375	34
386	34
386	34
386	34
386	34
386	34
386	34
398	34
398	34
398	34
398	34
398	34
398	34
410	34
410	34
410	34
410	34
410	34
410	34
421	34
421	34
421	34
421	34
421	34
421	34
433	34
433	34
433	34
433	34
433	34
433	34
445	34
445	35
445	35
445	35
445	35
457	35
457	35
457	35
457	35
457	35
457	35
468	35
468	35
468	35
468	35
468	35
480	35
480	35
480	35
480	35
480	35
480	35
492	35
492	35
492	35
492	35
492	35
503	35
503	35
503	35
503	35
503	35
515	35
515	35
515	35
515	35
515	35
527	35
527	35
527	35
527	35
527	35
539	35
539	35
539	35
539	35
539	35
550	35
550	35
550	35
550	35
550	36
562	36
562	36
562	36
562	36
574	36
574	36
574	36
574	36
574	36
585	36
585	36
585	36
585	36
597	36
597	36
597	36
597	36
609	36
609	36
609	36
609	36
609	36
621	36
621	36
621	36
621	36
632	36
632	36
632	36
632	36
632	36
644	36
644	36
644	36
644	36
656	36
656	36
656	36
656	36
656	36
667	36
667	36
667	36
667	36
667	36
679	36
679	36
679	36
679	36
679	37
691	37
691	37
691	37
691	37
703	37
703	37
703	37
703	37
703	37
714	37
714	37
714	37
714	37
714	37
726	37
726	37
726	37
726	37
738	37
738	37
738	37
738	37
738	37
750	37
750	37
750	37
750	37
750	37
761	37
761	37
761	37
761	37
773	37
773	37
773	37
773	37
785	37
785	37
785	37
785	37
796	37
796	37
796	37
796	37
796	37
808	37
808	37
808	37
808	37
820	38
820	38
820	38
820	38
832	38
832	38
832	38
832	38
832	38
843	38
843	38
843	38
843	38
843	38
855	38
855	38
855	38
855	38
867	38
867	38
867	38
867	38
878	38
878	38
878	38
878	38
878	38
890	38
890	38
890	38
890	38
902	38
902	38
902	38
902	38
902	38
914	38
914	38
914	38
914	38
925	38
925	38
925	38
925	38
937	38
937	38
937	38
937	38
949	38
949	38
949	39
949	39
960	39
960	39
960	39
960	39
972	39
972	39
972	39
984	39
984	39
984	39
984	39
996	39
996	39
996	39
996	39
1007	39
1007	39
1007	39
1007	39
1019	39
1019	39
1019	39
1019	39
1031	39
1031	39
1031	39
1042	39
1042	39
1042	39
1042	39
1054	39
1054	39
1054	39
1054	39
1054	39
1066	39
1066	39
1066	39
1066	39
1078	39
1078	39
1078	39
1078	39
1089	39
1089	39
1089	39
1089	39
1101	39
1101	40
1101	40
1101	40
1113	40
1113	40
1113	40
1113	40
1113	40
1125	40
1125	40
1125	40
1125	40
1136	40
1136	40
1136	40
1136	40
1148	40
1148	40
1148	40
1148	40
1160	40
1160	40
1160	40
1160	40
1171	40
1171	40
1171	40
1171	40
1183	40
1183	40
1183	40
1183	40
1195	40
1195	40
1195	40
1195	40
1207	40
1207	40
1207	40
1207	40
1218	40
1218	40
1218	40
1218	40
1230	40
1230	40
1230	40
1230	40
1242	40
1242	40
1242	41
1242	41
1253	41
1253	41
1253	41
1265	41
1265	41
1265	41
1265	41
1277	41
1277	41
1277	41
1277	41
1289	41
1289	41
1289	41
1289	41
1300	41
1300	41
1300	41
1300	41
1312	41
1312	41
1312	41
1324	41
1324	41
1324	41
1324	41
1335	41
1335	41
1335	41
1347	41
1347	41
1347	41
1347	41
1359	41
1359	41
1359	41
1371	41
1371	41
1371	41
1382	41
1382	41
1382	41
1382	41
1394	41
1394	41
1394	41
1406	41
1406	41
1406	42
1406	42
1417	42
1417	42
1417	42
1429	42
1429	42
1429	42
1429	42
1441	42
1441	42
1441	42
1441	42
1453	42
1453	42
1453	42
1464	42
1464	42
1464	42
1464	42
1476	42
1476	42
1476	42
1488	42
1488	42
1488	42
1488	42
1500	42
1500	42
1500	42
1511	42
1511	42
1511	42
1523	42
1523	42
1523	42
1535	42
1535	42
1535	42
1546	42
1546	42
1546	42
1558	42
1558	42
1558	42
1558	42
1570	42
1570	42
1570	42
1582	42
1582	43
1582	43
1582	43
1593	43
1593	43
1593	43
1593	43
1605	43
1605	43
1605	43
1617	43
1617	43
1617	43
1617	43
1628	43
1628	43
1628	43
1640	43
1640	43
1640	43
1640	43
1652	43
1652	43
1652	43
1664	43
1664	43
1664	43
1675	43
1675	43
1675	43
1687	43
1687	43
1687	43
1699	43
1699	43
1699	43
1710	43
1710	43
1710	43
1722	43
1722	43
1722	43
1734	43
1734	43
1734	43
1746	43
1746	43
1746	43
1757	43
1757	43
1757	44
1769	44
1769	44
1769	44
1769	44
1781	44
1781	44
1781	44
1792	44
1792	44
1792	44
1804	44
1804	44
1804	44
1804	44
1816	44
1816	44
1816	44
1828	44
1828	44
1828	44
1828	44
1839	44
1839	44
1839	44
1851	44
1851	44
1851	44
1863	44
1863	44
1863	44
1863	44
1875	44
1875	44
1875	44
1886	44
1886	44
1886	44
1886	44
1898	44
1898	44
1898	44
1898	44
1910	44
1910	44
1910	44
1921	44
1921	44
1921	44
1921	44
1933	45
1933	45
1933	45
1945	45
1945	45
1945	45
1945	45
1957	45
1957	45
1957	45
1968	45
1968	45
1968	45
1980	45
1980	45
1980	45
1992	45
1992	45
1992	45
2003	45
2003	45
2003	45
2015	45
2015	45
2015	45
2027	45
2027	45
2027	45
2039	45
2039	45
2039	45
2039	45
2050	45
2050	45
2050	45
2062	45
2062	45
2062	45
2074	45
2074	45
2074	45
2085	45
2085	45
2085	45
2097	45
2097	45
2097	45
2109	45
2109	45
2109	45
2121	46
2121	46
2132	46
2132	46
2132	46
2144	46
2144	46
2144	46
2156	46
2156	46
2156	46
2167	46
2167	46
2179	46
2179	46
2179	46
2191	46
2191	46
2191	46
2203	46
2203	46
2203	46
2214	46
2214	46
2226	46
2226	46
2226	46
2238	46
2238	46
2238	46
2250	46
2250	46
2250	46
2261	46
2261	46
2273	46
2273	46
2273	46
2285	46
2285	46
2296	46
2296	46
2308	46
2308	46
2308	46
2320	46
2320	46
2320	46
2332	46
2332	46
2343	47
2343	47
2343	47
2355	47
2355	47
2355	47
2367	47
2367	47
2367	47
2378	47
2378	47
2378	47
2390	47
2390	47
2390	47
2402	47
2402	47
2414	47
2414	47
2425	47
2425	47
2425	47
2437	47
2437	47
2449	47
2449	47
2460	47
2460	47
2472	47
2472	47
2484	47
2484	47
2484	47
2496	47
2496	47
2507	47
2507	47
2519	47
2519	47
2531	47
2531	47
2531	47
2542	47
2542	47
2554	47
2554	47
2554	47
2566	47
2566	47
2578	47
2578	48
2578	48
2589	48
2589	48
2589	48
2601	48
2601	48
2613	48
2613	48
2613	48
2625	48
2625	48
2636	48
2636	48
2636	48
2648	48
2648	48
2660	48
2660	48
2660	48
2671	48
2671	48
2683	48
2683	48
2683	48
2695	48
2695	48
2695	48
2707	48
2707	48
2718	48
2718	48
2718	48
2730	48
2730	48
2742	48
2742	48
2742	48
2753	48
2753	48
2765	48
2765	48
2765	48
2777	48
2777	48
2789	48
2789	48
2789	48
2800	48
2800	48
2812	49
2812	49
2812	49
2824	49
2824	49
2835	49
2835	49
2847	49
2847	49
2847	49
2859	49
2859	49
2871	49
2871	49
2871	49
2882	49
2882	49
2894	49
2894	49
2906	49
2906	49
2906	49
2917	49
2917	49
2929	49
2929	49
2941	49
2941	49
2941	49
2953	49
2953	49
2964	49
2964	49
2976	49
2976	49
2976	49
2988	49
2988	49
3000	49
3000	49
3000	49
3011	49
3011	49
3023	49
3023	49
3023	49
3035	49
3035	49
3046	49
3046	49
3058	50
3058	50
3058	50
3070	50
3070	50
3082	50
3082	50
3093	50
3093	50
3093	50
3105	50
3105	50
3117	50
3117	50
3117	50
3128	50
3128	50
3140	50
3140	50
3152	50
3152	50
3164	50
3164	50
3175	50
3175	50
3187	50
3187	50
3199	50
3199	50
3210	50
3210	50
3222	50
3222	50
3234	50
3246	50
3246	50
3257	50
3257	50
3269	50
3269	50
3281	50
3281	50
3292	50
3292	50
3304	50
3304	50
3304	50
3316	50
3316	50
3328	50
3328	51
3339	51
3339	51
3351	51
3351	51
3351	51
3363	51
3363	51
3375	51
3375	51
3386	51
3386	51
3398	51
3398	51
3410	51
3410	51
3421	51
3421	51
3433	51
3433	51
3445	51
3445	51
3445	51
3457	51
3457	51
3468	51
3468	51
3480	51
3480	51
3492	51
3492	51
3492	51
3503	51
3503	51
3515	51
3515	51
3527	51
3527	51
3539	51
3539	51
3550	51
3550	51
3562	51
3562	51
3562	51
3574	51
3574	51
3585	51
3585	51
3597	51
3597	52
3609	52
3609	52
3621	52
3621	52
3632	52
3632	52
3644	52
3644	52
3656	52
3656	52
3656	52
3667	52
3667	52
3679	52
3679	52
3691	52
3691	52
3703	52
3703	52
3714	52
3714	52
3726	52
3726	52
3738	52
3738	52
3750	52
3750	52
3761	52
3761	52
3773	52
3773	52
3785	52
3785	52
3796	52
3796	52
3808	52
3808	52
3820	52
3820	52
3832	52
3832	52
3843	52
3843	52
3843	52
3855	52
3855	52
3867	52
3867	52
3878	52
3878	53
3890	53
3890	53
3902	53
3902	53
3914	53
3914	53
3925	53
3937	53
3937	53
3949	53
3949	53
3960	53
3972	53
3972	53
3984	53
3996	53
3996	53
4007	53
4007	53
4019	53
4031	53
4031	53
4042	53
4042	53
4054	53
4054	53
4066	53
4066	53
4078	53
4078	53
4089	53
4089	53
4101	53
4101	53
4113	53
4113	53
4125	53
4125	53
4136	53
4136	53
4148	53
4148	53
4160	53
4160	53
4171	53
4171	53
4183	53
4183	53
4195	53
4195	54
4207	54
4207	54
4218	54
4218	54
4230	54
4230	54
4242	54
4242	54
4253	54
4253	54
4265	54
4265	54
4277	54
4277	54
4289	54
4289	54
4300	54
4300	54
4312	54
4312	54
4324	54
4324	54
4335	54
4335	54
4347	54
4347	54
4359	54
4359	54
4371	54
4371	54
4382	54
4382	54
4394	54
4394	54
4406	54
4406	54
4417	54
4417	54
4429	54
4441	54
4441	54
4453	54
4453	54
4464	54
4464	54
4476	54
4476	54
4488	54
4488	54
4500	55
4500	55
4511	55
4511	55
4523	55
4523	55
4535	55
4535	55
4546	55
4558	55
4558	55
4570	55
4570	55
4582	55
4582	55
4593	55
4593	55
4605	55
4605	55
4617	55
4617	55
4628	55
4628	55
4640	55
4652	55
4652	55
4664	55
4664	55
4675	55
4687	55
4687	55
4699	55
4710	55
4710	55
4722	55
4734	55
4746	55
4746	55
4757	55
4769	55
4769	55
4781	55
4781	55
4792	55
4804	55
4804	55
4816	55
4816	55
4828	55
4828	55
4839	56
4839	56
4851	56
4851	56
4863	56
4875	56
4875	56
4886	56
4898	56
4898	56
4910	56
4921	56
4921	56
4933	56
4945	56
4945	56
4957	56
4957	56
4968	56
4968	56
4980	56
4992	56
4992	56
5003	56
5003	56
5015	56
5027	56
5027	56
5039	56
5039	56
5050	56
5050	56
5062	56
5074	56
5074	56
5085	56
5085	56
5097	56
5097	56
5109	56
5121	56
5121	56
5132	56
5132	56
5144	56
5144	56
5156	56
5167	56
5167	56
5179	56
5179	57
5191	57
5203	57
5203	57
5214	57
5214	57
5226	57
5226	57
5238	57
5250	57
5250	57
5261	57
5261	57
5261	57
5273	57
5273	57
5285	57
5285	57
5296	57
5296	57
5308	57
5320	57
5320	57
5332	57
5332	57
5343	57
5343	57
5355	57
5367	57
5367	57
5378	57
5378	57
5390	57
5402	57
5402	57
5414	57
5425	57
5425	57
5437	57
5437	57
5449	57
5460	57
5472	57
5472	57
5484	57
5496	57
5496	57
5507	57
5519	57
5519	57
5531	58
5542	58
5542	58
5554	58
5554	58
5566	58
5578	58
5578	58
5589	58
5589	58
5601	58
5613	58
5613	58
5625	58
5636	58
5636	58
5648	58
5660	58
5660	58
5671	58
5683	58
5683	58
5695	58
5707	58
5707	58
5718	58
5718	58
5730	58
5742	58
5742	58
5753	58
5753	58
5765	58
5777	58
5777	58
5789	58
5800	58
5800	58
5812	58
5824	58
5824	58
5835	58
5847	58
5847	58
5859	58
5871	58
5871	58
5882	58
5882	58
5894	58
5906	59
5906	59
5917	59
5929	59
5929	59
5941	59
5953	59
5953	59
5964	59
5976	59
5976	59
5988	59
6000	59
6000	59
6011	59
6011	59
6023	59
6035	59
6035	59
6046	59
6046	59
6058	59
6070	59
6070	59
6082	59
6093	59
6093	59
6105	59
6117	59
6117	59
6128	59
6128	59
6140	59
6152	59
6152	59
6164	59
6175	59
6187	59
6187	59
6199	59
6210	59
6210	59
6222	59
6234	59
6246	59
6246	59
6257	59
6269	59
6269	59
6281	59
6292	60
6292	60
6304	60
6316	60
6316	60
6328	60
6339	60
6339	60
6351	60
6363	60
6363	60
6375	60
6386	60
6386	60
6398	60
6410	60
6410	60
6421	60
6421	60
6433	60
6445	60
6445	60
6457	60
6468	60
6468	60
6480	60
6492	60
6492	60
6503	60
6515	60
6515	60
6527	60
6539	60
6539	60
6550	60
6562	60
6562	60
6574	60
6585	60
6585	60
6597	60
6609	60
6609	60
6621	60
6632	60
6632	60
6644	60
6656	60
6656	60
6667	60
6679	61
6691	61
6691	61
6703	61
6714	61
6714	61
6726	61
6738	61
6738	61
6750	61
6750	61
6761	61
6773	61
6773	61
6785	61
6785	61
6796	61
6796	61
6808	61
6820	61
6820	61
6832	61
6832	61
6843	61
6855	61
6867	61
6867	61
6878	61
6890	61
6890	61
6902	61
6914	61
6914	61
6925	61
6937	61
6937	61
6949	61
6960	61
6972	61
6972	61
6984	61
6996	61
7007	61
7007	61
7019	61
7031	61
7042	61
7042	61
7054	61
7066	61
7066	62
7078	62
7089	62
7089	62
7101	62
7113	62
7125	62
7125	62
7136	62
7148	62
7160	62
7171	62
7183	62
7183	62
7195	62
7207	62
7218	62
7218	62
7230	62
7242	62
7242	62
7253	62
7265	62
7265	62
7277	62
7289	62
7300	62
7300	62
7312	62
7324	62
7335	62
7347	62
7347	62
7359	62
7371	62
7382	62
7394	62
7394	62
7406	62
7417	62
7417	62
7429	62
7441	62
7453	62
7453	62
7464	62
7476	62
7476	62
7488	62
7500	62
7500	63
7511	63
7523	63
7535	63
7535	63
7546	63
7558	63
7558	63
7570	63
7582	63
7582	63
7593	63
7605	63
7605	63
7617	63
7628	63
7640	63
7640	63
7652	63
7664	63
7664	63
7675	63
7687	63
7699	63
7699	63
7710	63
7722	63
7734	63
7746	63
7746	63
7757	63
7769	63
7781	63
7781	63
7792	63
7804	63
7816	63
7816	63
7828	63
7839	63
7851	63
7851	63
7863	63
7875	63
7875	63
7886	63
7898	63
7910	63
7910	63
7921	63
7933	64
7945	64
7945	64
7957	64
7968	64
7968	64
7980	64
7992	64
8003	64
8003	64
8015	64
8027	64
8039	64
8039	64
8050	64
8062	64
8074	64
8074	64
8085	64
8097	64
8109	64
8121	64
8121	64
8132	64
8144	64
8156	64
8156	64
8167	64
8179	64
8191	64
8191	64
8203	64
8214	64
8226	64
8226	64
8238	64
8250	64
8250	64
8261	64
8273	64
8273	64
8285	64
8296	64
8296	64
8308	64
8320	64
8332	64
8332	64
8343	64
8355	64
8367	65
8367	65
8378	65
8390	65
8402	65
8402	65
8414	65
8425	65
8437	65
8437	65
8449	65
8460	65
8472	65
8472	65
8484	65
8496	65
8507	65
8507	65
8519	65
8531	65
8542	65
8542	65
8554	65
8566	65
8578	65
8589	65
8589	65
8601	65
8613	65
8625	65
8625	65
8636	65
8648	65
8660	65
8660	65
8671	65
8683	65
8695	65
8695	65
8707	65
8718	65
8730	65
8730	65
8742	65
8753	65
8765	65
8765	65
8777	65
8789	65
8800	65
8812	66
8812	66
8824	66
8835	66
8847	66
8859	66
8871	66
8882	66
8882	66
8894	66
8906	66
8917	66
8929	66
8929	66
8941	66
8953	66
8964	66
8976	66
8976	66
8988	66
9000	66
9011	66
9011	66
9023	66
9035	66
9046	66
9046	66
9058	66
9070	66
9070	66
9082	66
9093	66
9105	66
9117	66
9117	66
9128	66
9140	66
9152	66
9164	66
9164	66
9175	66
9187	66
9199	66
9199	66
9210	66
9222	66
9234	66
9246	66
9246	66
9257	66
9269	67
9281	67
9281	67
9292	67
9304	67
9316	67
9328	67
9328	67
9339	67
9351	67
9363	67
9375	67
9375	67
9386	67
9398	67
9410	67
9410	67
9421	67
9433	67
9445	67
9445	67
9457	67
9468	67
9480	67
9492	67
9492	67
9503	67
9515	67
9527	67
9539	67
9539	67
9550	67
9562	67
9574	67
9585	67
9597	67
9609	67
9621	67
9632	67
9644	67
9656	67
9656	67
9667	67
9679	67
9691	67
9703	67
9703	67
9714	67
9726	67
9738	67
9750	68
9750	68
9761	68
9773	68
9785	68
9796	68
9796	68
9808	68
9820	68
9832	68
9832	68
9843	68
9855	68
9867	68
9878	68
9890	68
9890	68
9902	68
9914	68
9925	68
9937	68
9937	68
9949	68
9960	68
9972	68
9984	68
9984	68
9996	68
10007	68
10019	68
10031	68
10031	68
10042	68
10054	68
10066	68
10078	68
10089	68
10089	68
10101	68
10113	68
10125	68
10136	68
10136	68
10148	68
10160	68
10171	68
10183	68
10195	68
10195	68
10207	68
10218	69
10230	69
10242	69
10242	69
10253	69
10265	69
10277	69
10289	69
10300	69
10312	69
10324	69
10335	69
10347	69
10359	69
10371	69
10382	69
10382	69
10394	69
10406	69
10417	69
10429	69
10441	69
10453	69
10464	69
10464	69
10476	69
10488	69
10500	69
10511	69
10523	69
10523	69
10535	69
10546	69
10558	69
10570	69
10570	69
10582	69
10593	69
10605	69
10617	69
10628	69
10640	69
10640	69
10652	69
10664	69
10675	69
10687	69
10699	69
10699	69
10710	69
10722	70
10734	70
10746	70
10757	70
10769	70
10769	70
10781	70
10792	70
10804	70
10816	70
10828	70
10839	70
10851	70
10851	70
10863	70
10875	70
10886	70
10898	70
10910	70
10921	70
10921	70
10933	70
10945	70
10957	70
10968	70
10980	70
10992	70
10992	70
11003	70
11015	70
11027	70
11039	70
11050	70
11062	70
11074	70
11085	70
11097	70
11109	70
11121	70
11132	70
11144	70
11156	70
11167	70
11179	70
11191	70
11191	70
11203	70
11214	70
11226	70
11238	70
11250	71
11261	71
11273	71
11273	71
11285	71
11296	71
11308	71
11320	71
11332	71
11332	71
11343	71
11355	71
11367	71
11378	71
11390	71
11402	71
11414	71
11425	71
11425	71
11437	71
11449	71
11460	71
11472	71
11484	71
11496	71
11496	71
11507	71
11519	71
11531	71
11542	71
11554	71
11566	71
11578	71
11589	71
11601	71
11601	71
11613	71
11625	71
11636	71
11648	71
11660	71
11660	71
11671	71
11683	71
11695	71
11707	71
11718	71
11730	71
11742	71
11753	71
11753	72
11765	72
11777	72
11789	72
11800	72
11812	72
11824	72
11835	72
11847	72
11859	72
11871	72
11882	72
11894	72
11906	72
11917	72
11929	72
11941	72
11953	72
11964	72
11976	72
11988	72
12000	72
12011	72
12023	72
12035	72
12046	72
12058	72
12070	72
12070	72
12082	72
12093	72
12105	72
12117	72
12128	72
12140	72
12152	72
12164	72
12175	72
12187	72
12199	72
12210	72
12222	72
12234	72
12246	72
12257	72
12269	72
12281	72
12292	72
12304	72
12304	72
12316	73
12328	73
12339	73
12351	73
12363	73
12375	73
12386	73
12398	73
12410	73
12421	73
12433	73
12433	73
12445	73
12457	73
12468	73
12480	73
12492	73
12503	73
12515	73
12527	73
12539	73
12550	73
12562	73
12574	73
12585	73
12597	73
12609	73
12621	73
12632	73
12644	73
12656	73
12667	73
12679	73
12691	73
12703	73
12714	73
12726	73
12738	73
12750	73
12761	73
12773	73
12785	73
12796	73
12808	73
12820	73
12832	73
12843	73
12855	73
12867	73
12878	73
12890	74
12902	74
12914	74
12925	74
12937	74
12949	74
12960	74
12972	74
12984	74
12996	74
13007	74
13019	74
13031	74
13042	74
13054	74
13066	74
13078	74
13089	74
13101	74
13113	74
13125	74
13136	74
13148	74
13160	74
13171	74
13183	74
13195	74
13207	74
13207	74
13218	74
13230	74
13242	74
13253	74
13265	74
13277	74
13289	74
13300	74
13324	74
13335	74
13347	74
13359	74
13371	74
13382	74
13394	74
13406	74
13417	74
13429	74
13441	74
13453	74
13464	74
13476	75
13488	75
13511	75
13523	75
13535	75
13546	75
13558	75
13570	75
13582	75
13593	75
13605	75
13617	75
13628	75
13640	75
13652	75
13664	75
13687	75
13699	75
13710	75
13722	75
13734	75
13746	75
13757	75
13769	75
13781	75
13792	75
13804	75
13816	75
13828	75
13839	75
13851	75
13863	75
13875	75
13886	75
13898	75
13910	75
13921	75
13933	75
13945	75
13957	75
13968	75
13980	75
13992	75
14003	75
14015	75
14027	75
14039	75
14050	75
14062	75
14074	75
14085	76
14097	76
14109	76
14121	76
14132	76
14144	76
14156	76
14167	76
14179	76
14191	76
14203	76
14214	76
14226	76
14238	76
14250	76
14261	76
14273	76
14296	76
14308	76
14320	76
14332	76
14343	76
14355	76
14367	76
14378	76
14390	76
14402	76
14414	76
14425	76
14449	76
14460	76
14472	76
14484	76
14507	76
14519	76
14531	76
14542	76
14554	76
14566	76
14578	76
14589	76
14601	76
14613	76
14625	76
14648	76
14660	76
14671	76
14683	76
14695	76
14707	76
14718	77
14730	77
14742	77
14753	77
14765	77
14777	77
14789	77
14800	77
14812	77
14824	77
14835	77
14847	77
14859	77
14871	77
14882	77
14906	77
14917	77
14929	77
14941	77
14953	77
14964	77
14976	77
14988	77
15000	77
15011	77
15023	77
15035	77
15046	77
15058	77
15070	77
15093	77
15105	77
15117	77
15128	77
15140	77
15152	77
15164	77
15175	77
15187	77
15210	77
15222	77
15234	77
15257	77
15269	77
15281	77
15292	77
15304	77
15316	77
15328	77
15339	77
15351	78
15375	78
15386	78
15398	78
15410	78
15421	78
15433	78
15445	78
15457	78
15468	78
15480	78
15503	78
15515	78
15527	78
15539	78
15550	78
15562	78
15574	78
15585	78
15597	78
15609	78
15632	78
15644	78
15656	78
15667	78
15679	78
15691	78
15703	78
15714	78
15726	78
15738	78
15750	78
15761	78
15785	78
15796	78
15808	78
15820	78
15832	78
15843	78
15855	78
15867	78
15878	78
15890	78
15914	78
15925	78
15937	78
15949	78
15972	78
15984	78
15996	78
16019	79
16031	79
16042	79
16054	79
16066	79
16078	79
16089	79
16101	79
16113	79
16136	79
16148	79
16160	79
16171	79
16183	79
16195	79
16207	79
16218	79
16230	79
16242	79
16253	79
16277	79
16289	79
16300	79
16312	79
16324	79
16335	79
16347	79
16359	79
16371	79
16382	79
16394	79
16406	79
16417	79
16429	79
16441	79
16453	79
16476	79
16488	79
16500	79
16511	79
16523	79
16535	79
16546	79
16558	79
16570	79
16582	79
16593	79
16605	79
16617	79
16628	79
16640	80
16652	80
16664	80
16687	80
16699	80
16722	80
16734	80
16746	80
16769	80
16781	80
16792	80
16804	80
16816	80
16828	80
16839	80
16851	80
16863	80
16886	80
16898	80
16910	80
16933	80
16945	80
16957	80
16968	80
16980	80
16992	80
17003	80
17015	80
17027	80
17039	80
17050	80
17074	80
17085	80
17097	80
17109	80
17121	80
17132	80
17144	80
17156	80
17167	80
17179	80
17191	80
17203	80
17226	80
17238	80
17250	80
17261	80
17261	80
17273	80
17285	80
17296	81
17308	81
17320	81
17332	81
17343	81
17355	81
17378	81
17390	81
17402	81
17414	81
17425	81
17437	81
17449	81
17472	81
17484	81
17496	81
17507	81
17519	81
17542	81
17554	81
17566	81
17578	81
17589	81
17601	81
17613	81
17625	81
17648	81
17660	81
17671	81
17683	81
17695	81
17707	81
17718	81
17730	81
17753	81
17765	81
17777	81
17789	81
17800	81
17812	81
17824	81
17847	81
17859	81
17871	81
17882	81
17894	81
17906	81
17929	81
17941	81
17953	81
17964	82
17976	82
17988	82
18000	82
18011	82
18023	82
18035	82
18046	82
18070	82
18082	82
18093	82
18105	82
18117	82
18128	82
18140	82
18152	82
18175	82
18187	82
18199	82
18210	82
18222	82
18246	82
18257	82
18269	82
18281	82
18292	82
18316	82
18328	82
18339	82
18351	82
18363	82
18375	82
18386	82
18398	82
18421	82
18433	82
18445	82
18457	82
18468	82
18480	82
18492	82
18503	82
18515	82
18539	82
18550	82
18562	82
18574	82
18585	82
18597	82
18609	82
18621	83
18644	83
18656	83
18667	83
18679	83
18691	83
18703	83
18726	83
18738	83
18750	83
18761	83
18773	83
18773	83
18785	83
18796	83
18808	83
18820	83
18843	83
18855	83
18867	83
18878	83
18890	83
18902	83
18914	83
18937	83
18949	83
18960	83
18972	83
18996	83
19007	83
19019	83
19031	83
19042	83
19066	83
19078	83
19089	83
19101	83
19113	83
19125	83
19148	83
19160	83
19183	83
19195	83
19207	83
19218	83
19230	83
19242	83
19253	83
19277	83
19289	83
19300	84
19312	84
19335	84
19347	84
19359	84
19382	84
19394	84
19406	84
19417	84
19429	84
19441	84
19464	84
19476	84
19488	84
19500	84
19511	84
19523	84
19535	84
19546	84
19570	84
19582	84
19593	84
19605	84
19617	84
19628	84
19652	84
19664	84
19675	84
19687	84
19699	84
19722	84
19734	84
19746	84
19757	84
19769	84
19792	84
19804	84
19816	84
19828	84
19839	84
19851	84
19875	84
19886	84
19898	84
19910	84
19921	84
19933	84
19957	84
19968	84
19980	84
19992	85
20003	85
20015	85
20039	85
20050	85
20062	85
20074	85
20085	85
20109	85
20121	85
20132	85
20144	85
20167	85
20179	85
20191	85
20203	85
20214	85
20226	85
20250	85
20261	85
20273	85
20285	85
20296	85
20308	85
20320	85
20332	85
20343	85
20355	85
20378	85
20390	85
20402	85
20414	85
20425	85
20437	85
20460	85
20472	85
20484	85
20496	85
20507	85
20531	85
20542	85
20554	85
20566	85
20578	85
20601	85
20613	85
20625	85
20636	85
20648	85
20660	85
20683	86
20695	86
20707	86
20718	86
20730	86
20742	86
20765	86
20777	86
20789	86
20800	86
20824	86
20835	86
20847	86
20871	86
20882	86
20894	86
20906	86
20929	86
20941	86
20953	86
20964	86
20976	86
20988	86
21011	86
21023	86
21035	86
21046	86
21058	86
21070	86
21082	86
21093	86
21117	86
21128	86
21140	86
21152	86
21164	86
21187	86
21199	86
21210	86
21222	86
21234	86
21246	86
21269	86
21281	86
21292	86
21304	86
21328	86
21339	86
21351	86
21363	86
21375	87
21386	87
21398	87
21421	87
21433	87
21445	87
21457	87
21468	87
21492	87
21503	87
21515	87
21527	87
21539	87
21562	87
21574	87
21597	87
21609	87
21621	87
21644	87
21656	87
21667	87
21679	87
21703	87
21714	87
21726	87
21738	87
21750	87
21773	87
21785	87
21796	87
21808	87
21820	87
21832	87
21843	87
21867	87
21878	87
21890	87
21902	87
21914	87
21937	87
21949	87
21960	87
21972	87
21984	87
21996	87
22019	87
22031	87
22042	87
22054	87
22078	87
22089	88
22101	88
22113	88
22125	88
22136	88
22160	88
22171	88
22183	88
22195	88
22218	88
22230	88
22242	88
22253	88
22265	88
22289	88
22300	88
22312	88
22335	88
22347	88
22371	88
22382	88
22394	88
22417	88
22429	88
22441	88
22453	88
22476	88
22488	88
22500	88
22511	88
22523	88
22546	88
22558	88
22570	88
22582	88
22593	88
22605	88
22628	88
22640	88
22652	88
22664	88
22687	88
22699	88
22710	88
22722	88
22746	88
22757	88
22769	88
22781	88
22792	88
22816	89
22828	89
22839	89
22851	89
22875	89
22886	89
22898	89
22910	89
22933	89
22945	89
22957	89
22968	89
22992	89
23003	89
23015	89
23027	89
23050	89
23062	89
23085	89
23097	89
23109	89
23132	89
23144	89
23167	89
23179	89
23191	89
23203	89
23226	89
23238	89
23250	89
23261	89
23273	89
23296	89
23308	89
23320	89
23332	89
23343	89
23367	89
23378	89
23390	89
23402	89
23425	89
23437	89
23449	89
23460	89
23472	89
23496	89
23507	89
23519	89
23531	89
23554	90
23566	90
23578	90
23589	90
23613	90
23625	90
23636	90
23648	90
23660	90
23683	90
23695	90
23707	90
23718	90
23742	90
23753	90
23765	90
23777	90
23800	90
23812	90
23824	90
23847	90
23859	90
23882	90
23894	90
23906	90
23929	90
23941	90
23953	90
23976	90
23988	90
24000	90
24011	90
24035	90
24046	90
24058	90
24082	90
24093	90
24105	90
24117	90
24140	90
24152	90
24164	90
24175	90
24199	90
24210	90
24234	90
24246	90
24257	90
24281	90
24292	90
24304	91
24316	91
24339	91
24351	91
24363	91
24375	91
24398	91
24410	91
24421	91
24433	91
24457	91
24468	91
24480	91
24492	91
24515	91
24527	91
24539	91
24562	91
24574	91
24585	91
24609	91
24621	91
24644	91
24656	91
24667	91
24691	91
24703	91
24714	91
24726	91
24750	91
24761	91
24773	91
24796	91
24808	91
24820	91
24843	91
24855	91
24867	91
24878	91
24902	91
24914	91
24925	91
24949	91
24960	91
24984	91
24996	91
25007	91
25031	91
25042	91
25054	91
25078	92
25089	92
25101	92
25113	92
25136	92
25148	92
25160	92
25183	92
25195	92
25207	92
25218	92
25242	92
25253	92
25265	92
25289	92
25300	92
25312	92
25335	92
25347	92
25371	92
25382	92
25406	92
25417	92
25429	92
25453	92
25464	92
25476	92
25500	92
25511	92
25535	92
25558	92
25570	92
25582	92
25593	92
25617	92
25628	92
25640	92
25664	92
25675	92
25699	92
25710	92
25734	92
25746	92
25757	92
25781	92
25792	92
25804	92
25828	92
25839	92
25851	92
25875	93
25886	93
25898	93
25910	93
25921	93
25933	93
25957	93
25968	93
25980	93
26003	93
26015	93
26027	93
26050	93
26062	93
26074	93
26097	93
26109	93
26121	93
26144	93
26156	93
26167	93
26191	93
26203	93
26214	93
26238	93
26250	93
26273	93
26285	93
26308	93
26320	93
26332	93
26355	93
26367	93
26378	93
26402	93
26414	93
26437	93
26449	93
26472	93
26496	93
26507	93
26531	93
26542	93
26566	93
26578	93
26589	93
26613	93
26625	93
26636	93
26660	93
26671	94
26683	94
26707	94
26718	94
26730	94
26753	94
26765	94
26789	94
26800	94
26812	94
26835	94
26847	94
26859	94
26882	94
26894	94
26906	94
26929	94
26941	94
26964	94
26976	94
26988	94
27011	94
27023	94
27035	94
27058	94
27070	94
27082	94
27105	94
27117	94
27128	94
27152	94
27164	94
27187	94
27199	94
27222	94
27246	94
27257	94
27281	94
27292	94
27316	94
27328	94
27339	94
27363	94
27375	94
27398	94
27410	94
27433	94
27445	94
27457	94
27480	94
27492	95
27515	95
27527	95
27539	95
27562	95
27574	95
27597	95
27609	95
27621	95
27644	95
27656	95
27679	95
27691	95
27703	95
27726	95
27738	95
27761	95
27773	95
27796	95
27808	95
27832	95
27843	95
27855	95
27878	95
27890	95
27902	95
27925	95
27949	95
27972	95
27984	95
28007	95
28031	95
28042	95
28066	95
28078	95
28089	95
28113	95
28125	95
28148	95
28160	95
28171	95
28195	95
28207	95
28230	95
28242	95
28253	95
28277	95
28289	95
28312	95
28324	95
28335	96
28359	96
28371	96
28382	96
28406	96
28417	96
28429	96
28453	96
28464	96
28488	96
28500	96
28511	96
28535	96
28546	96
28558	96
28582	96
28593	96
28617	96
28628	96
28640	96
28664	96
28687	96
28699	96
28722	96
28746	96
28769	96
28781	96
28804	96
28816	96
28839	96
28851	96
28875	96
28886	96
28910	96
28933	96
28945	96
28968	96
28980	96
28992	96
29015	96
29027	96
29050	96
29062	96
29085	96
29097	96
29109	96
29132	96
29144	96
29167	96
29179	96
29203	97
29214	97
29238	97
29250	97
29261	97
29273	97
29285	97
29308	97
29320	97
29332	97
29355	97
29367	97
29390	97
29402	97
29425	97
29437	97
29460	97
29472	97
29496	97
29519	97
29531	97
29554	97
29566	97
29589	97
29601	97
29625	97
29636	97
29660	97
29671	97
29695	97
29707	97
29730	97
29742	97
29765	97
29777	97
29789	97
29812	97
29835	97
29847	97
29871	97
29882	97
29906	97
29917	97
29941	97
29953	97
29976	97
29988	97
30000	97
30023	97
30035	97
30058	98
30070	98
30093	98
30105	98
30117	98
30140	98
30152	98
30175	98
30199	98
30210	98
30234	98
30257	98
30269	98
30292	98
30304	98
30328	98
30339	98
30363	98
30375	98
30398	98
30410	98
30421	98
30445	98
30457	98
30480	98
30492	98
30515	98
30527	98
30550	98
30562	98
30585	98
30597	98
30621	98
30632	98
30656	98
30667	98
30691	98
30703	98
30726	98
30738	98
30750	98
30773	98
30785	98
30796	98
30808	98
30832	98
30843	98
30867	98
30878	98
30902	98
30914	99
30937	99
30949	99
30972	99
30984	99
31007	99
31031	99
31042	99
31066	99
31078	99
31089	99
31113	99
31136	99
31148	99
31171	99
31195	99
31207	99
31230	99
31242	99
31265	99
31277	99
31300	99
31312	99
31335	99
31359	99
31371	99
31394	99
31417	99
31429	99
31453	99
31464	99
31488	99
31500	99
31511	99
31535	99
31546	99
31570	99
31582	99
31605	99
31617	99
31640	99
31652	99
31675	99
31687	99
31710	99
31722	99
31746	99
31757	99
31781	99
31792	99
31816	100
31828	100
31851	100
31863	100
31886	100
31898	100
31921	100
31933	100
31957	100
31968	100
31992	100
32003	100
32027	100
32039	100
32062	100
32074	100
32097	100
32121	100
32132	100
32156	100
32167	100
32191	100
32203	100
32226	100
32238	100
32261	100
32273	100
32285	100
32308	100
32320	100
32332	100
32355	100
32367	100
32390	100
32414	100
32425	100
32437	100
32460	100
32472	100
32496	100
32507	100
32531	100
32554	100
32566	100
32589	100
32601	100
32625	100
32636	100
32648	100
32671	100
32683	101
32707	101
32718	101
32742	101
32753	101
32777	101
32789	101
32812	101
32835	101
32847	101
32871	101
32894	101
32906	101
32929	101
32941	101
32964	101
32976	101
33000	101
33011	101
33035	101
33046	101
33070	101
33082	101
33093	101
33117	101
33140	101
33152	101
33175	101
33187	101
33210	101
33222	101
33246	101
33257	101
33281	101
33292	101
33316	101
33328	101
33351	101
33363	101
33386	101
33398	101
33421	101
33433	101
33457	101
33468	101
33480	101
33503	101
33527	101
33539	101
33562	101
33585	102
33597	102
33621	102
33644	102
33656	102
33679	102
33691	102
33714	102
33726	102
33750	102
33761	102
33785	102
33796	102
33820	102
33832	102
33855	102
33867	102
33890	102
33902	102
33925	102
33937	102
33960	102
33972	102
33996	102
34007	102
34019	102
34042	102
34066	102
34078	102
34101	102
34113	102
34136	102
34148	102
34171	102
34183	102
34207	102
34218	102
34242	102
34253	102
34277	102
34289	102
34312	102
34335	102
34359	102
34371	102
34394	102
34417	102
34429	102
34453	102
34464	102
34488	103
34500	103
34523	103
34535	103
34558	103
34570	103
34593	103
34605	103
34628	103
34640	103
34664	103
34675	103
34699	103
34710	103
34734	103
34757	103
34769	103
34792	103
34804	103
34828	103
34839	103
34863	103
34875	103
34898	103
34921	103
34933	103
34957	103
34968	103
34992	103
35003	103
35027	103
35039	103
35062	103
35085	103
35109	103
35132	103
35144	103
35167	103
35179	103
35203	103
35226	103
35238	103
35261	103
35273	103
35296	103
35308	103
35320	103
35343	103
35355	103
35378	103
35402	104
35414	104
35437	104
35449	104
35472	104
35484	104
35507	104
35519	104
35542	104
35554	104
35578	104
35601	104
35613	104
35636	104
35648	104
35660	104
35683	104
35707	104
35718	104
35742	104
35753	104
35777	104
35789	104
35812	104
35835	104
35859	104
35871	104
35894	104
35917	104
35929	104
35953	104
35964	104
35988	104
36011	104
36023	104
36046	104
36058	104
36082	104
36093	104
36117	104
36140	104
36152	104
36175	104
36187	104
36210	104
36234	104
36246	104
36269	104
36292	104
36304	104
36328	105
36339	105
36363	105
36386	105
36398	105
36421	105
36433	105
36457	105
36468	105
36492	105
36503	105
36527	105
36539	105
36562	105
36585	105
36609	105
36621	105
36644	105
36667	105
36679	105
36703	105
36726	105
36738	105
36761	105
36773	105
36796	105
36820	105
36832	105
36855	105
36867	105
36890	105
36914	105
36925	105
36949	105
36972	105
36984	105
37007	105
37031	105
37042	105
37066	105
37089	105
37101	105
37125	105
37136	105
37160	105
37183	105
37195	105
37218	105
37230	105
37253	105
37277	106
37289	106
37312	106
37335	106
37359	106
37382	106
37394	106
37417	106
37441	106
37453	106
37476	106
37500	106
37511	106
37535	106
37558	106
37582	106
37593	106
37617	106
37640	106
37652	106
37675	106
37699	106
37722	106
37734	106
37757	106
37781	106
37792	106
37816	106
37839	106
37851	106
37875	106
37886	106
37910	106
37921	106
37933	106
37957	106
37980	106
37992	106
38015	106
38039	106
38050	106
38074	106
38085	106
38109	106
38132	106
38144	106
38167	106
38191	106
38203	106
38226	106
38250	107
38261	107
38285	107
38308	107
38332	107
38343	107
38367	107
38378	107
38402	107
38425	107
38449	107
38472	107
38496	107
38519	107
38542	107
38554	107
38578	107
38589	107
38613	107
38636	107
38648	107
38671	107
38695	107
38707	107
38730	107
38753	107
38765	107
38789	107
38812	107
38824	107
38847	107
38871	107
38882	107
38906	107
38929	107
38941	107
38964	107
38988	107
39000	107
39023	107
39035	107
39058	107
39082	107
39093	107
39117	107
39140	107
39152	107
39175	107
39199	107
39222	107
39246	108
39269	108
39292	108
39316	108
39328	108
39351	108
39375	108
39386	108
39410	108
39433	108
39457	108
39468	108
39492	108
39515	108
39527	108
39550	108
39574	108
39585	108
39609	108
39632	108
39644	108
39667	108
39691	108
39703	108
39726	108
39750	108
39773	108
39785	108
39808	108
39832	108
39855	108
39867	108
39890	108
39914	108
39937	108
39960	108
39984	108
40007	108
40031	108
40054	108
40066	108
40089	108
40113	108
40125	108
40148	108
40171	108
40183	108
40207	108
40230	108
40242	108
40265	109
40289	109
40300	109
40324	109
40347	109
40359	109
40382	109
40394	109
40417	109
40441	109
40464	109
40476	109
40500	109
40511	109
40535	109
40558	109
40570	109
40593	109
40617	109
40628	109
40652	109
40675	109
40699	109
40722	109
40757	109
40781	109
40792	109
40816	109
40839	109
40851	109
40875	109
40898	109
40921	109
40945	109
40968	109
40992	109
41003	109
41027	109
41050	109
41062	109
41085	109
41109	109
41132	109
41144	109
41167	109
41191	109
41203	109
41226	109
41250	109
41261	109
41285	110
41296	110
41320	110
41332	110
41355	110
41378	110
41390	110
41414	110
41437	110
41460	110
41484	110
41507	110
41531	110
41554	110
41566	110
41589	110
41613	110
41636	110
41648	110
41671	110
41695	110
41718	110
41730	110
41753	110
41777	110
41800	110
41824	110
41835	110
41859	110
41882	110
41906	110
41929	110
41941	110
41964	110
41988	110
42011	110
42023	110
42046	110
42070	110
42082	110
42105	110
42128	110
42140	110
42164	110
42187	110
42210	110
42234	110
42257	110
42281	110
42304	110
42316	111
42339	111
42363	111
42375	111
42398	111
42421	111
42445	111
42457	111
42480	111
42503	111
42527	111
42539	111
42562	111
42585	111
42609	111
42621	111
42644	111
42667	111
42679	111
42703	111
42726	111
42750	111
42761	111
42785	111
42796	111
42820	111
42832	111
42855	111
42878	111
42902	111
42914	111
42937	111
42960	111
42984	111
43007	111
43031	111
43054	111
43066	111
43089	111
43113	111
43136	111
43160	111
43183	111
43207	111
43230	111
43242	111
43265	111
43289	111
43312	111
43335	111
43359	112
43382	112
43406	112
43429	112
43441	112
43464	112
43488	112
43511	112
43523	112
43546	112
43570	112
43582	112
43605	112
43628	112
43652	112
43664	112
43687	112
43710	112
43734	112
43757	112
43781	112
43792	112
43816	112
43839	112
43863	112
43875	112
43898	112
43921	112
43945	112
43957	112
43980	112
44003	112
44027	112
44050	112
44062	112
44085	112
44109	112
44132	112
44156	112
44179	112
44191	112
44214	112
44238	112
44261	112
44273	112
44296	112
44308	112
44332	112
44355	112
44378	112
44390	113
44414	113
44437	113
44460	113
44472	113
44496	113
44519	113
44542	113
44566	113
44578	113
44601	113
44625	113
44648	113
44671	113
44683	113
44707	113
44730	113
44753	113
44765	113
44789	113
44812	113
44835	113
44859	113
44882	113
44906	113
44929	113
44953	113
44964	113
44988	113
45011	113
45035	113
45046	113
45070	113
45093	113
45105	113
45128	113
45152	113
45175	113
45187	113
45210	113
45234	113
45257	113
45269	113
45292	113
45316	113
45339	113
45363	113
45375	113
45398	113
45421	113
45445	114
45457	114
45480	114
45503	114
45527	114
45539	114
45562	114
45585	114
45621	114
45632	114
45656	114
45679	114
45703	114
45726	114
45750	114
45761	114
45785	114
45808	114
45820	114
45843	114
45867	114
45890	114
45902	114
45925	114
45949	114
45972	114
45984	114
46007	114
46031	114
46054	114
46078	114
46089	114
46113	114
46136	114
46160	114
46171	114
46195	114
46218	114
46242	114
46265	114
46277	114
46300	114
46335	114
46359	114
46382	114
46406	114
46429	114
46441	114
46464	114
46488	114
46511	115
46523	115
46546	115
46570	115
46593	115
46605	115
46628	115
46652	115
46675	115
46699	115
46710	115
46734	115
46757	115
46781	115
46804	115
46816	115
46839	115
46863	115
46886	115
46910	115
46921	115
46945	115
46968	115
46992	115
47015	115
47027	115
47050	115
47085	115
47109	115
47132	115
47156	115
47179	115
47191	115
47214	115
47238	115
47261	115
47273	115
47296	115
47320	115
47343	115
47355	115
47378	115
47402	115
47425	115
47449	115
47460	115
47484	115
47507	115
47531	115
47554	115
47566	116
47589	116
47613	116
47636	116
47648	116
47671	116
47695	116
47718	116
47742	116
47753	116
47777	116
47800	116
47824	116
47847	116
47871	116
47894	116
47917	116
47941	116
47964	116
47988	116
48000	116
48023	116
48046	116
48070	116
48093	116
48117	116
48128	116
48152	116
48175	116
48199	116
48222	116
48246	116
48269	116
48292	116
48316	116
48328	116
48351	116
48375	116
48398	116
48410	116
48433	116
48457	116
48480	116
48503	116
48515	116
48539	116
48562	116
48585	116
48609	116
48632	116
48656	117
48679	117
48703	117
48726	117
48750	117
48761	117
48785	117
48808	117
48832	117
48855	117
48878	117
48890	117
48914	117
48937	117
48960	117
48984	117
49007	117
49031	117
49054	117
49078	117
49101	117
49125	117
49136	117
49160	117
49183	117
49207	117
49230	117
49242	117
49265	117
49289	117
49312	117
49335	117
49371	117
49394	117
49417	117
49429	117
49453	117
49476	117
49500	117
49523	117
49558	117
49582	117
49593	117
49617	117
49640	117
49664	117
49687	117
49710	117
49734	117
49757	117
49781	118
49804	118
49828	118
49851	118
49875	118
49886	118
49910	118
49921	118
49945	118
49968	118
49992	118
50015	118
50039	118
50050	118
50074	118
50097	118
50121	118
50144	118
50167	118
50191	118
50214	118
50226	118
50250	118
50273	118
50308	118
50332	118
50343	118
50367	118
50390	118
50414	118
50437	118
50472	118
50496	118
50519	118
50542	118
50566	118
50589	118
50613	118
50636	118
50660	118
50683	118
50695	118
50718	118
50742	118
50765	118
50789	118
50812	118
50835	118
50859	118
50882	118
50894	119
50917	119
50941	119
50964	119
50988	119
51011	119
51035	119
51058	119
51082	119
51105	119
51117	119
51140	119
51164	119
51199	119
51222	119
51246	119
51281	119
51304	119
51316	119
51339	119
51363	119
51386	119
51410	119
51433	119
51457	119
51480	119
51503	119
51527	119
51550	119
51574	119
51597	119
51621	119
51632	119
51656	119
51679	119
51703	119
51726	119
51750	119
51773	119
51796	119
51820	119
51843	119
51867	119
51890	119
51914	119
51937	119
51972	119
51996	119
52019	119
52054	119
52066	120
52089	120
52113	120
52136	120
52160	120
52183	120
52207	120
52230	120
52253	120
52277	120
52300	120
52324	120
52335	120
52359	120
52382	120
52406	120
52429	120
52453	120
52476	120
52500	120
52523	120
52535	120
52558	120
52582	120
52605	120
52628	120
52652	120
52675	120
52710	120
52734	120
52769	120
52792	120
52816	120
52839	120
52863	120
52886	120
52910	120
52945	120
52957	120
52980	120
53003	120
53027	120
53050	120
53074	120
53097	120
53121	120
53144	120
53167	120
53191	120
53214	120
53238	121
53261	121
53273	121
53296	121
53320	121
53343	121
53367	121
53390	121
53414	121
53437	121
53460	121
53484	121
53507	121
53531	121
53554	121
53578	121
53601	121
53625	121
53648	121
53671	121
53695	121
53718	121
53742	121
53765	121
53789	121
53812	121
53835	121
53871	121
53894	121
53917	121
53941	121
53964	121
53988	121
54011	121
54023	121
54046	121
54070	121
54093	121
54117	121
54140	121
54164	121
54187	121
54222	121
54246	121
54269	121
54292	121
54316	121
54339	121
54363	121
54386	121
54410	122
54433	122
54457	122
54480	122
54503	122
54527	122
54550	122
54574	122
54597	122
54621	122
54644	122
54667	122
54691	122
54714	122
54738	122
54761	122
54785	122
54796	122
54820	122
54843	122
54867	122
54890	122
54914	122
54937	122
54960	122
54984	122
55019	122
55042	122
55066	122
55089	122
55113	122
55136	122
55171	122
55195	122
55218	122
55242	122
55265	122
55289	122
55312	122
55335	122
55371	122
55394	122
55417	122
55441	122
55464	122
55488	122
55511	122
55535	122
55558	122
55582	122
55605	123
55628	123
55652	123
55675	123
55699	123
55722	123
55746	123
55781	123
55804	123
55828	123
55851	123
55875	123
55898	123
55921	123
55945	123
55968	123
55992	123
56015	123
56039	123
56062	123
56085	123
56109	123
56144	123
56167	123
56191	123
56214	123
56238	123
56261	123
56285	123
56296	123
56320	123
56343	123
56367	123
56402	123
56425	123
56449	123
56472	123
56496	123
56519	123
56542	123
56566	123
56589	123
56613	123
56636	123
56660	123
56683	123
56707	123
56730	123
56753	123
56777	123
56800	124
56835	124
56859	124
56882	124
56917	124
56941	124
56964	124
56988	124
57011	124
57035	124
57058	124
57082	124
57105	124
57128	124
57152	124
57175	124
57199	124
57222	124
57246	124
57269	124
57292	124
57316	124
57339	124
57363	124
57386	124
57410	124
57433	124
57457	124
57480	124
57503	124
57539	124
57562	124
57585	124
57621	124
57644	124
57667	124
57691	124
57714	124
57738	124
57761	124
57785	124
57808	124
57832	124
57855	124
57878	124
57902	124
57925	124
57949	124
57972	124
57996	124
58019	125
58054	125
58078	125
58101	125
58125	125
58148	125
58171	125
58195	125
58218	125
58242	125
58265	125
58289	125
58324	125
58347	125
58382	125
58406	125
58429	125
58453	125
58476	125
58500	125
58523	125
58546	125
58570	125
58605	125
58628	125
58652	125
58675	125
58699	125
58722	125
58746	125
58769	125
58792	125
58828	125
58851	125
58875	125
58898	125
58921	125
58945	125
58968	125
58992	125
59015	125
59050	125
59074	125
59109	125
59132	125
59156	125
59191	125
59214	125
59238	125
59261	125
59285	126
59308	126
59332	126
59355	126
59378	126
59402	126
59425	126
59449	126
59472	126
59507	126
59531	126
59554	126
59578	126
59601	126
59625	126
59648	126
59671	126
59695	126
59718	126
59742	126
59777	126
59800	126
59824	126
59859	126
59882	126
59906	126
59929	126
59953	126
59988	126
60011	126
60035	126
60058	126
60082	126
60105	126
60128	126
60164	126
60187	126
60210	126
60234	126
60269	126
60292	126
60316	126
60339	126
60363	126
60386	126
60410	126
60433	126
60457	126
60492	126
60515	126
60539	127
60562	127
60597	127
60621	127
60644	127
60667	127
60703	127
60726	127
60750	127
60773	127
60796	127
60832	127
60855	127
60878	127
60902	127
60925	127
60960	127
60984	127
61007	127
61031	127
61066	127
61089	127
61113	127
61136	127
61160	127
61183	127
61218	127
61242	127
61265	127
61289	127
61312	127
61347	127
61371	127
61406	127
61429	127
61453	127
61476	127
61511	127
61535	127
61570	127
61593	127
61617	127
61640	127
61675	127
61699	127
61722	127
61757	127
61781	127
61804	127
61828	127
61851	128
61875	128
61898	128
61921	128
61945	128
61968	128
61992	128
62027	128
62050	128
62074	128
62097	128
62121	128
62144	128
62179	128
62203	128
62226	128
62250	128
62285	128
62308	128
62332	128
62355	128
62378	128
62414	128
62437	128
62472	128
62507	128
62531	128
62554	128
62578	128
62601	128
62636	128
62660	128
62683	128
62707	128
62730	128
62765	128
62789	128
62812	128
62835	128
62859	128
62882	128
62917	128
62941	128
62964	128
62988	128
63011	128
63046	128
63070	128
63093	128
63117	128
63140	129
63175	129
63199	129
63234	129
63269	129
63292	129
63316	129
63339	129
63375	129
63398	129
63421	129
63445	129
63480	129
63503	129
63527	129
63550	129
63585	129
63609	129
63632	129
63656	129
63679	129
63714	129
63738	129
63761	129
63796	129
63820	129
63843	129
63867	129
63890	129
63925	129
63960	129
63984	129
64019	129
64042	129
64078	129
64101	129
64125	129
64148	129
64171	129
64207	129
64230	129
64253	129
64277	129
64300	129
64324	129
64347	129
64382	129
64406	129
64429	129
64453	129
64476	130
64500	130
64523	130
64558	130
64582	130
64605	130
64628	130
64652	130
64687	130
64722	130
64757	130
64781	130
64816	130
64839	130
64863	130
64898	130
64921	130
64957	130
64980	130
65003	130
65027	130
65050	130
65085	130
65109	130
65132	130
65156	130
65191	130
65214	130
65238	130
65261	130
65285	130
65308	130
65332	130
65355	130
65378	130
65414	130
65437	130
65460	130
65496	130
65519	130
65554	130
65578	130
65601	130
65625	130
65660	130
65683	130
65707	130
65742	130
65765	130
65789	130
65812	131
65847	131
65871	131
65894	131
65929	131
65953	131
65976	131
66000	131
66035	131
66058	131
66082	131
66105	131
66128	131
66164	131
66187	131
66210	131
66246	131
66269	131
66304	131
66328	131
66351	131
66375	131
66410	131
66433	131
66457	131
66480	131
66515	131
66539	131
66562	131
66585	131
66621	131
66644	131
66667	131
66691	131
66726	131
66750	131
66773	131
66796	131
66820	131
66843	131
66867	131
66890	131
66925	131
66949	131
66984	131
67007	131
67031	131
67066	131
67089	131
67113	131
67148	132
67183	132
67207	132
67230	132
67265	132
67289	132
67312	132
67347	132
67382	132
67406	132
67429	132
67464	132
67488	132
67511	132
67535	132
67558	132
67593	132
67617	132
67640	132
67664	132
67699	132
67722	132
67757	132
67781	132
67804	132
67839	132
67863	132
67886	132
67910	132
67945	132
67968	132
67992	132
68015	132
68050	132
68074	132
68097	132
68132	132
68156	132
68179	132
68214	132
68238	132
68261	132
68285	132
68308	132
68332	132
68367	132
68390	132
68414	132
68437	132
68472	132
68496	133
68519	133
68554	133
68578	133
68601	133
68625	133
68660	133
68683	133
68707	133
68730	133
68765	133
68789	133
68824	133
68847	133
68882	133
68906	133
68941	133
68964	133
68988	133
69011	133
69035	133
69070	133
69093	133
69117	133
69140	133
69175	133
69199	133
69222	133
69257	133
69281	133
69304	133
69328	133
69363	133
69386	133
69410	133
69433	133
69468	133
69492	133
69515	133
69550	133
69574	133
69609	133
69632	133
69667	133
69691	133
69714	133
69750	133
69773	133
69796	133
69820	133
69843	134
69878	134
69902	134
69925	134
69949	134
69984	134
70007	134
70031	134
70054	134
70089	134
70113	134
70136	134
70160	134
70195	134
70218	134
70242	134
70277	134
70300	134
70335	134
70359	134
70394	134
70417	134
70453	134
70476	134
70500	134
70535	134
70558	134
70582	134
70605	134
70640	134
70664	134
70687	134
70722	134
70746	134
70769	134
70804	134
70828	134
70851	134
70875	134
70910	134
70933	134
70968	134
70992	134
71015	134
71039	134
71074	134
71109	134
71132	134
71167	134
71191	134
71226	135
71250	135
71273	135
71296	135
71320	135
71355	135
71378	135
71402	135
71437	135
71460	135
71484	135
71507	135
71531	135
71566	135
71589	135
71613	135
71648	135
71671	135
71695	135
71718	135
71753	135
71777	135
71800	135
71835	135
71859	135
71894	135
71917	135
71953	135
71976	135
72000	135
72035	135
72058	135
72082	135
72117	135
72140	135
72164	135
72199	135
72222	135
72257	135
72281	135
72304	135
72339	135
72363	135
72386	135
72421	135
72445	135
72468	135
72503	135
72527	135
72550	135
72585	136
72609	136
72644	136
72667	136
72703	136
72726	136
72761	136
72785	136
72808	136
72843	136
72867	136
72890	136
72925	136
72949	136
72984	136
73007	136
73042	136
73066	136
73089	136
73125	136
73148	136
73171	136
73207	136
73230	136
73253	136
73289	136
73312	136
73347	136
73382	136
73406	136
73429	136
73464	136
73488	136
73523	136
73558	136
73582	136
73605	136
73640	136
73664	136
73699	136
73722	136
73757	136
73781	136
73804	136
73839	136
73863	136
73886	136
73910	136
73933	136
73957	136
73992	137
74015	137
74050	137
74074	137
74097	137
74132	137
74156	137
74179	137
74214	137
74238	137
74273	137
74296	137
74332	137
74355	137
74378	137
74414	137
74449	137
74484	137
74507	137
74542	137
74566	137
74601	137
74625	137
74660	137
74683	137
74707	137
74742	137
74765	137
74800	137
74824	137
74847	137
74882	137
74906	137
74941	137
74964	137
74988	137
75023	137
75046	137
75082	137
75105	137
75128	137
75164	137
75187	137
75222	137
75257	137
75292	137
75316	137
75351	137
75375	137
75410	137
75433	138
75457	138
75492	138
75515	138
75550	138
75574	138
75597	138
75632	138
75656	138
75691	138
75714	138
75738	138
75773	138
75796	138
75832	138
75855	138
75878	138
75914	138
75949	138
75984	138
76019	138
76054	138
76078	138
76101	138
76136	138
76160	138
76195	138
76218	138
76242	138
76277	138
76300	138
76324	138
76359	138
76382	138
76406	138
76441	138
76464	138
76488	138
76523	138
76546	138
76570	138
76605	138
76628	138
76664	138
76699	138
76734	138
76769	138
76792	138
76828	138
76851	138
76886	139
76921	139
76945	139
76980	139
77003	139
77039	139
77062	139
77097	139
77121	139
77144	139
77179	139
77203	139
77238	139
77261	139
77285	139
77308	139
77332	139
77367	139
77390	139
77425	139
77449	139
77484	139
77519	139
77542	139
77578	139
77601	139
77636	139
77660	139
77695	139
77718	139
77753	139
77777	139
77800	139
77835	139
77871	139
77894	139
77929	139
77953	139
77976	139
78011	139
78035	139
78058	139
78093	139
78117	139
78152	139
78175	139
78210	139
78246	139
78269	139
78304	139
78328	140
78363	140
78386	140
78421	140
78445	140
78468	140
78503	140
78527	140
78562	140
78585	140
78621	140
78644	140
78679	140
78703	140
78738	140
78761	140
78785	140
78808	140
78832	140
78867	140
78890	140
78925	140
78949	140
78984	140
79019	140
79042	140
79078	140
79101	140
79136	140
79171	140
79207	140
79230	140
79265	140
79289	140
79324	140
79359	140
79394	140
79417	140
79453	140
79476	140
79511	140
79535	140
79558	140
79593	140
79617	140
79652	140
79675	140
79710	140
79734	140
79769	140
79804	141
79828	141
79851	141
79886	141
79910	141
79945	141
79968	141
80003	141
80027	141
80062	141
80085	141
80121	141
80156	141
80179	141
80214	141
80238	141
80261	141
80296	141
80320	141
80343	141
80378	141
80402	141
80437	141
80460	141
80496	141
80519	141
80554	141
80578	141
80613	141
80636	141
80671	141
80695	141
80730	141
80753	141
80789	141
80812	141
80847	141
80882	141
80917	141
80941	141
80976	141
81000	141
81035	141
81058	141
81082	141
81117	141
81152	141
81175	141
81199	141
81234	141
81257	142
81292	142
81328	142
81351	142
81386	142
81410	142
81445	142
81468	142
81492	142
81527	142
81562	142
81597	142
81632	142
81656	142
81691	142
81714	142
81750	142
81773	142
81808	142
81832	142
81855	142
81890	142
81914	142
81949	142
81972	142
82007	142
82031	142
82066	142
82089	142
82125	142
82148	142
82183	142
82207	142
82242	142
82265	142
82300	142
82335	142
82371	142
82394	142
82429	142
82453	142
82488	142
82511	142
82546	142
82570	142
82605	142
82628	142
82664	142
82687	142
82722	142
82746	143
82781	143
82804	143
82839	143
82875	143
82898	143
82933	143
82957	143
82992	143
83015	143
83050	143
83085	143
83121	143
83156	143
83179	143
83214	143
83238	143
83273	143
83296	143
83332	143
83355	143
83390	143
83414	143
83449	143
83472	143
83507	143
83531	143
83566	143
83601	143
83625	143
83660	143
83683	143
83718	143
83742	143
83777	143
83800	143
83835	143
83871	143
83906	143
83929	143
83964	143
84000	143
84023	143
84058	143
84082	143
84117	143
84140	143
84175	143
84210	143
84234	143
84269	144
84304	144
84328	144
84363	144
84386	144
84421	144
84445	144
84468	144
84503	144
84539	144
84562	144
84597	144
84632	144
84667	144
84691	144
84726	144
84750	144
84785	144
84820	144
84843	144
84878	144
84902	144
84937	144
84972	144
85007	144
85031	144
85066	144
85089	144
85125	144
85148	144
85183	144
85218	144
85242	144
85277	144
85300	144
85335	144
85371	144
85406	144
85441	144
85464	144
85500	144
85535	144
85570	144
85593	144
85628	144
85664	144
85687	144
85722	144
85757	144
85792	144
85816	145
85851	145
85875	145
85910	145
85933	145
85957	145
85992	145
86015	145
86050	145
86074	145
86109	145
86144	145
86167	145
86203	145
86238	145
86261	145
86296	145
86332	145
86355	145
86390	145
86425	145
86460	145
86496	145
86531	145
86554	145
86589	145
86625	145
86648	145
86683	145
86707	145
86742	145
86777	145
86800	145
86835	145
86859	145
86894	145
86929	145
86953	145
86988	145
87011	145
87046	145
87082	145
87105	145
87140	145
87164	145
87210	145
87246	145
87281	145
87304	145
87339	145
87375	146
87398	146
87433	146
87468	146
87492	146
87527	146
87562	146
87585	146
87621	146
87656	146
87679	146
87714	146
87750	146
87773	146
87808	146
87843	146
87867	146
87902	146
87937	146
87972	146
88019	146
88042	146
88078	146
88113	146
88136	146
88171	146
88207	146
88230	146
88265	146
88289	146
88324	146
88347	146
88382	146
88406	146
88441	146
88476	146
88500	146
88523	146
88558	146
88593	146
88617	146
88652	146
88687	146
88722	146
88757	146
88792	146
88828	146
88851	146
88898	146
88933	146
88957	147
88992	147
89027	147
89050	147
89085	147
89109	147
89144	147
89179	147
89203	147
89238	147
89261	147
89285	147
89320	147
89343	147
89378	147
89414	147
89449	147
89484	147
89507	147
89542	147
89578	147
89613	147
89636	147
89671	147
89707	147
89742	147
89765	147
89800	147
89835	147
89871	147
89894	147
89929	147
89964	147
90000	147
90023	147
90058	147
90082	147
90117	147
90152	147
90175	147
90210	147
90246	147
90281	147
90316	147
90351	147
90375	147
90410	147
90445	147
90468	147
90503	147
90539	148
90562	148
90597	148
90632	148
90656	148
90691	148
90726	148
90750	148
90773	148
90796	148
90832	148
90867	148
90890	148
90925	148
90960	148
90996	148
91031	148
91054	148
91089	148
91125	148
91160	148
91195	148
91230	148
91253	148
91289	148
91324	148
91359	148
91394	148
91429	148
91453	148
91488	148
91523	148
91546	148
91582	148
91605	148
91640	148
91675	148
91710	148
91746	148
91769	148
91804	148
91839	148
91875	148
91898	148
91933	148
91968	148
91992	148
92027	148
92062	148
92097	148
92132	149
92167	149
92191	149
92226	149
92261	149
92285	149
92320	149
92343	149
92378	149
92414	149
92437	149
92472	149
92507	149
92531	149
92566	149
92601	149
92636	149
92660	149
92695	149
92718	149
92753	149
92789	149
92824	149
92859	149
92894	149
92929	149
92953	149
92988	149
93011	149
93046	149
93070	149
93105	149
93140	149
93164	149
93199	149
93234	149
93257	149
93292	149
93328	149
93351	149
93386	149
93410	149
93445	149
93480	149
93503	149
93539	149
93574	149
93609	149
93644	149
93679	149
93714	150
93750	150
93773	150
93808	150
93832	150
93867	150
93902	150
93925	150
93960	150
93996	150
94019	150
94054	150
94089	150
94125	150
94148	150
94183	150
94218	150
94253	150
94277	150
94312	150
94359	150
94394	150
94429	150
94453	150
94488	150
94523	150
94546	150
94582	150
94617	150
94652	150
94675	150
94710	150
94746	150
94781	150
94804	150
94839	150
94875	150
94898	150
94933	150
94968	150
95003	150
95027	150
95062	150
95109	150
95144	150
95167	150
95203	150
95238	150
95261	150
95296	150
95320	151
95355	151
95390	151
95425	151
95449	151
95484	151
95507	151
95542	151
95578	151
95613	151
95636	151
95671	151
95695	151
95730	151
95765	151
95789	151
95824	151
95871	151
95906	151
95929	151
95964	151
96000	151
96035	151
96058	151
96093	151
96128	151
96164	151
96187	151
96222	151
96257	151
96292	151
96328	151
96363	151
96386	151
96421	151
96457	151
96480	151
96515	151
96550	151
96585	151
96621	151
96656	151
96691	151
96714	151
96750	151
96785	151
96820	151
96843	151
96878	151
96914	151
96949	152
96984	152
97019	152
97054	152
97078	152
97113	152
97148	152
97183	152
97207	152
97242	152
97277	152
97312	152
97347	152
97382	152
97417	152
97441	152
97476	152
97511	152
97546	152
97582	152
97617	152
97652	152
97675	152
97710	152
97746	152
97781	152
97816	152
97851	152
97875	152
97910	152
97933	152
97957	152
97992	152
98027	152
98062	152
98085	152
98121	152
98156	152
98191	152
98226	152
98250	152
98285	152
98320	152
98355	152
98390	152
98425	152
98460	152
98507	152
98531	152
98566	152
98601	153
98636	153
98671	153
98695	153
98730	153
98765	153
98800	153
98824	153
98859	153
98894	153
98929	153
98964	153
99000	153
99023	153
99058	153
99093	153
99128	153
99152	153
99199	153
99234	153
99269	153
99304	153
99339	153
99375	153
99410	153
99433	153
99468	153
99503	153
99539	153
99562	153
99597	153
99632	153
99667	153
99691	153
99726	153
99761	153
99796	153
99832	153
99855	153
99890	153
99925	153
99972	153
100007	153
100042	153
100078	153
100101	153
100136	153
100171	153
100207	153
100230	153
100265	154
100300	154
100324	154
100359	154
100382	154
100417	154
100453	154
100488	154
100511	154
100546	154
100582	154
100605	154
100640	154
100675	154
100722	154
100757	154
100792	154
100828	154
100863	154
100898	154
100933	154
100968	154
101003	154
101027	154
101062	154
101097	154
101132	154
101156	154
101191	154
101226	154
101261	154
101285	154
101308	154
101343	154
101378	154
101414	154
101449	154
101484	154
101519	154
101554	154
101589	154
101613	154
101648	154
101683	154
101718	154
101753	154
101789	154
101824	154
101847	154
101882	154
101917	155
101953	155
101988	155
102011	155
102046	155
102082	155
102105	155
102140	155
102175	155
102210	155
102246	155
102281	155
102316	155
102351	155
102375	155
102410	155
102445	155
102468	155
102503	155
102539	155
102574	155
102597	155
102632	155
102667	155
102703	155
102726	155
102761	155
102785	155
102808	155
102843	155
102878	155
102914	155
102937	155
102972	155
103007	155
103042	155
103078	155
103113	155
103148	155
103183	155
103218	155
103253	155
103289	155
103324	155
103359	155
103394	155
103429	155
103464	155
103500	155
103523	155
103558	156
103582	156
103617	156
103652	156
103687	156
103722	156
103757	156
103792	156
103828	156
103851	156
103886	156
103921	156
103957	156
103980	156
104015	156
104050	156
104085	156
104121	156
104156	156
104191	156
104214	156
104250	156
104285	156
104308	156
104343	156
104367	156
104402	156
104437	156
104460	156
104496	156
104531	156
104566	156
104601	156
104625	156
104660	156
104695	156
104718	156
104753	156
104789	156
104824	156
104859	156
104894	156
104929	156
104964	156
104988	156
105023	156
105046	156
105082	156
105117	156
105152	156
105175	157
105210	157
105246	157
105269	157
105304	157
105339	157
105375	157
105398	157
105433	157
105468	157
105492	157
105527	157
105562	157
105597	157
105632	157
105667	157
105703	157
105738	157
105773	157
105796	157
105832	157
105855	157
105890	157
105925	157
105960	157
105984	157
106019	157
106054	157
106089	157
106113	157
106148	157
106183	157
106218	157
106242	157
106277	157
106312	157
106347	157
106382	157
106417	157
106453	157
106488	157
106511	157
106546	157
106582	157
106605	157
106640	157
106675	157
106710	157
106734	157
106769	157
106804	158
106839	158
106863	158
106898	158
106933	158
106968	158
106992	158
107027	158
107062	158
107097	158
107132	158
107167	158
107203	158
107238	158
107261	158
107296	158
107320	158
107355	158
107390	158
107414	158
107449	158
107484	158
107507	158
107542	158
107578	158
107613	158
107636	158
107671	158
107695	158
107730	158
107765	158
107800	158
107835	158
107871	158
107906	158
107941	158
107964	158
108000	158
108035	158
108070	158
108093	158
108128	158
108164	158
108199	158
108234	158
108257	158
108292	158
108328	158
108363	158
108386	158
108421	159
108457	159
108480	159
108515	159
108550	159
108585	159
108621	159
108656	159
108691	159
108714	159
108750	159
108785	159
108820	159
108843	159
108878	159
108914	159
108949	159
108984	159
109007	159
109042	159
109078	159
109113	159
109136	159
109171	159
109207	159
109230	159
109265	159
109300	159
109335	159
109371	159
109406	159
109441	159
109464	159
109500	159
109535	159
109570	159
109605	159
109640	159
109664	159
109699	159
109734	159
109769	159
109804	159
109839	159
109863	159
109898	159
109921	159
109945	159
109980	159
110015	159
110050	160
110074	160
110109	160
110144	160
110167	160
110203	160
110238	160
110273	160
110308	160
110343	160
110367	160
110402	160
110437	160
110484	160
110519	160
110554	160
110578	160
110613	160
110648	160
110671	160
110707	160
110742	160
110765	160
110800	160
110835	160
110871	160
110894	160
110929	160
110964	160
110988	160
111023	160
111058	160
111093	160
111117	160
111152	160
111187	160
111222	160
111257	160
111292	160
111328	160
111363	160
111386	160
111421	160
111457	160
111480	160
111515	160
111550	160
111574	160
111609	160
111644	160
111679	161
111703	161
111738	161
111773	161
111808	161
111843	161
111867	161
111902	161
111937	161
111972	161
112019	161
112054	161
112078	161
112113	161
112148	161
112171	161
112207	161
112230	161
112265	161
112300	161
112324	161
112359	161
112382	161
112417	161
112453	161
112488	161
112511	161
112546	161
112570	161
112605	161
112628	161
112664	161
112710	161
112746	161
112781	161
112816	161
112839	161
112875	161
112921	161
112945	161
112980	161
113015	161
113050	161
113074	161
113109	161
113132	161
113167	161
113203	161
113238	161
113261	161
113285	162
113320	162
113343	162
113378	162
113414	162
113437	162
113472	162
113507	162
113542	162
113578	162
113601	162
113636	162
113671	162
113707	162
113730	162
113765	162
113800	162
113835	162
113859	162
113894	162
113929	162
113964	162
113988	162
114023	162
114046	162
114082	162
114105	162
114140	162
114175	162
114210	162
114246	162
114281	162
114304	162
114339	162
114375	162
114398	162
114433	162
114457	162
114492	162
114527	162
114550	162
114585	162
114621	162
114644	162
114679	162
114714	162
114738	162
114773	162
114796	162
114820	162
114855	163
114890	163
114914	163
114949	163
114984	163
115019	163
115054	163
115078	163
115113	163
115148	163
115183	163
115218	163
115242	163
115277	163
115312	163
115347	163
115382	163
115417	163
115453	163
115476	163
115511	163
115535	163
115570	163
115605	163
115628	163
115664	163
115699	163
115722	163
115757	163
115792	163
115828	163
115851	163
115886	163
115921	163
115945	163
115980	163
116015	163
116039	163
116074	163
116109	163
116144	163
116167	163
116203	163
116238	163
116261	163
116285	163
116320	163
116343	163
116378	163
116414	163
116437	164
116472	164
116496	164
116531	164
116566	164
116589	164
116625	164
116660	164
116683	164
116718	164
116742	164
116777	164
116812	164
116847	164
116882	164
116917	164
116941	164
116976	164
117011	164
117035	164
117058	164
117093	164
117128	164
117152	164
117187	164
117210	164
117246	164
117281	164
117304	164
117339	164
117375	164
117398	164
117433	164
117468	164
117492	164
117527	164
117562	164
117597	164
117632	164
117667	164
117691	164
117726	164
117761	164
117785	164
117820	164
117843	164
117878	164
117914	164
117937	164
117972	164
117996	165
118031	165
118054	165
118089	165
118125	165
118148	165
118183	165
118218	165
118242	165
118277	165
118312	165
118347	165
118382	165
118417	165
118441	165
118476	165
118511	165
118535	165
118570	165
118593	165
118628	165
118652	165
118687	165
118722	165
118746	165
118781	165
118804	165
118839	165
118875	165
118898	165
118933	165
118968	165
118992	165
119027	165
119062	165
119097	165
119132	165
119167	165
119191	165
119226	165
119261	165
119285	165
119320	165
119343	165
119378	165
119402	165
119437	165
119472	165
119496	165
119531	165
119554	166
119589	166
119625	166
119648	166
119683	166
119707	166
119742	166
119777	166
119800	166
119835	166
119871	166
119906	166
119941	166
119964	166
120000	166
120035	166
120070	166
120093	166
120128	166
120152	166
120187	166
120222	166
120257	166
120281	166
120316	166
120351	166
120375	166
120410	166
120433	166
120468	166
120492	166
120527	166
120562	166
120597	166
120632	166
120656	166
120691	166
120726	166
120750	166
120785	166
120820	166
120843	166
120878	166
120902	166
120937	166
120972	166
121007	166
121042	166
121066	166
121101	166
121125	167
121160	167
121183	167
121218	167
121253	167
121277	167
121312	167
121347	167
121382	167
121417	167
121441	167
121476	167
121511	167
121546	167
121582	167
121605	167
121640	167
121675	167
121710	167
121746	167
121769	167
121804	167
121839	167
121863	167
121898	167
121921	167
121945	167
121980	167
122003	167
122039	167
122074	167
122097	167
122132	167
122167	167
122191	167
122226	167
122261	167
122296	167
122320	167
122355	167
122390	167
122414	167
122460	167
122496	167
122531	167
122554	167
122589	167
122625	167
122648	167
122683	167
122707	168
122742	168
122777	168
122800	168
122835	168
122859	168
122894	168
122929	168
122953	168
122988	168
123023	168
123046	168
123082	168
123105	168
123140	168
123175	168
123210	168
123246	168
123281	168
123316	168
123339	168
123375	168
123410	168
123433	168
123468	168
123492	168
123527	168
123562	168
123585	168
123621	168
123656	168
123679	168
123714	168
123750	168
123773	168
123808	168
123843	168
123867	168
123902	168
123937	168
123972	168
124007	168
124042	168
124078	168
124101	168
124136	168
124171	168
124195	168
124230	168
124265	168
124289	169
124324	169
124347	169
124382	169
124406	169
124441	169
124476	169
124500	169
124523	169
124558	169
124593	169
124617	169
124652	169
124687	169
124722	169
124769	169
124792	169
124828	169
124863	169
124898	169
124933	169
124957	169
124992	169
125027	169
125050	169
125085	169
125109	169
125144	169
125179	169
125203	169
125238	169
125261	169
125285	169
125320	169
125343	169
125378	169
125414	169
125437	169
125472	169
125507	169
125542	169
125566	169
125601	169
125636	169
125671	169
125695	169
125730	169
125765	169
125789	169
125824	169
125859	170
125882	170
125917	170
125953	170
125976	170
126011	170
126035	170
126070	170
126105	170
126128	170
126164	170
126199	170
126234	170
126269	170
126292	170
126328	170
126363	170
126386	170
126421	170
126445	170
126480	170
126515	170
126539	170
126574	170
126609	170
126632	170
126667	170
126703	170
126726	170
126761	170
126785	170
126808	170
126832	170
126867	170
126902	170
126925	170
126960	170
126996	170
127031	170
127066	170
127089	170
127125	170
127160	170
127195	170
127230	170
127253	170
127289	170
127324	170
127359	170
127394	170
127429	171
127453	171
127488	171
127523	171
127546	171
127582	171
127605	171
127640	171
127664	171
127699	171
127734	171
127769	171
127804	171
127828	171
127863	171
127886	171
127921	171
127957	171
127980	171
128015	171
128050	171
128074	171
128109	171
128144	171
128179	171
128203	171
128238	171
128261	171
128296	171
128320	171
128355	171
128378	171
128414	171
128449	171
128472	171
128507	171
128542	171
128566	171
128601	171
128636	171
128660	171
128695	171
128730	171
128753	171
128789	171
128824	171
128859	171
128894	171
128929	171
128953	171
128988	172
129011	172
129046	172
129070	172
129105	172
129140	172
129164	172
129199	172
129222	172
129257	172
129292	172
129316	172
129351	172
129386	172
129410	172
129445	172
129480	172
129503	172
129539	172
129574	172
129609	172
129644	172
129679	172
129703	172
129738	172
129773	172
129796	172
129820	172
129855	172
129890	172
129914	172
129949	172
129984	172
130007	172
130042	172
130078	172
130101	172
130136	172
130160	172
130195	172
130230	172
130253	172
130289	172
130324	172
130359	172
130394	172
130429	172
130464	172
130488	172
130523	172
130546	173
130582	173
130605	173
130640	173
130675	173
130699	173
130734	173
130769	173
130792	173
130828	173
130863	173
130886	173
130921	173
130957	173
130992	173
131015	173
131050	173
131085	173
131121	173
131156	173
131191	173
131226	173
131250	173
131285	173
131308	173
131343	173
131367	173
131402	173
131437	173
131460	173
131496	173
131519	173
131554	173
131589	173
131625	173
131648	173
131683	173
131707	173
131742	173
131765	173
131800	173
131835	173
131871	173
131906	173
131941	173
131964	173
132000	173
132035	173
132070	173
132093	173
132128	174
132152	174
132187	174
132222	174
132257	174
132281	174
132316	174
132351	174
132375	174
132410	174
132445	174
132468	174
132503	174
132527	174
132562	174
132597	174
132632	174
132667	174
132691	174
132726	174
132761	174
132785	174
132820	174
132855	174
132878	174
132914	174
132949	174
132984	174
133019	174
133042	174
133078	174
133113	174
133136	174
133171	174
133195	174
133230	174
133265	174
133289	174
133324	174
133359	174
133394	174
133429	174
133464	174
133500	174
133535	174
133570	174
133593	174
133628	174
133664	174
133699	174
133734	175
133757	175
133792	175
133828	175
133863	175
133886	175
133910	175
133945	175
133968	175
134003	175
134027	175
134062	175
134097	175
134121	175
134156	175
134191	175
134214	175
134250	175
134285	175
134320	175
134355	175
134378	175
134414	175
134449	175
134484	175
134519	175
134554	175
134589	175
134613	175
134648	175
134683	175
134707	175
134742	175
134777	175
134800	175
134835	175
134871	175
134894	175
134929	175
134964	175
134988	175
135023	175
135058	175
135082	175
135117	175
135140	175
135175	175
135222	175
135257	175
135292	175
135316	176
135351	176
135386	176
135421	176
135445	176
135480	176
135515	176
135539	176
135574	176
135609	176
135632	176
135667	176
135703	176
135726	176
135761	176
135796	176
135832	176
135855	176
135890	176
135925	176
135960	176
136007	176
136042	176
136066	176
136101	176
136136	176
136160	176
136195	176
136218	176
136253	176
136289	176
136312	176
136347	176
136371	176
136406	176
136441	176
136464	176
136500	176
136523	176
136558	176
136593	176
136617	176
136652	176
136687	176
136722	176
136757	176
136792	176
136828	176
136863	176
136898	176
136933	177
136957	177
136992	177
137027	177
137050	177
137085	177
137121	177
137144	177
137179	177
137214	177
137238	177
137273	177
137296	177
137320	177
137355	177
137378	177
137414	177
137449	177
137484	177
137519	177
137554	177
137578	177
137613	177
137648	177
137683	177
137707	177
137742	177
137777	177
137800	177
137835	177
137871	177
137906	177
137929	177
137964	177
138000	177
138023	177
138058	177
138082	177
138117	177
138152	177
138175	177
138210	177
138246	177
138281	177
138316	177
138339	177
138375	177
138410	177
138433	177
138468	177
138492	178
138527	178
138562	178
138585	178
138621	178
138656	178
138679	178
138714	178
138750	178
138773	178
138796	178
138820	178
138855	178
138878	178
138914	178
138949	178
138984	178
139007	178
139042	178
139078	178
139113	178
139148	178
139183	178
139207	178
139242	178
139277	178
139300	178
139335	178
139371	178
139406	178
139441	178
139476	178
139500	178
139535	178
139558	178
139593	178
139617	178
139652	178
139687	178
139710	178
139746	178
139781	178
139804	178
139839	178
139875	178
139898	178
139933	178
139968	178
139992	178
140027	178
140062	179
140085	179
140121	179
140156	179
140191	179
140214	179
140250	179
140273	179
140308	179
140332	179
140367	179
140390	179
140425	179
140449	179
140484	179
140519	179
140542	179
140578	179
140613	179
140636	179
140671	179
140707	179
140730	179
140765	179
140800	179
140824	179
140859	179
140894	179
140929	179
140964	179
140988	179
141023	179
141046	179
141070	179
141105	179
141140	179
141164	179
141199	179
141222	179
141257	179
141292	179
141316	179
141351	179
141386	179
141410	179
141445	179
141468	179
141503	179
141539	179
141562	179
141597	180
141632	180
141667	180
141703	180
141726	180
141761	180
141785	180
141820	180
141843	180
141878	180
141914	180
141937	180
141972	180
141996	180
142031	180
142066	180
142089	180
142125	180
142148	180
142183	180
142218	180
142242	180
142277	180
142312	180
142347	180
142382	180
142417	180
142441	180
142476	180
142500	180
142535	180
142558	180
142593	180
142628	180
142652	180
142687	180
142710	180
142746	180
142781	180
142804	180
142839	180
142863	180
142898	180
142933	180
142957	180
142992	180
143027	180
143050	180
143085	180
143132	180
143156	181
143191	181
143226	181
143250	181
143285	181
143308	181
143343	181
143367	181
143402	181
143425	181
143460	181
143484	181
143519	181
143554	181
143578	181
143613	181
143636	181
143671	181
143695	181
143730	181
143765	181
143789	181
143824	181
143859	181
143894	181
143929	181
143953	181
143988	181
144023	181
144046	181
144082	181
144105	181
144140	181
144175	181
144210	181
144234	181
144269	181
144304	181
144328	181
144363	181
144398	181
144421	181
144457	181
144480	181
144515	181
144539	181
144574	181
144609	181
144644	181
144679	181
144703	182
144738	182
144773	182
144796	182
144832	182
144867	182
144890	182
144925	182
144960	182
144996	182
145019	182
145054	182
145089	182
145113	182
145148	182
145171	182
145207	182
145242	182
145265	182
145300	182
145335	182
145371	182
145406	182
145429	182
145464	182
145500	182
145535	182
145570	182
145605	182
145628	182
145664	182
145699	182
145734	182
145757	182
145792	182
145828	182
145851	182
145886	182
145910	182
145933	182
145968	182
146003	182
146027	182
146062	182
146085	182
146121	182
146156	182
146179	182
146214	182
146250	182
146285	183
146320	183
146343	183
146378	183
146414	183
146449	183
146484	183
146519	183
146554	183
146578	183
146613	183
146648	183
146671	183
146707	183
146730	183
146765	183
146800	183
146824	183
146859	183
146894	183
146917	183
146953	183
146988	183
147011	183
147046	183
147082	183
147105	183
147140	183
147175	183
147210	183
147246	183
147281	183
147316	183
147339	183
147375	183
147410	183
147445	183
147468	183
147503	183
147539	183
147562	183
147597	183
147632	183
147656	183
147691	183
147726	183
147750	183
147785	183
147820	183
147855	183
147878	184
147914	184
147949	184
147996	184
148031	184
148054	184
148089	184
148125	184
148148	184
148183	184
148218	184
148242	184
148277	184
148300	184
148335	184
148359	184
148394	184
148429	184
148453	184
148488	184
148511	184
148546	184
148582	184
148605	184
148640	184
148675	184
148710	184
148746	184
148781	184
148816	184
148851	184
148886	184
148921	184
148957	184
148980	184
149015	184
149039	184
149074	184
149109	184
149132	184
149167	184
149203	184
149226	184
149261	184
149285	184
149308	184
149343	184
149378	184
149402	184
149437	184
149472	185
149507	185
149542	185
149566	185
149601	185
149636	185
149671	185
149707	185
149730	185
149765	185
149800	185
149824	185
149859	185
149894	185
149929	185
149953	185
149988	185
150023	185
150046	185
150082	185
150105	185
150140	185
150175	185
150210	185
150246	185
150281	185
150304	185
150339	185
150375	185
150398	185
150433	185
150468	185
150492	185
150527	185
150562	185
150585	185
150621	185
150656	185
150679	185
150714	185
150750	185
150773	185
150796	185
150820	185
150855	185
150890	185
150914	185
150949	185
150984	185
151019	185
151054	186
151089	186
151113	186
151160	186
151195	186
151218	186
151253	186
151289	186
151324	186
151359	186
151394	186
151417	186
151453	186
151488	186
151511	186
151546	186
151570	186
151605	186
151640	186
151664	186
151699	186
151734	186
151769	186
151804	186
151828	186
151863	186
151898	186
151933	186
151957	186
151992	186
152027	186
152050	186
152085	186
152121	186
152156	186
152191	186
152214	186
152250	186
152273	186
152308	186
152332	186
152367	186
152402	186
152425	186
152460	186
152496	186
152519	186
152554	186
152589	186
152613	186
152648	187
152683	187
152718	187
152742	187
152777	187
152812	187
152847	187
152882	187
152917	187
152941	187
152976	187
153011	187
153035	187
153070	187
153093	187
153128	187
153164	187
153187	187
153222	187
153257	187
153281	187
153316	187
153351	187
153375	187
153410	187
153445	187
153468	187
153503	187
153539	187
153562	187
153609	187
153644	187
153667	187
153703	187
153738	187
153761	187
153796	187
153820	187
153855	187
153890	187
153914	187
153949	187
153972	187
154007	187
154042	187
154078	187
154101	187
154136	187
154160	187
154195	187
154230	188
154253	188
154289	188
154324	188
154371	188
154406	188
154429	188
154464	188
154500	188
154523	188
154558	188
154582	188
154617	188
154652	188
154675	188
154710	188
154746	188
154781	188
154804	188
154839	188
154875	188
154898	188
154933	188
154968	188
155003	188
155027	188
155062	188
155109	188
155144	188
155179	188
155203	188
155238	188
155273	188
155296	188
155332	188
155355	188
155390	188
155425	188
155449	188
155484	188
155519	188
155542	188
timepoint: 176.10000000000002