0	0
0	0
0	0
0	0
0	0
0	0
0	0
0	0
0	0
0	0
0	0
0	0
0	0
0	0
0	0
0	0
0	0
0	0
0	0
0	0
0	0
0	0
0	0
0	0
0	0
0	0
0	0
0	0
0	0
0	0
0	0
0	0
0	0
0	0
0	0
0	0
0	0
0	0
0	0
0	0
0	0
0	0
0	0
0	0
0	0
0	0
0	0
0	0
0	0
0	0
0	1
0	1
0	1
0	1
0	1
0	1
0	1
0	1
0	1
0	1
0	1
0	1
0	1
0	1
0	1
0	1
0	1
0	1
0	1
0	1
0	1
0	1
0	1
0	1
0	1
0	1
0	1
0	1
0	1
0	1
0	1
0	1
0	1
0	1
0	1
0	1
0	1
0	1
0	1
0	1
0	1
0	1
0	1
0	1
0	1
0	1
0	1
0	1
0	1
0	1
0	2
0	2
0	2
0	2
0	2
0	2
0	2
0	2
0	2
0	2
0	2
0	2
0	2
0	2
0	2
0	2
0	2
0	2
0	2
0	2
0	2
0	2
0	2
0	2
0	2
0	2
0	2
0	2
0	2
0	2
0	2
0	2
0	2
0	2
0	2
0	2
0	2
0	2
0	2
0	2
0	2
0	2
0	2
0	2
0	2
0	2
0	2
0	2
0	2
0	2
0	3
0	3
0	3
0	3
0	3
0	3
0	3
0	3
0	3
0	3
0	3
0	3
0	3
0	3
0	3
0	3
0	3
0	3
0	3
0	3
0	3
0	3
0	3
0	3
0	3
0	3
0	3
0	3
0	3
0	3
0	3
0	3
0	3
0	3
0	3
0	3
0	3
0	3
0	3
0	3
0	3
0	3
0	3
0	3
0	3
0	3
0	3
0	3
0	3
0	3
0	4
0	4
0	4
0	4
0	4
0	4
0	4
0	4
0	4
0	4
0	4
0	4
0	4
0	4
0	4
0	4
0	4
0	4
0	4
0	4
0	4
0	4
0	4
0	4
0	4
0	4
0	4
0	4
0	4
0	4
0	4
0	4
0	4
0	4
0	4
0	4
0	4
0	4
0	4
0	4
0	4
0	4
0	4
0	4
0	4
0	4
0	4
0	4
0	4
0	4
0	5
0	5
0	5
0	5
0	5
0	5
0	5
0	5
0	5
0	5
0	5
0	5
0	5
0	5
0	5
0	5
11	5
11	5
11	5
11	5
11	5
11	5
11	5
11	5
11	5
11	5
23	5
23	5
23	5
23	5
23	5
23	5
23	5
23	5
23	5
23	5
23	5
23	5
23	5
35	5
35	5
35	5
35	5
35	5
35	5
35	5
35	5
35	5
35	5
35	5
35	6
35	6
23	6
23	6
23	6
23	6
23	6
23	6
23	6
23	6
23	6
23	6
23	6
23	6
23	6
23	6
23	6
23	6
11	6
11	6
11	6
11	6
11	6
11	6
11	6
11	6
11	6
11	6
11	6
11	6
11	6
11	6
11	6
11	6
11	6
11	6
11	6
11	6
11	6
23	6
23	6
23	6
23	6
23	6
23	6
23	6
23	6
23	6
23	6
23	6
23	7
23	7
35	7
35	7
35	7
35	7
35	7
35	7
35	7
35	7
35	7
35	7
35	7
35	7
35	7
35	7
35	7
35	7
35	7
35	7
35	7
35	7
35	7
35	7
35	7
35	7
35	7
35	7
35	7
35	7
35	7
35	7
35	7
35	7
35	7
23	7
23	7
23	7
23	7
23	7
23	7
23	7
23	7
23	7
23	7
23	7
23	7
23	7
23	7
23	7
23	8
23	8
23	8
23	8
23	8
23	8
23	8
23	8
23	8
23	8
23	8
23	8
23	8
23	8
23	8
35	8
35	8
35	8
35	8
35	8
35	8
35	8
35	8
35	8
35	8
35	8
35	8
35	8
35	8
35	8
35	8
35	8
35	8
35	8
35	8
35	8
35	8
35	8
35	8
35	8
35	8
35	8
35	8
35	8
35	8
35	8
35	8
35	8
35	8
35	8
35	9
35	9
35	9
35	9
35	9
35	9
35	9
35	9
35	9
35	9
35	9
35	9
35	9
35	9
35	9
35	9
35	9
35	9
35	9
35	9
35	9
35	9
35	9
35	9
35	9
35	9
35	9
35	9
35	9
35	9
35	9
35	9
35	9
35	9
35	9
35	9
35	9
35	9
35	9
35	9
35	9
35	9
35	9
35	9
35	9
35	9
35	9
35	9
35	9
35	9
35	10
35	10
35	10
35	10
35	10
35	10
35	10
35	10
35	10
35	10
35	10
35	10
35	10
35	10
35	10
35	10
35	10
35	10
35	10
35	10
35	10
35	10
35	10
35	10
35	10
35	10
35	10
35	10
35	10
35	10
35	10
35	10
35	10
35	10
35	10
35	10
35	10
35	10
35	10
35	10
35	10
35	10
35	10
35	10
35	10
35	10
35	10
35	10
35	10
35	10
35	11
35	11
35	11
35	11
35	11
35	11
35	11
35	11
35	11
35	11
35	11
35	11
35	11
35	11
35	11
35	11
35	11
35	11
35	11
35	11
35	11
35	11
35	11
35	11
35	11
35	11
35	11
35	11
35	11
35	11
35	11
35	11
35	11
35	11
35	11
35	11
35	11
35	11
35	11
35	11
35	11
35	11
35	11
35	11
35	11
35	11
35	11
35	11
35	11
35	11
35	12
35	12
35	12
35	12
35	12
35	12
35	12
35	12
35	12
35	12
35	12
35	12
35	12
35	12
35	12
35	12
35	12
35	12
35	12
35	12
35	12
35	12
35	12
35	12
35	12
35	12
35	12
35	12
35	12
35	12
35	12
35	12
35	12
35	12
35	12
35	12
35	12
35	12
35	12
35	12
35	12
35	12
35	12
35	12
35	12
35	12
35	12
35	12
35	12
35	12
35	13
35	13
35	13
35	13
35	13
35	13
35	13
35	13
35	13
35	13
35	13
35	13
35	13
35	13
35	13
35	13
35	13
35	13
35	13
35	13
35	13
35	13
35	13
35	13
35	13
35	13
35	13
35	13
35	13
35	13
35	13
35	13
35	13
35	13
35	13
35	13
35	13
35	13
35	13
35	13
35	13
35	13
35	13
35	13
35	13
35	13
35	13
35	13
35	13
35	13
35	14
35	14
35	14
35	14
35	14
35	14
35	14
35	14
35	14
35	14
35	14
35	14
35	14
35	14
35	14
35	14
35	14
35	14
35	14
35	14
35	14
35	14
35	14
35	14
35	14
35	14
35	14
35	14
35	14
35	14
35	14
35	14
35	14
35	14
35	14
35	14
35	14
35	14
35	14
35	14
35	14
35	14
35	14
35	14
35	14
35	14
35	14
35	14
35	14
35	14
35	15
35	15
35	15
35	15
35	15
35	15
35	15
35	15
35	15
35	15
35	15
35	15
35	15
35	15
35	15
35	15
35	15
35	15
35	15
35	15
35	15
35	15
35	15
35	15
35	15
35	15
35	15
35	15
35	15
35	15
35	15
35	15
35	15
35	15
35	15
35	15
35	15
35	15
35	15
35	15
35	15
35	15
35	15
35	15
35	15
35	15
35	15
35	15
35	15
35	15
35	16
35	16
35	16
35	16
35	16
35	16
35	16
35	16
35	16
35	16
35	16
35	16
35	16
35	16
35	16
35	16
35	16
35	16
35	16
35	16
35	16
35	16
35	16
35	16
35	16
35	16
35	16
35	16
35	16
35	16
35	16
35	16
35	16
35	16
35	16
35	16
35	16
35	16
35	16
35	16
35	16
35	16
35	16
35	16
35	16
35	16
35	16
35	16
35	16
35	16
35	17
35	17
35	17
35	17
35	17
35	17
35	17
35	17
35	17
35	17
35	17
35	17
35	17
35	17
35	17
35	17
35	17
35	17
35	17
35	17
35	17
35	17
35	17
35	17
35	17
35	17
35	17
35	17
35	17
35	17
35	17
35	17
35	17
35	17
35	17
35	17
35	17
35	17
35	17
35	17
35	17
35	17
35	17
35	17
35	17
35	17
35	17
35	17
35	17
35	17
35	18
35	18
35	18
35	18
35	18
35	18
35	18
35	18
35	18
35	18
35	18
35	18
35	18
35	18
35	18
35	18
35	18
35	18
35	18
35	18
35	18
35	18
35	18
35	18
35	18
35	18
35	18
35	18
35	18
35	18
35	18
35	18
35	18
35	18
35	18
35	18
35	18
35	18
35	18
35	18
35	18
35	18
35	18
35	18
35	18
35	18
35	18
35	18
35	18
35	18
35	19
35	19
35	19
35	19
35	19
35	19
35	19
35	19
35	19
35	19
35	19
35	19
35	19
35	19
35	19
35	19
35	19
35	19
35	19
35	19
35	19
35	19
35	19
35	19
35	19
35	19
35	19
35	19
35	19
35	19
35	19
35	19
35	19
35	19
35	19
35	19
35	19
35	19
35	19
35	19
35	19
35	19
35	19
35	19
35	19
35	19
35	19
35	19
35	19
35	19
35	20
35	20
35	20
35	20
35	20
35	20
35	20
35	20
35	20
35	20
35	20
35	20
35	20
35	20
35	20
35	20
35	20
35	20
35	20
35	20
35	20
35	20
35	20
35	20
35	20
35	20
35	20
35	20
35	20
35	20
35	20
35	20
35	20
35	20
35	20
35	20
35	20
35	20
35	20
35	20
35	20
35	20
35	20
35	20
35	20
35	20
35	20
35	20
35	20
35	20
35	21
35	21
35	21
35	21
35	21
35	21
35	21
35	21
35	21
35	21
35	21
35	21
35	21
35	21
35	21
35	21
35	21
35	21
35	21
35	21
35	21
35	21
35	21
35	21
35	21
35	21
35	21
35	21
35	21
35	21
35	21
35	21
35	21
35	21
35	21
35	21
35	21
35	21
35	21
35	21
35	21
35	21
35	21
35	21
35	21
35	21
35	21
35	21
35	21
35	21
35	22
35	22
35	22
35	22
35	22
35	22
35	22
35	22
35	22
35	22
35	22
35	22
35	22
35	22
35	22
35	22
35	22
35	22
35	22
35	22
35	22
35	22
35	22
35	22
35	22
35	22
35	22
35	22
35	22
35	22
35	22
35	22
35	22
35	22
35	22
35	22
35	22
35	22
35	22
35	22
35	22
35	22
35	22
35	22
35	22
35	22
35	22
35	22
35	22
35	22
35	23
35	23
35	23
35	23
35	23
35	23
35	23
35	23
35	23
35	23
35	23
35	23
35	23
35	23
35	23
35	23
35	23
35	23
35	23
35	23
35	23
35	23
35	23
35	23
35	23
35	23
35	23
35	23
35	23
35	23
35	23
35	23
35	23
35	23
35	23
35	23
35	23
35	23
35	23
35	23
35	23
35	23
35	23
35	23
35	23
35	23
35	23
35	23
35	23
35	23
35	24
35	24
35	24
35	24
35	24
35	24
35	24
35	24
35	24
35	24
35	24
35	24
35	24
35	24
35	24
35	24
35	24
35	24
35	24
35	24
35	24
35	24
35	24
35	24
35	24
35	24
35	24
35	24
35	24
35	24
35	24
35	24
35	24
35	24
35	24
35	24
35	24
35	24
35	24
35	24
35	24
35	24
35	24
35	24
35	24
35	24
35	24
35	24
35	24
35	24
35	25
35	25
35	25
35	25
35	25
35	25
35	25
35	25
35	25
35	25
35	25
35	25
35	25
35	25
35	25
35	25
35	25
35	25
35	25
35	25
35	25
35	25
35	25
35	25
35	25
35	25
35	25
35	25
35	25
35	25
35	25
35	25
35	25
35	25
35	25
35	25
35	25
35	25
35	25
35	25
35	25
35	25
35	25
35	25
35	25
35	25
35	25
35	25
35	25
35	25
35	26
35	26
35	26
35	26
35	26
35	26
35	26
35	26
35	26
35	26
35	26
35	26
35	26
35	26
35	26
35	26
35	26
35	26
35	26
35	26
35	26
35	26
35	26
35	26
35	26
35	26
35	26
35	26
35	26
35	26
35	26
35	26
35	26
35	26
35	26
35	26
35	26
35	26
35	26
35	26
35	26
35	26
35	26
35	26
35	26
35	26
35	26
35	26
35	26
35	26
35	27
35	27
35	27
35	27
35	27
35	27
35	27
35	27
35	27
35	27
35	27
35	27
35	27
35	27
35	27
35	27
35	27
35	27
35	27
35	27
35	27
35	27
35	27
35	27
35	27
35	27
35	27
35	27
35	27
35	27
35	27
35	27
35	27
35	27
35	27
35	27
35	27
35	27
35	27
35	27
35	27
35	27
35	27
35	27
35	27
35	27
35	27
35	27
35	27
35	27
35	28
35	28
35	28
35	28
35	28
35	28
35	28
35	28
35	28
35	28
35	28
35	28
35	28
35	28
35	28
35	28
35	28
35	28
35	28
35	28
35	28
35	28
35	28
35	28
35	28
35	28
35	28
35	28
35	28
35	28
35	28
35	28
35	28
35	28
35	28
35	28
35	28
35	28
35	28
35	28
35	28
35	28
35	28
35	28
35	28
35	28
35	28
35	28
35	28
35	28
35	29
35	29
35	29
35	29
35	29
35	29
35	29
35	29
35	29
35	29
35	29
35	29
35	29
35	29
35	29
35	29
35	29
35	29
35	29
35	29
35	29
35	29
35	29
35	29
35	29
35	29
35	29
35	29
35	29
35	29
35	29
35	29
35	29
35	29
35	29
35	29
35	29
35	29
35	29
35	29
35	29
35	29
35	29
35	29
35	29
35	29
35	29
35	29
35	29
35	29
35	30
35	30
35	30
35	30
35	30
35	30
35	30
35	30
35	30
35	30
35	30
35	30
35	30
35	30
35	30
35	30
35	30
35	30
35	30
35	30
35	30
35	30
35	30
35	30
35	30
35	30
35	30
35	30
35	30
35	30
35	30
35	30
35	30
35	30
35	30
35	30
35	30
35	30
35	30
35	30
35	30
35	30
35	30
35	30
35	30
35	30
35	30
35	30
35	30
35	30
35	31
35	31
35	31
35	31
35	31
35	31
35	31
35	31
35	31
35	31
35	31
35	31
35	31
35	31
35	31
35	31
35	31
35	31
35	31
35	31
35	31
35	31
35	31
35	31
35	31
35	31
35	31
35	31
35	31
35	31
35	31
35	31
35	31
35	31
35	31
35	31
35	31
35	31
35	31
35	31
35	31
35	31
35	31
35	31
35	31
35	31
35	31
35	31
35	31
35	31
35	32
35	32
35	32
35	32
35	32
35	32
35	32
35	32
35	32
35	32
35	32
35	32
35	32
35	32
35	32
35	32
35	32
35	32
35	32
35	32
35	32
46	32
46	32
46	32
46	32
46	32
46	32
46	32
46	32
46	32
46	32
46	32
46	32
46	32
46	32
46	32
46	32
46	32
46	32
46	32
46	32
46	32
46	32
46	32
46	32
46	32
46	32
46	32
46	32
46	32
46	33
46	33
46	33
46	33
46	33
46	33
58	33
58	33
58	33
58	33
58	33
58	33
58	33
58	33
58	33
58	33
58	33
58	33
58	33
58	33
58	33
58	33
58	33
70	33
70	33
70	33
70	33
70	33
70	33
70	33
70	33
70	33
70	33
70	33
70	33
70	33
82	33
82	33
82	33
82	33
82	33
82	33
82	33
82	33
82	33
82	33
82	33
82	33
82	33
82	33
82	34
93	34
93	34
93	34
93	34
93	34
93	34
93	34
93	34
93	34
93	34
93	34
93	34
93	34
93	34
105	34
105	34
105	34
105	34
105	34
105	34
105	34
105	34
105	34
105	34
105	34
105	34
117	34
117	34
117	34
117	34
117	34
117	34
117	34
117	34
117	34
128	34
128	34
128	34
128	34
128	34
128	34
128	34
128	34
128	34
128	34
140	34
140	34
140	34
140	34
140	35
140	35
140	35
140	35
140	35
140	35
152	35
152	35
152	35
152	35
152	35
152	35
152	35
152	35
164	35
164	35
164	35
164	35
164	35
164	35
164	35
164	35
164	35
164	35
175	35
175	35
175	35
175	35
175	35
175	35
175	35
175	35
175	35
175	35
187	35
187	35
187	35
187	35
187	35
187	35
187	35
187	35
199	35
199	35
199	35
199	35
199	35
199	35
199	35
199	35
199	36
210	36
210	36
210	36
210	36
210	36
210	36
210	36
222	36
222	36
222	36
222	36
222	36
222	36
222	36
234	36
234	36
234	36
234	36
234	36
234	36
234	36
246	36
246	36
246	36
246	36
246	36
246	36
246	36
246	36
257	36
257	36
257	36
257	36
257	36
257	36
257	36
269	36
269	36
269	36
269	36
269	36
269	36
269	36
281	36
281	36
281	36
281	36
281	36
281	36
281	37
281	37
292	37
292	37
292	37
292	37
292	37
292	37
292	37
304	37
304	37
304	37
304	37
304	37
304	37
316	37
316	37
316	37
316	37
316	37
316	37
316	37
328	37
328	37
328	37
328	37
328	37
328	37
339	37
339	37
339	37
339	37
339	37
339	37
351	37
351	37
351	37
351	37
351	37
351	37
363	37
363	37
363	37
363	37
363	37
375	37
375	37
375	37
375	37
375	37
386	38
386	38
386	38
386	38
386	38
386	38
398	38
398	38
398	38
398	38
398	38
410	38
410	38
410	38
410	38
410	38
410	38
421	38
421	38
421	38
421	38
421	38
433	38
433	38
433	38
433	38
433	38
433	38
445	38
445	38
445	38
445	38
445	38
457	38
457	38
457	38
457	38
457	38
457	38
468	38
468	38
468	38
468	38
468	38
480	38
480	38
480	38
480	38
480	38
480	38
492	39
492	39
492	39
492	39
492	39
503	39
503	39
503	39
503	39
503	39
503	39
515	39
515	39
515	39
515	39
515	39
527	39
527	39
527	39
527	39
527	39
527	39
539	39
539	39
539	39
539	39
539	39
550	39
550	39
550	39
550	39
550	39
550	39
562	39
562	39
562	39
562	39
562	39
574	39
574	39
574	39
574	39
574	39
574	39
585	39
585	39
585	39
585	39
585	39
585	39
597	40
597	40
597	40
597	40
597	40
609	40
609	40
609	40
609	40
609	40
609	40
621	40
621	40
621	40
621	40
621	40
632	40
632	40
632	40
632	40
632	40
632	40
644	40
644	40
644	40
644	40
644	40
656	40
656	40
656	40
656	40
656	40
667	40
667	40
667	40
667	40
679	40
679	40
679	40
679	40
679	40
691	40
691	40
691	40
691	40
691	40
703	40
703	40
703	40
703	40
703	41
714	41
714	41
714	41
714	41
714	41
726	41
726	41
726	41
726	41
726	41
738	41
738	41
738	41
738	41
738	41
750	41
750	41
750	41
750	41
750	41
761	41
761	41
761	41
761	41
761	41
773	41
773	41
773	41
773	41
773	41
785	41
785	41
785	41
785	41
785	41
796	41
796	41
796	41
796	41
796	41
808	41
808	41
808	41
808	41
808	41
820	41
820	41
820	41
820	41
832	42
832	42
832	42
832	42
832	42
843	42
843	42
843	42
843	42
843	42
855	42
855	42
855	42
855	42
867	42
867	42
867	42
867	42
867	42
878	42
878	42
878	42
878	42
890	42
890	42
890	42
890	42
890	42
902	42
902	42
902	42
902	42
902	42
914	42
914	42
914	42
914	42
914	42
925	42
925	42
925	42
925	42
925	42
925	42
937	42
937	42
937	42
937	42
937	42
949	42
949	43
949	43
949	43
949	43
960	43
960	43
960	43
960	43
972	43
972	43
972	43
972	43
972	43
984	43
984	43
984	43
984	43
984	43
996	43
996	43
996	43
996	43
996	43
1007	43
1007	43
1007	43
1007	43
1019	43
1019	43
1019	43
1019	43
1019	43
1031	43
1031	43
1031	43
1031	43
1031	43
1042	43
1042	43
1042	43
1042	43
1042	43
1054	43
1054	43
1054	43
1054	43
1054	43
1066	43
1066	43
1066	43
1066	44
1066	44
1078	44
1078	44
1078	44
1078	44
1089	44
1089	44
1089	44
1089	44
1089	44
1101	44
1101	44
1101	44
1101	44
1113	44
1113	44
1113	44
1113	44
1113	44
1125	44
1125	44
1125	44
1125	44
1136	44
1136	44
1136	44
1136	44
1148	44
1148	44
1148	44
1148	44
1160	44
1160	44
1160	44
1160	44
1171	44
1171	44
1171	44
1171	44
1183	44
1183	44
1183	44
1183	44
1195	44
1195	44
1195	44
1195	44
1207	44
1207	44
1207	45
1207	45
1218	45
1218	45
1218	45
1218	45
1218	45
1230	45
1230	45
1230	45
1230	45
1230	45
1242	45
1242	45
1242	45
1242	45
1253	45
1253	45
1253	45
1253	45
1253	45
1265	45
1265	45
1265	45
1265	45
1265	45
1277	45
1277	45
1277	45
1277	45
1277	45
1289	45
1289	45
1289	45
1289	45
1289	45
1300	45
1300	45
1300	45
1300	45
1300	45
1312	45
1312	45
1312	45
1312	45
1312	45
1324	45
1324	45
1324	45
1324	45
1324	46
1335	46
1335	46
1335	46
1335	46
1347	46
1347	46
1347	46
1347	46
1347	46
1359	46
1359	46
1359	46
1359	46
1359	46
1371	46
1371	46
1371	46
1371	46
1371	46
1382	46
1382	46
1382	46
1382	46
1394	46
1394	46
1394	46
1394	46
1406	46
1406	46
1406	46
1406	46
1406	46
1417	46
1417	46
1417	46
1417	46
1429	46
1429	46
1429	46
1429	46
1441	46
1441	46
1441	46
1441	46
1441	46
1453	46
1453	46
1453	46
1453	46
1453	47
1464	47
1464	47
1464	47
1464	47
1464	47
1476	47
1476	47
1476	47
1476	47
1476	47
1488	47
1488	47
1488	47
1488	47
1500	47
1500	47
1500	47
1500	47
1500	47
1511	47
1511	47
1511	47
1511	47
1511	47
1523	47
1523	47
1523	47
1523	47
1535	47
1535	47
1535	47
1535	47
1546	47
1546	47
1546	47
1546	47
1546	47
1558	47
1558	47
1558	47
1558	47
1570	47
1570	47
1570	47
1570	47
1582	47
1582	47
1582	47
1582	47
1593	48
1593	48
1593	48
1593	48
1605	48
1605	48
1605	48
1605	48
1617	48
1617	48
1617	48
1617	48
1628	48
1628	48
1628	48
1628	48
1640	48
1640	48
1640	48
1640	48
1652	48
1652	48
1652	48
1652	48
1652	48
1664	48
1664	48
1664	48
1664	48
1675	48
1675	48
1675	48
1675	48
1675	48
1687	48
1687	48
1687	48
1687	48
1699	48
1699	48
1699	48
1699	48
1710	48
1710	48
1710	48
1710	48
1722	48
1722	48
1722	48
1722	48
1734	49
1734	49
1734	49
1734	49
1746	49
1746	49
1746	49
1746	49
1757	49
1757	49
1757	49
1757	49
1769	49
1769	49
1769	49
1769	49
1781	49
1781	49
1781	49
1781	49
1792	49
1792	49
1792	49
1792	49
1804	49
1804	49
1804	49
1816	49
1816	49
1816	49
1816	49
1828	49
1828	49
1828	49
1828	49
1839	49
1839	49
1839	49
1851	49
1851	49
1851	49
1851	49
1863	49
1863	49
1863	49
1875	49
1875	49
1875	49
1886	49
1886	49
1886	50
1886	50
1898	50
1898	50
1898	50
1910	50
1910	50
1910	50
1921	50
1921	50
1921	50
1921	50
1933	50
1933	50
1933	50
1945	50
1945	50
1945	50
1957	50
1957	50
1957	50
1957	50
1968	50
1968	50
1968	50
1980	50
1980	50
1980	50
1980	50
1992	50
1992	50
1992	50
1992	50
2003	50
2003	50
2003	50
2015	50
2015	50
2015	50
2027	50
2027	50
2027	50
2027	50
2039	50
2039	50
2039	50
2050	50
2050	50
2050	50
2050	50
2062	51
2062	51
2062	51
2074	51
2074	51
2074	51
2085	51
2085	51
2085	51
2085	51
2097	51
2097	51
2097	51
2097	51
2109	51
2109	51
2109	51
2121	51
2121	51
2121	51
2121	51
2132	51
2132	51
2132	51
2144	51
2144	51
2144	51
2144	51
2156	51
2156	51
2156	51
2167	51
2167	51
2167	51
2179	51
2179	51
2179	51
2191	51
2191	51
2191	51
2191	51
2203	51
2203	51
2203	51
2214	51
2214	51
2214	51
2226	51
2226	51
2226	51
2238	52
2238	52
2238	52
2250	52
2250	52
2250	52
2250	52
2261	52
2261	52
2261	52
2273	52
2273	52
2273	52
2285	52
2285	52
2285	52
2296	52
2296	52
2296	52
2308	52
2308	52
2308	52
2320	52
2320	52
2320	52
2332	52
2332	52
2332	52
2343	52
2343	52
2343	52
2355	52
2355	52
2355	52
2367	52
2367	52
2367	52
2378	52
2378	52
2378	52
2390	52
2390	52
2390	52
2402	52
2402	52
2402	52
2414	52
2414	52
2414	52
2425	52
2425	53
2425	53
2437	53
2437	53
2437	53
2449	53
2449	53
2449	53
2460	53
2460	53
2460	53
2472	53
2472	53
2472	53
2484	53
2484	53
2484	53
2496	53
2496	53
2496	53
2507	53
2507	53
2507	53
2519	53
2519	53
2519	53
2531	53
2531	53
2531	53
2542	53
2542	53
2554	53
2554	53
2554	53
2566	53
2566	53
2566	53
2578	53
2578	53
2589	53
2589	53
2589	53
2601	53
2601	53
2601	53
2613	53
2613	53
2625	53
2625	53
2636	53
2636	54
2636	54
2648	54
2648	54
2660	54
2660	54
2660	54
2671	54
2671	54
2683	54
2683	54
2683	54
2695	54
2695	54
2707	54
2707	54
2707	54
2718	54
2718	54
2718	54
2730	54
2730	54
2730	54
2742	54
2742	54
2753	54
2753	54
2753	54
2765	54
2765	54
2765	54
2777	54
2777	54
2777	54
2789	54
2789	54
2800	54
2800	54
2800	54
2812	54
2812	54
2812	54
2824	54
2824	54
2824	54
2835	54
2835	54
2847	54
2847	54
2847	54
2859	55
2859	55
2859	55
2871	55
2871	55
2871	55
2882	55
2882	55
2894	55
2894	55
2894	55
2906	55
2906	55
2917	55
2917	55
2917	55
2929	55
2929	55
2941	55
2941	55
2941	55
2953	55
2953	55
2953	55
2964	55
2964	55
2976	55
2976	55
2976	55
2988	55
2988	55
2988	55
3000	55
3000	55
3011	55
3011	55
3011	55
3023	55
3023	55
3023	55
3035	55
3035	55
3035	55
3046	55
3046	55
3058	55
3058	55
3058	55
3070	55
3070	55
3082	56
3082	56
3082	56
3093	56
3093	56
3105	56
3105	56
3105	56
3117	56
3117	56
3128	56
3128	56
3128	56
3140	56
3140	56
3152	56
3152	56
3152	56
3164	56
3164	56
3175	56
3175	56
3175	56
3187	56
3187	56
3199	56
3199	56
3199	56
3210	56
3210	56
3222	56
3222	56
3222	56
3234	56
3234	56
3246	56
3246	56
3246	56
3257	56
3257	56
3269	56
3269	56
3269	56
3281	56
3281	56
3292	56
3292	56
3292	56
3304	56
3304	56
3316	57
3316	57
3316	57
3328	57
3328	57
3339	57
3339	57
3351	57
3351	57
3351	57
3363	57
3363	57
3375	57
3375	57
3386	57
3386	57
3398	57
3398	57
3410	57
3410	57
3410	57
3421	57
3421	57
3433	57
3433	57
3445	57
3445	57
3457	57
3457	57
3468	57
3468	57
3468	57
3480	57
3480	57
3492	57
3492	57
3503	57
3503	57
3503	57
3515	57
3515	57
3527	57
3527	57
3539	57
3539	57
3539	57
3550	57
3550	57
3562	57
3562	57
3574	58
3574	58
3585	58
3585	58
3597	58
3597	58
3609	58
3609	58
3609	58
3621	58
3621	58
3632	58
3632	58
3644	58
3644	58
3644	58
3656	58
3656	58
3667	58
3667	58
3679	58
3679	58
3679	58
3691	58
3691	58
3703	58
3703	58
3714	58
3714	58
3714	58
3726	58
3726	58
3738	58
3738	58
3750	58
3750	58
3761	58
3761	58
3761	58
3773	58
3773	58
3785	58
3785	58
3796	58
3796	58
3808	58
3808	58
3820	58
3820	58
3820	58
3832	59
3832	59
3843	59
3843	59
3855	59
3855	59
3867	59
3867	59
3878	59
3878	59
3878	59
3890	59
3890	59
3902	59
3902	59
3914	59
3914	59
3925	59
3925	59
3925	59
3937	59
3937	59
3949	59
3949	59
3960	59
3960	59
3972	59
3972	59
3972	59
3984	59
3984	59
3996	59
3996	59
4007	59
4007	59
4019	59
4019	59
4019	59
4031	59
4031	59
4042	59
4042	59
4054	59
4054	59
4066	59
4066	59
4078	59
4078	59
4089	59
4089	59
4089	60
4101	60
4101	60
4113	60
4113	60
4125	60
4125	60
4136	60
4136	60
4148	60
4148	60
4160	60
4160	60
4171	60
4171	60
4183	60
4183	60
4195	60
4195	60
4207	60
4207	60
4218	60
4218	60
4230	60
4230	60
4242	60
4242	60
4253	60
4253	60
4265	60
4265	60
4277	60
4277	60
4289	60
4289	60
4289	60
4300	60
4300	60
4312	60
4312	60
4324	60
4324	60
4335	60
4347	60
4347	60
4359	60
4359	60
4371	60
4371	60
4371	60
4382	61
4382	61
4394	61
4394	61
4406	61
4406	61
4417	61
4417	61
4429	61
4429	61
4441	61
4441	61
4453	61
4453	61
4464	61
4464	61
4476	61
4476	61
4488	61
4488	61
4500	61
4500	61
4511	61
4511	61
4523	61
4523	61
4535	61
4535	61
4546	61
4558	61
4558	61
4558	61
4570	61
4582	61
4582	61
4593	61
4593	61
4605	61
4605	61
4605	61
4617	61
4617	61
4628	61
4628	61
4640	61
4640	61
4652	61
4652	61
4664	61
4664	61
4675	62
4675	62
4687	62
4687	62
4699	62
4699	62
4710	62
4710	62
4722	62
4722	62
4734	62
4734	62
4746	62
4746	62
4757	62
4757	62
4769	62
4769	62
4781	62
4781	62
4792	62
4792	62
4804	62
4816	62
4816	62
4828	62
4828	62
4839	62
4839	62
4851	62
4851	62
4863	62
4863	62
4875	62
4886	62
4886	62
4898	62
4898	62
4910	62
4921	62
4921	62
4933	62
4933	62
4945	62
4945	62
4957	62
4957	62
4968	62
4980	62
4980	62
4992	63
4992	63
5003	63
5003	63
5015	63
5015	63
5027	63
5027	63
5039	63
5039	63
5050	63
5050	63
5062	63
5074	63
5074	63
5085	63
5097	63
5097	63
5109	63
5109	63
5121	63
5121	63
5132	63
5144	63
5144	63
5156	63
5156	63
5167	63
5167	63
5179	63
5179	63
5191	63
5191	63
5203	63
5203	63
5214	63
5226	63
5226	63
5238	63
5238	63
5250	63
5261	63
5261	63
5273	63
5273	63
5285	63
5296	63
5296	63
5308	63
5308	63
5320	64
5332	64
5332	64
5343	64
5343	64
5355	64
5355	64
5367	64
5367	64
5378	64
5378	64
5390	64
5402	64
5402	64
5414	64
5414	64
5425	64
5425	64
5437	64
5437	64
5449	64
5449	64
5449	64
5460	64
5460	64
5472	64
5472	64
5484	64
5484	64
5496	64
5496	64
5507	64
5507	64
5519	64
5519	64
5531	64
5542	64
5542	64
5554	64
5554	64
5566	64
5566	64
5578	64
5589	64
5589	64
5601	64
5601	64
5613	64
5613	64
5625	64
5625	65
5636	65
5648	65
5648	65
5660	65
5660	65
5671	65
5671	65
5683	65
5695	65
5695	65
5707	65
5707	65
5718	65
5730	65
5730	65
5742	65
5742	65
5753	65
5765	65
5765	65
5777	65
5777	65
5789	65
5789	65
5800	65
5812	65
5812	65
5824	65
5835	65
5835	65
5847	65
5847	65
5859	65
5871	65
5871	65
5882	65
5882	65
5894	65
5906	65
5906	65
5917	65
5917	65
5929	65
5929	65
5941	65
5953	65
5953	65
5964	65
5964	65
5976	66
5988	66
5988	66
6000	66
6011	66
6023	66
6023	66
6035	66
6046	66
6058	66
6058	66
6070	66
6070	66
6082	66
6093	66
6093	66
6105	66
6117	66
6117	66
6128	66
6128	66
6140	66
6140	66
6152	66
6164	66
6164	66
6175	66
6175	66
6187	66
6199	66
6199	66
6210	66
6222	66
6222	66
6234	66
6234	66
6246	66
6257	66
6257	66
6269	66
6269	66
6281	66
6292	66
6292	66
6304	66
6304	66
6316	66
6328	66
6328	66
6339	66
6339	67
6351	67
6363	67
6363	67
6375	67
6386	67
6386	67
6398	67
6398	67
6410	67
6421	67
6421	67
6433	67
6433	67
6445	67
6457	67
6457	67
6468	67
6468	67
6480	67
6492	67
6492	67
6503	67
6515	67
6515	67
6527	67
6527	67
6539	67
6550	67
6550	67
6562	67
6562	67
6574	67
6585	67
6585	67
6597	67
6609	67
6609	67
6621	67
6632	67
6632	67
6644	67
6644	67
6656	67
6667	67
6667	67
6679	67
6679	67
6691	67
6703	67
6703	68
6714	68
6726	68
6738	68
6738	68
6750	68
6761	68
6773	68
6785	68
6785	68
6796	68
6808	68
6820	68
6820	68
6832	68
6843	68
6843	68
6855	68
6867	68
6867	68
6878	68
6878	68
6890	68
6902	68
6902	68
6914	68
6925	68
6925	68
6937	68
6949	68
6949	68
6960	68
6972	68
6972	68
6984	68
6996	68
6996	68
7007	68
7019	68
7019	68
7031	68
7042	68
7042	68
7054	68
7066	68
7066	68
7078	68
7078	68
7089	68
7101	68
7101	69
7113	69
7125	69
7125	69
7136	69
7148	69
7148	69
7160	69
7171	69
7171	69
7183	69
7195	69
7195	69
7207	69
7218	69
7218	69
7230	69
7242	69
7242	69
7253	69
7265	69
7265	69
7277	69
7289	69
7289	69
7300	69
7312	69
7312	69
7324	69
7335	69
7347	69
7347	69
7359	69
7371	69
7382	69
7382	69
7394	69
7394	69
7406	69
7417	69
7417	69
7429	69
7441	69
7441	69
7453	69
7464	69
7476	69
7476	69
7488	69
7500	69
7511	70
7523	70
7535	70
7535	70
7546	70
7558	70
7570	70
7582	70
7582	70
7593	70
7605	70
7605	70
7617	70
7628	70
7628	70
7640	70
7652	70
7652	70
7664	70
7675	70
7675	70
7687	70
7699	70
7710	70
7710	70
7722	70
7734	70
7734	70
7746	70
7757	70
7757	70
7769	70
7781	70
7781	70
7792	70
7804	70
7816	70
7816	70
7828	70
7839	70
7839	70
7851	70
7863	70
7863	70
7875	70
7886	70
7886	70
7898	70
7910	70
7910	70
7921	71
7933	71
7933	71
7945	71
7957	71
7957	71
7968	71
7980	71
7980	71
7992	71
8003	71
8015	71
8015	71
8027	71
8039	71
8039	71
8050	71
8062	71
8062	71
8074	71
8085	71
8085	71
8097	71
8109	71
8109	71
8121	71
8132	71
8144	71
8144	71
8156	71
8167	71
8167	71
8179	71
8191	71
8191	71
8203	71
8214	71
8226	71
8238	71
8238	71
8250	71
8261	71
8273	71
8285	71
8296	71
8308	71
8320	71
8332	71
8332	71
8343	71
8355	72
8355	72
8367	72
8378	72
8390	72
8390	72
8402	72
8414	72
8425	72
8425	72
8437	72
8449	72
8460	72
8472	72
8484	72
8496	72
8496	72
8507	72
8519	72
8519	72
8531	72
8542	72
8554	72
8554	72
8566	72
8578	72
8589	72
8589	72
8601	72
8613	72
8613	72
8625	72
8636	72
8648	72
8648	72
8660	72
8671	72
8683	72
8683	72
8695	72
8707	72
8707	72
8718	72
8730	72
8742	72
8742	72
8753	72
8765	72
8777	72
8777	72
8789	73
8800	73
8800	73
8812	73
8812	73
8824	73
8835	73
8835	73
8847	73
8859	73
8859	73
8871	73
8882	73
8882	73
8894	73
8906	73
8917	73
8917	73
8929	73
8941	73
8953	73
8953	73
8964	73
8976	73
8988	73
8988	73
9000	73
9011	73
9023	73
9035	73
9046	73
9046	73
9058	73
9070	73
9082	73
9093	73
9093	73
9105	73
9117	73
9128	73
9128	73
9140	73
9152	73
9164	73
9164	73
9175	73
9187	73
9199	73
9210	73
9222	73
9222	74
9234	74
9246	74
9257	74
9257	74
9269	74
9281	74
9292	74
9292	74
9304	74
9316	74
9328	74
9339	74
9339	74
9351	74
9363	74
9375	74
9375	74
9386	74
9398	74
9410	74
9421	74
9421	74
9433	74
9445	74
9457	74
9457	74
9468	74
9480	74
9492	74
9503	74
9503	74
9515	74
9527	74
9539	74
9539	74
9550	74
9562	74
9574	74
9574	74
9585	74
9597	74
9609	74
9609	74
9621	74
9632	74
9644	74
9644	74
9656	74
9667	74
9679	75
9679	75
9691	75
9703	75
9714	75
9726	75
9726	75
9738	75
9750	75
9761	75
9773	75
9785	75
9796	75
9808	75
9808	75
9820	75
9832	75
9843	75
9855	75
9855	75
9867	75
9878	75
9890	75
9902	75
9902	75
9914	75
9925	75
9937	75
9949	75
9949	75
9960	75
9972	75
9984	75
9984	75
9996	75
10007	75
10019	75
10019	75
10031	75
10042	75
10054	75
10066	75
10066	75
10078	75
10089	75
10101	75
10113	75
10113	75
10125	75
10136	75
10148	76
10160	76
10160	76
10171	76
10183	76
10195	76
10207	76
10207	76
10218	76
10230	76
10242	76
10253	76
10253	76
10265	76
10277	76
10289	76
10300	76
10300	76
10312	76
10324	76
10324	76
10335	76
10347	76
10347	76
10359	76
10371	76
10371	76
10382	76
10394	76
10406	76
10417	76
10417	76
10429	76
10441	76
10453	76
10464	76
10464	76
10476	76
10488	76
10500	76
10511	76
10523	76
10535	76
10546	76
10558	76
10558	76
10570	76
10582	76
10593	76
10605	76
10617	77
10617	77
10628	77
10640	77
10652	77
10664	77
10664	77
10675	77
10687	77
10699	77
10710	77
10722	77
10734	77
10746	77
10757	77
10769	77
10769	77
10781	77
10792	77
10804	77
10816	77
10816	77
10828	77
10839	77
10851	77
10863	77
10875	77
10886	77
10898	77
10910	77
10921	77
10933	77
10933	77
10945	77
10957	77
10968	77
10980	77
10992	77
10992	77
11003	77
11015	77
11027	77
11039	77
11050	77
11050	77
11062	77
11074	77
11085	77
11097	77
11097	77
11109	78
11121	78
11132	78
11144	78
11144	78
11156	78
11167	78
11179	78
11191	78
11203	78
11203	78
11214	78
11226	78
11238	78
11250	78
11261	78
11273	78
11285	78
11285	78
11296	78
11308	78
11320	78
11332	78
11343	78
11355	78
11355	78
11367	78
11378	78
11390	78
11402	78
11414	78
11414	78
11425	78
11437	78
11449	78
11460	78
11472	78
11472	78
11484	78
11496	78
11507	78
11519	78
11519	78
11531	78
11542	78
11554	78
11566	78
11578	78
11589	78
11589	78
11601	79
11613	79
11625	79
11636	79
11648	79
11660	79
11671	79
11683	79
11683	79
11695	79
11707	79
11718	79
11730	79
11742	79
11753	79
11765	79
11765	79
11777	79
11789	79
11800	79
11812	79
11812	79
11824	79
11835	79
11847	79
11859	79
11859	79
11871	79
11882	79
11894	79
11906	79
11906	79
11917	79
11929	79
11941	79
11953	79
11964	79
11976	79
11976	79
11988	79
12000	79
12011	79
12023	79
12035	79
12046	79
12046	79
12058	79
12070	79
12082	79
12093	79
12105	80
12117	80
12128	80
12128	80
12140	80
12152	80
12164	80
12175	80
12187	80
12187	80
12199	80
12210	80
12222	80
12234	80
12246	80
12257	80
12257	80
12269	80
12281	80
12292	80
12304	80
12316	80
12328	80
12328	80
12339	80
12351	80
12363	80
12375	80
12386	80
12398	80
12410	80
12421	80
12433	80
12445	80
12457	80
12468	80
12480	80
12492	80
12492	80
12503	80
12515	80
12527	80
12539	80
12550	80
12562	80
12574	80
12574	80
12585	80
12597	80
12609	80
12621	81
12621	81
12632	81
12644	81
12656	81
12667	81
12679	81
12691	81
12703	81
12714	81
12714	81
12726	81
12738	81
12750	81
12761	81
12773	81
12785	81
12785	81
12796	81
12808	81
12820	81
12832	81
12843	81
12855	81
12867	81
12878	81
12878	81
12890	81
12902	81
12914	81
12925	81
12937	81
12949	81
12949	81
12960	81
12972	81
12984	81
12996	81
13007	81
13019	81
13019	81
13031	81
13042	81
13054	81
13066	81
13078	81
13089	81
13101	81
13113	81
13125	81
13136	82
13148	82
13160	82
13171	82
13183	82
13195	82
13207	82
13218	82
13230	82
13242	82
13242	82
13253	82
13265	82
13277	82
13289	82
13300	82
13312	82
13324	82
13335	82
13335	82
13347	82
13359	82
13371	82
13382	82
13394	82
13406	82
13406	82
13417	82
13429	82
13441	82
13453	82
13464	82
13476	82
13488	82
13500	82
13511	82
13511	82
13523	82
13535	82
13546	82
13558	82
13570	82
13582	82
13593	82
13605	82
13605	82
13617	82
13628	82
13640	82
13652	82
13664	83
13675	83
13687	83
13699	83
13699	83
13710	83
13722	83
13734	83
13746	83
13757	83
13769	83
13781	83
13792	83
13804	83
13804	83
13816	83
13828	83
13839	83
13851	83
13863	83
13875	83
13886	83
13910	83
13921	83
13933	83
13945	83
13957	83
13968	83
13980	83
13980	83
13992	83
14003	83
14015	83
14027	83
14039	83
14050	83
14062	83
14074	83
14085	83
14097	83
14097	83
14109	83
14121	83
14132	83
14144	83
14156	83
14167	83
14179	83
14191	83
14203	83
14214	84
14226	84
14226	84
14238	84
14250	84
14261	84
14273	84
14285	84
14296	84
14308	84
14320	84
14332	84
14343	84
14355	84
14367	84
14378	84
14390	84
14402	84
14402	84
14414	84
14425	84
14437	84
14449	84
14460	84
14472	84
14484	84
14496	84
14507	84
14519	84
14531	84
14542	84
14554	84
14554	84
14566	84
14578	84
14589	84
14601	84
14625	84
14636	84
14648	84
14660	84
14671	84
14683	84
14695	84
14707	84
14718	84
14730	84
14742	84
14753	84
14765	84
14777	85
14789	85
14800	85
14812	85
14812	85
14824	85
14835	85
14847	85
14859	85
14871	85
14882	85
14894	85
14906	85
14917	85
14929	85
14941	85
14953	85
14964	85
14964	85
14976	85
14988	85
15000	85
15011	85
15023	85
15035	85
15046	85
15058	85
15070	85
15082	85
15093	85
15105	85
15117	85
15128	85
15140	85
15152	85
15164	85
15175	85
15187	85
15187	85
15199	85
15210	85
15222	85
15234	85
15246	85
15257	85
15269	85
15281	85
15292	85
15304	85
15316	85
15328	86
15339	86
15351	86
15363	86
15375	86
15386	86
15398	86
15410	86
15421	86
15433	86
15445	86
15457	86
15468	86
15480	86
15492	86
15503	86
15515	86
15527	86
15539	86
15550	86
15562	86
15574	86
15585	86
15597	86
15609	86
15621	86
15632	86
15644	86
15656	86
15667	86
15679	86
15691	86
15703	86
15714	86
15726	86
15738	86
15750	86
15761	86
15773	86
15785	86
15808	86
15808	86
15832	86
15843	86
15855	86
15867	86
15878	86
15890	86
15902	86
15914	86
15925	87
15925	87
15937	87
15949	87
15960	87
15972	87
15984	87
15996	87
16007	87
16019	87
16031	87
16042	87
16054	87
16066	87
16078	87
16089	87
16101	87
16113	87
16125	87
16148	87
16160	87
16171	87
16183	87
16195	87
16207	87
16218	87
16230	87
16242	87
16253	87
16265	87
16277	87
16289	87
16300	87
16312	87
16324	87
16335	87
16347	87
16359	87
16371	87
16382	87
16394	87
16406	87
16417	87
16429	87
16441	87
16453	87
16464	87
16476	87
16488	87
16511	87
16523	88
16535	88
16546	88
16558	88
16570	88
16582	88
16593	88
16605	88
16617	88
16628	88
16640	88
16652	88
16664	88
16675	88
16687	88
16699	88
16710	88
16722	88
16746	88
16757	88
16769	88
16781	88
16792	88
16804	88
16816	88
16828	88
16839	88
16851	88
16863	88
16875	88
16886	88
16910	88
16921	88
16933	88
16945	88
16957	88
16968	88
16980	88
16992	88
17003	88
17015	88
17027	88
17039	88
17062	88
17074	88
17085	88
17097	88
17121	88
17132	88
17144	88
17156	89
17167	89
17179	89
17191	89
17203	89
17214	89
17226	89
17238	89
17250	89
17261	89
17285	89
17296	89
17308	89
17320	89
17332	89
17343	89
17355	89
17367	89
17378	89
17390	89
17402	89
17414	89
17425	89
17437	89
17449	89
17460	89
17472	89
17484	89
17496	89
17507	89
17519	89
17531	89
17542	89
17554	89
17578	89
17589	89
17601	89
17613	89
17625	89
17636	89
17648	89
17660	89
17671	89
17683	89
17695	89
17707	89
17730	89
17742	89
17753	89
17765	89
17777	90
17789	90
17800	90
17812	90
17824	90
17847	90
17859	90
17871	90
17882	90
17894	90
17906	90
17917	90
17929	90
17941	90
17964	90
17976	90
17988	90
18000	90
18023	90
18035	90
18046	90
18070	90
18082	90
18093	90
18105	90
18117	90
18128	90
18140	90
18152	90
18164	90
18175	90
18199	90
18210	90
18222	90
18234	90
18246	90
18257	90
18269	90
18281	90
18292	90
18304	90
18328	90
18339	90
18351	90
18363	90
18375	90
18386	90
18398	90
18410	90
18421	90
18433	91
18457	91
18468	91
18480	91
18492	91
18503	91
18515	91
18527	91
18539	91
18550	91
18574	91
18585	91
18597	91
18609	91
18621	91
18632	91
18644	91
18656	91
18667	91
18691	91
18703	91
18714	91
18726	91
18750	91
18761	91
18773	91
18796	91
18808	91
18820	91
18832	91
18855	91
18867	91
18878	91
18890	91
18902	91
18914	91
18925	91
18937	91
18960	91
18972	91
18984	91
18996	91
19007	91
19019	91
19031	91
19042	91
19066	91
19078	91
19089	91
19101	91
19113	92
19125	92
19136	92
19160	92
19171	92
19183	92
19195	92
19207	92
19218	92
19230	92
19253	92
19265	92
19277	92
19289	92
19300	92
19312	92
19324	92
19347	92
19359	92
19371	92
19382	92
19394	92
19406	92
19429	92
19441	92
19453	92
19464	92
19488	92
19500	92
19523	92
19535	92
19546	92
19570	92
19582	92
19593	92
19605	92
19628	92
19640	92
19652	92
19664	92
19675	92
19687	92
19710	92
19722	92
19734	92
19746	92
19757	92
19769	92
19781	92
19804	92
19816	93
19828	93
19839	93
19851	93
19863	93
19875	93
19886	93
19898	93
19910	93
19933	93
19945	93
19957	93
19968	93
19980	93
19992	93
20003	93
20027	93
20039	93
20050	93
20062	93
20074	93
20085	93
20097	93
20109	93
20121	93
20132	93
20144	93
20156	93
20179	93
20191	93
20203	93
20214	93
20238	93
20250	93
20261	93
20285	93
20296	93
20320	93
20332	93
20343	93
20355	93
20367	93
20378	93
20402	93
20414	93
20425	93
20449	93
20460	93
20472	93
20496	93
20507	94
20519	94
20531	94
20542	94
20554	94
20566	94
20589	94
20601	94
20613	94
20625	94
20636	94
20648	94
20671	94
20683	94
20695	94
20707	94
20718	94
20730	94
20753	94
20765	94
20777	94
20789	94
20800	94
20812	94
20824	94
20835	94
20847	94
20859	94
20871	94
20882	94
20894	94
20906	94
20929	94
20941	94
20953	94
20964	94
20976	94
21000	94
21011	94
21023	94
21046	94
21058	94
21070	94
21082	94
21105	94
21117	94
21128	94
21140	94
21152	94
21164	94
21187	95
21199	95
21210	95
21222	95
21246	95
21257	95
21269	95
21281	95
21292	95
21304	95
21316	95
21339	95
21351	95
21363	95
21375	95
21398	95
21410	95
21421	95
21433	95
21445	95
21468	95
21480	95
21492	95
21503	95
21515	95
21539	95
21550	95
21562	95
21574	95
21585	95
21597	95
21609	95
21632	95
21644	95
21656	95
21667	95
21679	95
21691	95
21714	95
21726	95
21738	95
21750	95
21773	95
21785	95
21796	95
21820	95
21832	95
21843	95
21855	95
21867	95
21890	96
21902	96
21914	96
21925	96
21937	96
21949	96
21972	96
21984	96
21996	96
22007	96
22019	96
22031	96
22054	96
22066	96
22078	96
22089	96
22101	96
22113	96
22136	96
22148	96
22160	96
22171	96
22183	96
22195	96
22207	96
22230	96
22242	96
22253	96
22265	96
22277	96
22300	96
22312	96
22324	96
22324	96
22335	96
22347	96
22371	96
22382	96
22394	96
22406	96
22417	96
22429	96
22453	96
22464	96
22476	96
22488	96
22500	96
22523	96
22535	96
22546	96
22570	97
22582	97
22593	97
22605	97
22628	97
22640	97
22652	97
22664	97
22687	97
22699	97
22722	97
22734	97
22746	97
22757	97
22781	97
22792	97
22804	97
22816	97
22828	97
22851	97
22863	97
22875	97
22898	97
22910	97
22921	97
22945	97
22957	97
22968	97
22980	97
22992	97
23015	97
23027	97
23039	97
23050	97
23062	97
23074	97
23097	97
23109	97
23121	97
23132	97
23144	97
23156	97
23179	97
23191	97
23203	97
23214	97
23226	97
23250	97
23261	97
23273	97
23285	98
23308	98
23320	98
23332	98
23343	98
23367	98
23378	98
23390	98
23402	98
23414	98
23437	98
23449	98
23460	98
23472	98
23484	98
23507	98
23519	98
23531	98
23542	98
23554	98
23578	98
23589	98
23601	98
23613	98
23636	98
23648	98
23660	98
23683	98
23695	98
23707	98
23718	98
23742	98
23753	98
23765	98
23777	98
23789	98
23800	98
23824	98
23835	98
23847	98
23859	98
23871	98
23882	98
23894	98
23917	98
23929	98
23941	98
23953	98
23964	98
23988	98
24000	99
24011	99
24023	99
24035	99
24058	99
24070	99
24082	99
24093	99
24105	99
24128	99
24140	99
24152	99
24164	99
24175	99
24199	99
24210	99
24222	99
24234	99
24257	99
24269	99
24281	99
24292	99
24304	99
24316	99
24339	99
24351	99
24363	99
24386	99
24398	99
24410	99
24433	99
24445	99
24457	99
24480	99
24492	99
24503	99
24515	99
24539	99
24550	99
24562	99
24574	99
24585	99
24597	99
24621	99
24632	99
24644	99
24656	99
24667	99
24691	99
24703	99
24714	100
24726	100
24738	100
24761	100
24773	100
24785	100
24796	100
24808	100
24832	100
24843	100
24855	100
24867	100
24890	100
24902	100
24914	100
24925	100
24937	100
24960	100
24972	100
24984	100
24996	100
25007	100
25031	100
25042	100
25054	100
25066	100
25089	100
25101	100
25113	100
25136	100
25148	100
25160	100
25183	100
25195	100
25207	100
25230	100
25242	100
25253	100
25265	100
25289	100
25300	100
25312	100
25324	100
25335	100
25347	100
25371	100
25382	100
25394	100
25406	100
25417	100
25441	101
25453	101
25464	101
25476	101
25488	101
25511	101
25523	101
25535	101
25546	101
25558	101
25582	101
25593	101
25605	101
25628	101
25640	101
25652	101
25664	101
25675	101
25699	101
25710	101
25722	101
25734	101
25757	101
25769	101
25781	101
25792	101
25816	101
25828	101
25839	101
25863	101
25875	101
25886	101
25910	101
25921	101
25945	101
25957	101
25968	101
25992	101
26003	101
26015	101
26027	101
26050	101
26062	101
26074	101
26085	101
26097	101
26109	101
26132	101
26144	101
26156	101
26167	102
26191	102
26203	102
26214	102
26226	102
26250	102
26261	102
26273	102
26285	102
26308	102
26320	102
26332	102
26343	102
26367	102
26378	102
26390	102
26402	102
26425	102
26437	102
26449	102
26460	102
26484	102
26496	102
26507	102
26519	102
26542	102
26554	102
26566	102
26578	102
26601	102
26613	102
26636	102
26648	102
26671	102
26683	102
26695	102
26718	102
26730	102
26742	102
26765	102
26777	102
26789	102
26800	102
26824	102
26835	102
26847	102
26859	102
26871	102
26894	102
26906	102
26917	103
26929	103
26953	103
26964	103
26976	103
26988	103
27011	103
27023	103
27035	103
27046	103
27070	103
27082	103
27093	103
27105	103
27128	103
27140	103
27152	103
27164	103
27187	103
27199	103
27210	103
27222	103
27246	103
27257	103
27269	103
27281	103
27292	103
27316	103
27328	103
27339	103
27363	103
27375	103
27398	103
27410	103
27433	103
27445	103
27457	103
27480	103
27492	103
27503	103
27515	103
27539	103
27550	103
27562	103
27585	103
27597	103
27609	103
27621	103
27644	103
27656	103
27667	104
27691	104
27703	104
27714	104
27738	104
27750	104
27761	104
27785	104
27796	104
27808	104
27832	104
27843	104
27855	104
27878	104
27890	104
27902	104
27914	104
27937	104
27949	104
27960	104
27972	104
27996	104
28007	104
28019	104
28031	104
28054	104
28066	104
28078	104
28101	104
28113	104
28136	104
28148	104
28160	104
28183	104
28195	104
28207	104
28230	104
28242	104
28253	104
28277	104
28289	104
28300	104
28324	104
28335	104
28347	104
28371	104
28382	104
28394	104
28406	104
28429	104
28441	105
28453	105
28476	105
28488	105
28500	105
28523	105
28535	105
28558	105
28570	105
28582	105
28605	105
28617	105
28628	105
28652	105
28664	105
28675	105
28699	105
28710	105
28722	105
28734	105
28757	105
28769	105
28781	105
28804	105
28816	105
28828	105
28851	105
28863	105
28886	105
28898	105
28921	105
28933	105
28945	105
28968	105
28980	105
29003	105
29015	105
29027	105
29050	105
29062	105
29085	105
29097	105
29121	105
29132	105
29144	105
29167	105
29179	105
29191	105
29214	105
29226	105
29238	106
29261	106
29273	106
29296	106
29308	106
29332	106
29343	106
29355	106
29378	106
29390	106
29402	106
29425	106
29437	106
29449	106
29460	106
29472	106
29484	106
29507	106
29519	106
29531	106
29554	106
29566	106
29578	106
29601	106
29613	106
29625	106
29648	106
29660	106
29671	106
29695	106
29707	106
29718	106
29742	106
29753	106
29765	106
29789	106
29800	106
29824	106
29835	106
29859	106
29871	106
29882	106
29906	106
29917	106
29929	106
29953	106
29964	106
29988	106
30011	106
30023	106
30046	107
30058	107
30082	107
30093	107
30117	107
30128	107
30140	107
30164	107
30175	107
30199	107
30210	107
30222	107
30246	107
30257	107
30269	107
30292	107
30304	107
30316	107
30339	107
30351	107
30363	107
30386	107
30398	107
30421	107
30433	107
30445	107
30468	107
30480	107
30503	107
30515	107
30527	107
30550	107
30562	107
30574	107
30597	107
30609	107
30621	107
30644	107
30656	107
30667	107
30691	107
30703	107
30726	107
30738	107
30761	107
30785	107
30796	107
30820	107
30832	107
30855	107
30867	108
30890	108
30902	108
30914	108
30937	108
30949	108
30972	108
30984	108
31007	108
31019	108
31031	108
31054	108
31066	108
31078	108
31101	108
31113	108
31136	108
31148	108
31160	108
31183	108
31195	108
31218	108
31230	108
31253	108
31265	108
31277	108
31300	108
31312	108
31335	108
31347	108
31371	108
31382	108
31394	108
31417	108
31429	108
31453	108
31464	108
31488	108
31511	108
31523	108
31546	108
31570	108
31582	108
31605	108
31617	108
31628	108
31652	108
31664	108
31687	108
31699	108
31722	109
31734	109
31746	109
31769	109
31781	109
31804	109
31816	109
31839	109
31851	109
31863	109
31875	109
31898	109
31910	109
31921	109
31945	109
31957	109
31980	109
31992	109
32015	109
32027	109
32039	109
32062	109
32074	109
32085	109
32109	109
32121	109
32144	109
32156	109
32167	109
32191	109
32203	109
32226	109
32238	109
32261	109
32285	109
32308	109
32332	109
32343	109
32367	109
32378	109
32390	109
32414	109
32425	109
32449	109
32472	109
32484	109
32507	109
32519	109
32542	109
32554	109
32578	110
32589	110
32601	110
32625	110
32636	110
32660	110
32671	110
32695	110
32707	110
32718	110
32742	110
32753	110
32777	110
32789	110
32800	110
32824	110
32835	110
32847	110
32859	110
32882	110
32894	110
32917	110
32929	110
32953	110
32964	110
32988	110
33000	110
33023	110
33035	110
33058	110
33082	110
33093	110
33117	110
33128	110
33140	110
33164	110
33175	110
33199	110
33222	110
33234	110
33257	110
33269	110
33281	110
33304	110
33316	110
33339	110
33351	110
33375	110
33386	110
33410	110
33433	111
33445	111
33468	111
33480	111
33503	111
33515	111
33527	111
33550	111
33562	111
33585	111
33597	111
33621	111
33632	111
33644	111
33667	111
33679	111
33703	111
33714	111
33738	111
33761	111
33773	111
33796	111
33820	111
33832	111
33855	111
33867	111
33890	111
33902	111
33925	111
33937	111
33949	111
33972	111
33984	111
34007	111
34019	111
34042	111
34054	111
34078	111
34089	111
34113	111
34125	111
34148	111
34160	111
34183	111
34195	111
34218	111
34230	111
34253	111
34265	111
34289	111
34300	112
34312	112
34324	112
34347	112
34359	112
34371	112
34394	112
34406	112
34429	112
34441	112
34464	112
34476	112
34500	112
34511	112
34535	112
34558	112
34570	112
34593	112
34605	112
34628	112
34640	112
34664	112
34675	112
34699	112
34722	112
34746	112
34757	112
34781	112
34792	112
34816	112
34828	112
34851	112
34863	112
34886	112
34910	112
34921	112
34945	112
34968	112
34980	112
35003	112
35015	112
35039	112
35050	112
35062	112
35085	112
35097	112
35121	112
35132	112
35156	112
35167	112
35191	113
35203	113
35226	113
35238	113
35261	113
35273	113
35296	113
35308	113
35332	113
35355	113
35367	113
35390	113
35402	113
35425	113
35437	113
35449	113
35472	113
35484	113
35507	113
35519	113
35542	113
35554	113
35578	113
35589	113
35613	113
35636	113
35648	113
35671	113
35683	113
35707	113
35718	113
35742	113
35753	113
35777	113
35789	113
35812	113
35824	113
35835	113
35859	113
35871	113
35894	113
35906	113
35929	113
35941	113
35964	113
35976	113
36000	113
36011	113
36035	113
36046	113
36070	114
36082	114
36105	114
36117	114
36140	114
36152	114
36175	114
36187	114
36210	114
36222	114
36246	114
36257	114
36281	114
36292	114
36316	114
36328	114
36351	114
36363	114
36386	114
36410	114
36421	114
36445	114
36457	114
36480	114
36492	114
36515	114
36527	114
36550	114
36562	114
36585	114
36597	114
36621	114
36632	114
36644	114
36667	114
36679	114
36703	114
36714	114
36738	114
36750	114
36773	114
36785	114
36808	114
36820	114
36843	114
36855	114
36878	114
36890	114
36914	114
36925	114
36949	115
36960	115
36984	115
36996	115
37019	115
37031	115
37054	115
37066	115
37089	115
37101	115
37125	115
37148	115
37160	115
37183	115
37207	115
37218	115
37242	115
37253	115
37277	115
37289	115
37312	115
37324	115
37347	115
37359	115
37371	115
37394	115
37406	115
37429	115
37453	115
37464	115
37476	115
37500	115
37511	115
37535	115
37546	115
37570	115
37582	115
37605	115
37617	115
37640	115
37664	115
37675	115
37687	115
37710	115
37722	115
37746	115
37757	115
37781	115
37792	115
37816	115
37828	116
37851	116
37875	116
37898	116
37910	116
37933	116
37957	116
37968	116
37992	116
38003	116
38027	116
38039	116
38062	116
38074	116
38097	116
38109	116
38132	116
38144	116
38167	116
38179	116
38203	116
38214	116
38238	116
38250	116
38273	116
38285	116
38308	116
38320	116
38343	116
38367	116
38378	116
38402	116
38414	116
38437	116
38449	116
38472	116
38484	116
38507	116
38519	116
38542	116
38554	116
38578	116
38601	116
38613	116
38636	116
38660	116
38683	116
38695	116
38718	116
38742	116
38753	117
38777	117
38789	117
38812	117
38824	117
38847	117
38859	117
38871	117
38894	117
38906	117
38929	117
38953	117
38964	117
38988	117
39000	117
39011	117
39035	117
39058	117
39070	117
39093	117
39105	117
39128	117
39140	117
39164	117
39175	117
39199	117
39210	117
39234	117
39246	117
39269	117
39281	117
39304	117
39316	117
39339	117
39363	117
39375	117
39398	117
39421	117
39433	117
39457	117
39480	117
39492	117
39515	117
39527	117
39550	117
39574	117
39585	117
39609	117
39621	117
39644	117
39656	118
39679	118
39703	118
39714	118
39738	118
39761	118
39773	118
39796	118
39820	118
39832	118
39855	118
39867	118
39890	118
39914	118
39925	118
39949	118
39960	118
39984	118
39996	118
40019	118
40031	118
40054	118
40078	118
40089	118
40113	118
40136	118
40148	118
40171	118
40195	118
40207	118
40230	118
40253	118
40265	118
40289	118
40300	118
40324	118
40347	118
40359	118
40382	118
40394	118
40417	118
40441	118
40453	118
40476	118
40488	118
40511	118
40535	118
40558	118
40570	118
40593	118
40605	119
40628	119
40652	119
40664	119
40687	119
40699	119
40722	119
40746	119
40757	119
40781	119
40792	119
40816	119
40828	119
40851	119
40875	119
40898	119
40921	119
40933	119
40957	119
40980	119
40992	119
41015	119
41039	119
41062	119
41074	119
41097	119
41121	119
41144	119
41156	119
41179	119
41203	119
41214	119
41238	119
41261	119
41285	119
41308	119
41320	119
41343	119
41367	119
41378	119
41402	119
41425	119
41437	119
41449	119
41472	119
41484	119
41507	119
41519	119
41542	119
41566	119
41578	120
41601	120
41625	120
41636	120
41660	120
41683	120
41695	120
41718	120
41742	120
41753	120
41777	120
41800	120
41812	120
41835	120
41859	120
41882	120
41894	120
41917	120
41929	120
41953	120
41976	120
42000	120
42023	120
42046	120
42070	120
42093	120
42105	120
42128	120
42140	120
42164	120
42187	120
42210	120
42222	120
42246	120
42257	120
42281	120
42304	120
42316	120
42339	120
42363	120
42375	120
42398	120
42421	120
42433	120
42457	120
42480	120
42492	120
42515	120
42539	120
42550	120
42574	121
42597	121
42609	121
42632	121
42656	121
42667	121
42691	121
42714	121
42738	121
42761	121
42785	121
42808	121
42820	121
42843	121
42867	121
42890	121
42902	121
42925	121
42949	121
42972	121
42984	121
43007	121
43031	121
43042	121
43066	121
43089	121
43101	121
43125	121
43148	121
43171	121
43183	121
43207	121
43230	121
43242	121
43265	121
43289	121
43312	121
43324	121
43347	121
43371	121
43394	121
43406	121
43429	121
43453	121
43464	121
43500	121
43523	121
43546	121
43570	121
43593	121
43605	122
43628	122
43652	122
43664	122
43687	122
43710	122
43734	122
43746	122
43769	122
43792	122
43804	122
43828	122
43851	122
43863	122
43886	122
43898	122
43921	122
43945	122
43957	122
43980	122
44003	122
44027	122
44039	122
44062	122
44074	122
44097	122
44121	122
44132	122
44156	122
44179	122
44191	122
44214	122
44238	122
44273	122
44296	122
44320	122
44343	122
44367	122
44378	122
44402	122
44425	122
44449	122
44472	122
44496	122
44507	122
44531	122
44554	122
44578	122
44589	122
44613	122
44636	123
44660	123
44671	123
44695	123
44718	123
44730	123
44753	123
44777	123
44800	123
44812	123
44824	123
44847	123
44871	123
44882	123
44906	123
44929	123
44941	123
44964	123
44988	123
45011	123
45035	123
45058	123
45082	123
45105	123
45117	123
45140	123
45164	123
45187	123
45210	123
45222	123
45246	123
45269	123
45292	123
45304	123
45328	123
45351	123
45375	123
45398	123
45410	123
45433	123
45457	123
45480	123
45503	123
45515	123
45539	123
45562	123
45574	123
45597	123
45621	123
45644	123
45656	124
45679	124
45703	124
45726	124
45750	124
45773	124
45785	124
45808	124
45832	124
45855	124
45878	124
45902	124
45914	124
45937	124
45960	124
45984	124
45996	124
46019	124
46042	124
46066	124
46078	124
46101	124
46125	124
46148	124
46160	124
46183	124
46207	124
46230	124
46253	124
46265	124
46289	124
46312	124
46324	124
46347	124
46359	124
46382	124
46406	124
46417	124
46441	124
46464	124
46488	124
46511	124
46535	124
46558	124
46582	124
46593	124
46617	124
46640	124
46664	124
46687	124
46710	125
46734	125
46757	125
46781	125
46792	125
46816	125
46839	125
46863	125
46886	125
46910	125
46933	125
46957	125
46980	125
47003	125
47027	125
47039	125
47062	125
47085	125
47097	125
47121	125
47144	125
47167	125
47191	125
47203	125
47226	125
47250	125
47273	125
47296	125
47320	125
47343	125
47355	125
47378	125
47402	125
47425	125
47449	125
47460	125
47484	125
47507	125
47531	125
47554	125
47566	125
47589	125
47613	125
47636	125
47660	125
47683	125
47707	125
47718	125
47742	125
47765	125
47789	126
47800	126
47824	126
47847	126
47859	126
47882	126
47906	126
47929	126
47941	126
47964	126
47988	126
48011	126
48023	126
48046	126
48070	126
48093	126
48117	126
48140	126
48152	126
48175	126
48199	126
48222	126
48246	126
48257	126
48281	126
48304	126
48328	126
48339	126
48363	126
48386	126
48410	126
48433	126
48457	126
48480	126
48503	126
48527	126
48550	126
48562	126
48585	126
48609	126
48621	126
48644	126
48667	126
48691	126
48714	126
48726	126
48750	126
48773	126
48796	126
48808	126
48832	127
48855	127
48878	127
48902	127
48925	127
48937	127
48960	127
48984	127
49007	127
49019	127
49042	127
49066	127
49089	127
49113	127
49136	127
49160	127
49183	127
49207	127
49230	127
49242	127
49265	127
49289	127
49312	127
49324	127
49347	127
49371	127
49394	127
49406	127
49429	127
49453	127
49476	127
49488	127
49511	127
49535	127
49558	127
49582	127
49593	127
49617	127
49640	127
49664	127
49687	127
49699	127
49722	127
49746	127
49769	127
49781	127
49804	127
49828	127
49851	127
49875	127
49898	128
49921	128
49945	128
49968	128
49992	128
50015	128
50039	128
50050	128
50074	128
50097	128
50121	128
50132	128
50156	128
50179	128
50203	128
50226	128
50238	128
50261	128
50285	128
50308	128
50332	128
50355	128
50367	128
50390	128
50414	128
50437	128
50460	128
50484	128
50496	128
50519	128
50542	128
50566	128
50589	128
50613	128
50636	128
50660	128
50683	128
50707	128
50730	128
50753	128
50777	128
50789	128
50812	128
50835	128
50859	128
50871	128
50894	128
50917	128
50941	128
50964	128
50976	129
51000	129
51023	129
51046	129
51058	129
51082	129
51105	129
51128	129
51152	129
51164	129
51187	129
51210	129
51234	129
51246	129
51269	129
51292	129
51316	129
51339	129
51363	129
51386	129
51410	129
51433	129
51457	129
51480	129
51492	129
51515	129
51539	129
51562	129
51585	129
51609	129
51632	129
51644	129
51667	129
51691	129
51714	129
51738	129
51761	129
51785	129
51808	129
51820	129
51843	129
51867	129
51890	129
51914	129
51937	129
51949	129
51972	129
51996	129
52019	129
52031	129
52054	130
52078	130
52101	130
52125	130
52148	130
52171	130
52195	130
52218	130
52242	130
52265	130
52277	130
52300	130
52324	130
52347	130
52371	130
52394	130
52417	130
52429	130
52453	130
52476	130
52500	130
52523	130
52546	130
52570	130
52593	130
52617	130
52640	130
52652	130
52675	130
52699	130
52722	130
52746	130
52757	130
52781	130
52804	130
52828	130
52851	130
52875	130
52898	130
52921	130
52945	130
52968	130
52992	130
53015	130
53039	130
53062	130
53085	130
53109	130
53132	130
53156	130
53179	131
53191	131
53214	131
53238	131
53261	131
53296	131
53308	131
53332	131
53355	131
53378	131
53402	131
53425	131
53437	131
53460	131
53484	131
53496	131
53519	131
53542	131
53566	131
53589	131
53613	131
53625	131
53648	131
53671	131
53695	131
53718	131
53742	131
53765	131
53789	131
53812	131
53835	131
53859	131
53882	131
53906	131
53917	131
53941	131
53964	131
54000	131
54023	131
54046	131
54070	131
54093	131
54117	131
54140	131
54164	131
54187	131
54210	131
54234	131
54246	131
54269	131
54292	132
54316	132
54339	132
54363	132
54386	132
54410	132
54433	132
54445	132
54468	132
54492	132
54515	132
54539	132
54562	132
54585	132
54609	132
54632	132
54644	132
54667	132
54691	132
54714	132
54738	132
54773	132
54796	132
54820	132
54843	132
54867	132
54890	132
54914	132
54937	132
54960	132
54984	132
55007	132
55031	132
55054	132
55066	132
55089	132
55113	132
55136	132
55160	132
55183	132
55207	132
55230	132
55253	132
55277	132
55300	132
55324	132
55347	132
55371	132
55394	132
55417	132
55429	133
55453	133
55488	133
55511	133
55546	133
55570	133
55593	133
55617	133
55640	133
55664	133
55687	133
55710	133
55734	133
55746	133
55769	133
55792	133
55816	133
55839	133
55863	133
55886	133
55898	133
55921	133
55945	133
55968	133
55992	133
56015	133
56039	133
56062	133
56074	133
56097	133
56121	133
56144	133
56167	133
56191	133
56214	133
56238	133
56273	133
56296	133
56332	133
56355	133
56367	133
56390	133
56414	133
56449	133
56472	133
56496	133
56519	133
56542	133
56566	133
56589	133
56613	134
56636	134
56660	134
56671	134
56695	134
56718	134
56742	134
56765	134
56789	134
56812	134
56824	134
56847	134
56871	134
56894	134
56917	134
56941	134
56964	134
56988	134
57011	134
57035	134
57058	134
57082	134
57105	134
57128	134
57152	134
57175	134
57199	134
57222	134
57246	134
57269	134
57292	134
57316	134
57339	134
57363	134
57386	134
57410	134
57433	134
57457	134
57480	134
57503	134
57527	134
57550	134
57574	134
57597	134
57621	134
57644	134
57667	134
57691	134
57714	134
57738	134
57761	135
57785	135
57808	135
57843	135
57867	135
57878	135
57902	135
57925	135
57949	135
57972	135
57996	135
58019	135
58042	135
58066	135
58089	135
58113	135
58136	135
58160	135
58183	135
58207	135
58230	135
58253	135
58277	135
58300	135
58312	135
58335	135
58359	135
58382	135
58406	135
58429	135
58453	135
58464	135
58500	135
58523	135
58546	135
58570	135
58593	135
58617	135
58640	135
58664	135
58687	135
58722	135
58746	135
58769	135
58792	135
58816	135
58839	135
58863	135
58886	135
58921	135
58945	136
58968	136
58992	136
59015	136
59039	136
59062	136
59085	136
59109	136
59132	136
59156	136
59179	136
59203	136
59226	136
59250	136
59273	136
59296	136
59320	136
59343	136
59367	136
59390	136
59414	136
59437	136
59460	136
59484	136
59507	136
59531	136
59554	136
59578	136
59601	136
59625	136
59660	136
59683	136
59707	136
59730	136
59753	136
59777	136
59800	136
59824	136
59847	136
59859	136
59882	136
59906	136
59929	136
59953	136
59976	136
60000	136
60023	136
60046	136
60070	136
60105	136
60128	137
60152	137
60175	137
60199	137
60222	137
60246	137
60269	137
60292	137
60316	137
60339	137
60363	137
60386	137
60410	137
60445	137
60468	137
60492	137
60515	137
60539	137
60562	137
60585	137
60609	137
60632	137
60656	137
60679	137
60703	137
60726	137
60750	137
60773	137
60796	137
60820	137
60843	137
60867	137
60890	137
60914	137
60937	137
60960	137
60984	137
61007	137
61031	137
61054	137
61078	137
61101	137
61125	137
61160	137
61183	137
61207	137
61230	137
61253	137
61277	137
61312	137
61324	138
61347	138
61371	138
61394	138
61417	138
61441	138
61464	138
61488	138
61511	138
61535	138
61558	138
61593	138
61617	138
61640	138
61664	138
61687	138
61710	138
61734	138
61757	138
61781	138
61804	138
61828	138
61851	138
61886	138
61910	138
61933	138
61968	138
61992	138
62015	138
62039	138
62062	138
62085	138
62109	138
62132	138
62156	138
62179	138
62203	138
62226	138
62250	138
62273	138
62296	138
62320	138
62343	138
62378	138
62402	138
62425	138
62449	138
62472	138
62496	138
62519	138
62542	139
62566	139
62589	139
62625	139
62648	139
62683	139
62707	139
62730	139
62753	139
62777	139
62800	139
62824	139
62847	139
62871	139
62894	139
62917	139
62941	139
62964	139
62988	139
63011	139
63035	139
63058	139
63093	139
63117	139
63140	139
63164	139
63187	139
63210	139
63234	139
63257	139
63281	139
63304	139
63328	139
63351	139
63386	139
63410	139
63433	139
63468	139
63492	139
63515	139
63539	139
63562	139
63585	139
63609	139
63632	139
63656	139
63691	139
63714	139
63738	139
63761	139
63785	140
63808	140
63843	140
63867	140
63890	140
63914	140
63937	140
63960	140
63984	140
64007	140
64031	140
64054	140
64078	140
64113	140
64136	140
64160	140
64183	140
64218	140
64242	140
64265	140
64289	140
64312	140
64335	140
64359	140
64394	140
64417	140
64441	140
64464	140
64488	140
64511	140
64546	140
64570	140
64593	140
64617	140
64640	140
64664	140
64687	140
64710	140
64746	140
64769	140
64792	140
64816	140
64839	140
64863	140
64898	140
64921	140
64945	140
64980	140
65003	140
65027	140
65050	141
65085	141
65109	141
65132	141
65156	141
65179	141
65214	141
65238	141
65261	141
65296	141
65320	141
65343	141
65367	141
65390	141
65414	141
65437	141
65460	141
65484	141
65507	141
65531	141
65554	141
65578	141
65601	141
65625	141
65660	141
65683	141
65707	141
65730	141
65753	141
65777	141
65812	141
65835	141
65859	141
65894	141
65906	141
65941	141
65964	141
65988	141
66023	141
66058	141
66082	141
66105	141
66128	141
66152	141
66175	141
66210	141
66234	141
66257	141
66281	141
66304	141
66328	142
66351	142
66375	142
66398	142
66433	142
66457	142
66480	142
66503	142
66527	142
66550	142
66574	142
66597	142
66632	142
66656	142
66679	142
66703	142
66726	142
66761	142
66785	142
66820	142
66843	142
66867	142
66890	142
66925	142
66949	142
66972	142
66996	142
67031	142
67054	142
67078	142
67101	142
67125	142
67160	142
67183	142
67207	142
67230	142
67253	142
67289	142
67312	142
67335	142
67359	142
67394	142
67417	142
67441	142
67464	142
67500	142
67535	142
67558	142
67593	142
67617	142
67640	143
67664	143
67687	143
67722	143
67746	143
67769	143
67792	143
67816	143
67839	143
67863	143
67886	143
67910	143
67933	143
67957	143
67992	143
68015	143
68039	143
68062	143
68085	143
68109	143
68132	143
68156	143
68179	143
68214	143
68238	143
68273	143
68308	143
68332	143
68355	143
68378	143
68414	143
68437	143
68472	143
68496	143
68519	143
68542	143
68578	143
68601	143
68625	143
68648	143
68671	143
68695	143
68730	143
68753	143
68777	143
68800	143
68824	143
68847	143
68871	143
68894	143
68917	144
68941	144
68976	144
69000	144
69035	144
69058	144
69082	144
69117	144
69140	144
69164	144
69199	144
69222	144
69246	144
69269	144
69304	144
69328	144
69351	144
69375	144
69410	144
69433	144
69457	144
69480	144
69515	144
69539	144
69562	144
69585	144
69609	144
69632	144
69667	144
69691	144
69714	144
69738	144
69773	144
69796	144
69832	144
69855	144
69878	144
69902	144
69925	144
69960	144
69984	144
70007	144
70031	144
70054	144
70089	144
70113	144
70136	144
70160	144
70183	144
70207	144
70242	145
70265	145
70289	145
70312	145
70335	145
70359	145
70382	145
70406	145
70429	145
70453	145
70488	145
70511	145
70546	145
70570	145
70593	145
70628	145
70652	145
70675	145
70710	145
70734	145
70769	145
70792	145
70816	145
70839	145
70875	145
70910	145
70933	145
70957	145
70992	145
71015	145
71039	145
71062	145
71097	145
71121	145
71144	145
71167	145
71191	145
71226	145
71250	145
71273	145
71308	145
71332	145
71355	145
71390	145
71414	145
71437	145
71460	145
71484	145
71519	145
71542	145
71566	146
71589	146
71625	146
71648	146
71671	146
71707	146
71730	146
71753	146
71777	146
71800	146
71824	146
71847	146
71882	146
71906	146
71929	146
71953	146
71976	146
72011	146
72035	146
72058	146
72082	146
72117	146
72140	146
72164	146
72187	146
72210	146
72246	146
72269	146
72292	146
72316	146
72351	146
72375	146
72410	146
72433	146
72468	146
72492	146
72515	146
72539	146
72574	146
72597	146
72621	146
72644	146
72667	146
72703	146
72726	146
72750	146
72773	146
72796	146
72832	146
72855	146
72878	147
72914	147
72937	147
72960	147
72984	147
73019	147
73042	147
73066	147
73089	147
73125	147
73148	147
73183	147
73207	147
73242	147
73265	147
73289	147
73312	147
73347	147
73371	147
73394	147
73417	147
73441	147
73464	147
73500	147
73523	147
73546	147
73570	147
73593	147
73628	147
73652	147
73675	147
73699	147
73722	147
73757	147
73781	147
73804	147
73828	147
73863	147
73886	147
73921	147
73945	147
73980	147
74003	147
74027	147
74050	147
74085	147
74109	147
74132	147
74156	147
74179	147
74214	148
74238	148
74261	148
74285	148
74320	148
74343	148
74367	148
74402	148
74425	148
74449	148
74484	148
74507	148
74531	148
74554	148
74589	148
74613	148
74648	148
74683	148
74707	148
74730	148
74765	148
74789	148
74812	148
74835	148
74871	148
74894	148
74917	148
74941	148
74976	148
75000	148
75023	148
75046	148
75082	148
75105	148
75128	148
75164	148
75187	148
75210	148
75234	148
75257	148
75292	148
75316	148
75339	148
75375	148
75398	148
75433	148
75457	148
75480	148
75515	148
75539	148
75562	149
75597	149
75621	149
75644	149
75667	149
75703	149
75726	149
75750	149
75785	149
75808	149
75832	149
75867	149
75890	149
75914	149
75937	149
75960	149
75996	149
76019	149
76042	149
76066	149
76101	149
76125	149
76160	149
76183	149
76218	149
76242	149
76265	149
76300	149
76324	149
76347	149
76382	149
76406	149
76429	149
76464	149
76488	149
76523	149
76546	149
76582	149
76605	149
76628	149
76664	149
76687	149
76710	149
76746	149
76769	149
76792	149
76828	149
76851	149
76886	149
76910	149
76945	150
76968	150
77003	150
77027	150
77062	150
77085	150
77121	150
77144	150
77179	150
77203	150
77226	150
77261	150
77285	150
77320	150
77343	150
77378	150
77402	150
77425	150
77449	150
77472	150
77496	150
77519	150
77554	150
77578	150
77601	150
77625	150
77660	150
77683	150
77707	150
77742	150
77765	150
77789	150
77824	150
77847	150
77882	150
77906	150
77929	150
77964	150
77988	150
78023	150
78058	150
78093	150
78117	150
78140	150
78175	150
78199	150
78222	150
78257	150
78281	150
78304	150
78339	151
78363	151
78386	151
78421	151
78445	151
78480	151
78503	151
78539	151
78562	151
78585	151
78621	151
78644	151
78667	151
78703	151
78726	151
78761	151
78796	151
78832	151
78855	151
78890	151
78914	151
78949	151
78972	151
78996	151
79031	151
79054	151
79089	151
79113	151
79136	151
79171	151
79195	151
79230	151
79253	151
79277	151
79312	151
79335	151
79371	151
79394	151
79417	151
79453	151
79476	151
79511	151
79546	151
79582	151
79605	151
79640	151
79664	151
79699	151
79722	151
79746	151
79769	152
79804	152
79828	152
79851	152
79886	152
79910	152
79933	152
79957	152
79992	152
80015	152
80050	152
80074	152
80097	152
80121	152
80156	152
80179	152
80203	152
80238	152
80273	152
80308	152
80343	152
80367	152
80402	152
80425	152
80460	152
80496	152
80519	152
80554	152
80578	152
80613	152
80636	152
80660	152
80695	152
80718	152
80753	152
80777	152
80800	152
80824	152
80847	152
80882	152
80906	152
80941	152
80964	152
81000	152
81023	152
81058	152
81093	152
81117	152
81140	152
81175	152
81210	153
81234	153
81269	153
81292	153
81316	153
81351	153
81375	153
81410	153
81433	153
81468	153
81492	153
81527	153
81550	153
81574	153
81609	153
81632	153
81656	153
81691	153
81714	153
81750	153
81773	153
81808	153
81832	153
81867	153
81890	153
81925	153
81949	153
81972	153
82007	153
82031	153
82066	153
82089	153
82113	153
82148	153
82171	153
82207	153
82230	153
82265	153
82289	153
82312	153
82335	153
82359	153
82382	153
82417	153
82441	153
82476	153
82500	153
82535	153
82570	153
82593	153
82628	154
82652	154
82687	154
82722	154
82757	154
82781	154
82816	154
82839	154
82875	154
82910	154
82933	154
82968	154
83003	154
83027	154
83050	154
83085	154
83109	154
83144	154
83167	154
83203	154
83226	154
83261	154
83285	154
83320	154
83343	154
83378	154
83402	154
83437	154
83460	154
83496	154
83519	154
83542	154
83578	154
83601	154
83636	154
83671	154
83695	154
83730	154
83753	154
83789	154
83812	154
83835	154
83859	154
83894	154
83917	154
83953	154
83976	154
84000	154
84035	154
84058	154
84093	155
84117	155
84152	155
84175	155
84199	155
84234	155
84257	155
84292	155
84316	155
84351	155
84386	155
84410	155
84445	155
84480	155
84503	155
84539	155
84562	155
84585	155
84621	155
84644	155
84679	155
84703	155
84738	155
84761	155
84796	155
84820	155
84855	155
84878	155
84914	155
84937	155
84972	155
84996	155
85031	155
85054	155
85089	155
85113	155
85148	155
85183	155
85218	155
85242	155
85277	155
85300	155
85335	155
85359	155
85394	155
85417	155
85453	155
85476	155
85500	155
85535	155
85558	156
85593	156
85617	156
85652	156
85675	156
85710	156
85734	156
85769	156
85792	156
85828	156
85851	156
85886	156
85921	156
85957	156
85980	156
86015	156
86039	156
86074	156
86097	156
86132	156
86156	156
86191	156
86214	156
86238	156
86273	156
86296	156
86332	156
86355	156
86390	156
86414	156
86449	156
86484	156
86507	156
86542	156
86566	156
86601	156
86636	156
86671	156
86707	156
86730	156
86765	156
86789	156
86824	156
86847	156
86871	156
86906	156
86941	156
86964	156
87000	156
87023	156
87058	157
87082	157
87117	157
87140	157
87175	157
87199	157
87234	157
87257	157
87292	157
87316	157
87351	157
87386	157
87421	157
87457	157
87480	157
87515	157
87539	157
87574	157
87609	157
87632	157
87667	157
87691	157
87726	157
87750	157
87785	157
87820	157
87843	157
87878	157
87902	157
87937	157
87960	157
87996	157
88019	157
88054	157
88078	157
88113	157
88148	157
88171	157
88207	157
88242	157
88265	157
88300	157
88324	157
88359	157
88382	157
88417	157
88441	157
88476	157
88511	157
88535	157
88570	158
88605	158
88628	158
88664	158
88687	158
88722	158
88746	158
88781	158
88816	158
88839	158
88875	158
88910	158
88945	158
88968	158
89003	158
89039	158
89074	158
89109	158
89132	158
89167	158
89191	158
89226	158
89261	158
89296	158
89332	158
89355	158
89390	158
89414	158
89449	158
89472	158
89496	158
89531	158
89554	158
89589	158
89613	158
89648	158
89683	158
89707	158
89742	158
89765	158
89800	158
89835	158
89871	158
89894	158
89929	158
89953	158
89988	158
90023	158
90058	158
90093	158
90128	159
90152	159
90187	159
90210	159
90246	159
90269	159
90304	159
90328	159
90363	159
90386	159
90421	159
90457	159
90480	159
90515	159
90539	159
90574	159
90597	159
90632	159
90656	159
90691	159
90726	159
90761	159
90796	159
90832	159
90867	159
90890	159
90925	159
90960	159
90984	159
91019	159
91042	159
91078	159
91113	159
91136	159
91171	159
91207	159
91230	159
91265	159
91300	159
91324	159
91359	159
91394	159
91417	159
91453	159
91488	159
91523	159
91570	159
91593	159
91628	159
91664	159
91687	160
91722	160
91746	160
91781	160
91816	160
91839	160
91875	160
91898	160
91933	160
91957	160
91992	160
92015	160
92050	160
92074	160
92109	160
92132	160
92167	160
92191	160
92226	160
92273	160
92308	160
92343	160
92367	160
92402	160
92437	160
92472	160
92507	160
92531	160
92566	160
92589	160
92625	160
92648	160
92683	160
92718	160
92742	160
92777	160
92800	160
92824	160
92859	160
92882	160
92917	160
92941	160
92976	160
93011	160
93046	160
93082	160
93105	160
93140	160
93175	160
93210	160
93234	161
93269	161
93304	161
93328	161
93363	161
93398	161
93433	161
93457	161
93492	161
93527	161
93550	161
93585	161
93609	161
93644	161
93679	161
93703	161
93738	161
93773	161
93808	161
93843	161
93878	161
93902	161
93937	161
93960	161
93996	161
94031	161
94054	161
94089	161
94125	161
94148	161
94183	161
94207	161
94242	161
94277	161
94300	161
94324	161
94359	161
94382	161
94417	161
94441	161
94476	161
94511	161
94546	161
94582	161
94605	161
94640	161
94675	161
94710	161
94746	161
94769	161
94804	162
94839	162
94863	162
94910	162
94933	162
94968	162
95003	162
95027	162
95062	162
95097	162
95121	162
95156	162
95179	162
95214	162
95250	162
95285	162
95308	162
95343	162
95378	162
95402	162
95437	162
95472	162
95496	162
95531	162
95566	162
95601	162
95625	162
95660	162
95695	162
95730	162
95753	162
95789	162
95824	162
95847	162
95871	162
95906	162
95941	162
95976	162
96000	162
96035	162
96070	162
96093	162
96128	162
96164	162
96187	162
96222	162
96257	162
96281	162
96316	162
96351	162
96386	163
96421	163
96457	163
96480	163
96515	163
96550	163
96574	163
96609	163
96632	163
96667	163
96691	163
96726	163
96761	163
96785	163
96820	163
96855	163
96878	163
96914	163
96937	163
96972	163
97007	163
97031	163
97066	163
97089	163
97125	163
97160	163
97195	163
97230	163
97265	163
97289	163
97324	163
97347	163
97382	163
97406	163
97441	163
97476	163
97500	163
97535	163
97558	163
97593	163
97628	163
97652	163
97687	163
97722	163
97746	163
97781	163
97816	163
97839	163
97875	163
97921	163
97957	164
97980	164
98015	164
98050	164
98074	164
98109	164
98132	164
98167	164
98203	164
98238	164
98261	164
98296	164
98332	164
98355	164
98390	164
98425	164
98449	164
98484	164
98519	164
98554	164
98578	164
98613	164
98648	164
98683	164
98718	164
98753	164
98789	164
98812	164
98847	164
98871	164
98906	164
98941	164
98964	164
99000	164
99023	164
99058	164
99093	164
99117	164
99152	164
99187	164
99210	164
99246	164
99269	164
99304	164
99339	164
99363	164
99398	164
99433	164
99468	164
99503	164
99539	165
99562	165
99597	165
99632	165
99656	165
99691	165
99726	165
99750	165
99785	165
99820	165
99855	165
99878	165
99914	165
99937	165
99972	165
100007	165
100031	165
100066	165
100101	165
100136	165
100171	165
100195	165
100230	165
100265	165
100300	165
100324	165
100359	165
100394	165
100417	165
100453	165
100488	165
100523	165
100558	165
100582	165
100617	165
100652	165
100687	165
100710	165
100746	165
100769	165
100804	165
100839	165
100875	165
100910	165
100945	165
100980	165
101015	165
101039	165
101085	165
101121	165
101144	166
101179	166
101214	166
101250	166
101285	166
101320	166
101343	166
101378	166
101414	166
101437	166
101460	166
101496	166
101519	166
101554	166
101589	166
101613	166
101648	166
101683	166
101718	166
101742	166
101777	166
101812	166
101847	166
101882	166
101906	166
101941	166
101976	166
102011	166
102046	166
102082	166
102117	166
102152	166
102175	166
102210	166
102246	166
102269	166
102304	166
102339	166
102375	166
102398	166
102433	166
102468	166
102503	166
102527	166
102562	166
102597	166
102621	166
102656	166
102691	166
102726	166
102761	167
102796	167
102832	167
102867	167
102902	167
102925	167
102960	167
102996	167
103031	167
103054	167
103089	167
103125	167
103160	167
103183	167
103218	167
103253	167
103289	167
103312	167
103347	167
103382	167
103417	167
103441	167
103488	167
103523	167
103558	167
103593	167
103628	167
103664	167
103687	167
103722	167
103757	167
103781	167
103816	167
103851	167
103875	167
103910	167
103933	167
103968	167
104003	167
104039	167
104062	167
104097	167
104132	167
104156	167
104191	167
104226	167
104261	167
104308	167
104343	167
104367	167
104402	168
104437	168
104472	168
104507	168
104542	168
104578	168
104601	168
104636	168
104671	168
104695	168
104730	168
104765	168
104800	168
104824	168
104847	168
104882	168
104906	168
104941	168
104976	168
105011	168
105046	168
105082	168
105117	168
105140	168
105175	168
105210	168
105246	168
105281	168
105304	168
105339	168
105375	168
105410	168
105445	168
105468	168
105503	168
105539	168
105574	168
105597	168
105632	168
105667	168
105691	168
105726	168
105761	168
105796	168
105832	168
105867	168
105902	168
105925	168
105960	168
105996	168
106019	169
106054	169
106089	169
106125	169
106148	169
106183	169
106218	169
106253	169
106277	169
106312	169
106335	169
106359	169
106394	169
106429	169
106453	169
106488	169
106523	169
106558	169
106593	169
106628	169
106652	169
106699	169
106734	169
106769	169
106792	169
106828	169
106863	169
106898	169
106933	169
106968	169
107003	169
107027	169
107062	169
107097	169
107121	169
107156	169
107191	169
107214	169
107250	169
107285	169
107320	169
107355	169
107390	169
107414	169
107449	169
107484	169
107507	169
107542	169
107578	169
107613	169
107648	170
107683	170
107707	170
107742	170
107777	170
107812	170
107835	170
107859	170
107894	170
107929	170
107964	170
107988	170
108023	170
108058	170
108082	170
108117	170
108152	170
108187	170
108210	170
108246	170
108281	170
108316	170
108339	170
108375	170
108410	170
108445	170
108480	170
108515	170
108550	170
108574	170
108609	170
108632	170
108667	170
108703	170
108738	170
108761	170
108796	170
108832	170
108855	170
108890	170
108925	170
108960	170
108984	170
109019	170
109054	170
109089	170
109113	170
109160	170
109195	170
109230	170
109253	171
109289	171
109324	171
109347	171
109382	171
109406	171
109441	171
109476	171
109500	171
109535	171
109570	171
109605	171
109628	171
109664	171
109699	171
109722	171
109757	171
109792	171
109828	171
109863	171
109898	171
109933	171
109968	171
109992	171
110027	171
110062	171
110097	171
110121	171
110156	171
110191	171
110214	171
110250	171
110285	171
110308	171
110343	171
110378	171
110414	171
110437	171
110472	171
110507	171
110542	171
110566	171
110601	171
110636	171
110683	171
110718	171
110742	171
110777	171
110812	171
110835	171
110871	172
110894	172
110929	172
110964	172
111000	172
111023	172
111058	172
111093	172
111128	172
111152	172
111187	172
111210	172
111246	172
111281	172
111304	172
111339	172
111375	172
111410	172
111445	172
111480	172
111515	172
111539	172
111574	172
111609	172
111644	172
111667	172
111703	172
111738	172
111773	172
111808	172
111832	172
111867	172
111902	172
111937	172
111960	172
111996	172
112019	172
112054	172
112089	172
112125	172
112160	172
112195	172
112230	172
112253	172
112289	172
112324	172
112359	172
112382	172
112417	172
112453	172
112476	173
112511	173
112546	173
112582	173
112617	173
112652	173
112675	173
112710	173
112746	173
112769	173
112804	173
112839	173
112875	173
112910	173
112945	173
112980	173
113003	173
113039	173
113074	173
113109	173
113144	173
113179	173
113214	173
113238	173
113285	173
113308	173
113343	173
113378	173
113414	173
113437	173
113460	173
113496	173
113519	173
113554	173
113589	173
113613	173
113648	173
113683	173
113707	173
113742	173
113777	173
113812	173
113847	173
113882	173
113906	173
113941	173
113976	173
114011	173
114046	173
114082	173
114117	174
114152	174
114175	174
114210	174
114246	174
114269	174
114304	174
114339	174
114363	174
114398	174
114433	174
114457	174
114492	174
114527	174
114562	174
114585	174
114621	174
114656	174
114679	174
114714	174
114750	174
114796	174
114832	174
114855	174
114890	174
114925	174
114960	174
114984	174
115019	174
115054	174
115078	174
115113	174
115148	174
115183	174
115207	174
115242	174
115277	174
115300	174
115335	174
115371	174
115406	174
115429	174
115464	174
115511	174
115546	174
115582	174
115617	174
115640	174
115675	174
115710	174
115734	175
115769	175
115804	175
115828	175
115863	175
115886	175
115921	175
115945	175
115980	175
116015	175
116039	175
116074	175
116109	175
116132	175
116167	175
116191	175
116226	175
116273	175
116308	175
116343	175
116378	175
116402	175
116437	175
116472	175
116507	175
116542	175
116566	175
116601	175
116636	175
116660	175
116695	175
116730	175
116765	175
116789	175
116812	175
116847	175
116871	175
116906	175
116929	175
116964	175
117000	175
117035	175
117070	175
117105	175
117128	175
117164	175
117199	175
117234	175
117257	175
117292	175
117328	176
117351	176
117386	176
117421	176
117457	176
117480	176
117515	176
117550	176
117574	176
117609	176
117644	176
117667	176
117703	176
117738	176
117773	176
117808	176
117832	176
117867	176
117902	176
117925	176
117960	176
117996	176
118019	176
118054	176
118078	176
118113	176
118148	176
118171	176
118207	176
118242	176
118265	176
118300	176
118324	176
118347	176
118382	176
118406	176
118441	176
118464	176
118500	176
118535	176
118570	176
118605	176
118628	176
118664	176
118699	176
118734	176
118769	176
118792	176
118828	176
118863	176
118898	177
118933	177
118968	177
118992	177
119027	177
119062	177
119085	177
119121	177
119144	177
119179	177
119214	177
119238	177
119273	177
119308	177
119343	177
119367	177
119402	177
119437	177
119460	177
119496	177
119531	177
119554	177
119589	177
119625	177
119648	177
119683	177
119718	177
119753	177
119777	177
119812	177
119835	177
119859	177
119894	177
119929	177
119953	177
119988	177
120011	177
120046	177
120082	177
120105	177
120140	177
120175	177
120199	177
120234	177
120257	177
120292	177
120328	177
120351	177
120386	177
120421	177
120457	178
120492	178
120515	178
120550	178
120574	178
120609	178
120632	178
120667	178
120691	178
120726	178
120750	178
120785	178
120820	178
120843	178
120878	178
120914	178
120937	178
120972	178
120996	178
121031	178
121054	178
121089	178
121125	178
121160	178
121195	178
121230	178
121253	178
121289	178
121324	178
121347	178
121371	178
121406	178
121441	178
121464	178
121500	178
121523	178
121558	178
121582	178
121617	178
121652	178
121675	178
121710	178
121746	178
121769	178
121804	178
121839	178
121863	178
121898	178
121933	178
121968	178
122003	179
122027	179
122062	179
122097	179
122121	179
122144	179
122179	179
122214	179
122238	179
122273	179
122308	179
122332	179
122367	179
122390	179
122425	179
122460	179
122484	179
122519	179
122542	179
122578	179
122613	179
122648	179
122683	179
122718	179
122742	179
122777	179
122800	179
122835	179
122859	179
122894	179
122917	179
122953	179
122988	179
123011	179
123046	179
123070	179
123105	179
123128	179
123164	179
123187	179
123222	179
123257	179
123281	179
123316	179
123339	179
123375	179
123410	179
123445	179
123480	179
123503	179
123539	180
123574	180
123597	180
123632	180
123656	180
123691	180
123726	180
123750	180
123785	180
123820	180
123855	180
123878	180
123914	180
123937	180
123972	180
123996	180
124031	180
124054	180
124089	180
124125	180
124160	180
124195	180
124218	180
124253	180
124277	180
124312	180
124347	180
124371	180
124406	180
124429	180
124464	180
124500	180
124535	180
124558	180
124593	180
124628	180
124652	180
124687	180
124710	180
124746	180
124769	180
124804	180
124839	180
124863	180
124898	180
124933	180
124968	180
125003	180
125027	180
125062	180
125097	181
125132	181
125156	181
125191	181
125226	181
125261	181
125285	181
125320	181
125355	181
125378	181
125414	181
125437	181
125472	181
125496	181
125519	181
125554	181
125589	181
125613	181
125648	181
125671	181
125707	181
125742	181
125765	181
125800	181
125835	181
125871	181
125894	181
125929	181
125953	181
125988	181
126035	181
126070	181
126093	181
126128	181
126164	181
126187	181
126222	181
126246	181
126281	181
126304	181
126339	181
126375	181
126398	181
126433	181
126457	181
126492	181
126527	181
126550	181
126585	181
126609	181
126644	182
126667	182
126703	182
126738	182
126773	182
126808	182
126843	182
126878	182
126902	182
126937	182
126972	182
126996	182
127031	182
127054	182
127089	182
127113	182
127148	182
127183	182
127207	182
127242	182
127265	182
127300	182
127335	182
127371	182
127394	182
127429	182
127453	182
127488	182
127535	182
127570	182
127605	182
127628	182
127664	182
127687	182
127722	182
127746	182
127781	182
127816	182
127839	182
127875	182
127898	182
127933	182
127957	182
127992	182
128015	182
128050	182
128074	182
128109	182
128132	182
128167	182
128191	183
128226	183
128273	183
128308	183
128343	183
128367	183
128402	183
128437	183
128472	183
128507	183
128531	183
128566	183
128589	183
128625	183
128660	183
128683	183
128718	183
128742	183
128777	183
128800	183
128824	183
128859	183
128882	183
128917	183
128941	183
128976	183
129011	183
129046	183
129082	183
129105	183
129140	183
129164	183
129199	183
129234	183
129269	183
129292	183
129328	183
129351	183
129386	183
129421	183
129445	183
129480	183
129515	183
129539	183
129574	183
129597	183
129632	183
129656	183
129691	183
129726	183
129761	184
129785	184
129820	184
129855	184
129878	184
129914	184
129949	184
129972	184
130007	184
130031	184
130066	184
130101	184
130125	184
130160	184
130183	184
130218	184
130253	184
130277	184
130312	184
130335	184
130359	184
130382	184
130417	184
130453	184
130476	184
130511	184
130546	184
130582	184
130605	184
130640	184
130675	184
130710	184
130746	184
130769	184
130804	184
130839	184
130875	184
130910	184
130933	184
130968	184
131003	184
131027	184
131062	184
131085	184
131121	184
131144	184
131179	184
131214	184
131238	184
131273	184
131308	185
131343	185
131367	185
131402	185
131437	185
131460	185
131496	185
131519	185
131554	185
131589	185
131613	185
131648	185
131683	185
131718	185
131742	185
131777	185
131800	185
131835	185
131859	185
131894	185
131917	185
131953	185
131976	185
132011	185
132046	185
132070	185
132105	185
132140	185
132164	185
132199	185
132234	185
132257	185
132292	185
132316	185
132351	185
132386	185
132421	185
132457	185
132480	185
132515	185
132550	185
132574	185
132609	185
132632	185
132667	185
132691	185
132726	185
132761	185
132785	185
132820	185
132843	186
132878	186
132914	186
132937	186
132972	186
133007	186
133031	186
133066	186
133089	186
133125	186
133160	186
133195	186
133230	186
133265	186
133289	186
133324	186
133347	186
133382	186
133406	186
133441	186
133476	186
133500	186
133535	186
133558	186
133593	186
133628	186
133652	186
133687	186
133722	186
133746	186
133781	186
133804	186
133839	186
133875	186
133910	186
133945	186
133980	186
134015	186
134039	186
134074	186
134097	186
134132	186
134167	186
134191	186
134226	186
134250	186
134285	186
134320	186
134343	186
134378	186
134414	187
134437	187
134472	187
134507	187
134531	187
134566	187
134601	187
134636	187
134671	187
134707	187
134742	187
134765	187
134800	187
134824	187
134859	187
134882	187
134917	187
134953	187
134976	187
135011	187
135035	187
135070	187
135105	187
135128	187
135164	187
135199	187
135222	187
135257	187
135281	187
135316	187
135351	187
135386	187
135421	187
135445	187
135480	187
135515	187
135539	187
135574	187
135609	187
135644	187
135667	187
135703	187
135738	187
135761	187
135796	187
135832	187
135855	187
135890	187
135925	187
135949	187
135984	188
136007	188
136042	188
136078	188
136101	188
136136	188
136171	188
136207	188
136242	188
136265	188
136300	188
136335	188
136371	188
136394	188
136429	188
136464	188
136488	188
136523	188
136558	188
136593	188
136617	188
136652	188
136687	188
136710	188
136746	188
136769	188
136804	188
136839	188
136875	188
136910	188
136945	188
136968	188
137003	188
137039	188
137074	188
137109	188
137144	188
137167	188
137203	188
137238	188
137273	188
137308	188
137332	188
137367	188
137402	188
137425	188
137460	188
137484	188
137507	188
137542	188
137578	189
137601	189
137636	189
137660	189
137695	189
137730	189
137765	189
137789	189
137824	189
137859	189
137894	189
137917	189
137953	189
137988	189
138023	189
138058	189
138093	189
138128	189
138164	189
138187	189
138222	189
138246	189
138281	189
138316	189
138339	189
138375	189
138410	189
138433	189
138468	189
138503	189
138539	189
138562	189
138597	189
138632	189
138656	189
138691	189
138726	189
138761	189
138796	189
138832	189
138867	189
138890	189
138925	189
138960	189
138996	189
139019	189
139054	189
139089	189
139113	189
139148	189
139183	190
139207	190
139242	190
139277	190
139312	190
139335	190
139371	190
139406	190
139429	190
139464	190
139511	190
139546	190
139582	190
139617	190
139640	190
139675	190
139710	190
139746	190
139769	190
139804	190
139828	190
139863	190
139886	190
139921	190
139957	190
139980	190
140015	190
140050	190
140074	190
140109	190
140132	190
140167	190
140191	190
140226	190
140273	190
140308	190
140343	190
140378	190
140402	190
140437	190
140472	190
140507	190
140542	190
140578	190
140601	190
140636	190
140671	190
140695	190
140730	190
140765	190
140789	191
140812	191
140847	191
140871	191
140906	191
140929	191
140964	191
141000	191
141035	191
141070	191
141105	191
141128	191
141164	191
141199	191
141234	191
141257	191
141292	191
141328	191
141351	191
141386	191
141421	191
141445	191
141480	191
141515	191
141550	191
141574	191
141609	191
141632	191
141667	191
141691	191
141726	191
141761	191
141796	191
141832	191
141855	191
141890	191
141925	191
141949	191
141984	191
142019	191
142042	191
142078	191
142113	191
142136	191
142171	191
142195	191
142230	191
142265	191
142289	191
142324	191
142347	192
142371	192
142406	192
142429	192
142464	192
142500	192
142523	192
142558	192
142593	192
142628	192
142652	192
142687	192
142734	192
142757	192
142792	192
142828	192
142851	192
142886	192
142921	192
142957	192
142992	192
143027	192
143050	192
143085	192
143109	192
143144	192
143167	192
143203	192
143238	192
143261	192
143296	192
143332	192
143367	192
143390	192
143425	192
143449	192
143484	192
143519	192
143542	192
143578	192
143613	192
143636	192
143671	192
143707	192
143742	192
143765	192
143800	192
143824	192
143847	192
143882	192
143906	193
143941	193
143976	193
144000	193
144035	193
144070	193
144093	193
144128	193
144152	193
144187	193
144222	193
144246	193
144281	193
144304	193
144339	193
144375	193
144410	193
144445	193
144468	193
144503	193
144539	193
144562	193
144597	193
144621	193
144644	193
144679	193
144714	193
144738	193
144773	193
144796	193
144832	193
144867	193
144890	193
144925	193
144949	193
144984	193
145007	193
145042	193
145078	193
145101	193
145136	193
145171	193
145207	193
145242	193
145265	193
145300	193
145324	193
145359	193
145382	193
145417	193
145441	194
145476	194
145500	194
145535	194
145570	194
145593	194
145628	194
145664	194
145687	194
145722	194
145746	194
145781	194
145804	194
145839	194
145875	194
145910	194
145945	194
145980	194
146003	194
146039	194
146062	194
146097	194
146121	194
146156	194
146179	194
146214	194
146250	194
146273	194
146308	194
146332	194
146367	194
146402	194
146425	194
146460	194
146484	194
146519	194
146554	194
146578	194
146613	194
146648	194
146683	194
146718	194
146742	194
146777	194
146812	194
146835	194
146859	194
146894	194
146917	194
146953	194
146988	195
147011	195
147046	195
147070	195
147105	195
147128	195
147164	195
147199	195
147222	195
147257	195
147281	195
147316	195
147339	195
147375	195
147410	195
147445	195
147480	195
147503	195
147539	195
147574	195
147597	195
147632	195
147656	195
147691	195
147726	195
147750	195
147785	195
147820	195
147843	195
147878	195
147914	195
147937	195
147972	195
147996	195
148031	195
148054	195
148089	195
148125	195
148160	195
148183	195
148218	195
148253	195
148277	195
148312	195
148347	195
148371	195
148406	195
148441	195
148464	195
148500	195
148535	196
148570	196
148593	196
148628	196
148664	196
148687	196
148722	196
148746	196
148781	196
148804	196
148839	196
148875	196
148910	196
148945	196
148980	196
149003	196
149039	196
149074	196
149109	196
149144	196
149167	196
149203	196
149226	196
149261	196
149296	196
149332	196
149367	196
149390	196
149425	196
149449	196
149472	196
149507	196
149531	196
149566	196
149589	196
149625	196
149660	196
149683	196
149718	196
149753	196
149777	196
149812	196
149847	196
149882	196
149906	196
149941	196
149976	196
150011	196
150046	196
150082	196
150117	197
150140	197
150175	197
150210	197
150234	197
150269	197
150292	197
150328	197
150363	197
150386	197
150421	197
150457	197
150480	197
150515	197
150550	197
150574	197
150609	197
150632	197
150667	197
150703	197
150738	197
150773	197
150808	197
150843	197
150867	197
150902	197
150937	197
150972	197
150996	197
151031	197
151054	197
151089	197
151125	197
151148	197
151183	197
151218	197
151242	197
151277	197
151312	197
151347	197
151371	197
151406	197
151441	197
151464	197
151511	197
151546	197
151582	197
151617	197
151640	197
151675	197
151710	198
151734	198
151769	198
151792	198
151828	198
151863	198
151886	198
151921	198
151945	198
151980	198
152015	198
152039	198
152062	198
152097	198
152132	198
152156	198
152191	198
152226	198
152261	198
152296	198
152332	198
152367	198
152402	198
152425	198
152472	198
152496	198
152531	198
152566	198
152589	198
152625	198
152660	198
152683	198
152718	198
152753	198
152777	198
152812	198
152835	198
152859	198
152894	198
152917	198
152953	198
152988	198
153023	198
153058	198
153082	198
153117	198
153152	198
153187	198
153210	198
153246	198
153281	199
153304	199
153339	199
153375	199
153410	199
153433	199
153468	199
153503	199
153539	199
153562	199
153597	199
153621	199
153656	199
153691	199
153714	199
153750	199
153785	199
153820	199
153855	199
153878	199
153914	199
153949	199
153972	199
154007	199
154042	199
154066	199
154101	199
154136	199
154160	199
154195	199
154230	199
154253	199
154289	199
154312	199
154335	199
154371	199
154394	199
154429	199
154464	199
154488	199
154523	199
154558	199
154593	199
154628	199
154652	199
154687	199
154734	199
154757	199
154792	199
154828	199
154851	200
154898	200
154933	200
154957	200
154992	200
155027	200
155050	200
155085	200
155109	200
155144	200
155179	200
155203	200
155238	200
155273	200
155308	200
155343	200
155367	200
155402	200
155437	200
155460	200
155496	200
155531	200
155554	200
155589	200
155625	200
155660	200
155683	200
155718	200
155753	200
155789	200
155812	200
155835	200
155871	200
155894	200
155929	200
155964	200
155988	200
156023	200
156058	200
156093	200
156117	200
156152	200
156187	200
156210	200
156246	200
156281	200
156304	200
156339	200
156375	200
156410	200
156445	201
156480	201
156503	201
156539	201
156574	201
156597	201
156632	201
156656	201
156691	201
156726	201
156750	201
156785	201
156808	201
156843	201
156878	201
156914	201
156937	201
156972	201
157007	201
157031	201
157066	201
157101	201
157136	201
157171	201
157207	201
157230	201
157265	201
157300	201
157324	201
157359	201
157382	201
157417	201
157453	201
157476	201
157511	201
157535	201
157570	201
157605	201
157640	201
157664	201
157699	201
157722	201
157757	201
157792	201
157816	201
157851	201
157886	201
157933	201
157968	201
157992	201
158027	202
158062	202
158085	202
158121	202
158144	202
158179	202
158214	202
158238	202
158273	202
158308	202
158332	202
158367	202
158402	202
158437	202
158460	202
158496	202
158531	202
158554	202
158589	202
158625	202
158671	202
158707	202
158730	202
158765	202
158800	202
158824	202
158859	202
158882	202
158917	202
158953	202
158976	202
159011	202
159046	202
159070	202
159105	202
timepoint: 189.38000000000002