0	0
0	0
0	0
0	0
0	0
0	0
0	0
0	0
0	0
0	0
0	0
0	0
0	0
0	0
0	0
0	0
0	0
0	0
0	0
0	0
0	0
0	0
0	0
0	0
0	0
0	0
0	0
0	0
0	0
0	0
0	0
0	0
0	0
0	0
0	0
0	0
0	0
0	0
0	0
0	0
0	0
0	0
0	0
0	0
0	0
0	0
0	0
0	0
0	0
0	0
0	1
0	1
0	1
0	1
0	1
0	1
0	1
0	1
0	1
0	1
0	1
0	1
0	1
0	1
0	1
0	1
0	1
0	1
0	1
0	1
0	1
0	1
0	1
0	1
0	1
0	1
0	1
0	1
0	1
0	1
0	1
0	1
0	1
0	1
0	1
0	1
0	1
0	1
0	1
0	1
0	1
0	1
0	1
0	1
0	1
0	1
0	1
0	1
0	1
0	1
0	2
0	2
0	2
0	2
0	2
0	2
0	2
0	2
0	2
0	2
0	2
0	2
0	2
0	2
0	2
0	2
0	2
0	2
0	2
0	2
0	2
0	2
0	2
0	2
0	2
0	2
0	2
0	2
0	2
0	2
0	2
0	2
0	2
0	2
0	2
0	2
0	2
0	2
0	2
0	2
0	2
0	2
0	2
0	2
0	2
0	2
0	2
0	2
0	2
0	2
0	3
0	3
0	3
0	3
0	3
0	3
0	3
0	3
0	3
0	3
0	3
0	3
0	3
0	3
0	3
0	3
0	3
0	3
0	3
0	3
0	3
0	3
0	3
0	3
0	3
0	3
0	3
0	3
0	3
0	3
0	3
0	3
0	3
0	3
0	3
0	3
0	3
0	3
0	3
0	3
0	3
0	3
0	3
0	3
0	3
0	3
0	3
0	3
0	3
0	3
0	4
0	4
0	4
0	4
0	4
0	4
0	4
0	4
0	4
0	4
0	4
0	4
0	4
0	4
0	4
0	4
0	4
0	4
0	4
0	4
0	4
0	4
0	4
0	4
0	4
0	4
0	4
0	4
0	4
0	4
0	4
0	4
0	4
0	4
0	4
0	4
0	4
0	4
0	4
0	4
11	4
11	4
11	4
11	4
11	4
11	4
11	4
11	4
11	4
11	4
11	5
23	5
23	5
23	5
23	5
23	5
23	5
23	5
23	5
23	5
23	5
23	5
23	5
23	5
23	5
23	5
23	5
23	5
23	5
23	5
23	5
23	5
23	5
23	5
23	5
23	5
23	5
23	5
23	5
23	5
11	5
11	5
11	5
11	5
11	5
11	5
11	5
11	5
11	5
11	5
11	5
11	5
11	5
11	5
11	5
11	5
11	5
11	5
11	5
11	5
11	6
11	6
11	6
11	6
11	6
11	6
11	6
11	6
11	6
11	6
11	6
11	6
11	6
11	6
23	6
23	6
23	6
23	6
23	6
23	6
23	6
23	6
23	6
23	6
23	6
23	6
23	6
23	6
23	6
23	6
23	6
23	6
23	6
23	6
35	6
35	6
35	6
35	6
35	6
35	6
35	6
23	6
23	6
23	6
23	6
23	6
23	6
23	6
23	6
23	6
23	7
23	7
23	7
23	7
23	7
23	7
23	7
23	7
23	7
23	7
23	7
23	7
23	7
23	7
23	7
23	7
23	7
23	7
23	7
23	7
23	7
23	7
23	7
23	7
23	7
23	7
23	7
23	7
23	7
23	7
23	7
23	7
23	7
23	7
23	7
23	7
23	7
23	7
23	7
23	7
23	7
23	7
23	7
23	7
23	7
35	7
35	7
35	7
35	7
35	7
35	8
35	8
35	8
35	8
35	8
35	8
35	8
35	8
35	8
35	8
35	8
35	8
35	8
35	8
35	8
35	8
35	8
35	8
35	8
35	8
35	8
35	8
23	8
23	8
23	8
23	8
23	8
23	8
23	8
23	8
23	8
23	8
23	8
23	8
23	8
23	8
23	8
23	8
23	8
23	8
23	8
23	8
23	8
23	8
23	8
23	8
23	8
23	8
23	8
23	8
23	9
23	9
23	9
23	9
23	9
23	9
23	9
23	9
23	9
23	9
23	9
23	9
23	9
23	9
23	9
23	9
23	9
35	9
35	9
35	9
35	9
35	9
35	9
35	9
35	9
35	9
35	9
35	9
35	9
35	9
35	9
35	9
35	9
35	9
35	9
35	9
35	9
35	9
35	9
35	9
35	9
35	9
35	9
35	9
35	9
35	9
35	9
35	9
35	9
35	9
23	10
23	10
23	10
23	10
23	10
23	10
23	10
23	10
23	10
23	10
23	10
23	10
23	10
23	10
23	10
23	10
23	10
23	10
23	10
23	10
23	10
23	10
23	10
23	10
23	10
23	10
23	10
23	10
23	10
23	10
23	10
23	10
23	10
23	10
23	10
23	10
23	10
23	10
23	10
23	10
23	10
23	10
23	10
23	10
23	10
23	10
23	10
23	10
23	10
23	10
23	11
23	11
23	11
23	11
23	11
23	11
23	11
23	11
23	11
23	11
23	11
23	11
23	11
23	11
23	11
23	11
23	11
23	11
23	11
23	11
23	11
23	11
23	11
23	11
23	11
23	11
23	11
23	11
23	11
23	11
23	11
23	11
23	11
23	11
23	11
23	11
23	11
23	11
23	11
23	11
23	11
23	11
23	11
23	11
23	11
23	11
23	11
23	11
23	11
23	11
23	12
23	12
23	12
23	12
23	12
23	12
23	12
23	12
23	12
23	12
23	12
23	12
23	12
23	12
23	12
23	12
23	12
23	12
23	12
23	12
23	12
23	12
23	12
23	12
23	12
23	12
23	12
23	12
23	12
23	12
23	12
23	12
23	12
23	12
23	12
23	12
23	12
23	12
23	12
23	12
23	12
23	12
23	12
23	12
23	12
23	12
23	12
23	12
23	12
23	12
23	13
23	13
23	13
23	13
23	13
23	13
23	13
23	13
23	13
23	13
23	13
23	13
23	13
23	13
23	13
23	13
23	13
23	13
23	13
23	13
23	13
23	13
23	13
23	13
23	13
23	13
23	13
23	13
23	13
23	13
23	13
23	13
23	13
23	13
23	13
23	13
23	13
23	13
23	13
23	13
23	13
23	13
23	13
23	13
23	13
23	13
23	13
23	13
23	13
23	13
23	14
23	14
23	14
23	14
23	14
23	14
23	14
23	14
23	14
23	14
23	14
23	14
23	14
23	14
23	14
23	14
23	14
23	14
23	14
23	14
23	14
23	14
23	14
23	14
23	14
23	14
23	14
23	14
23	14
23	14
23	14
23	14
23	14
23	14
23	14
23	14
23	14
23	14
23	14
23	14
23	14
23	14
23	14
23	14
23	14
23	14
23	14
23	14
23	14
23	14
23	15
23	15
23	15
23	15
23	15
23	15
23	15
23	15
23	15
23	15
23	15
23	15
23	15
23	15
23	15
23	15
23	15
23	15
23	15
23	15
23	15
23	15
23	15
23	15
23	15
23	15
23	15
23	15
23	15
23	15
23	15
23	15
23	15
23	15
23	15
23	15
23	15
23	15
23	15
23	15
23	15
23	15
23	15
23	15
23	15
23	15
23	15
23	15
23	15
23	15
23	16
23	16
23	16
23	16
23	16
23	16
23	16
23	16
23	16
23	16
23	16
23	16
23	16
23	16
23	16
23	16
23	16
23	16
23	16
23	16
23	16
23	16
23	16
23	16
23	16
23	16
23	16
23	16
23	16
23	16
23	16
23	16
23	16
23	16
23	16
23	16
23	16
23	16
23	16
23	16
23	16
23	16
23	16
23	16
23	16
23	16
23	16
23	16
23	16
23	16
23	17
23	17
23	17
23	17
23	17
23	17
23	17
23	17
23	17
23	17
23	17
23	17
23	17
23	17
23	17
23	17
23	17
23	17
23	17
23	17
23	17
23	17
23	17
23	17
23	17
23	17
23	17
23	17
23	17
23	17
23	17
23	17
23	17
23	17
23	17
23	17
23	17
23	17
23	17
23	17
23	17
23	17
23	17
23	17
23	17
23	17
23	17
23	17
23	17
23	17
23	18
23	18
23	18
23	18
23	18
23	18
23	18
23	18
23	18
23	18
23	18
23	18
23	18
23	18
23	18
23	18
23	18
23	18
23	18
23	18
23	18
23	18
23	18
23	18
23	18
23	18
23	18
23	18
23	18
23	18
23	18
23	18
23	18
23	18
23	18
23	18
23	18
23	18
23	18
23	18
23	18
23	18
23	18
23	18
23	18
23	18
23	18
23	18
23	18
23	18
23	19
23	19
23	19
23	19
23	19
23	19
23	19
23	19
23	19
23	19
23	19
23	19
23	19
23	19
23	19
23	19
23	19
23	19
23	19
23	19
23	19
23	19
23	19
23	19
23	19
23	19
23	19
23	19
23	19
23	19
23	19
23	19
23	19
23	19
23	19
23	19
23	19
23	19
23	19
23	19
23	19
23	19
23	19
23	19
23	19
23	19
23	19
23	19
23	19
23	19
23	20
23	20
23	20
23	20
23	20
23	20
23	20
23	20
23	20
23	20
23	20
23	20
23	20
23	20
23	20
23	20
23	20
23	20
23	20
23	20
23	20
23	20
23	20
23	20
23	20
23	20
23	20
23	20
23	20
23	20
23	20
23	20
23	20
23	20
23	20
23	20
23	20
23	20
23	20
23	20
23	20
23	20
23	20
23	20
23	20
23	20
23	20
23	20
23	20
23	20
23	21
23	21
23	21
23	21
23	21
23	21
23	21
23	21
23	21
23	21
23	21
23	21
23	21
23	21
23	21
23	21
23	21
23	21
23	21
23	21
23	21
23	21
23	21
23	21
23	21
23	21
23	21
23	21
23	21
23	21
23	21
23	21
23	21
23	21
23	21
23	21
23	21
23	21
23	21
23	21
23	21
23	21
23	21
23	21
23	21
23	21
23	21
23	21
23	21
23	21
23	22
23	22
23	22
23	22
23	22
23	22
23	22
23	22
23	22
23	22
23	22
23	22
23	22
23	22
23	22
23	22
23	22
23	22
23	22
23	22
23	22
23	22
23	22
23	22
23	22
23	22
23	22
23	22
23	22
23	22
23	22
23	22
23	22
23	22
23	22
23	22
23	22
23	22
23	22
23	22
23	22
23	22
23	22
23	22
23	22
23	22
23	22
23	22
23	22
23	22
23	23
23	23
23	23
23	23
23	23
23	23
23	23
23	23
23	23
23	23
23	23
23	23
23	23
23	23
23	23
23	23
23	23
23	23
23	23
23	23
23	23
23	23
23	23
23	23
23	23
23	23
23	23
23	23
23	23
23	23
23	23
23	23
23	23
23	23
23	23
23	23
23	23
23	23
23	23
23	23
23	23
23	23
23	23
23	23
23	23
23	23
23	23
23	23
23	23
23	23
23	24
23	24
23	24
23	24
23	24
23	24
23	24
23	24
23	24
23	24
23	24
23	24
23	24
23	24
23	24
23	24
23	24
23	24
23	24
23	24
23	24
23	24
23	24
23	24
23	24
23	24
23	24
23	24
23	24
23	24
23	24
23	24
23	24
23	24
23	24
23	24
23	24
23	24
23	24
23	24
23	24
23	24
23	24
23	24
23	24
23	24
23	24
23	24
23	24
23	24
23	25
23	25
23	25
23	25
23	25
23	25
23	25
23	25
23	25
23	25
23	25
23	25
23	25
23	25
23	25
23	25
23	25
23	25
23	25
23	25
23	25
23	25
23	25
23	25
23	25
23	25
23	25
23	25
23	25
23	25
23	25
23	25
23	25
23	25
23	25
23	25
23	25
23	25
23	25
23	25
23	25
23	25
23	25
23	25
23	25
23	25
23	25
23	25
23	25
23	25
23	26
23	26
23	26
23	26
23	26
23	26
23	26
23	26
23	26
23	26
23	26
23	26
23	26
23	26
23	26
23	26
23	26
23	26
23	26
23	26
23	26
23	26
23	26
23	26
23	26
23	26
23	26
23	26
23	26
23	26
23	26
23	26
23	26
23	26
23	26
23	26
23	26
23	26
23	26
23	26
23	26
23	26
23	26
23	26
23	26
23	26
23	26
23	26
23	26
23	26
23	27
23	27
23	27
23	27
23	27
23	27
23	27
23	27
23	27
23	27
23	27
23	27
23	27
23	27
23	27
23	27
23	27
23	27
23	27
23	27
23	27
23	27
23	27
23	27
23	27
23	27
23	27
23	27
23	27
23	27
23	27
23	27
23	27
23	27
23	27
23	27
23	27
23	27
23	27
23	27
23	27
23	27
23	27
23	27
23	27
23	27
23	27
23	27
23	27
23	27
23	28
35	28
35	28
35	28
35	28
35	28
35	28
35	28
35	28
35	28
35	28
35	28
35	28
35	28
35	28
35	28
35	28
35	28
35	28
35	28
35	28
35	28
35	28
35	28
35	28
35	28
35	28
35	28
35	28
35	28
35	28
35	28
35	28
35	28
35	28
35	28
35	28
35	28
35	28
35	28
35	28
35	28
35	28
35	28
35	28
35	28
35	28
35	28
35	28
35	28
35	29
35	29
35	29
35	29
35	29
35	29
35	29
35	29
35	29
35	29
35	29
35	29
35	29
46	29
46	29
46	29
46	29
46	29
46	29
46	29
46	29
46	29
46	29
46	29
46	29
46	29
46	29
46	29
46	29
46	29
46	29
46	29
46	29
46	29
46	29
46	29
46	29
46	29
58	29
58	29
58	29
58	29
58	29
58	29
58	29
58	29
58	29
58	29
58	29
58	29
58	30
58	30
58	30
58	30
58	30
58	30
58	30
58	30
70	30
70	30
70	30
70	30
70	30
70	30
70	30
70	30
70	30
70	30
70	30
70	30
70	30
70	30
70	30
70	30
82	30
82	30
82	30
82	30
82	30
82	30
82	30
82	30
82	30
82	30
82	30
82	30
82	30
82	30
82	30
82	30
82	30
93	30
93	30
93	30
93	30
93	30
93	30
93	30
93	30
93	30
93	31
105	31
105	31
105	31
105	31
105	31
105	31
105	31
105	31
105	31
105	31
105	31
105	31
117	31
117	31
117	31
117	31
117	31
117	31
117	31
117	31
117	31
117	31
128	31
128	31
128	31
128	31
128	31
128	31
128	31
128	31
128	31
128	31
140	31
140	31
140	31
140	31
140	31
140	31
140	31
140	31
152	31
152	31
152	31
152	31
152	31
152	31
152	31
152	31
152	31
164	32
164	32
164	32
164	32
164	32
164	32
164	32
164	32
164	32
175	32
175	32
175	32
175	32
175	32
175	32
175	32
175	32
175	32
187	32
187	32
187	32
187	32
187	32
187	32
187	32
187	32
199	32
199	32
199	32
199	32
199	32
199	32
199	32
199	32
210	32
210	32
210	32
210	32
210	32
210	32
210	32
222	32
222	32
222	32
222	32
222	32
222	32
222	32
234	32
234	32
234	33
234	33
234	33
234	33
234	33
234	33
246	33
246	33
246	33
246	33
246	33
246	33
246	33
257	33
257	33
257	33
257	33
257	33
257	33
257	33
269	33
269	33
269	33
269	33
269	33
269	33
269	33
281	33
281	33
281	33
281	33
281	33
281	33
281	33
292	33
292	33
292	33
292	33
292	33
292	33
292	33
304	33
304	33
304	33
304	33
304	33
304	33
316	33
316	33
316	33
316	34
316	34
316	34
328	34
328	34
328	34
328	34
328	34
328	34
339	34
339	34
339	34
339	34
339	34
339	34
339	34
351	34
351	34
351	34
351	34
351	34
363	34
363	34
363	34
363	34
363	34
363	34
375	34
375	34
375	34
375	34
375	34
375	34
386	34
386	34
386	34
386	34
386	34
386	34
386	34
398	34
398	34
398	34
398	34
398	34
398	34
410	34
410	34
410	34
410	34
410	35
410	35
421	35
421	35
421	35
421	35
421	35
421	35
433	35
433	35
433	35
433	35
433	35
433	35
445	35
445	35
445	35
445	35
445	35
445	35
457	35
457	35
457	35
457	35
457	35
468	35
468	35
468	35
468	35
468	35
468	35
480	35
480	35
480	35
480	35
480	35
492	35
492	35
492	35
492	35
492	35
492	35
503	35
503	35
503	35
503	35
503	35
503	35
515	35
515	35
515	36
515	36
515	36
527	36
527	36
527	36
527	36
527	36
527	36
539	36
539	36
539	36
539	36
539	36
550	36
550	36
550	36
550	36
550	36
562	36
562	36
562	36
562	36
562	36
574	36
574	36
574	36
574	36
574	36
574	36
585	36
585	36
585	36
585	36
597	36
597	36
597	36
597	36
597	36
609	36
609	36
609	36
609	36
609	36
621	36
621	36
621	36
621	36
632	36
632	36
632	37
632	37
632	37
644	37
644	37
644	37
644	37
656	37
656	37
656	37
656	37
656	37
667	37
667	37
667	37
667	37
667	37
679	37
679	37
679	37
679	37
691	37
691	37
691	37
691	37
691	37
703	37
703	37
703	37
703	37
703	37
714	37
714	37
714	37
714	37
714	37
726	37
726	37
726	37
726	37
726	37
738	37
738	37
738	37
738	37
738	37
750	37
750	37
750	37
750	37
750	38
761	38
761	38
761	38
761	38
761	38
773	38
773	38
773	38
773	38
773	38
785	38
785	38
785	38
785	38
785	38
796	38
796	38
796	38
796	38
796	38
808	38
808	38
808	38
808	38
808	38
820	38
820	38
820	38
820	38
820	38
832	38
832	38
832	38
832	38
832	38
843	38
843	38
843	38
843	38
843	38
855	38
855	38
855	38
855	38
855	38
855	38
867	38
867	38
867	38
867	39
867	39
878	39
878	39
878	39
878	39
878	39
890	39
890	39
890	39
890	39
890	39
902	39
902	39
902	39
902	39
902	39
914	39
914	39
914	39
914	39
914	39
914	39
925	39
925	39
925	39
925	39
925	39
937	39
937	39
937	39
937	39
937	39
949	39
949	39
949	39
949	39
949	39
960	39
960	39
960	39
960	39
960	39
972	39
972	39
972	39
972	39
972	39
984	39
984	39
984	40
984	40
984	40
996	40
996	40
996	40
996	40
1007	40
1007	40
1007	40
1007	40
1007	40
1019	40
1019	40
1019	40
1019	40
1019	40
1031	40
1031	40
1031	40
1031	40
1042	40
1042	40
1042	40
1042	40
1042	40
1054	40
1054	40
1054	40
1054	40
1054	40
1054	40
1066	40
1066	40
1066	40
1066	40
1066	40
1078	40
1078	40
1078	40
1078	40
1078	40
1089	40
1089	40
1089	40
1089	40
1089	40
1101	40
1101	40
1101	40
1101	41
1101	41
1113	41
1113	41
1113	41
1113	41
1113	41
1113	41
1125	41
1125	41
1125	41
1125	41
1136	41
1136	41
1136	41
1136	41
1136	41
1136	41
1148	41
1148	41
1148	41
1148	41
1160	41
1160	41
1160	41
1160	41
1160	41
1171	41
1171	41
1171	41
1171	41
1171	41
1183	41
1183	41
1183	41
1183	41
1183	41
1195	41
1195	41
1195	41
1195	41
1195	41
1207	41
1207	41
1207	41
1207	41
1207	41
1218	41
1218	41
1218	41
1218	42
1218	42
1230	42
1230	42
1230	42
1230	42
1230	42
1242	42
1242	42
1242	42
1242	42
1242	42
1242	42
1253	42
1253	42
1253	42
1253	42
1253	42
1265	42
1265	42
1265	42
1265	42
1265	42
1265	42
1277	42
1277	42
1277	42
1277	42
1277	42
1289	42
1289	42
1289	42
1289	42
1289	42
1300	42
1300	42
1300	42
1300	42
1300	42
1312	42
1312	42
1312	42
1312	42
1324	42
1324	42
1324	42
1324	42
1335	42
1335	42
1335	42
1335	43
1335	43
1347	43
1347	43
1347	43
1347	43
1359	43
1359	43
1359	43
1359	43
1371	43
1371	43
1371	43
1371	43
1382	43
1382	43
1382	43
1382	43
1394	43
1394	43
1394	43
1394	43
1394	43
1406	43
1406	43
1406	43
1406	43
1417	43
1417	43
1417	43
1417	43
1417	43
1429	43
1429	43
1429	43
1429	43
1441	43
1441	43
1441	43
1441	43
1441	43
1441	43
1453	43
1453	43
1453	43
1453	43
1464	43
1464	43
1464	43
1464	43
1464	44
1464	44
1476	44
1476	44
1476	44
1476	44
1488	44
1488	44
1488	44
1488	44
1488	44
1500	44
1500	44
1500	44
1500	44
1500	44
1511	44
1511	44
1511	44
1511	44
1511	44
1523	44
1523	44
1523	44
1523	44
1535	44
1535	44
1535	44
1535	44
1535	44
1546	44
1546	44
1546	44
1546	44
1546	44
1558	44
1558	44
1558	44
1558	44
1558	44
1570	44
1570	44
1570	44
1570	44
1570	44
1582	44
1582	44
1582	44
1582	44
1582	44
1582	45
1593	45
1593	45
1593	45
1593	45
1593	45
1605	45
1605	45
1605	45
1605	45
1605	45
1617	45
1617	45
1617	45
1617	45
1617	45
1628	45
1628	45
1628	45
1628	45
1628	45
1640	45
1640	45
1640	45
1640	45
1640	45
1652	45
1652	45
1652	45
1652	45
1664	45
1664	45
1664	45
1664	45
1675	45
1675	45
1675	45
1675	45
1675	45
1687	45
1687	45
1687	45
1687	45
1699	45
1699	45
1699	45
1699	45
1699	45
1710	45
1710	45
1710	46
1710	46
1722	46
1722	46
1722	46
1722	46
1722	46
1734	46
1734	46
1734	46
1734	46
1746	46
1746	46
1746	46
1746	46
1746	46
1757	46
1757	46
1757	46
1757	46
1769	46
1769	46
1769	46
1769	46
1769	46
1781	46
1781	46
1781	46
1781	46
1792	46
1792	46
1792	46
1792	46
1804	46
1804	46
1804	46
1804	46
1816	46
1816	46
1816	46
1816	46
1816	46
1828	46
1828	46
1828	46
1839	46
1839	46
1839	46
1839	46
1851	46
1851	47
1851	47
1851	47
1863	47
1863	47
1863	47
1863	47
1875	47
1875	47
1875	47
1875	47
1886	47
1886	47
1886	47
1886	47
1898	47
1898	47
1898	47
1898	47
1910	47
1910	47
1910	47
1910	47
1921	47
1921	47
1921	47
1921	47
1933	47
1933	47
1933	47
1933	47
1945	47
1945	47
1945	47
1957	47
1957	47
1957	47
1957	47
1968	47
1968	47
1968	47
1968	47
1980	47
1980	47
1980	47
1980	47
1992	47
1992	47
1992	47
1992	47
2003	48
2003	48
2003	48
2003	48
2015	48
2015	48
2015	48
2015	48
2027	48
2027	48
2027	48
2027	48
2039	48
2039	48
2039	48
2050	48
2050	48
2050	48
2050	48
2062	48
2062	48
2062	48
2074	48
2074	48
2074	48
2085	48
2085	48
2085	48
2097	48
2097	48
2097	48
2097	48
2109	48
2109	48
2121	48
2121	48
2121	48
2121	48
2132	48
2132	48
2144	48
2144	48
2144	48
2144	48
2156	48
2156	48
2167	48
2167	48
2167	48
2167	48
2179	49
2179	49
2179	49
2191	49
2191	49
2191	49
2203	49
2203	49
2203	49
2203	49
2214	49
2214	49
2214	49
2226	49
2226	49
2226	49
2226	49
2238	49
2238	49
2238	49
2250	49
2250	49
2250	49
2250	49
2261	49
2261	49
2261	49
2273	49
2273	49
2273	49
2285	49
2285	49
2285	49
2285	49
2296	49
2296	49
2296	49
2308	49
2308	49
2308	49
2308	49
2320	49
2320	49
2320	49
2332	49
2332	49
2332	49
2343	49
2343	49
2343	49
2343	50
2355	50
2355	50
2355	50
2367	50
2367	50
2367	50
2378	50
2378	50
2378	50
2390	50
2390	50
2390	50
2402	50
2402	50
2402	50
2414	50
2414	50
2414	50
2425	50
2425	50
2425	50
2425	50
2437	50
2437	50
2437	50
2449	50
2449	50
2449	50
2460	50
2460	50
2460	50
2472	50
2472	50
2472	50
2484	50
2484	50
2484	50
2496	50
2496	50
2496	50
2496	50
2507	50
2507	50
2507	50
2519	50
2519	50
2519	50
2531	50
2531	50
2531	51
2542	51
2542	51
2542	51
2554	51
2554	51
2554	51
2566	51
2566	51
2578	51
2578	51
2578	51
2589	51
2589	51
2589	51
2601	51
2601	51
2601	51
2613	51
2613	51
2613	51
2625	51
2625	51
2625	51
2636	51
2636	51
2636	51
2648	51
2648	51
2660	51
2660	51
2660	51
2671	51
2671	51
2671	51
2683	51
2683	51
2683	51
2695	51
2695	51
2695	51
2707	51
2707	51
2718	51
2718	51
2718	51
2730	51
2730	51
2730	51
2742	51
2742	52
2742	52
2753	52
2753	52
2753	52
2765	52
2765	52
2765	52
2777	52
2777	52
2777	52
2789	52
2789	52
2800	52
2800	52
2800	52
2812	52
2812	52
2812	52
2824	52
2824	52
2835	52
2835	52
2835	52
2847	52
2847	52
2859	52
2859	52
2859	52
2871	52
2871	52
2882	52
2882	52
2894	52
2894	52
2894	52
2906	52
2906	52
2917	52
2917	52
2929	52
2929	52
2929	52
2941	52
2941	52
2953	52
2953	52
2953	52
2964	52
2964	52
2976	53
2976	53
2976	53
2988	53
2988	53
2988	53
3000	53
3000	53
3011	53
3011	53
3011	53
3023	53
3023	53
3023	53
3035	53
3035	53
3046	53
3046	53
3046	53
3058	53
3058	53
3058	53
3070	53
3070	53
3070	53
3082	53
3082	53
3093	53
3093	53
3093	53
3105	53
3105	53
3105	53
3117	53
3117	53
3117	53
3128	53
3128	53
3140	53
3140	53
3140	53
3152	53
3152	53
3152	53
3164	53
3164	53
3175	53
3175	53
3175	53
3187	53
3187	54
3199	54
3199	54
3199	54
3210	54
3210	54
3222	54
3222	54
3222	54
3234	54
3234	54
3234	54
3246	54
3246	54
3257	54
3257	54
3257	54
3269	54
3269	54
3281	54
3281	54
3281	54
3292	54
3292	54
3304	54
3304	54
3304	54
3316	54
3316	54
3328	54
3328	54
3328	54
3339	54
3339	54
3351	54
3351	54
3363	54
3363	54
3363	54
3375	54
3375	54
3386	54
3386	54
3386	54
3398	54
3398	54
3410	54
3410	54
3410	54
3421	54
3421	55
3421	55
3433	55
3433	55
3445	55
3445	55
3445	55
3457	55
3457	55
3468	55
3468	55
3468	55
3480	55
3480	55
3492	55
3492	55
3492	55
3503	55
3503	55
3515	55
3515	55
3515	55
3527	55
3527	55
3539	55
3539	55
3550	55
3550	55
3550	55
3562	55
3562	55
3574	55
3574	55
3585	55
3585	55
3597	55
3597	55
3597	55
3609	55
3609	55
3621	55
3621	55
3632	55
3632	55
3644	55
3644	55
3656	55
3656	55
3667	55
3667	55
3679	56
3679	56
3691	56
3691	56
3703	56
3703	56
3703	56
3714	56
3714	56
3726	56
3726	56
3738	56
3738	56
3738	56
3750	56
3750	56
3761	56
3761	56
3773	56
3773	56
3773	56
3785	56
3785	56
3796	56
3796	56
3808	56
3808	56
3820	56
3820	56
3832	56
3832	56
3832	56
3843	56
3843	56
3855	56
3855	56
3867	56
3867	56
3867	56
3878	56
3878	56
3890	56
3890	56
3902	56
3902	56
3902	56
3914	56
3914	56
3925	56
3925	56
3937	57
3937	57
3949	57
3949	57
3960	57
3960	57
3960	57
3972	57
3972	57
3984	57
3984	57
3996	57
3996	57
4007	57
4007	57
4019	57
4019	57
4031	57
4031	57
4042	57
4042	57
4054	57
4054	57
4066	57
4066	57
4066	57
4078	57
4078	57
4089	57
4089	57
4101	57
4101	57
4113	57
4113	57
4125	57
4125	57
4136	57
4136	57
4136	57
4148	57
4148	57
4160	57
4160	57
4171	57
4171	57
4183	57
4183	57
4183	57
4195	57
4195	57
4207	58
4207	58
4218	58
4218	58
4230	58
4230	58
4230	58
4242	58
4242	58
4253	58
4253	58
4265	58
4265	58
4277	58
4277	58
4289	58
4289	58
4300	58
4300	58
4312	58
4312	58
4324	58
4324	58
4324	58
4335	58
4335	58
4347	58
4359	58
4359	58
4371	58
4371	58
4382	58
4382	58
4394	58
4394	58
4406	58
4406	58
4417	58
4417	58
4429	58
4429	58
4441	58
4441	58
4453	58
4453	58
4464	58
4464	58
4476	58
4476	58
4488	58
4488	59
4500	59
4500	59
4511	59
4511	59
4523	59
4523	59
4535	59
4535	59
4546	59
4546	59
4558	59
4558	59
4570	59
4570	59
4582	59
4582	59
4593	59
4593	59
4605	59
4605	59
4617	59
4617	59
4628	59
4628	59
4640	59
4640	59
4652	59
4652	59
4664	59
4664	59
4675	59
4675	59
4687	59
4687	59
4699	59
4699	59
4710	59
4710	59
4722	59
4722	59
4734	59
4746	59
4746	59
4757	59
4757	59
4769	59
4769	59
4781	59
4792	59
4792	60
4804	60
4804	60
4816	60
4816	60
4828	60
4828	60
4839	60
4839	60
4851	60
4851	60
4863	60
4863	60
4875	60
4875	60
4886	60
4886	60
4898	60
4910	60
4910	60
4921	60
4921	60
4933	60
4933	60
4945	60
4945	60
4957	60
4957	60
4968	60
4968	60
4980	60
4980	60
4992	60
4992	60
5003	60
5003	60
5015	60
5015	60
5027	60
5027	60
5039	60
5039	60
5050	60
5050	60
5062	60
5074	60
5074	60
5085	60
5085	60
5097	60
5097	61
5109	61
5121	61
5121	61
5132	61
5132	61
5144	61
5156	61
5156	61
5167	61
5167	61
5179	61
5179	61
5191	61
5203	61
5203	61
5214	61
5214	61
5226	61
5226	61
5238	61
5238	61
5250	61
5250	61
5261	61
5273	61
5273	61
5285	61
5285	61
5296	61
5308	61
5308	61
5320	61
5332	61
5332	61
5343	61
5343	61
5355	61
5367	61
5367	61
5378	61
5378	61
5390	61
5390	61
5402	61
5402	61
5414	61
5414	61
5425	61
5437	61
5437	62
5449	62
5449	62
5460	62
5460	62
5472	62
5484	62
5484	62
5496	62
5496	62
5507	62
5519	62
5519	62
5531	62
5542	62
5542	62
5554	62
5554	62
5566	62
5566	62
5578	62
5578	62
5589	62
5601	62
5601	62
5613	62
5613	62
5625	62
5625	62
5636	62
5636	62
5648	62
5660	62
5660	62
5671	62
5671	62
5683	62
5683	62
5683	62
5695	62
5695	62
5707	62
5707	62
5718	62
5718	62
5730	62
5730	62
5742	62
5753	62
5753	62
5765	63
5765	63
5777	63
5777	63
5789	63
5800	63
5800	63
5812	63
5812	63
5824	63
5824	63
5835	63
5847	63
5847	63
5859	63
5859	63
5871	63
5871	63
5882	63
5894	63
5894	63
5906	63
5906	63
5917	63
5929	63
5929	63
5941	63
5941	63
5953	63
5964	63
5964	63
5976	63
5976	63
5988	63
5988	63
6000	63
6011	63
6011	63
6023	63
6023	63
6035	63
6046	63
6046	63
6058	63
6058	63
6070	63
6082	63
6082	63
6093	63
6105	63
6105	64
6117	64
6117	64
6128	64
6140	64
6140	64
6152	64
6152	64
6164	64
6164	64
6175	64
6187	64
6187	64
6199	64
6210	64
6210	64
6222	64
6234	64
6246	64
6246	64
6257	64
6269	64
6269	64
6281	64
6292	64
6304	64
6304	64
6316	64
6328	64
6328	64
6339	64
6339	64
6351	64
6363	64
6363	64
6375	64
6375	64
6386	64
6398	64
6398	64
6410	64
6410	64
6421	64
6433	64
6433	64
6445	64
6457	64
6457	64
6468	64
6468	64
6480	65
6480	65
6492	65
6503	65
6503	65
6515	65
6515	65
6527	65
6539	65
6539	65
6550	65
6562	65
6562	65
6574	65
6574	65
6585	65
6597	65
6597	65
6609	65
6609	65
6621	65
6632	65
6632	65
6644	65
6644	65
6656	65
6667	65
6667	65
6679	65
6691	65
6691	65
6703	65
6703	65
6714	65
6726	65
6726	65
6738	65
6750	65
6750	65
6761	65
6761	65
6773	65
6785	65
6785	65
6796	65
6808	65
6808	65
6820	65
6820	65
6832	65
6843	66
6843	66
6855	66
6867	66
6867	66
6878	66
6878	66
6890	66
6902	66
6902	66
6914	66
6925	66
6925	66
6937	66
6949	66
6949	66
6960	66
6972	66
6972	66
6984	66
6996	66
7007	66
7019	66
7019	66
7031	66
7042	66
7054	66
7054	66
7066	66
7078	66
7078	66
7089	66
7101	66
7101	66
7113	66
7125	66
7125	66
7136	66
7148	66
7148	66
7160	66
7171	66
7171	66
7183	66
7195	66
7195	66
7207	66
7218	66
7218	66
7230	66
7242	67
7242	67
7253	67
7253	67
7265	67
7277	67
7277	67
7289	67
7300	67
7300	67
7312	67
7324	67
7324	67
7335	67
7347	67
7347	67
7359	67
7371	67
7371	67
7382	67
7394	67
7406	67
7406	67
7417	67
7429	67
7429	67
7441	67
7453	67
7453	67
7464	67
7476	67
7476	67
7488	67
7500	67
7500	67
7511	67
7523	67
7523	67
7535	67
7546	67
7558	67
7558	67
7570	67
7582	67
7582	67
7593	67
7605	67
7617	67
7617	67
7628	67
7640	68
7640	68
7652	68
7652	68
7664	68
7675	68
7687	68
7687	68
7699	68
7710	68
7722	68
7722	68
7734	68
7746	68
7757	68
7769	68
7781	68
7792	68
7792	68
7804	68
7816	68
7828	68
7828	68
7839	68
7851	68
7851	68
7863	68
7875	68
7875	68
7886	68
7898	68
7898	68
7910	68
7921	68
7933	68
7933	68
7945	68
7957	68
7957	68
7968	68
7980	68
7980	68
7992	68
8003	68
8003	68
8015	68
8027	68
8039	68
8039	68
8050	68
8062	69
8062	69
8074	69
8085	69
8085	69
8097	69
8109	69
8109	69
8121	69
8132	69
8132	69
8144	69
8156	69
8156	69
8167	69
8179	69
8179	69
8191	69
8203	69
8203	69
8214	69
8226	69
8238	69
8238	69
8250	69
8261	69
8261	69
8273	69
8285	69
8285	69
8296	69
8308	69
8308	69
8320	69
8332	69
8332	69
8343	69
8355	69
8355	69
8367	69
8378	69
8378	69
8390	69
8402	69
8402	69
8414	69
8425	69
8437	69
8437	69
8449	69
8460	70
8472	70
8484	70
8496	70
8507	70
8519	70
8519	70
8531	70
8542	70
8554	70
8566	70
8578	70
8578	70
8589	70
8601	70
8613	70
8613	70
8625	70
8636	70
8636	70
8648	70
8660	70
8671	70
8683	70
8695	70
8695	70
8707	70
8718	70
8730	70
8742	70
8742	70
8753	70
8765	70
8765	70
8777	70
8789	70
8800	70
8800	70
8812	70
8824	70
8835	70
8835	70
8847	70
8859	70
8871	70
8871	70
8882	70
8894	70
8894	70
8906	70
8917	71
8929	71
8929	71
8941	71
8953	71
8953	71
8964	71
8976	71
8988	71
9000	71
9000	71
9011	71
9023	71
9023	71
9035	71
9046	71
9046	71
9058	71
9058	71
9070	71
9082	71
9082	71
9093	71
9105	71
9105	71
9117	71
9128	71
9140	71
9140	71
9152	71
9164	71
9175	71
9175	71
9187	71
9199	71
9210	71
9222	71
9222	71
9234	71
9246	71
9257	71
9269	71
9281	71
9281	71
9292	71
9304	71
9316	71
9328	71
9328	71
9339	71
9351	72
9363	72
9363	72
9375	72
9386	72
9398	72
9410	72
9410	72
9421	72
9433	72
9445	72
9457	72
9468	72
9468	72
9480	72
9492	72
9503	72
9503	72
9515	72
9527	72
9539	72
9539	72
9550	72
9562	72
9574	72
9585	72
9585	72
9597	72
9609	72
9621	72
9632	72
9632	72
9644	72
9656	72
9667	72
9679	72
9679	72
9691	72
9703	72
9714	72
9714	72
9726	72
9738	72
9750	72
9761	72
9761	72
9773	72
9785	72
9796	72
9796	72
9808	73
9820	73
9832	73
9832	73
9843	73
9855	73
9867	73
9867	73
9878	73
9890	73
9902	73
9902	73
9914	73
9925	73
9937	73
9949	73
9949	73
9960	73
9972	73
9984	73
9996	73
10007	73
10019	73
10031	73
10031	73
10042	73
10054	73
10066	73
10078	73
10089	73
10089	73
10101	73
10113	73
10125	73
10136	73
10136	73
10148	73
10160	73
10171	73
10171	73
10183	73
10195	73
10207	73
10218	73
10218	73
10230	73
10242	73
10253	73
10253	73
10265	73
10277	74
10289	74
10300	74
10300	74
10312	74
10324	74
10335	74
10347	74
10347	74
10359	74
10371	74
10382	74
10394	74
10394	74
10406	74
10417	74
10429	74
10441	74
10441	74
10453	74
10464	74
10476	74
10488	74
10488	74
10500	74
10511	74
10523	74
10535	74
10535	74
10546	74
10558	74
10558	74
10570	74
10582	74
10582	74
10593	74
10605	74
10617	74
10617	74
10628	74
10640	74
10652	74
10664	74
10664	74
10675	74
10687	74
10699	74
10710	74
10722	74
10722	74
10734	75
10746	75
10757	75
10769	75
10781	75
10792	75
10804	75
10816	75
10816	75
10828	75
10839	75
10851	75
10863	75
10875	75
10875	75
10886	75
10898	75
10910	75
10921	75
10933	75
10945	75
10957	75
10968	75
10980	75
10992	75
10992	75
11003	75
11015	75
11027	75
11039	75
11039	75
11050	75
11062	75
11074	75
11085	75
11097	75
11109	75
11121	75
11132	75
11144	75
11156	75
11167	75
11167	75
11179	75
11191	75
11203	75
11214	75
11226	75
11238	75
11238	75
11250	76
11261	76
11273	76
11285	76
11296	76
11296	76
11308	76
11320	76
11332	76
11343	76
11343	76
11355	76
11367	76
11378	76
11390	76
11402	76
11402	76
11414	76
11425	76
11437	76
11449	76
11460	76
11472	76
11472	76
11484	76
11496	76
11507	76
11519	76
11531	76
11542	76
11554	76
11566	76
11566	76
11578	76
11589	76
11601	76
11613	76
11625	76
11636	76
11636	76
11648	76
11660	76
11671	76
11683	76
11695	76
11695	76
11707	76
11718	76
11730	76
11742	76
11753	77
11753	77
11765	77
11777	77
11789	77
11800	77
11812	77
11824	77
11824	77
11835	77
11847	77
11859	77
11871	77
11882	77
11894	77
11906	77
11917	77
11929	77
11929	77
11941	77
11953	77
11964	77
11976	77
11988	77
12000	77
12011	77
12011	77
12023	77
12035	77
12046	77
12058	77
12058	77
12070	77
12082	77
12093	77
12105	77
12105	77
12117	77
12128	77
12140	77
12152	77
12164	77
12175	77
12175	77
12187	77
12199	77
12210	77
12222	77
12234	77
12246	77
12246	78
12257	78
12269	78
12281	78
12292	78
12304	78
12316	78
12328	78
12328	78
12339	78
12351	78
12363	78
12375	78
12386	78
12398	78
12410	78
12410	78
12421	78
12433	78
12445	78
12457	78
12468	78
12480	78
12480	78
12492	78
12503	78
12515	78
12527	78
12539	78
12550	78
12550	78
12562	78
12574	78
12585	78
12597	78
12609	78
12621	78
12632	78
12644	78
12656	78
12667	78
12679	78
12691	78
12703	78
12714	78
12726	78
12738	78
12738	78
12750	78
12761	78
12773	79
12785	79
12796	79
12808	79
12808	79
12820	79
12832	79
12843	79
12855	79
12867	79
12878	79
12878	79
12890	79
12902	79
12914	79
12925	79
12937	79
12949	79
12960	79
12972	79
12972	79
12984	79
12996	79
13007	79
13019	79
13031	79
13042	79
13042	79
13054	79
13066	79
13078	79
13089	79
13101	79
13113	79
13125	79
13136	79
13148	79
13148	79
13160	79
13171	79
13183	79
13195	79
13207	79
13218	79
13230	79
13230	79
13242	79
13253	79
13265	79
13277	79
13289	80
13300	80
13312	80
13324	80
13324	80
13335	80
13347	80
13371	80
13382	80
13394	80
13406	80
13417	80
13429	80
13441	80
13453	80
13453	80
13464	80
13476	80
13488	80
13500	80
13511	80
13523	80
13535	80
13546	80
13558	80
13558	80
13570	80
13582	80
13593	80
13605	80
13617	80
13617	80
13628	80
13640	80
13652	80
13664	80
13675	80
13687	80
13699	80
13710	80
13722	80
13722	80
13734	80
13746	80
13757	80
13769	80
13781	80
13792	80
13804	80
13816	80
13816	81
13828	81
13839	81
13851	81
13863	81
13875	81
13886	81
13898	81
13910	81
13921	81
13933	81
13933	81
13945	81
13957	81
13968	81
13980	81
13992	81
14003	81
14015	81
14027	81
14039	81
14050	81
14050	81
14062	81
14074	81
14085	81
14097	81
14121	81
14132	81
14144	81
14156	81
14167	81
14179	81
14191	81
14203	81
14214	81
14226	81
14238	81
14238	81
14250	81
14261	81
14273	81
14285	81
14296	81
14308	81
14320	81
14332	81
14343	81
14355	81
14355	81
14367	82
14378	82
14390	82
14402	82
14414	82
14425	82
14437	82
14449	82
14460	82
14472	82
14484	82
14496	82
14507	82
14507	82
14519	82
14531	82
14542	82
14554	82
14566	82
14578	82
14589	82
14601	82
14613	82
14625	82
14636	82
14648	82
14660	82
14671	82
14671	82
14683	82
14695	82
14707	82
14718	82
14730	82
14742	82
14753	82
14765	82
14777	82
14789	82
14800	82
14812	82
14824	82
14835	82
14847	82
14859	82
14871	82
14882	82
14894	82
14906	82
14917	82
14929	83
14941	83
14953	83
14964	83
14976	83
14988	83
15000	83
15011	83
15023	83
15035	83
15046	83
15058	83
15070	83
15082	83
15093	83
15093	83
15105	83
15117	83
15128	83
15140	83
15152	83
15164	83
15175	83
15187	83
15199	83
15210	83
15222	83
15234	83
15246	83
15257	83
15269	83
15269	83
15281	83
15292	83
15304	83
15316	83
15328	83
15339	83
15351	83
15363	83
15375	83
15386	83
15398	83
15410	83
15421	83
15433	83
15445	83
15457	83
15468	83
15468	83
15480	84
15492	84
15503	84
15515	84
15527	84
15539	84
15550	84
15562	84
15574	84
15585	84
15597	84
15609	84
15621	84
15644	84
15656	84
15667	84
15679	84
15691	84
15703	84
15714	84
15726	84
15738	84
15750	84
15761	84
15773	84
15785	84
15796	84
15808	84
15820	84
15832	84
15843	84
15855	84
15867	84
15878	84
15878	84
15890	84
15902	84
15914	84
15925	84
15937	84
15949	84
15960	84
15972	84
15996	84
16007	84
16019	84
16031	84
16042	84
16054	84
16066	84
16078	85
16089	85
16101	85
16113	85
16125	85
16136	85
16148	85
16160	85
16171	85
16183	85
16183	85
16195	85
16207	85
16218	85
16230	85
16242	85
16253	85
16265	85
16277	85
16289	85
16300	85
16312	85
16324	85
16335	85
16347	85
16359	85
16382	85
16394	85
16406	85
16417	85
16429	85
16441	85
16453	85
16464	85
16476	85
16488	85
16500	85
16511	85
16523	85
16535	85
16546	85
16558	85
16570	85
16582	85
16593	85
16605	85
16617	85
16628	85
16640	85
16652	85
16664	86
16675	86
16687	86
16699	86
16710	86
16722	86
16746	86
16757	86
16769	86
16781	86
16792	86
16804	86
16816	86
16828	86
16839	86
16851	86
16863	86
16875	86
16886	86
16898	86
16910	86
16921	86
16933	86
16945	86
16957	86
16968	86
16980	86
16992	86
17003	86
17015	86
17027	86
17039	86
17050	86
17062	86
17074	86
17085	86
17109	86
17121	86
17132	86
17144	86
17156	86
17167	86
17191	86
17203	86
17214	86
17226	86
17238	86
17250	86
17261	86
17273	86
17285	87
17296	87
17308	87
17332	87
17343	87
17355	87
17367	87
17378	87
17390	87
17402	87
17414	87
17425	87
17437	87
17449	87
17460	87
17484	87
17496	87
17507	87
17519	87
17531	87
17542	87
17554	87
17566	87
17589	87
17601	87
17613	87
17625	87
17636	87
17648	87
17660	87
17671	87
17683	87
17683	87
17695	87
17707	87
17718	87
17730	87
17742	87
17753	87
17765	87
17777	87
17800	87
17812	87
17824	87
17835	87
17847	87
17859	87
17871	87
17882	87
17894	87
17906	88
17917	88
17929	88
17941	88
17953	88
17964	88
17988	88
18000	88
18011	88
18023	88
18035	88
18046	88
18058	88
18070	88
18093	88
18105	88
18117	88
18128	88
18140	88
18152	88
18164	88
18175	88
18187	88
18199	88
18222	88
18234	88
18246	88
18269	88
18281	88
18292	88
18304	88
18316	88
18339	88
18351	88
18363	88
18375	88
18386	88
18398	88
18410	88
18421	88
18433	88
18445	88
18457	88
18468	88
18492	88
18503	88
18515	88
18527	88
18539	88
18550	88
18562	89
18574	89
18585	89
18597	89
18609	89
18632	89
18644	89
18656	89
18667	89
18679	89
18691	89
18703	89
18714	89
18726	89
18750	89
18761	89
18773	89
18785	89
18796	89
18808	89
18820	89
18832	89
18843	89
18855	89
18878	89
18878	89
18902	89
18914	89
18925	89
18937	89
18949	89
18960	89
18984	89
18996	89
19007	89
19031	89
19042	89
19054	89
19066	89
19089	89
19101	89
19113	89
19125	89
19136	89
19148	89
19160	89
19171	89
19195	89
19207	89
19218	89
19230	90
19242	90
19253	90
19265	90
19277	90
19300	90
19312	90
19324	90
19335	90
19347	90
19359	90
19371	90
19382	90
19394	90
19417	90
19429	90
19441	90
19453	90
19464	90
19476	90
19488	90
19511	90
19523	90
19535	90
19546	90
19558	90
19570	90
19593	90
19605	90
19617	90
19628	90
19640	90
19652	90
19664	90
19675	90
19699	90
19710	90
19722	90
19746	90
19757	90
19781	90
19792	90
19804	90
19828	90
19839	90
19851	90
19863	90
19875	90
19886	90
19898	90
19921	91
19933	91
19945	91
19957	91
19968	91
19980	91
19992	91
20003	91
20027	91
20039	91
20050	91
20062	91
20074	91
20085	91
20097	91
20109	91
20121	91
20132	91
20156	91
20167	91
20179	91
20191	91
20203	91
20214	91
20226	91
20238	91
20261	91
20273	91
20285	91
20296	91
20308	91
20320	91
20332	91
20343	91
20355	91
20367	91
20378	91
20390	91
20402	91
20414	91
20437	91
20449	91
20460	91
20472	91
20496	91
20507	91
20531	91
20542	91
20554	91
20578	91
20589	92
20601	92
20613	92
20625	92
20636	92
20648	92
20671	92
20683	92
20695	92
20718	92
20730	92
20742	92
20753	92
20765	92
20777	92
20789	92
20800	92
20824	92
20835	92
20847	92
20859	92
20871	92
20882	92
20894	92
20906	92
20929	92
20941	92
20953	92
20964	92
20976	92
20988	92
21000	92
21011	92
21023	92
21035	92
21046	92
21058	92
21070	92
21082	92
21093	92
21105	92
21117	92
21128	92
21140	92
21164	92
21175	92
21187	92
21199	92
21210	92
21222	92
21246	93
21257	93
21269	93
21281	93
21292	93
21316	93
21328	93
21339	93
21351	93
21363	93
21375	93
21386	93
21398	93
21421	93
21433	93
21445	93
21457	93
21468	93
21492	93
21503	93
21515	93
21527	93
21539	93
21550	93
21562	93
21574	93
21585	93
21609	93
21621	93
21632	93
21644	93
21656	93
21667	93
21691	93
21703	93
21714	93
21726	93
21738	93
21750	93
21761	93
21785	93
21796	93
21808	93
21820	93
21832	93
21843	93
21855	93
21867	93
21878	93
21890	93
21902	94
21925	94
21937	94
21949	94
21960	94
21972	94
21996	94
22007	94
22019	94
22031	94
22054	94
22066	94
22078	94
22089	94
22101	94
22113	94
22136	94
22148	94
22160	94
22171	94
22183	94
22195	94
22207	94
22218	94
22230	94
22253	94
22265	94
22277	94
22289	94
22300	94
22312	94
22324	94
22347	94
22359	94
22371	94
22382	94
22394	94
22406	94
22417	94
22429	94
22453	94
22464	94
22476	94
22488	94
22500	94
22511	94
22523	94
22535	94
22546	94
22558	94
22570	95
22582	95
22593	95
22605	95
22617	95
22628	95
22652	95
22664	95
22675	95
22687	95
22699	95
22710	95
22734	95
22746	95
22757	95
22769	95
22792	95
22804	95
22816	95
22828	95
22851	95
22863	95
22875	95
22886	95
22898	95
22921	95
22933	95
22945	95
22968	95
22980	95
22992	95
23003	95
23015	95
23039	95
23050	95
23062	95
23074	95
23085	95
23109	95
23121	95
23132	95
23156	95
23167	95
23179	95
23191	95
23214	95
23226	95
23238	95
23250	95
23261	95
23273	96
23296	96
23308	96
23320	96
23332	96
23343	96
23355	96
23367	96
23378	96
23390	96
23414	96
23425	96
23437	96
23449	96
23460	96
23484	96
23496	96
23507	96
23519	96
23542	96
23554	96
23566	96
23578	96
23589	96
23613	96
23625	96
23636	96
23648	96
23660	96
23671	96
23695	96
23707	96
23718	96
23730	96
23742	96
23753	96
23777	96
23789	96
23800	96
23812	96
23824	96
23847	96
23859	96
23871	96
23882	96
23906	96
23917	96
23929	96
23941	96
23964	96
23976	97
23988	97
24000	97
24011	97
24023	97
24046	97
24058	97
24070	97
24082	97
24093	97
24105	97
24117	97
24128	97
24140	97
24152	97
24175	97
24187	97
24199	97
24210	97
24222	97
24234	97
24257	97
24269	97
24281	97
24292	97
24304	97
24316	97
24339	97
24351	97
24363	97
24375	97
24386	97
24410	97
24421	97
24433	97
24445	97
24457	97
24468	97
24492	97
24503	97
24515	97
24527	97
24539	97
24550	97
24574	97
24585	97
24597	97
24609	97
24632	97
24644	97
24656	98
24679	98
24691	98
24703	98
24714	98
24738	98
24750	98
24761	98
24773	98
24785	98
24796	98
24820	98
24832	98
24843	98
24855	98
24867	98
24878	98
24890	98
24914	98
24925	98
24937	98
24949	98
24960	98
24984	98
24996	98
25007	98
25019	98
25031	98
25042	98
25066	98
25078	98
25089	98
25101	98
25113	98
25136	98
25148	98
25160	98
25171	98
25183	98
25195	98
25218	98
25230	98
25242	98
25253	98
25265	98
25277	98
25300	98
25312	98
25324	98
25335	98
25359	99
25371	99
25382	99
25406	99
25417	99
25429	99
25453	99
25464	99
25476	99
25488	99
25500	99
25511	99
25535	99
25546	99
25558	99
25570	99
25582	99
25593	99
25605	99
25628	99
25640	99
25652	99
25664	99
25675	99
25699	99
25710	99
25722	99
25734	99
25746	99
25757	99
25781	99
25792	99
25804	99
25816	99
25828	99
25851	99
25863	99
25875	99
25886	99
25898	99
25921	99
25933	99
25945	99
25957	99
25968	99
25992	99
26003	99
26015	99
26027	99
26039	99
26062	100
26074	100
26085	100
26109	100
26121	100
26132	100
26156	100
26167	100
26179	100
26203	100
26214	100
26226	100
26238	100
26250	100
26273	100
26285	100
26296	100
26308	100
26320	100
26343	100
26355	100
26367	100
26378	100
26390	100
26402	100
26425	100
26437	100
26449	100
26460	100
26472	100
26496	100
26507	100
26519	100
26531	100
26554	100
26566	100
26578	100
26589	100
26613	100
26625	100
26636	100
26648	100
26660	100
26683	100
26695	100
26707	100
26730	100
26742	100
26753	100
26765	100
26777	101
26800	101
26812	101
26824	101
26835	101
26859	101
26871	101
26894	101
26906	101
26929	101
26941	101
26953	101
26964	101
26988	101
27000	101
27011	101
27023	101
27046	101
27058	101
27070	101
27082	101
27093	101
27105	101
27128	101
27140	101
27152	101
27164	101
27187	101
27199	101
27210	101
27222	101
27234	101
27246	101
27269	101
27281	101
27292	101
27304	101
27328	101
27339	101
27351	101
27363	101
27386	101
27398	101
27410	101
27421	101
27433	101
27445	101
27468	101
27480	101
27492	101
27503	102
27515	102
27539	102
27550	102
27562	102
27585	102
27597	102
27609	102
27632	102
27644	102
27667	102
27679	102
27691	102
27714	102
27726	102
27738	102
27750	102
27773	102
27785	102
27796	102
27808	102
27832	102
27843	102
27855	102
27867	102
27890	102
27902	102
27914	102
27925	102
27949	102
27960	102
27972	102
27996	102
28007	102
28019	102
28042	102
28054	102
28066	102
28089	102
28101	102
28113	102
28125	102
28148	102
28160	102
28171	102
28183	102
28207	102
28218	102
28230	102
28242	102
28253	103
28277	103
28289	103
28300	103
28312	103
28335	103
28347	103
28359	103
28382	103
28394	103
28417	103
28429	103
28441	103
28464	103
28476	103
28488	103
28500	103
28523	103
28535	103
28546	103
28558	103
28582	103
28593	103
28605	103
28628	103
28640	103
28652	103
28664	103
28687	103
28699	103
28710	103
28734	103
28746	103
28757	103
28781	103
28792	103
28816	103
28828	103
28839	103
28851	103
28875	103
28886	103
28898	103
28921	103
28933	103
28945	103
28957	103
28980	103
28992	103
29003	103
29015	104
29039	104
29050	104
29062	104
29085	104
29097	104
29121	104
29132	104
29156	104
29167	104
29179	104
29203	104
29214	104
29226	104
29250	104
29261	104
29273	104
29296	104
29308	104
29332	104
29343	104
29367	104
29378	104
29390	104
29402	104
29425	104
29437	104
29449	104
29472	104
29484	104
29507	104
29519	104
29542	104
29554	104
29566	104
29589	104
29601	104
29613	104
29625	104
29648	104
29660	104
29671	104
29683	104
29695	104
29707	104
29730	104
29742	104
29753	104
29765	104
29789	104
29800	105
29812	105
29835	105
29847	105
29859	105
29871	105
29894	105
29906	105
29917	105
29941	105
29953	105
29964	105
29988	105
30000	105
30011	105
30035	105
30046	105
30070	105
30082	105
30105	105
30117	105
30128	105
30152	105
30164	105
30175	105
30199	105
30210	105
30234	105
30246	105
30269	105
30292	105
30304	105
30316	105
30339	105
30351	105
30363	105
30386	105
30398	105
30410	105
30433	105
30445	105
30468	105
30480	105
30492	105
30503	105
30527	105
30539	105
30550	105
30574	105
30585	105
30597	106
30621	106
30632	106
30644	106
30667	106
30679	106
30691	106
30714	106
30726	106
30738	106
30761	106
30773	106
30785	106
30808	106
30820	106
30832	106
30855	106
30867	106
30878	106
30902	106
30914	106
30925	106
30949	106
30960	106
30984	106
30996	106
31019	106
31042	106
31054	106
31078	106
31089	106
31101	106
31125	106
31136	106
31148	106
31171	106
31183	106
31207	106
31218	106
31230	106
31253	106
31265	106
31277	106
31300	106
31312	106
31324	106
31347	106
31359	106
31382	106
31394	106
31406	107
31429	107
31441	107
31464	107
31476	107
31488	107
31511	107
31523	107
31535	107
31558	107
31570	107
31593	107
31605	107
31628	107
31640	107
31652	107
31664	107
31687	107
31699	107
31722	107
31746	107
31757	107
31781	107
31804	107
31816	107
31839	107
31851	107
31863	107
31886	107
31898	107
31910	107
31933	107
31945	107
31968	107
31980	107
31992	107
32003	107
32027	107
32039	107
32062	107
32074	107
32085	107
32109	107
32121	107
32132	107
32144	107
32167	107
32179	107
32191	107
32214	107
32226	108
32250	108
32261	108
32273	108
32296	108
32308	108
32320	108
32343	108
32355	108
32367	108
32390	108
32402	108
32414	108
32437	108
32449	108
32472	108
32496	108
32519	108
32531	108
32554	108
32566	108
32589	108
32601	108
32625	108
32636	108
32648	108
32671	108
32695	108
32707	108
32730	108
32742	108
32765	108
32777	108
32789	108
32812	108
32824	108
32847	108
32859	108
32871	108
32894	108
32906	108
32917	108
32941	108
32953	108
32976	108
32988	108
33011	108
33023	108
33035	108
33046	108
33058	109
33082	109
33093	109
33105	109
33117	109
33140	109
33152	109
33175	109
33187	109
33199	109
33222	109
33234	109
33257	109
33281	109
33292	109
33316	109
33328	109
33351	109
33363	109
33375	109
33398	109
33410	109
33433	109
33445	109
33468	109
33480	109
33503	109
33515	109
33527	109
33550	109
33562	109
33585	109
33597	109
33621	109
33632	109
33656	109
33667	109
33691	109
33703	109
33714	109
33738	109
33750	109
33773	109
33785	109
33796	109
33820	109
33832	109
33855	109
33867	109
33878	109
33902	110
33914	110
33937	110
33949	110
33972	110
33984	110
34007	110
34019	110
34042	110
34054	110
34078	110
34089	110
34113	110
34125	110
34136	110
34160	110
34171	110
34195	110
34207	110
34218	110
34242	110
34253	110
34265	110
34289	110
34300	110
34324	110
34335	110
34347	110
34371	110
34382	110
34406	110
34417	110
34429	110
34453	110
34464	110
34476	110
34500	110
34511	110
34535	110
34546	110
34558	110
34570	110
34582	110
34593	110
34617	110
34628	110
34652	110
34664	110
34675	110
34699	110
34710	111
34734	111
34746	111
34769	111
34781	111
34804	111
34816	111
34839	111
34851	111
34863	111
34886	111
34898	111
34921	111
34945	111
34957	111
34980	111
34992	111
35015	111
35027	111
35039	111
35062	111
35074	111
35097	111
35121	111
35132	111
35156	111
35167	111
35191	111
35203	111
35226	111
35238	111
35261	111
35273	111
35285	111
35308	111
35320	111
35332	111
35355	111
35367	111
35378	111
35402	111
35414	111
35437	111
35449	111
35460	111
35484	111
35496	111
35519	111
35531	111
35554	111
35566	112
35589	112
35601	112
35625	112
35636	112
35648	112
35671	112
35683	112
35707	112
35718	112
35730	112
35753	112
35765	112
35777	112
35800	112
35812	112
35835	112
35847	112
35871	112
35882	112
35906	112
35917	112
35941	112
35953	112
35976	112
35988	112
36000	112
36023	112
36035	112
36046	112
36070	112
36082	112
36093	112
36105	112
36128	112
36140	112
36164	112
36175	112
36199	112
36210	112
36222	112
36246	112
36257	112
36281	112
36292	112
36304	112
36328	112
36339	112
36363	112
36375	112
36398	113
36410	113
36421	113
36445	113
36457	113
36480	113
36492	113
36503	113
36527	113
36539	113
36562	113
36574	113
36585	113
36609	113
36632	113
36644	113
36667	113
36679	113
36703	113
36714	113
36738	113
36750	113
36761	113
36785	113
36796	113
36808	113
36832	113
36843	113
36855	113
36878	113
36890	113
36914	113
36925	113
36949	113
36960	113
36972	113
36996	113
37007	113
37019	113
37042	113
37054	113
37078	113
37089	113
37113	113
37125	113
37136	113
37160	113
37171	113
37183	113
37207	113
37218	114
37242	114
37253	114
37265	114
37289	114
37300	114
37324	114
37335	114
37359	114
37382	114
37394	114
37417	114
37429	114
37453	114
37464	114
37488	114
37500	114
37523	114
37535	114
37546	114
37570	114
37582	114
37593	114
37617	114
37628	114
37652	114
37664	114
37675	114
37699	114
37710	114
37734	114
37746	114
37757	114
37781	114
37792	114
37804	114
37828	114
37839	114
37863	114
37875	114
37898	114
37910	114
37921	114
37945	114
37957	114
37980	114
37992	114
38003	114
38027	114
38039	114
38062	115
38074	115
38097	115
38109	115
38132	115
38156	115
38167	115
38191	115
38203	115
38226	115
38238	115
38261	115
38273	115
38285	115
38308	115
38320	115
38343	115
38355	115
38367	115
38390	115
38402	115
38425	115
38437	115
38449	115
38472	115
38484	115
38507	115
38519	115
38542	115
38554	115
38566	115
38589	115
38601	115
38625	115
38636	115
38660	115
38671	115
38695	115
38707	115
38730	115
38742	115
38753	115
38777	115
38789	115
38812	115
38824	115
38847	115
38871	115
38882	115
38906	115
38929	116
38941	116
38964	116
38976	116
39000	116
39011	116
39023	116
39046	116
39058	116
39082	116
39093	116
39105	116
39128	116
39140	116
39164	116
39175	116
39199	116
39210	116
39222	116
39246	116
39257	116
39281	116
39292	116
39316	116
39328	116
39351	116
39363	116
39386	116
39398	116
39410	116
39433	116
39445	116
39468	116
39480	116
39492	116
39515	116
39527	116
39550	116
39562	116
39585	116
39597	116
39621	116
39644	116
39656	116
39679	116
39703	116
39714	116
39726	116
39750	116
39761	116
39785	117
39796	117
39820	117
39832	117
39855	117
39867	117
39890	117
39902	117
39925	117
39937	117
39960	117
39972	117
39996	117
40007	117
40031	117
40042	117
40066	117
40078	117
40101	117
40113	117
40136	117
40148	117
40171	117
40183	117
40207	117
40218	117
40230	117
40253	117
40265	117
40289	117
40300	117
40324	117
40335	117
40359	117
40382	117
40394	117
40417	117
40429	117
40453	117
40464	117
40488	117
40500	117
40523	117
40535	117
40558	117
40582	117
40593	117
40617	117
40628	117
40640	117
40664	118
40675	118
40699	118
40722	118
40734	118
40757	118
40769	118
40792	118
40816	118
40828	118
40851	118
40863	118
40886	118
40898	118
40921	118
40933	118
40945	118
40968	118
40980	118
41003	118
41015	118
41039	118
41050	118
41074	118
41097	118
41109	118
41132	118
41156	118
41167	118
41191	118
41214	118
41226	118
41250	118
41261	118
41285	118
41308	118
41320	118
41343	118
41367	118
41378	118
41402	118
41414	118
41437	118
41449	118
41472	118
41496	118
41507	118
41531	118
41554	118
41566	118
41589	119
41601	119
41625	119
41636	119
41660	119
41671	119
41683	119
41707	119
41718	119
41730	119
41753	119
41765	119
41789	119
41812	119
41824	119
41847	119
41859	119
41882	119
41894	119
41917	119
41929	119
41953	119
41964	119
41988	119
42000	119
42023	119
42046	119
42058	119
42082	119
42105	119
42117	119
42140	119
42152	119
42175	119
42187	119
42210	119
42234	119
42257	119
42281	119
42304	119
42316	119
42339	119
42351	119
42375	119
42386	119
42410	119
42433	119
42445	119
42468	119
42480	119
42503	120
42515	120
42539	120
42550	120
42574	120
42597	120
42609	120
42632	120
42644	120
42667	120
42679	120
42703	120
42714	120
42738	120
42761	120
42773	120
42796	120
42808	120
42832	120
42843	120
42867	120
42878	120
42902	120
42925	120
42937	120
42960	120
42984	120
43007	120
43019	120
43042	120
43066	120
43089	120
43101	120
43125	120
43136	120
43160	120
43183	120
43195	120
43218	120
43230	120
43253	120
43265	120
43289	120
43312	120
43324	120
43347	120
43359	120
43382	120
43406	120
43417	120
43441	121
43453	121
43476	121
43500	121
43511	121
43535	121
43546	121
43570	121
43593	121
43605	121
43628	121
43640	121
43664	121
43687	121
43699	121
43722	121
43746	121
43769	121
43792	121
43816	121
43839	121
43851	121
43875	121
43886	121
43910	121
43933	121
43945	121
43968	121
43980	121
44003	121
44027	121
44039	121
44062	121
44074	121
44097	121
44109	121
44132	121
44144	121
44167	121
44179	121
44203	121
44226	121
44238	121
44261	121
44285	121
44296	121
44308	121
44332	121
44355	121
44367	121
44390	122
44402	122
44425	122
44449	122
44460	122
44484	122
44519	122
44542	122
44554	122
44578	122
44601	122
44613	122
44636	122
44660	122
44683	122
44695	122
44718	122
44742	122
44753	122
44777	122
44800	122
44812	122
44835	122
44859	122
44871	122
44894	122
44906	122
44929	122
44953	122
44964	122
44988	122
45011	122
45023	122
45046	122
45058	122
45070	122
45093	122
45105	122
45128	122
45140	122
45164	122
45187	122
45199	122
45222	122
45246	122
45269	122
45281	122
45304	122
45328	122
45351	122
45363	123
45386	123
45398	123
45421	123
45445	123
45468	123
45480	123
45503	123
45527	123
45539	123
45562	123
45585	123
45597	123
45621	123
45644	123
45656	123
45679	123
45703	123
45714	123
45738	123
45761	123
45773	123
45796	123
45808	123
45832	123
45855	123
45867	123
45890	123
45902	123
45925	123
45949	123
45972	123
45984	123
46007	123
46031	123
46054	123
46066	123
46089	123
46113	123
46125	123
46148	123
46171	123
46183	123
46207	123
46230	123
46242	123
46265	123
46277	123
46300	123
46324	123
46335	124
46359	124
46382	124
46394	124
46417	124
46441	124
46453	124
46476	124
46500	124
46511	124
46535	124
46546	124
46570	124
46582	124
46605	124
46617	124
46640	124
46664	124
46675	124
46699	124
46722	124
46734	124
46757	124
46781	124
46804	124
46828	124
46839	124
46863	124
46886	124
46898	124
46921	124
46945	124
46968	124
46992	124
47015	124
47027	124
47050	124
47074	124
47097	124
47109	124
47132	124
47156	124
47179	124
47203	124
47214	124
47238	124
47261	124
47285	124
47296	124
47320	124
47332	125
47355	125
47378	125
47390	125
47414	125
47437	125
47449	125
47472	125
47496	125
47519	125
47531	125
47554	125
47578	125
47601	125
47613	125
47636	125
47660	125
47671	125
47695	125
47718	125
47730	125
47753	125
47777	125
47789	125
47812	125
47835	125
47859	125
47871	125
47894	125
47917	125
47941	125
47964	125
47976	125
48000	125
48023	125
48035	125
48058	125
48070	125
48093	125
48105	125
48128	125
48152	125
48164	125
48187	125
48210	125
48222	125
48246	125
48269	125
48292	125
48304	125
48328	126
48351	126
48363	126
48386	126
48410	126
48421	126
48445	126
48468	126
48492	126
48503	126
48527	126
48550	126
48562	126
48585	126
48609	126
48632	126
48656	126
48679	126
48691	126
48714	126
48738	126
48761	126
48773	126
48796	126
48808	126
48832	126
48855	126
48867	126
48890	126
48914	126
48925	126
48949	126
48972	126
48984	126
49007	126
49031	126
49042	126
49066	126
49089	126
49113	126
49125	126
49148	126
49160	126
49183	126
49207	126
49230	126
49242	126
49265	126
49277	126
49300	126
49324	127
49347	127
49371	127
49394	127
49417	127
49429	127
49453	127
49476	127
49500	127
49511	127
49535	127
49558	127
49570	127
49593	127
49605	127
49628	127
49652	127
49675	127
49687	127
49710	127
49734	127
49746	127
49769	127
49792	127
49804	127
49828	127
49851	127
49863	127
49886	127
49910	127
49921	127
49945	127
49968	127
49992	127
50003	127
50027	127
50050	127
50062	127
50085	127
50109	127
50132	127
50156	127
50179	127
50203	127
50226	127
50238	127
50261	127
50285	127
50296	127
50320	127
50343	128
50355	128
50378	128
50402	128
50414	128
50437	128
50460	128
50472	128
50496	128
50519	128
50531	128
50554	128
50578	128
50601	128
50613	128
50636	128
50660	128
50671	128
50695	128
50718	128
50742	128
50753	128
50777	128
50800	128
50812	128
50835	128
50859	128
50882	128
50906	128
50929	128
50953	128
50976	128
50988	128
51011	128
51035	128
51046	128
51070	128
51093	128
51105	128
51128	128
51152	128
51164	128
51187	128
51210	128
51222	128
51246	128
51269	128
51281	128
51304	128
51328	128
51351	129
51363	129
51386	129
51410	129
51421	129
51445	129
51468	129
51480	129
51503	129
51527	129
51539	129
51562	129
51585	129
51609	129
51632	129
51656	129
51679	129
51691	129
51714	129
51738	129
51761	129
51773	129
51796	129
51820	129
51843	129
51855	129
51878	129
51902	129
51914	129
51937	129
51960	129
51984	129
51996	129
52019	129
52042	129
52066	129
52089	129
52101	129
52125	129
52148	129
52160	129
52183	129
52207	129
52218	129
52242	129
52265	129
52289	129
52300	129
52324	129
52347	129
52371	130
52394	130
52417	130
52429	130
52453	130
52476	130
52500	130
52523	130
52535	130
52558	130
52582	130
52605	130
52617	130
52640	130
52664	130
52687	130
52699	130
52722	130
52746	130
52769	130
52792	130
52816	130
52839	130
52851	130
52875	130
52898	130
52921	130
52933	130
52957	130
52980	130
52992	130
53015	130
53039	130
53062	130
53074	130
53097	130
53121	130
53144	130
53167	130
53191	130
53214	130
53238	130
53250	130
53273	130
53296	130
53320	130
53343	130
53367	130
53390	130
53402	130
53425	131
53449	131
53472	131
53496	131
53519	131
53542	131
53566	131
53578	131
53601	131
53625	131
53648	131
53660	131
53683	131
53695	131
53718	131
53730	131
53753	131
53777	131
53800	131
53812	131
53835	131
53859	131
53882	131
53894	131
53917	131
53941	131
53964	131
53988	131
54000	131
54023	131
54046	131
54070	131
54093	131
54117	131
54140	131
54152	131
54175	131
54199	131
54222	131
54246	131
54269	131
54292	131
54316	131
54339	131
54363	131
54386	131
54410	131
54421	131
54445	131
54468	131
54492	132
54503	132
54527	132
54550	132
54574	132
54597	132
54609	132
54632	132
54656	132
54679	132
54703	132
54714	132
54738	132
54761	132
54785	132
54808	132
54820	132
54843	132
54867	132
54890	132
54902	132
54925	132
54949	132
54972	132
54996	132
55019	132
55054	132
55066	132
55089	132
55113	132
55136	132
55160	132
55183	132
55195	132
55218	132
55242	132
55265	132
55289	132
55300	132
55324	132
55347	132
55371	132
55394	132
55406	132
55429	132
55453	132
55476	132
55500	132
55511	132
55535	132
55558	133
55582	133
55605	133
55628	133
55652	133
55664	133
55687	133
55710	133
55746	133
55769	133
55792	133
55816	133
55839	133
55863	133
55886	133
55898	133
55921	133
55945	133
55968	133
55992	133
56015	133
56027	133
56050	133
56074	133
56097	133
56121	133
56132	133
56156	133
56179	133
56203	133
56214	133
56238	133
56261	133
56285	133
56308	133
56320	133
56343	133
56367	133
56390	133
56402	133
56425	133
56449	133
56472	133
56507	133
56531	133
56554	133
56578	133
56601	133
56625	133
56648	133
56671	134
56695	134
56718	134
56742	134
56753	134
56777	134
56800	134
56824	134
56847	134
56871	134
56894	134
56906	134
56929	134
56953	134
56976	134
57000	134
57023	134
57035	134
57058	134
57070	134
57093	134
57117	134
57128	134
57152	134
57175	134
57199	134
57222	134
57246	134
57269	134
57292	134
57316	134
57339	134
57363	134
57386	134
57398	134
57421	134
57457	134
57480	134
57492	134
57515	134
57539	134
57562	134
57585	134
57609	134
57632	134
57656	134
57679	134
57691	134
57714	134
57738	134
57761	135
57785	135
57808	135
57832	135
57843	135
57867	135
57890	135
57914	135
57937	135
57960	135
57984	135
58007	135
58031	135
58054	135
58078	135
58101	135
58125	135
58136	135
58160	135
58183	135
58207	135
58230	135
58253	135
58277	135
58289	135
58312	135
58335	135
58359	135
58382	135
58406	135
58429	135
58441	135
58464	135
58488	135
58511	135
58535	135
58546	135
58570	135
58593	135
58605	135
58628	135
58652	135
58675	135
58699	135
58722	135
58746	135
58769	135
58792	135
58816	135
58839	135
58863	136
58886	136
58910	136
58933	136
58957	136
58980	136
59003	136
59027	136
59050	136
59074	136
59097	136
59121	136
59144	136
59167	136
59191	136
59214	136
59238	136
59261	136
59285	136
59308	136
59332	136
59355	136
59367	136
59390	136
59414	136
59437	136
59460	136
59484	136
59507	136
59531	136
59554	136
59578	136
59601	136
59625	136
59648	136
59671	136
59695	136
59707	136
59730	136
59753	136
59777	136
59800	136
59824	136
59847	136
59871	136
59894	136
59917	136
59941	136
59964	136
59988	136
60011	137
60035	137
60046	137
60070	137
60093	137
60117	137
60128	137
60152	137
60175	137
60199	137
60222	137
60246	137
60269	137
60292	137
60316	137
60339	137
60363	137
60386	137
60410	137
60421	137
60445	137
60468	137
60492	137
60515	137
60539	137
60562	137
60585	137
60609	137
60632	137
60667	137
60691	137
60714	137
60738	137
60750	137
60773	137
60796	137
60820	137
60843	137
60867	137
60890	137
60914	137
60937	137
60949	137
60972	137
60996	137
61019	137
61042	137
61066	137
61089	137
61113	137
61136	138
61160	138
61183	138
61207	138
61230	138
61253	138
61265	138
61289	138
61312	138
61335	138
61371	138
61394	138
61417	138
61441	138
61464	138
61488	138
61511	138
61535	138
61558	138
61582	138
61605	138
61617	138
61640	138
61664	138
61687	138
61710	138
61734	138
61757	138
61781	138
61804	138
61828	138
61851	138
61875	138
61898	138
61921	138
61945	138
61968	138
61992	138
62003	138
62027	138
62050	138
62074	138
62109	138
62132	138
62156	138
62191	138
62214	138
62238	138
62261	138
62273	138
62296	139
62320	139
62343	139
62367	139
62390	139
62414	139
62437	139
62460	139
62484	139
62507	139
62531	139
62554	139
62578	139
62601	139
62625	139
62648	139
62671	139
62695	139
62718	139
62742	139
62765	139
62789	139
62812	139
62835	139
62859	139
62894	139
62917	139
62941	139
62964	139
62988	139
63011	139
63035	139
63058	139
63082	139
63105	139
63128	139
63152	139
63175	139
63199	139
63210	139
63234	139
63257	139
63281	139
63304	139
63328	139
63351	139
63375	139
63398	139
63421	139
63445	139
63468	140
63492	140
63515	140
63539	140
63562	140
63585	140
63609	140
63632	140
63667	140
63691	140
63714	140
63738	140
63761	140
63785	140
63808	140
63832	140
63855	140
63878	140
63902	140
63925	140
63949	140
63972	140
63996	140
64019	140
64042	140
64066	140
64089	140
64113	140
64136	140
64160	140
64183	140
64207	140
64230	140
64253	140
64277	140
64300	140
64324	140
64347	140
64371	140
64394	140
64429	140
64453	140
64476	140
64500	140
64523	140
64546	140
64570	140
64593	140
64617	140
64640	140
64664	141
64687	141
64710	141
64734	141
64757	141
64781	141
64804	141
64828	141
64851	141
64875	141
64898	141
64921	141
64945	141
64968	141
64992	141
65015	141
65039	141
65062	141
65085	141
65121	141
65144	141
65167	141
65191	141
65214	141
65238	141
65261	141
65296	141
65320	141
65343	141
65367	141
65390	141
65414	141
65437	141
65460	141
65496	141
65519	141
65542	141
65566	141
65589	141
65613	141
65636	141
65660	141
65683	141
65707	141
65718	141
65742	141
65765	141
65789	141
65812	141
65835	141
65859	142
65882	142
65906	142
65929	142
65964	142
65988	142
66011	142
66035	142
66058	142
66082	142
66105	142
66128	142
66152	142
66175	142
66199	142
66234	142
66257	142
66292	142
66316	142
66339	142
66363	142
66386	142
66410	142
66433	142
66457	142
66480	142
66503	142
66527	142
66550	142
66574	142
66597	142
66621	142
66644	142
66667	142
66691	142
66714	142
66738	142
66761	142
66785	142
66808	142
66843	142
66867	142
66890	142
66914	142
66937	142
66960	142
66984	142
67019	142
67042	142
67066	142
67089	143
67113	143
67136	143
67171	143
67195	143
67218	143
67242	143
67265	143
67289	143
67312	143
67335	143
67359	143
67382	143
67406	143
67429	143
67453	143
67488	143
67511	143
67535	143
67558	143
67582	143
67605	143
67628	143
67652	143
67675	143
67699	143
67734	143
67757	143
67792	143
67816	143
67839	143
67863	143
67886	143
67910	143
67945	143
67968	143
67992	143
68003	143
68039	143
68062	143
68085	143
68109	143
68121	143
68144	143
68167	143
68191	143
68214	143
68250	143
68273	143
68285	143
68308	144
68332	144
68355	144
68378	144
68402	144
68425	144
68460	144
68484	144
68519	144
68542	144
68578	144
68601	144
68625	144
68648	144
68671	144
68707	144
68730	144
68753	144
68777	144
68800	144
68824	144
68847	144
68882	144
68906	144
68929	144
68953	144
68976	144
69000	144
69023	144
69046	144
69058	144
69082	144
69105	144
69128	144
69152	144
69175	144
69199	144
69234	144
69257	144
69281	144
69304	144
69339	144
69363	144
69386	144
69410	144
69433	144
69457	144
69480	144
69503	144
69539	144
69562	145
69585	145
69609	145
69632	145
69656	145
69679	145
69714	145
69738	145
69761	145
69785	145
69808	145
69832	145
69855	145
69878	145
69902	145
69925	145
69949	145
69972	145
70007	145
70031	145
70054	145
70078	145
70101	145
70136	145
70160	145
70183	145
70207	145
70230	145
70253	145
70277	145
70300	145
70324	145
70347	145
70371	145
70406	145
70429	145
70453	145
70476	145
70500	145
70523	145
70546	145
70570	145
70582	145
70605	145
70628	145
70664	145
70687	145
70710	145
70734	145
70757	145
70792	146
70816	146
70839	146
70863	146
70886	146
70921	146
70945	146
70980	146
71003	146
71027	146
71050	146
71074	146
71097	146
71132	146
71156	146
71179	146
71214	146
71238	146
71261	146
71285	146
71308	146
71332	146
71355	146
71378	146
71402	146
71425	146
71449	146
71472	146
71507	146
71531	146
71554	146
71578	146
71601	146
71636	146
71660	146
71683	146
71707	146
71730	146
71753	146
71777	146
71800	146
71824	146
71859	146
71882	146
71906	146
71929	146
71964	146
71988	146
72011	146
72035	146
72058	147
72082	147
72105	147
72128	147
72152	147
72175	147
72199	147
72222	147
72257	147
72281	147
72304	147
72328	147
72351	147
72375	147
72410	147
72433	147
72457	147
72480	147
72503	147
72527	147
72550	147
72574	147
72609	147
72632	147
72667	147
72691	147
72714	147
72738	147
72761	147
72785	147
72808	147
72832	147
72855	147
72890	147
72914	147
72937	147
72960	147
72984	147
73007	147
73031	147
73054	147
73089	147
73113	147
73136	147
73160	147
73183	147
73207	147
73230	147
73253	147
73277	147
73312	148
73335	148
73359	148
73394	148
73417	148
73453	148
73476	148
73500	148
73523	148
73546	148
73570	148
73593	148
73617	148
73640	148
73664	148
73699	148
73722	148
73746	148
73769	148
73792	148
73816	148
73839	148
73863	148
73886	148
73921	148
73945	148
73968	148
73992	148
74015	148
74039	148
74062	148
74097	148
74121	148
74156	148
74179	148
74203	148
74238	148
74261	148
74285	148
74308	148
74332	148
74355	148
74378	148
74402	148
74437	148
74460	148
74484	148
74507	148
74531	148
74554	148
74578	149
74613	149
74636	149
74660	149
74683	149
74707	149
74730	149
74765	149
74789	149
74812	149
74835	149
74871	149
74894	149
74929	149
74953	149
74976	149
75000	149
75023	149
75058	149
75082	149
75105	149
75128	149
75152	149
75175	149
75199	149
75222	149
75246	149
75269	149
75292	149
75328	149
75351	149
75375	149
75398	149
75421	149
75445	149
75468	149
75492	149
75527	149
75550	149
75574	149
75597	149
75632	149
75656	149
75679	149
75714	149
75738	149
75761	149
75785	149
75808	149
75843	149
75867	150
75890	150
75914	150
75937	150
75960	150
75996	150
76019	150
76042	150
76078	150
76101	150
76125	150
76148	150
76171	150
76195	150
76218	150
76242	150
76277	150
76300	150
76324	150
76347	150
76382	150
76406	150
76429	150
76464	150
76488	150
76511	150
76535	150
76558	150
76593	150
76617	150
76640	150
76664	150
76687	150
76722	150
76746	150
76769	150
76804	150
76828	150
76851	150
76875	150
76910	150
76933	150
76957	150
76980	150
77003	150
77027	150
77062	150
77085	150
77109	150
77144	150
77167	151
77203	151
77226	151
77250	151
77273	151
77308	151
77332	151
77367	151
77390	151
77414	151
77437	151
77472	151
77496	151
77531	151
77554	151
77578	151
77601	151
77636	151
77660	151
77683	151
77695	151
77718	151
77742	151
77777	151
77800	151
77824	151
77847	151
77871	151
77906	151
77929	151
77953	151
77988	151
78011	151
78035	151
78058	151
78093	151
78117	151
78140	151
78164	151
78199	151
78222	151
78257	151
78292	151
78316	151
78351	151
78375	151
78398	151
78421	151
78457	151
78480	151
78503	152
78527	152
78550	152
78585	152
78609	152
78632	152
78656	152
78691	152
78714	152
78738	152
78761	152
78796	152
78820	152
78843	152
78867	152
78890	152
78925	152
78949	152
78984	152
79007	152
79042	152
79066	152
79101	152
79125	152
79148	152
79183	152
79207	152
79230	152
79253	152
79289	152
79312	152
79335	152
79359	152
79394	152
79417	152
79441	152
79464	152
79500	152
79523	152
79546	152
79582	152
79605	152
79628	152
79652	152
79687	152
79710	152
79746	152
79781	152
79804	152
79839	152
79863	153
79886	153
79910	153
79945	153
79968	153
79992	153
80015	153
80050	153
80074	153
80097	153
80121	153
80144	153
80167	153
80203	153
80226	153
80250	153
80285	153
80308	153
80332	153
80355	153
80378	153
80402	153
80437	153
80460	153
80496	153
80531	153
80566	153
80589	153
80613	153
80648	153
80671	153
80707	153
80742	153
80765	153
80789	153
80824	153
80847	153
80871	153
80894	153
80929	153
80953	153
80976	153
81011	153
81035	153
81058	153
81082	153
81105	153
81128	153
81152	153
81175	153
81210	154
81234	154
81269	154
81292	154
81328	154
81351	154
81375	154
81410	154
81433	154
81457	154
81492	154
81515	154
81539	154
81574	154
81597	154
81621	154
81656	154
81679	154
81703	154
81738	154
81761	154
81785	154
81808	154
81843	154
81867	154
81890	154
81914	154
81949	154
81972	154
82007	154
82031	154
82066	154
82089	154
82113	154
82148	154
82171	154
82195	154
82218	154
82253	154
82277	154
82300	154
82335	154
82359	154
82382	154
82417	154
82441	154
82464	154
82500	154
82523	154
82546	154
82570	155
82593	155
82617	155
82640	155
82675	155
82699	155
82722	155
82757	155
82792	155
82816	155
82839	155
82875	155
82898	155
82933	155
82968	155
82992	155
83015	155
83050	155
83074	155
83109	155
83132	155
83167	155
83191	155
83226	155
83250	155
83273	155
83308	155
83332	155
83355	155
83378	155
83414	155
83437	155
83460	155
83496	155
83519	155
83554	155
83578	155
83601	155
83636	155
83660	155
83683	155
83718	155
83742	155
83765	155
83789	155
83824	155
83847	155
83882	155
83906	155
83941	155
83964	156
83988	156
84023	156
84046	156
84070	156
84093	156
84117	156
84152	156
84175	156
84199	156
84234	156
84257	156
84281	156
84316	156
84339	156
84375	156
84398	156
84421	156
84457	156
84480	156
84503	156
84539	156
84562	156
84585	156
84621	156
84656	156
84679	156
84714	156
84738	156
84773	156
84796	156
84820	156
84843	156
84878	156
84902	156
84925	156
84960	156
84984	156
85007	156
85042	156
85066	156
85089	156
85125	156
85148	156
85171	156
85207	156
85230	156
85253	156
85289	156
85312	156
85347	157
85371	157
85406	157
85441	157
85464	157
85488	157
85523	157
85546	157
85570	157
85593	157
85628	157
85652	157
85675	157
85710	157
85734	157
85757	157
85792	157
85816	157
85839	157
85875	157
85898	157
85921	157
85957	157
85980	157
86003	157
86039	157
86062	157
86097	157
86132	157
86156	157
86191	157
86214	157
86250	157
86273	157
86308	157
86332	157
86355	157
86378	157
86414	157
86437	157
86472	157
86496	157
86519	157
86554	157
86578	157
86613	157
86636	157
86660	157
86695	157
86718	157
86753	158
86777	158
86800	158
86835	158
86871	158
86906	158
86929	158
86964	158
86988	158
87023	158
87046	158
87070	158
87093	158
87128	158
87152	158
87187	158
87210	158
87234	158
87269	158
87292	158
87316	158
87351	158
87375	158
87398	158
87433	158
87457	158
87480	158
87503	158
87539	158
87562	158
87597	158
87621	158
87656	158
87691	158
87714	158
87738	158
87773	158
87796	158
87832	158
87855	158
87878	158
87914	158
87937	158
87972	158
87996	158
88031	158
88054	158
88089	158
88113	158
88136	158
88171	159
88195	159
88218	159
88253	159
88277	159
88312	159
88335	159
88371	159
88394	159
88429	159
88453	159
88488	159
88511	159
88546	159
88570	159
88605	159
88628	159
88652	159
88687	159
88710	159
88746	159
88781	159
88804	159
88839	159
88863	159
88886	159
88921	159
88945	159
88980	159
89003	159
89027	159
89062	159
89085	159
89121	159
89156	159
89179	159
89214	159
89238	159
89273	159
89308	159
89332	159
89367	159
89390	159
89425	159
89449	159
89484	159
89519	159
89542	159
89578	159
89601	159
89625	160
89660	160
89683	160
89707	160
89730	160
89753	160
89789	160
89812	160
89847	160
89871	160
89894	160
89929	160
89953	160
89988	160
90011	160
90046	160
90070	160
90105	160
90128	160
90164	160
90187	160
90222	160
90257	160
90292	160
90328	160
90351	160
90375	160
90410	160
90433	160
90468	160
90492	160
90527	160
90550	160
90585	160
90609	160
90644	160
90667	160
90691	160
90726	160
90761	160
90785	160
90808	160
90843	160
90867	160
90902	160
90925	160
90960	160
90996	160
91031	160
91066	160
91089	161
91113	161
91148	161
91183	161
91207	161
91242	161
91265	161
91300	161
91324	161
91347	161
91382	161
91417	161
91441	161
91464	161
91500	161
91523	161
91558	161
91593	161
91617	161
91640	161
91675	161
91710	161
91746	161
91781	161
91816	161
91839	161
91863	161
91898	161
91921	161
91957	161
91980	161
92015	161
92039	161
92074	161
92097	161
92121	161
92156	161
92179	161
92203	161
92238	161
92261	161
92296	161
92320	161
92343	161
92378	161
92402	161
92437	161
92460	161
92507	161
92542	161
92578	162
92601	162
92625	162
92660	162
92695	162
92730	162
92753	162
92789	162
92812	162
92847	162
92871	162
92906	162
92929	162
92964	162
92988	162
93023	162
93046	162
93070	162
93093	162
93128	162
93152	162
93187	162
93210	162
93246	162
93281	162
93304	162
93339	162
93363	162
93398	162
93433	162
93457	162
93492	162
93515	162
93550	162
93574	162
93609	162
93632	162
93667	162
93691	162
93726	162
93761	162
93785	162
93808	162
93843	162
93867	162
93890	162
93925	162
93949	162
93984	162
94019	162
94054	163
94078	163
94113	163
94136	163
94171	163
94195	163
94230	163
94253	163
94277	163
94312	163
94335	163
94371	163
94394	163
94429	163
94453	163
94488	163
94511	163
94546	163
94570	163
94593	163
94617	163
94652	163
94675	163
94710	163
94734	163
94769	163
94804	163
94839	163
94863	163
94898	163
94921	163
94957	163
94992	163
95027	163
95050	163
95085	163
95121	163
95156	163
95179	163
95214	163
95238	163
95273	163
95296	163
95332	163
95355	163
95390	163
95414	163
95449	163
95472	163
95507	163
95542	164
95566	164
95601	164
95625	164
95660	164
95683	164
95718	164
95742	164
95777	164
95800	164
95835	164
95859	164
95894	164
95929	164
95953	164
95988	164
96011	164
96046	164
96070	164
96093	164
96128	164
96152	164
96187	164
96210	164
96246	164
96269	164
96304	164
96328	164
96363	164
96386	164
96421	164
96445	164
96480	164
96503	164
96527	164
96562	164
96597	164
96621	164
96656	164
96691	164
96726	164
96750	164
96785	164
96808	164
96832	164
96867	164
96890	164
96925	164
96949	164
96984	164
97007	165
97042	165
97066	165
97101	165
97136	165
97160	165
97183	165
97218	165
97242	165
97277	165
97300	165
97335	165
97371	165
97406	165
97441	165
97464	165
97500	165
97523	165
97558	165
97582	165
97605	165
97640	165
97675	165
97699	165
97722	165
97757	165
97781	165
97816	165
97839	165
97875	165
97910	165
97933	165
97957	165
97992	165
98015	165
98050	165
98085	165
98121	165
98144	165
98179	165
98214	165
98238	165
98273	165
98296	165
98332	165
98355	165
98390	165
98414	165
98449	165
98472	165
98507	166
98531	166
98566	166
98589	166
98625	166
98648	166
98683	166
98707	166
98742	166
98765	166
98800	166
98824	166
98859	166
98894	166
98929	166
98964	166
98988	166
99023	166
99046	166
99082	166
99105	166
99140	166
99164	166
99199	166
99222	166
99257	166
99281	166
99316	166
99339	166
99375	166
99410	166
99433	166
99457	166
99492	166
99515	166
99550	166
99585	166
99621	166
99644	166
99679	166
99714	166
99738	166
99773	166
99808	166
99832	166
99867	166
99890	166
99925	166
99960	166
99984	166
100019	167
100054	167
100078	167
100113	167
100148	167
100171	167
100195	167
100230	167
100253	167
100289	167
100324	167
100347	167
100382	167
100417	167
100453	167
100476	167
100511	167
100535	167
100570	167
100605	167
100628	167
100664	167
100687	167
100722	167
100757	167
100781	167
100816	167
100851	167
100875	167
100910	167
100933	167
100968	167
100992	167
101027	167
101062	167
101085	167
101121	167
101156	167
101191	167
101226	167
101250	167
101285	167
101320	167
101355	167
101378	167
101414	167
101449	167
101472	167
101507	167
101542	167
101578	168
101601	168
101636	168
101660	168
101695	168
101718	168
101742	168
101777	168
101812	168
101835	168
101871	168
101894	168
101929	168
101964	168
101988	168
102023	168
102058	168
102082	168
102117	168
102152	168
102175	168
102210	168
102246	168
102281	168
102316	168
102351	168
102375	168
102410	168
102445	168
102468	168
102503	168
102527	168
102562	168
102585	168
102621	168
102656	168
102679	168
102714	168
102750	168
102773	168
102808	168
102832	168
102867	168
102890	168
102925	168
102960	168
102996	168
103031	168
103066	168
103101	168
103125	169
103160	169
103195	169
103230	169
103253	169
103289	169
103312	169
103347	169
103382	169
103406	169
103441	169
103476	169
103500	169
103535	169
103570	169
103605	169
103628	169
103664	169
103687	169
103734	169
103769	169
103804	169
103839	169
103863	169
103898	169
103933	169
103957	169
103992	169
104027	169
104050	169
104085	169
104109	169
104144	169
104167	169
104203	169
104238	169
104261	169
104296	169
104320	169
104355	169
104378	169
104414	169
104449	169
104484	169
104519	169
104554	169
104589	169
104613	169
104648	169
104683	169
104718	170
104753	170
104789	170
104812	170
104847	170
104882	170
104906	170
104941	170
104964	170
105000	170
105035	170
105058	170
105082	170
105117	170
105140	170
105175	170
105210	170
105234	170
105269	170
105304	170
105339	170
105375	170
105398	170
105433	170
105468	170
105503	170
105527	170
105562	170
105597	170
105632	170
105656	170
105691	170
105726	170
105761	170
105785	170
105820	170
105843	170
105878	170
105914	170
105937	170
105972	170
106007	170
106042	170
106078	170
106101	170
106136	170
106171	170
106195	170
106230	170
106265	170
106289	171
106324	171
106359	171
106382	171
106417	171
106453	171
106476	171
106511	171
106535	171
106570	171
106593	171
106617	171
106652	171
106687	171
106710	171
106746	171
106781	171
106816	171
106851	171
106886	171
106910	171
106957	171
106992	171
107015	171
107050	171
107085	171
107121	171
107156	171
107191	171
107214	171
107250	171
107285	171
107308	171
107343	171
107378	171
107402	171
107437	171
107472	171
107507	171
107531	171
107566	171
107601	171
107636	171
107660	171
107695	171
107730	171
107753	171
107789	171
107824	171
107859	171
107882	172
107917	172
107953	172
107988	172
108011	172
108046	172
108070	172
108105	172
108128	172
108164	172
108199	172
108222	172
108257	172
108292	172
108316	172
108351	172
108386	172
108410	172
108445	172
108480	172
108503	172
108539	172
108574	172
108609	172
108644	172
108679	172
108703	172
108738	172
108773	172
108796	172
108832	172
108855	172
108890	172
108925	172
108949	172
108984	172
109019	172
109042	172
109078	172
109113	172
109148	172
109171	172
109207	172
109230	172
109265	172
109300	172
109335	172
109371	172
109406	172
109441	172
109476	173
109500	173
109535	173
109570	173
109593	173
109628	173
109652	173
109687	173
109722	173
109746	173
109781	173
109816	173
109851	173
109875	173
109910	173
109945	173
109968	173
110003	173
110039	173
110074	173
110109	173
110144	173
110179	173
110214	173
110238	173
110273	173
110308	173
110332	173
110367	173
110402	173
110425	173
110460	173
110496	173
110519	173
110554	173
110589	173
110625	173
110648	173
110683	173
110718	173
110742	173
110777	173
110812	173
110847	173
110882	173
110917	173
110953	173
110976	173
111011	173
111046	173
111070	174
111105	174
111140	174
111164	174
111199	174
111234	174
111257	174
111292	174
111328	174
111351	174
111386	174
111421	174
111445	174
111480	174
111515	174
111539	174
111574	174
111609	174
111644	174
111679	174
111714	174
111750	174
111785	174
111820	174
111843	174
111878	174
111914	174
111949	174
111972	174
112007	174
112042	174
112078	174
112113	174
112148	174
112171	174
112207	174
112230	174
112265	174
112300	174
112335	174
112371	174
112406	174
112441	174
112464	174
112500	174
112535	174
112570	174
112593	174
112628	174
112664	174
112699	175
112722	175
112757	175
112792	175
112828	175
112863	175
112886	175
112921	175
112957	175
112980	175
113015	175
113050	175
113085	175
113109	175
113156	175
113191	175
113214	175
113250	175
113285	175
113320	175
113355	175
113390	175
113425	175
113449	175
113484	175
113531	175
113554	175
113589	175
113625	175
113660	175
113683	175
113707	175
113742	175
113777	175
113800	175
113835	175
113871	175
113894	175
113929	175
113964	175
114000	175
114035	175
114070	175
114105	175
114128	175
114164	175
114199	175
114234	175
114281	175
114316	175
114351	176
114375	176
114410	176
114445	176
114480	176
114503	176
114539	176
114574	176
114597	176
114632	176
114667	176
114703	176
114738	176
114761	176
114796	176
114832	176
114867	176
114890	176
114925	176
114960	176
114996	176
115042	176
115078	176
115101	176
115136	176
115171	176
115207	176
115230	176
115265	176
115300	176
115335	176
115359	176
115394	176
115429	176
115464	176
115488	176
115523	176
115558	176
115593	176
115628	176
115652	176
115687	176
115722	176
115769	176
115804	176
115839	176
115875	176
115898	176
115933	176
115968	176
115992	177
116027	177
116062	177
116097	177
116121	177
116156	177
116179	177
116214	177
116250	177
116285	177
116308	177
116343	177
116378	177
116402	177
116437	177
116472	177
116519	177
116554	177
116589	177
116625	177
116660	177
116695	177
116730	177
116765	177
116789	177
116824	177
116859	177
116894	177
116917	177
116953	177
116988	177
117023	177
117046	177
117070	177
117105	177
117128	177
117164	177
117199	177
117234	177
117269	177
117304	177
117339	177
117375	177
117398	177
117433	177
117468	177
117503	177
117539	177
117562	177
117597	177
117632	178
117667	178
117703	178
117726	178
117761	178
117796	178
117820	178
117855	178
117890	178
117914	178
117949	178
117984	178
118019	178
118054	178
118089	178
118125	178
118148	178
118183	178
118218	178
118253	178
118277	178
118312	178
118347	178
118371	178
118406	178
118441	178
118476	178
118511	178
118535	178
118558	178
118593	178
118617	178
118652	178
118687	178
118710	178
118746	178
118781	178
118816	178
118851	178
118886	178
118921	178
118957	178
118992	178
119027	178
119062	178
119097	178
119132	178
119167	178
119203	178
119226	178
119261	179
119296	179
119320	179
119355	179
119390	179
119425	179
119449	179
119484	179
119519	179
119554	179
119589	179
119625	179
119648	179
119683	179
119718	179
119753	179
119777	179
119812	179
119847	179
119882	179
119917	179
119941	179
119976	179
120011	179
120046	179
120070	179
120093	179
120128	179
120164	179
120199	179
120222	179
120257	179
120292	179
120316	179
120351	179
120386	179
120421	179
120445	179
120480	179
120515	179
120539	179
120574	179
120609	179
120644	179
120679	179
120714	179
120750	179
120785	179
120808	179
120843	179
120867	180
120902	180
120937	180
120960	180
120996	180
121031	180
121066	180
121089	180
121125	180
121160	180
121183	180
121218	180
121253	180
121289	180
121312	180
121347	180
121394	180
121429	180
121464	180
121488	180
121523	180
121558	180
121582	180
121617	180
121640	180
121675	180
121710	180
121746	180
121769	180
121804	180
121839	180
121875	180
121898	180
121933	180
121968	180
121992	180
122027	180
122062	180
122097	180
122132	180
122167	180
122203	180
122238	180
122261	180
122296	180
122332	180
122355	180
122390	180
122425	180
122449	180
122484	181
122519	181
122542	181
122578	181
122613	181
122648	181
122671	181
122707	181
122742	181
122777	181
122800	181
122835	181
122871	181
122917	181
122953	181
122976	181
123011	181
123046	181
123070	181
123105	181
123128	181
123164	181
123199	181
123234	181
123257	181
123292	181
123328	181
123363	181
123386	181
123421	181
123445	181
123480	181
123515	181
123550	181
123574	181
123609	181
123644	181
123679	181
123714	181
123750	181
123785	181
123820	181
123843	181
123878	181
123914	181
123949	181
123972	181
124007	181
124042	181
124078	181
124113	182
124136	182
124171	182
124207	182
124230	182
124265	182
124300	182
124324	182
124359	182
124394	182
124429	182
124464	182
124500	182
124523	182
124558	182
124593	182
124628	182
124652	182
124687	182
124722	182
124757	182
124792	182
124816	182
124851	182
124886	182
124910	182
124945	182
124980	182
125003	182
125039	182
125074	182
125109	182
125144	182
125179	182
125214	182
125238	182
125273	182
125308	182
125355	182
125378	182
125414	182
125449	182
125484	182
125519	182
125554	182
125578	182
125613	182
125648	182
125671	182
125695	182
125730	183
125753	183
125789	183
125824	183
125859	183
125882	183
125917	183
125953	183
125988	183
126011	183
126046	183
126082	183
126117	183
126152	183
126175	183
126210	183
126257	183
126292	183
126328	183
126351	183
126386	183
126421	183
126457	183
126480	183
126515	183
126539	183
126574	183
126609	183
126632	183
126667	183
126703	183
126738	183
126761	183
126796	183
126832	183
126855	183
126890	183
126925	183
126949	183
126996	183
127031	183
127066	183
127101	183
127125	183
127160	183
127195	183
127230	183
127253	183
127289	183
127324	183
127347	184
127382	184
127417	184
127441	184
127476	184
127511	184
127546	184
127570	184
127605	184
127640	184
127664	184
127699	184
127746	184
127781	184
127816	184
127851	184
127875	184
127910	184
127945	184
127980	184
128003	184
128039	184
128074	184
128097	184
128132	184
128156	184
128191	184
128226	184
128250	184
128285	184
128308	184
128343	184
128378	184
128402	184
128437	184
128472	184
128507	184
128554	184
128589	184
128613	184
128648	184
128683	184
128718	184
128753	184
128777	184
128812	184
128847	184
128871	184
128906	184
128929	184
128964	185
129000	185
129035	185
129058	185
129082	185
129105	185
129140	185
129175	185
129199	185
129234	185
129269	185
129304	185
129339	185
129363	185
129398	185
129433	185
129468	185
129492	185
129527	185
129562	185
129597	185
129621	185
129656	185
129691	185
129714	185
129750	185
129785	185
129808	185
129843	185
129878	185
129902	185
129937	185
129972	185
130007	185
130042	185
130066	185
130101	185
130136	185
130160	185
130195	185
130230	185
130253	185
130289	185
130324	185
130347	185
130382	185
130417	185
130441	185
130476	185
130511	185
130535	186
130558	186
130582	186
130617	186
130652	186
130675	186
130710	186
130746	186
130781	186
130816	186
130839	186
130875	186
130910	186
130945	186
130980	186
131003	186
131039	186
131074	186
131109	186
131144	186
131179	186
131203	186
131238	186
131273	186
131296	186
131332	186
131355	186
131390	186
131414	186
131449	186
131484	186
131507	186
131542	186
131578	186
131613	186
131636	186
131671	186
131707	186
131730	186
131765	186
131789	186
131824	186
131859	186
131894	186
131917	186
131953	186
131988	186
132011	186
132046	186
132070	186
132105	187
132128	187
132164	187
132187	187
132222	187
132257	187
132281	187
132316	187
132351	187
132375	187
132410	187
132433	187
132468	187
132503	187
132527	187
132562	187
132597	187
132632	187
132667	187
132691	187
132726	187
132761	187
132785	187
132820	187
132843	187
132878	187
132902	187
132937	187
132972	187
132996	187
133031	187
133054	187
133089	187
133125	187
133148	187
133183	187
133207	187
133242	187
133277	187
133300	187
133335	187
133371	187
133406	187
133441	187
133464	187
133500	187
133535	187
133558	187
133593	187
133617	187
133652	188
133675	188
133710	188
133734	188
133769	188
133792	188
133828	188
133863	188
133886	188
133921	188
133945	188
133980	188
134015	188
134039	188
134074	188
134109	188
134144	188
134179	188
134214	188
134238	188
134273	188
134296	188
134332	188
134355	188
134390	188
134414	188
134449	188
134484	188
134507	188
134542	188
134578	188
134601	188
134636	188
134660	188
134695	188
134730	188
134753	188
134789	188
134824	188
134859	188
134894	188
134929	188
134953	188
134988	188
135023	188
135046	188
135082	188
135105	188
135128	188
135164	188
135199	189
135222	189
135257	189
135281	189
135316	189
135351	189
135375	189
135410	189
135433	189
135468	189
135492	189
135527	189
135550	189
135585	189
135621	189
135656	189
135691	189
135714	189
135750	189
135785	189
135808	189
135843	189
135878	189
135902	189
135937	189
135960	189
135996	189
136031	189
136066	189
136089	189
136125	189
136148	189
136183	189
136207	189
136242	189
136265	189
136300	189
136335	189
136359	189
136394	189
136429	189
136464	189
136488	189
136523	189
136558	189
136582	189
136617	189
136640	189
136675	189
136710	189
136746	190
136769	190
136804	190
136839	190
136863	190
136898	190
136933	190
136957	190
136992	190
137015	190
137050	190
137074	190
137109	190
137144	190
137179	190
137214	190
137238	190
137273	190
137308	190
137343	190
137378	190
137402	190
137437	190
137472	190
137507	190
137542	190
137566	190
137601	190
137625	190
137660	190
137683	190
137707	190
137742	190
137765	190
137800	190
137824	190
137859	190
137894	190
137917	190
137953	190
137988	190
138011	190
138046	190
138082	190
138117	190
138140	190
138175	190
138199	190
138234	190
138281	190
138304	191
138339	191
138375	191
138398	191
138433	191
138457	191
138492	191
138527	191
138550	191
138585	191
138609	191
138644	191
138667	191
138703	191
138738	191
138761	191
138796	191
138820	191
138855	191
138890	191
138914	191
138949	191
138984	191
139019	191
139054	191
139089	191
139113	191
139148	191
139183	191
139207	191
139242	191
139265	191
139300	191
139335	191
139359	191
139394	191
139417	191
139453	191
139488	191
139511	191
139546	191
139582	191
139617	191
139640	191
139664	191
139699	191
139734	191
139781	191
139816	191
139839	191
139875	192
139898	192
139933	192
139968	192
139992	192
140027	192
140050	192
140085	192
140109	192
140144	192
140167	192
140203	192
140226	192
140261	192
140285	192
140320	192
140343	192
140378	192
140402	192
140437	192
140472	192
140507	192
140542	192
140578	192
140613	192
140636	192
140671	192
140707	192
140742	192
140765	192
140800	192
140835	192
140859	192
140894	192
140917	192
140953	192
140988	192
141011	192
141046	192
141070	192
141093	192
141117	192
141152	192
141187	192
141210	192
141246	192
141281	192
141316	192
141339	192
141375	192
141410	193
141433	193
141468	193
141503	193
141527	193
141562	193
141597	193
141621	193
141656	193
141691	193
141714	193
141750	193
141785	193
141808	193
141843	193
141867	193
141902	193
141925	193
141960	193
141996	193
142031	193
142054	193
142089	193
142125	193
142148	193
142183	193
142207	193
142242	193
142277	193
142300	193
142335	193
142359	193
142394	193
142429	193
142453	193
142488	193
142511	193
142546	193
142570	193
142593	193
142617	193
142652	193
142687	193
142710	193
142746	193
142781	193
142816	193
142839	193
142875	193
142910	193
142945	194
142980	194
143003	194
143039	194
143074	194
143097	194
143132	194
143167	194
143203	194
143238	194
143261	194
143296	194
143320	194
143355	194
143378	194
143414	194
143437	194
143472	194
143507	194
143542	194
143566	194
143601	194
143625	194
143660	194
143695	194
143718	194
143753	194
143777	194
143812	194
143847	194
143882	194
143906	194
143941	194
143976	194
144000	194
144035	194
144058	194
144082	194
144117	194
144152	194
144175	194
144210	194
144234	194
144269	194
144304	194
144328	194
144363	194
144398	194
144421	194
144457	194
144480	195
144515	195
144550	195
144574	195
144609	195
144644	195
144679	195
144714	195
144738	195
144773	195
144796	195
144832	195
144855	195
144890	195
144914	195
144949	195
144984	195
145007	195
145042	195
145066	195
145101	195
145136	195
145160	195
145195	195
145218	195
145253	195
145289	195
145312	195
145347	195
145382	195
145417	195
145453	195
145476	195
145511	195
145546	195
145570	195
145593	195
145628	195
145664	195
145687	195
145722	195
145746	195
145781	195
145804	195
145839	195
145875	195
145898	195
145933	195
145968	195
145992	195
146027	196
146050	196
146085	196
146121	196
146156	196
146191	196
146226	196
146250	196
146285	196
146320	196
146343	196
146378	196
146402	196
146437	196
146460	196
146496	196
146531	196
146554	196
146589	196
146625	196
146648	196
146683	196
146718	196
146742	196
146777	196
146800	196
146835	196
146871	196
146906	196
146941	196
146976	196
147011	196
147035	196
147070	196
147093	196
147128	196
147152	196
147187	196
147210	196
147246	196
147281	196
147304	196
147339	196
147363	196
147398	196
147433	196
147457	196
147492	196
147515	196
147550	196
147574	197
147609	197
147644	197
147679	197
147714	197
147738	197
147773	197
147808	197
147843	197
147867	197
147902	197
147925	197
147960	197
147996	197
148031	197
148054	197
148089	197
148125	197
148148	197
148183	197
148207	197
148242	197
148265	197
148300	197
148335	197
148359	197
148394	197
148429	197
148464	197
148500	197
148523	197
148558	197
148593	197
148617	197
148652	197
148675	197
148710	197
148746	197
148781	197
148816	197
148839	197
148875	197
148910	197
148933	197
148968	197
148992	197
149027	197
149050	197
149085	197
149121	197
149156	198
149191	198
149226	198
149250	198
149285	198
149320	198
149355	198
149390	198
149414	198
149449	198
149484	198
149519	198
149554	198
149578	198
149613	198
149648	198
149671	198
149695	198
149730	198
149753	198
149789	198
149824	198
149847	198
149882	198
149906	198
149941	198
149976	198
150000	198
150035	198
150070	198
150105	198
150140	198
150164	198
150199	198
150234	198
150269	198
150304	198
150339	198
150375	198
150398	198
150433	198
150468	198
150492	198
150527	198
150550	198
150585	198
150621	198
150644	198
150679	198
150714	198
150738	199
150773	199
150808	199
150832	199
150867	199
150902	199
150925	199
150960	199
150996	199
151042	199
151066	199
151101	199
151136	199
151160	199
151195	199
151230	199
151253	199
151289	199
151324	199
151347	199
151382	199
151417	199
151453	199
151476	199
151511	199
151546	199
151582	199
151605	199
151640	199
151664	199
151699	199
151746	199
151781	199
151816	199
151851	199
151875	199
151910	199
151945	199
151968	199
152003	199
152027	199
152062	199
152097	199
152121	199
152156	199
152179	199
152214	199
152250	199
152273	199
152296	199
152332	200
152367	200
152390	200
152425	200
152460	200
152496	200
152531	200
152566	200
152601	200
152636	200
152660	200
152707	200
152730	200
152765	200
152800	200
152824	200
152859	200
152894	200
152917	200
152953	200
152988	200
153011	200
153046	200
153070	200
153093	200
153128	200
153152	200
153187	200
153222	200
153257	200
153292	200
153316	200
153351	200
153386	200
153421	200
153445	200
153480	200
153515	200
153539	200
153574	200
153609	200
153644	200
153667	200
153703	200
153738	200
153773	200
153796	200
153832	200
153855	200
153890	200
153914	201
153949	201
153984	201
154019	201
154054	201
154078	201
154113	201
154148	201
154171	201
154207	201
154230	201
154265	201
154300	201
154324	201
154359	201
154394	201
154417	201
154453	201
154476	201
154511	201
154535	201
154570	201
154593	201
154617	201
154652	201
154675	201
154710	201
154746	201
154781	201
154816	201
154839	201
154875	201
154910	201
154945	201
154980	201
155003	201
155039	201
155074	201
155097	201
155144	201
155167	201
155203	201
155238	201
155261	201
155296	201
155320	201
155355	201
155378	201
155414	201
155449	201
155472	202
155507	202
155542	202
155578	202
155601	202
155636	202
155671	202
155695	202
155730	202
155765	202
155789	202
155824	202
155859	202
155882	202
155917	202
155953	202
155988	202
156011	202
156046	202
156070	202
156093	202
156128	202
156164	202
156187	202
156222	202
156246	202
156281	202
156316	202
156339	202
156375	202
156410	202
156433	202
156468	202
156492	202
156527	202
156562	202
156585	202
156621	202
156656	202
156691	202
156726	202
156750	202
156785	202
156808	202
156843	202
156867	202
156902	202
156937	202
156960	202
156996	202
157019	203
157054	203
157078	203
157113	203
157148	203
157171	203
157207	203
157230	203
157265	203
157300	203
157324	203
157359	203
157394	203
157429	203
157464	203
157488	203
157523	203
157546	203
157582	203
157605	203
157640	203
157664	203
157699	203
157722	203
157757	203
157792	203
157816	203
157851	203
157875	203
157910	203
157933	203
157968	203
158003	203
158027	203
158062	203
158097	203
158132	203
158167	203
158203	203
158226	203
158261	203
158285	203
158320	203
158343	203
158378	203
158414	203
158437	203
158472	203
158496	203
158531	203
158566	204
158589	204
158625	204
158660	204
158683	204
158718	204
158753	204
158777	204
158812	204
158835	204
158882	204
158917	204
158941	204
158976	204
159011	204
159035	204
159070	204
159093	204
timepoint: 191.5