0	0
0	0
0	0
0	0
0	0
0	0
0	0
0	0
0	0
0	0
0	0
0	0
0	0
0	0
0	0
0	0
0	0
0	0
0	0
0	0
0	0
0	0
0	0
0	0
0	0
0	0
0	0
0	0
0	0
0	0
0	0
0	0
0	0
0	0
0	0
0	0
0	0
0	0
0	0
0	0
0	0
0	0
0	0
0	0
0	0
0	0
0	0
0	0
0	0
0	0
0	1
0	1
0	1
0	1
0	1
0	1
0	1
0	1
0	1
0	1
0	1
0	1
0	1
0	1
0	1
0	1
0	1
0	1
0	1
0	1
0	1
0	1
0	1
0	1
0	1
0	1
0	1
0	1
0	1
0	1
0	1
0	1
0	1
0	1
0	1
0	1
0	1
0	1
0	1
0	1
0	1
0	1
0	1
0	1
0	1
0	1
0	1
0	1
0	1
0	1
0	2
0	2
0	2
0	2
0	2
0	2
0	2
0	2
0	2
0	2
0	2
0	2
0	2
0	2
0	2
0	2
0	2
0	2
0	2
0	2
0	2
0	2
0	2
0	2
0	2
0	2
0	2
0	2
0	2
0	2
0	2
0	2
0	2
0	2
0	2
0	2
0	2
0	2
0	2
0	2
0	2
0	2
0	2
0	2
0	2
0	2
0	2
0	2
0	2
0	2
0	3
0	3
0	3
0	3
0	3
0	3
0	3
0	3
0	3
0	3
0	3
0	3
0	3
0	3
0	3
0	3
0	3
0	3
0	3
0	3
0	3
0	3
0	3
0	3
0	3
0	3
0	3
0	3
0	3
0	3
0	3
0	3
0	3
0	3
0	3
0	3
0	3
0	3
0	3
0	3
0	3
0	3
0	3
0	3
0	3
0	3
0	3
0	3
0	3
0	3
0	4
0	4
0	4
0	4
0	4
0	4
0	4
0	4
0	4
0	4
0	4
0	4
0	4
0	4
0	4
0	4
0	4
0	4
0	4
0	4
0	4
0	4
0	4
0	4
0	4
0	4
0	4
0	4
0	4
0	4
0	4
0	4
0	4
0	4
0	4
0	4
0	4
0	4
0	4
0	4
0	4
0	4
0	4
0	4
0	4
0	4
0	4
0	4
0	4
0	4
0	5
0	5
0	5
0	5
0	5
0	5
0	5
0	5
0	5
0	5
0	5
0	5
0	5
0	5
0	5
0	5
0	5
0	5
0	5
0	5
0	5
0	5
0	5
0	5
0	5
0	5
0	5
0	5
0	5
0	5
0	5
0	5
0	5
0	5
0	5
0	5
0	5
0	5
0	5
0	5
0	5
0	5
0	5
0	5
0	5
0	5
0	5
0	5
0	5
0	5
0	6
0	6
0	6
0	6
0	6
0	6
0	6
0	6
0	6
0	6
0	6
0	6
0	6
0	6
0	6
0	6
0	6
0	6
0	6
0	6
0	6
0	6
0	6
0	6
0	6
0	6
0	6
0	6
0	6
0	6
0	6
0	6
0	6
0	6
0	6
0	6
0	6
0	6
0	6
0	6
0	6
0	6
0	6
0	6
0	6
0	6
0	6
0	6
0	6
0	6
11	7
11	7
11	7
11	7
11	7
11	7
11	7
11	7
11	7
11	7
23	7
23	7
23	7
23	7
23	7
23	7
23	7
23	7
23	7
23	7
23	7
23	7
23	7
23	7
35	7
35	7
35	7
35	7
35	7
35	7
35	7
35	7
35	7
35	7
23	7
23	7
23	7
23	7
23	7
23	7
23	7
23	7
23	7
23	7
23	7
23	7
23	7
23	7
23	7
23	7
23	8
11	8
11	8
11	8
11	8
11	8
11	8
11	8
11	8
11	8
11	8
11	8
11	8
11	8
11	8
11	8
11	8
11	8
11	8
11	8
11	8
11	8
11	8
11	8
23	8
23	8
23	8
23	8
23	8
23	8
23	8
23	8
23	8
23	8
23	8
23	8
23	8
23	8
23	8
35	8
35	8
35	8
35	8
35	8
35	8
35	8
35	8
35	8
35	8
35	8
35	9
35	9
35	9
35	9
35	9
35	9
35	9
35	9
35	9
35	9
35	9
35	9
35	9
35	9
35	9
35	9
35	9
23	9
23	9
23	9
23	9
23	9
23	9
23	9
23	9
23	9
23	9
23	9
23	9
23	9
23	9
23	9
23	9
23	9
23	9
23	9
23	9
23	9
23	9
23	9
23	9
23	9
23	9
23	9
23	9
23	9
23	9
23	9
23	9
23	9
23	10
23	10
23	10
23	10
35	10
35	10
35	10
35	10
35	10
35	10
35	10
35	10
35	10
35	10
35	10
35	10
35	10
35	10
35	10
35	10
35	10
35	10
35	10
35	10
35	10
35	10
35	10
35	10
35	10
35	10
35	10
35	10
35	10
35	10
35	10
35	10
35	10
35	10
35	10
35	10
35	10
35	10
35	10
35	10
35	10
35	10
35	10
35	10
35	10
23	10
23	11
23	11
23	11
23	11
23	11
23	11
23	11
23	11
23	11
23	11
23	11
23	11
23	11
23	11
23	11
23	11
23	11
23	11
23	11
23	11
23	11
23	11
23	11
23	11
23	11
35	11
35	11
35	11
35	11
35	11
35	11
35	11
35	11
35	11
35	11
35	11
35	11
35	11
35	11
35	11
35	11
35	11
35	11
35	11
35	11
35	11
35	11
35	11
35	11
35	11
35	12
35	12
35	12
35	12
35	12
35	12
35	12
35	12
35	12
35	12
35	12
35	12
35	12
35	12
35	12
35	12
35	12
35	12
35	12
35	12
35	12
35	12
35	12
35	12
35	12
35	12
35	12
35	12
35	12
35	12
35	12
35	12
35	12
35	12
35	12
35	12
35	12
35	12
35	12
35	12
35	12
35	12
35	12
35	12
35	12
35	12
35	12
35	12
35	12
35	12
35	13
35	13
35	13
35	13
35	13
35	13
35	13
35	13
35	13
35	13
35	13
35	13
35	13
35	13
35	13
35	13
35	13
35	13
35	13
35	13
35	13
35	13
35	13
35	13
35	13
35	13
35	13
35	13
35	13
35	13
35	13
35	13
35	13
35	13
35	13
35	13
35	13
35	13
35	13
35	13
35	13
35	13
35	13
35	13
35	13
35	13
35	13
35	13
35	13
35	13
35	14
35	14
35	14
35	14
35	14
35	14
35	14
35	14
35	14
35	14
35	14
35	14
35	14
35	14
35	14
35	14
35	14
35	14
35	14
35	14
35	14
35	14
35	14
35	14
35	14
35	14
35	14
35	14
35	14
35	14
35	14
35	14
35	14
35	14
35	14
35	14
35	14
35	14
35	14
35	14
35	14
35	14
35	14
35	14
35	14
35	14
35	14
35	14
35	14
35	14
35	15
35	15
35	15
35	15
35	15
35	15
35	15
35	15
35	15
35	15
35	15
35	15
35	15
35	15
35	15
35	15
35	15
35	15
35	15
35	15
35	15
35	15
35	15
35	15
35	15
35	15
35	15
35	15
35	15
35	15
35	15
35	15
35	15
35	15
35	15
35	15
35	15
35	15
35	15
35	15
35	15
35	15
35	15
35	15
35	15
35	15
35	15
35	15
35	15
35	15
35	16
35	16
35	16
35	16
35	16
35	16
35	16
35	16
35	16
35	16
35	16
35	16
35	16
35	16
35	16
35	16
35	16
35	16
35	16
35	16
35	16
35	16
35	16
35	16
35	16
35	16
35	16
35	16
35	16
35	16
35	16
35	16
35	16
35	16
35	16
35	16
35	16
35	16
35	16
35	16
35	16
35	16
35	16
35	16
35	16
35	16
35	16
35	16
35	16
35	16
35	17
35	17
35	17
35	17
35	17
35	17
35	17
35	17
35	17
35	17
35	17
35	17
35	17
35	17
35	17
35	17
35	17
35	17
35	17
35	17
35	17
35	17
35	17
35	17
35	17
35	17
35	17
35	17
35	17
35	17
35	17
35	17
35	17
35	17
35	17
35	17
35	17
35	17
35	17
35	17
35	17
35	17
35	17
35	17
35	17
35	17
35	17
35	17
35	17
35	17
35	18
35	18
35	18
35	18
35	18
35	18
35	18
35	18
35	18
35	18
35	18
35	18
35	18
35	18
35	18
35	18
35	18
35	18
35	18
35	18
35	18
35	18
35	18
35	18
35	18
35	18
35	18
35	18
35	18
35	18
35	18
35	18
35	18
35	18
35	18
35	18
35	18
35	18
35	18
35	18
35	18
35	18
35	18
35	18
35	18
35	18
35	18
35	18
35	18
35	18
35	19
35	19
35	19
35	19
35	19
35	19
35	19
35	19
35	19
35	19
35	19
35	19
35	19
35	19
35	19
35	19
35	19
35	19
35	19
35	19
35	19
35	19
35	19
35	19
35	19
35	19
35	19
35	19
35	19
35	19
35	19
35	19
35	19
35	19
35	19
35	19
35	19
35	19
35	19
35	19
35	19
35	19
35	19
35	19
35	19
35	19
35	19
35	19
35	19
35	19
35	20
35	20
35	20
35	20
35	20
35	20
35	20
35	20
35	20
35	20
35	20
35	20
35	20
35	20
35	20
35	20
35	20
35	20
35	20
35	20
35	20
35	20
35	20
35	20
35	20
35	20
35	20
35	20
35	20
35	20
35	20
35	20
35	20
35	20
35	20
35	20
35	20
35	20
35	20
35	20
35	20
35	20
35	20
35	20
35	20
35	20
35	20
35	20
35	20
35	20
35	21
35	21
35	21
35	21
35	21
35	21
35	21
35	21
35	21
35	21
35	21
35	21
35	21
35	21
35	21
35	21
35	21
35	21
35	21
35	21
35	21
35	21
35	21
35	21
35	21
35	21
35	21
35	21
35	21
35	21
35	21
35	21
35	21
35	21
35	21
35	21
35	21
35	21
35	21
35	21
35	21
35	21
35	21
35	21
35	21
35	21
35	21
35	21
35	21
35	21
35	22
35	22
35	22
35	22
35	22
35	22
35	22
35	22
35	22
35	22
35	22
35	22
35	22
35	22
35	22
35	22
35	22
35	22
35	22
35	22
35	22
35	22
35	22
35	22
35	22
35	22
35	22
35	22
35	22
35	22
35	22
35	22
35	22
35	22
35	22
35	22
35	22
35	22
35	22
35	22
35	22
35	22
35	22
35	22
35	22
35	22
35	22
35	22
35	22
35	22
35	23
35	23
35	23
35	23
35	23
35	23
35	23
35	23
35	23
35	23
35	23
35	23
35	23
35	23
35	23
35	23
35	23
35	23
35	23
35	23
35	23
35	23
35	23
35	23
35	23
35	23
35	23
35	23
35	23
35	23
35	23
35	23
35	23
35	23
35	23
35	23
35	23
35	23
35	23
35	23
35	23
35	23
35	23
35	23
35	23
35	23
35	23
35	23
35	23
35	23
35	24
35	24
35	24
35	24
35	24
35	24
35	24
35	24
35	24
35	24
35	24
35	24
35	24
35	24
35	24
35	24
35	24
35	24
35	24
35	24
35	24
35	24
35	24
35	24
35	24
35	24
35	24
35	24
35	24
35	24
35	24
35	24
35	24
35	24
35	24
35	24
35	24
35	24
35	24
35	24
35	24
35	24
35	24
35	24
35	24
35	24
35	24
35	24
35	24
35	24
35	25
35	25
35	25
35	25
35	25
35	25
35	25
35	25
35	25
35	25
35	25
35	25
35	25
35	25
35	25
35	25
35	25
35	25
35	25
35	25
35	25
35	25
35	25
35	25
35	25
35	25
35	25
35	25
35	25
35	25
35	25
35	25
35	25
35	25
35	25
35	25
35	25
35	25
35	25
35	25
35	25
35	25
35	25
35	25
35	25
35	25
35	25
35	25
35	25
35	25
35	26
35	26
35	26
35	26
35	26
35	26
35	26
35	26
35	26
35	26
35	26
35	26
35	26
35	26
35	26
35	26
35	26
35	26
35	26
35	26
35	26
35	26
35	26
35	26
35	26
35	26
35	26
35	26
35	26
35	26
35	26
35	26
35	26
35	26
35	26
35	26
35	26
35	26
35	26
35	26
35	26
35	26
35	26
35	26
35	26
35	26
35	26
35	26
35	26
35	26
35	27
35	27
35	27
35	27
35	27
35	27
35	27
35	27
35	27
35	27
35	27
35	27
35	27
35	27
35	27
35	27
35	27
35	27
35	27
35	27
35	27
35	27
35	27
35	27
35	27
35	27
35	27
35	27
35	27
35	27
35	27
35	27
35	27
35	27
35	27
35	27
35	27
35	27
35	27
35	27
35	27
35	27
35	27
35	27
35	27
35	27
35	27
35	27
35	27
35	27
35	28
35	28
35	28
35	28
35	28
35	28
35	28
35	28
35	28
35	28
35	28
35	28
35	28
35	28
35	28
35	28
35	28
35	28
35	28
35	28
35	28
35	28
35	28
35	28
35	28
35	28
35	28
35	28
46	28
46	28
46	28
46	28
46	28
46	28
46	28
46	28
46	28
46	28
46	28
46	28
46	28
46	28
46	28
46	28
46	28
46	28
46	28
46	28
46	28
46	28
46	29
46	29
46	29
46	29
46	29
46	29
46	29
46	29
58	29
58	29
58	29
58	29
58	29
58	29
58	29
58	29
58	29
58	29
58	29
58	29
58	29
58	29
58	29
58	29
58	29
58	29
58	29
58	29
58	29
58	29
70	29
70	29
70	29
70	29
70	29
70	29
70	29
70	29
70	29
70	29
70	29
70	29
70	29
82	29
82	29
82	29
82	29
82	29
82	29
82	29
82	30
82	30
82	30
82	30
82	30
82	30
82	30
82	30
93	30
93	30
93	30
93	30
93	30
93	30
93	30
93	30
93	30
93	30
93	30
93	30
93	30
105	30
105	30
105	30
105	30
105	30
105	30
105	30
105	30
105	30
117	30
117	30
117	30
117	30
117	30
117	30
117	30
117	30
117	30
117	30
117	30
128	30
128	30
128	30
128	30
128	30
128	30
128	30
128	30
128	30
128	31
140	31
140	31
140	31
140	31
140	31
140	31
140	31
152	31
152	31
152	31
152	31
152	31
152	31
152	31
152	31
152	31
152	31
164	31
164	31
164	31
164	31
164	31
164	31
164	31
175	31
175	31
175	31
175	31
175	31
175	31
175	31
175	31
175	31
187	31
187	31
187	31
187	31
187	31
187	31
187	31
187	31
199	31
199	31
199	31
199	31
199	31
199	31
199	31
199	31
210	32
210	32
210	32
210	32
210	32
210	32
210	32
222	32
222	32
222	32
222	32
222	32
222	32
222	32
234	32
234	32
234	32
234	32
234	32
234	32
234	32
246	32
246	32
246	32
246	32
246	32
246	32
257	32
257	32
257	32
257	32
257	32
257	32
257	32
269	32
269	32
269	32
269	32
269	32
269	32
269	32
281	32
281	32
281	32
281	32
281	32
281	32
292	32
292	32
292	32
292	33
292	33
292	33
292	33
304	33
304	33
304	33
304	33
304	33
304	33
304	33
316	33
316	33
316	33
316	33
316	33
316	33
328	33
328	33
328	33
328	33
328	33
328	33
339	33
339	33
339	33
339	33
339	33
339	33
351	33
351	33
351	33
351	33
351	33
351	33
363	33
363	33
363	33
363	33
363	33
375	33
375	33
375	33
375	33
375	33
375	33
375	33
386	33
386	33
386	33
386	34
386	34
398	34
398	34
398	34
398	34
398	34
398	34
410	34
410	34
410	34
410	34
410	34
421	34
421	34
421	34
421	34
421	34
421	34
433	34
433	34
433	34
433	34
433	34
445	34
445	34
445	34
445	34
445	34
457	34
457	34
457	34
457	34
457	34
468	34
468	34
468	34
468	34
468	34
480	34
480	34
480	34
480	34
480	34
492	34
492	34
492	34
492	34
503	34
503	34
503	35
503	35
503	35
515	35
515	35
515	35
515	35
527	35
527	35
527	35
527	35
527	35
539	35
539	35
539	35
539	35
550	35
550	35
550	35
550	35
550	35
562	35
562	35
562	35
562	35
562	35
574	35
574	35
574	35
574	35
574	35
585	35
585	35
585	35
585	35
585	35
597	35
597	35
597	35
597	35
597	35
609	35
609	35
609	35
609	35
621	35
621	35
621	35
621	35
621	35
632	36
632	36
632	36
632	36
632	36
644	36
644	36
644	36
644	36
644	36
656	36
656	36
656	36
656	36
656	36
667	36
667	36
667	36
667	36
667	36
679	36
679	36
679	36
679	36
679	36
691	36
691	36
691	36
691	36
691	36
703	36
703	36
703	36
703	36
703	36
714	36
714	36
714	36
714	36
726	36
726	36
726	36
726	36
726	36
738	36
738	36
738	36
738	36
738	36
750	36
750	37
750	37
750	37
761	37
761	37
761	37
761	37
761	37
773	37
773	37
773	37
773	37
785	37
785	37
785	37
785	37
785	37
796	37
796	37
796	37
796	37
808	37
808	37
808	37
808	37
808	37
820	37
820	37
820	37
820	37
820	37
832	37
832	37
832	37
832	37
832	37
843	37
843	37
843	37
843	37
843	37
855	37
855	37
855	37
855	37
855	37
867	37
867	37
867	37
867	37
867	38
878	38
878	38
878	38
878	38
890	38
890	38
890	38
890	38
890	38
902	38
902	38
902	38
902	38
902	38
914	38
914	38
914	38
914	38
914	38
925	38
925	38
925	38
925	38
937	38
937	38
937	38
937	38
949	38
949	38
949	38
949	38
960	38
960	38
960	38
960	38
960	38
972	38
972	38
972	38
972	38
984	38
984	38
984	38
984	38
996	38
996	38
996	38
996	38
1007	38
1007	39
1007	39
1007	39
1007	39
1019	39
1019	39
1019	39
1019	39
1019	39
1031	39
1031	39
1031	39
1031	39
1031	39
1031	39
1042	39
1042	39
1042	39
1042	39
1042	39
1054	39
1054	39
1054	39
1054	39
1054	39
1066	39
1066	39
1066	39
1066	39
1078	39
1078	39
1078	39
1078	39
1078	39
1089	39
1089	39
1089	39
1089	39
1089	39
1101	39
1101	39
1101	39
1101	39
1113	39
1113	39
1113	39
1113	39
1113	39
1125	39
1125	39
1125	40
1125	40
1136	40
1136	40
1136	40
1136	40
1136	40
1148	40
1148	40
1148	40
1148	40
1160	40
1160	40
1160	40
1160	40
1171	40
1171	40
1171	40
1171	40
1171	40
1183	40
1183	40
1183	40
1183	40
1195	40
1195	40
1195	40
1195	40
1195	40
1207	40
1207	40
1207	40
1207	40
1218	40
1218	40
1218	40
1218	40
1218	40
1230	40
1230	40
1230	40
1230	40
1242	40
1242	40
1242	40
1242	40
1253	40
1253	40
1253	40
1253	40
1265	41
1265	41
1265	41
1265	41
1277	41
1277	41
1277	41
1277	41
1289	41
1289	41
1289	41
1289	41
1300	41
1300	41
1300	41
1300	41
1300	41
1312	41
1312	41
1312	41
1312	41
1324	41
1324	41
1324	41
1324	41
1335	41
1335	41
1335	41
1335	41
1347	41
1347	41
1347	41
1347	41
1347	41
1359	41
1359	41
1359	41
1359	41
1359	41
1371	41
1371	41
1371	41
1371	41
1382	41
1382	41
1382	41
1382	41
1382	41
1394	41
1394	41
1394	42
1394	42
1394	42
1406	42
1406	42
1406	42
1406	42
1406	42
1417	42
1417	42
1417	42
1417	42
1417	42
1429	42
1429	42
1429	42
1429	42
1429	42
1429	42
1441	42
1441	42
1441	42
1441	42
1441	42
1453	42
1453	42
1453	42
1453	42
1453	42
1464	42
1464	42
1464	42
1464	42
1464	42
1476	42
1476	42
1476	42
1476	42
1476	42
1488	42
1488	42
1488	42
1488	42
1488	42
1500	42
1500	42
1500	42
1500	42
1511	42
1511	42
1511	43
1511	43
1511	43
1523	43
1523	43
1523	43
1523	43
1535	43
1535	43
1535	43
1535	43
1535	43
1546	43
1546	43
1546	43
1546	43
1558	43
1558	43
1558	43
1558	43
1558	43
1570	43
1570	43
1570	43
1570	43
1570	43
1570	43
1582	43
1582	43
1582	43
1582	43
1582	43
1593	43
1593	43
1593	43
1593	43
1593	43
1605	43
1605	43
1605	43
1605	43
1605	43
1617	43
1617	43
1617	43
1617	43
1617	43
1628	43
1628	43
1628	43
1628	44
1628	44
1640	44
1640	44
1640	44
1640	44
1640	44
1652	44
1652	44
1652	44
1652	44
1652	44
1664	44
1664	44
1664	44
1664	44
1675	44
1675	44
1675	44
1675	44
1675	44
1687	44
1687	44
1687	44
1687	44
1699	44
1699	44
1699	44
1699	44
1699	44
1710	44
1710	44
1710	44
1710	44
1722	44
1722	44
1722	44
1722	44
1734	44
1734	44
1734	44
1734	44
1734	44
1746	44
1746	44
1746	44
1746	44
1757	44
1757	44
1757	44
1757	45
1757	45
1769	45
1769	45
1769	45
1769	45
1769	45
1781	45
1781	45
1781	45
1781	45
1792	45
1792	45
1792	45
1792	45
1792	45
1804	45
1804	45
1804	45
1804	45
1816	45
1816	45
1816	45
1816	45
1828	45
1828	45
1828	45
1828	45
1839	45
1839	45
1839	45
1839	45
1851	45
1851	45
1851	45
1851	45
1851	45
1863	45
1863	45
1863	45
1863	45
1875	45
1875	45
1875	45
1875	45
1886	45
1886	45
1886	45
1886	45
1898	45
1898	46
1898	46
1898	46
1910	46
1910	46
1910	46
1910	46
1921	46
1921	46
1921	46
1921	46
1933	46
1933	46
1933	46
1945	46
1945	46
1945	46
1945	46
1957	46
1957	46
1957	46
1957	46
1968	46
1968	46
1968	46
1980	46
1980	46
1980	46
1992	46
1992	46
1992	46
1992	46
2003	46
2003	46
2003	46
2015	46
2015	46
2015	46
2015	46
2027	46
2027	46
2027	46
2039	46
2039	46
2039	46
2050	46
2050	46
2050	46
2050	46
2062	46
2062	47
2062	47
2074	47
2074	47
2074	47
2074	47
2085	47
2085	47
2085	47
2097	47
2097	47
2097	47
2097	47
2109	47
2109	47
2109	47
2109	47
2121	47
2121	47
2121	47
2132	47
2132	47
2132	47
2132	47
2144	47
2144	47
2144	47
2144	47
2156	47
2156	47
2156	47
2167	47
2167	47
2167	47
2167	47
2179	47
2179	47
2179	47
2179	47
2191	47
2191	47
2191	47
2191	47
2203	47
2203	47
2203	47
2203	47
2214	47
2214	47
2214	47
2226	48
2226	48
2226	48
2226	48
2238	48
2238	48
2238	48
2238	48
2250	48
2250	48
2250	48
2261	48
2261	48
2261	48
2261	48
2273	48
2273	48
2273	48
2285	48
2285	48
2285	48
2296	48
2296	48
2296	48
2296	48
2308	48
2308	48
2308	48
2320	48
2320	48
2320	48
2332	48
2332	48
2332	48
2332	48
2343	48
2343	48
2343	48
2355	48
2355	48
2355	48
2367	48
2367	48
2367	48
2367	48
2378	48
2378	48
2378	48
2390	48
2390	48
2390	49
2402	49
2402	49
2402	49
2414	49
2414	49
2414	49
2425	49
2425	49
2425	49
2437	49
2437	49
2437	49
2437	49
2449	49
2449	49
2449	49
2460	49
2460	49
2460	49
2472	49
2472	49
2472	49
2484	49
2484	49
2484	49
2496	49
2496	49
2496	49
2507	49
2507	49
2507	49
2519	49
2519	49
2519	49
2531	49
2531	49
2531	49
2542	49
2542	49
2542	49
2554	49
2554	49
2554	49
2566	49
2566	49
2578	49
2578	49
2578	49
2589	49
2589	50
2589	50
2601	50
2601	50
2601	50
2613	50
2613	50
2613	50
2625	50
2625	50
2625	50
2636	50
2636	50
2636	50
2648	50
2648	50
2648	50
2660	50
2660	50
2660	50
2671	50
2671	50
2671	50
2683	50
2683	50
2695	50
2695	50
2695	50
2707	50
2707	50
2718	50
2718	50
2718	50
2730	50
2730	50
2742	50
2742	50
2742	50
2753	50
2753	50
2765	50
2765	50
2765	50
2777	50
2777	50
2789	50
2789	50
2789	50
2800	50
2800	50
2812	51
2812	51
2812	51
2824	51
2824	51
2835	51
2835	51
2835	51
2847	51
2847	51
2847	51
2859	51
2859	51
2859	51
2871	51
2871	51
2882	51
2882	51
2882	51
2894	51
2894	51
2894	51
2906	51
2906	51
2917	51
2917	51
2917	51
2929	51
2929	51
2929	51
2941	51
2941	51
2941	51
2953	51
2953	51
2953	51
2964	51
2964	51
2976	51
2976	51
2976	51
2988	51
2988	51
2988	51
3000	51
3000	51
3000	51
3011	51
3011	51
3023	51
3023	52
3023	52
3035	52
3035	52
3035	52
3046	52
3046	52
3058	52
3058	52
3058	52
3070	52
3070	52
3070	52
3082	52
3082	52
3093	52
3093	52
3093	52
3105	52
3105	52
3105	52
3117	52
3117	52
3128	52
3128	52
3128	52
3140	52
3140	52
3140	52
3152	52
3152	52
3164	52
3164	52
3164	52
3175	52
3175	52
3187	52
3187	52
3187	52
3199	52
3199	52
3210	52
3210	52
3210	52
3222	52
3222	52
3234	52
3234	52
3234	52
3246	52
3246	53
3257	53
3257	53
3257	53
3269	53
3269	53
3269	53
3281	53
3281	53
3292	53
3292	53
3292	53
3304	53
3304	53
3304	53
3316	53
3316	53
3328	53
3328	53
3328	53
3339	53
3339	53
3351	53
3351	53
3351	53
3363	53
3363	53
3375	53
3375	53
3375	53
3386	53
3386	53
3386	53
3398	53
3398	53
3410	53
3410	53
3421	53
3421	53
3421	53
3433	53
3433	53
3445	53
3445	53
3445	53
3457	53
3457	53
3468	53
3468	53
3480	53
3480	54
3492	54
3492	54
3503	54
3503	54
3515	54
3515	54
3515	54
3527	54
3527	54
3539	54
3539	54
3550	54
3550	54
3562	54
3562	54
3574	54
3574	54
3574	54
3585	54
3585	54
3597	54
3597	54
3609	54
3609	54
3609	54
3621	54
3621	54
3632	54
3632	54
3644	54
3644	54
3644	54
3656	54
3656	54
3667	54
3667	54
3679	54
3679	54
3691	54
3691	54
3691	54
3703	54
3703	54
3714	54
3714	54
3726	54
3726	54
3726	54
3738	54
3738	55
3750	55
3750	55
3761	55
3761	55
3761	55
3773	55
3773	55
3785	55
3785	55
3796	55
3796	55
3796	55
3808	55
3808	55
3820	55
3820	55
3832	55
3832	55
3843	55
3843	55
3843	55
3855	55
3855	55
3867	55
3867	55
3878	55
3878	55
3890	55
3890	55
3902	55
3902	55
3914	55
3914	55
3925	55
3925	55
3937	55
3937	55
3937	55
3949	55
3949	55
3960	55
3960	55
3972	55
3972	55
3984	55
3984	55
3996	55
3996	55
3996	55
4007	56
4007	56
4019	56
4019	56
4031	56
4031	56
4042	56
4042	56
4042	56
4054	56
4054	56
4066	56
4066	56
4078	56
4078	56
4078	56
4089	56
4089	56
4101	56
4101	56
4113	56
4113	56
4113	56
4125	56
4125	56
4136	56
4136	56
4148	56
4148	56
4160	56
4160	56
4171	56
4171	56
4171	56
4183	56
4183	56
4195	56
4195	56
4207	56
4207	56
4218	56
4218	56
4230	56
4230	56
4242	56
4242	56
4253	56
4253	56
4265	56
4265	56
4277	57
4277	57
4289	57
4289	57
4300	57
4300	57
4312	57
4312	57
4324	57
4324	57
4335	57
4335	57
4347	57
4347	57
4359	57
4359	57
4371	57
4371	57
4382	57
4382	57
4394	57
4394	57
4406	57
4406	57
4417	57
4417	57
4429	57
4429	57
4441	57
4441	57
4453	57
4453	57
4464	57
4464	57
4476	57
4476	57
4488	57
4488	57
4488	57
4500	57
4500	57
4511	57
4511	57
4523	57
4523	57
4535	57
4535	57
4546	57
4546	57
4558	57
4558	58
4570	58
4570	58
4582	58
4582	58
4593	58
4593	58
4605	58
4617	58
4617	58
4628	58
4628	58
4640	58
4640	58
4652	58
4652	58
4664	58
4664	58
4675	58
4675	58
4687	58
4687	58
4699	58
4699	58
4710	58
4710	58
4722	58
4734	58
4734	58
4746	58
4746	58
4757	58
4757	58
4769	58
4769	58
4781	58
4781	58
4792	58
4792	58
4804	58
4804	58
4816	58
4816	58
4828	58
4828	58
4839	58
4839	58
4851	58
4851	58
4863	58
4863	59
4875	59
4875	59
4886	59
4886	59
4898	59
4898	59
4910	59
4910	59
4921	59
4921	59
4933	59
4933	59
4945	59
4945	59
4957	59
4957	59
4968	59
4980	59
4980	59
4992	59
4992	59
5003	59
5015	59
5015	59
5027	59
5027	59
5039	59
5050	59
5050	59
5062	59
5062	59
5074	59
5074	59
5085	59
5085	59
5097	59
5097	59
5109	59
5109	59
5121	59
5132	59
5132	59
5144	59
5144	59
5156	59
5156	59
5167	59
5179	59
5179	59
5191	60
5203	60
5203	60
5214	60
5214	60
5226	60
5238	60
5238	60
5250	60
5250	60
5261	60
5261	60
5273	60
5273	60
5285	60
5285	60
5296	60
5296	60
5308	60
5320	60
5320	60
5332	60
5332	60
5343	60
5355	60
5355	60
5367	60
5367	60
5378	60
5390	60
5390	60
5402	60
5402	60
5414	60
5425	60
5425	60
5437	60
5437	60
5449	60
5449	60
5460	60
5460	60
5472	60
5484	60
5484	60
5496	60
5496	60
5507	60
5507	60
5519	60
5519	61
5531	61
5531	61
5542	61
5542	61
5554	61
5554	61
5566	61
5566	61
5578	61
5578	61
5589	61
5589	61
5601	61
5601	61
5613	61
5613	61
5625	61
5625	61
5636	61
5648	61
5648	61
5660	61
5660	61
5671	61
5683	61
5683	61
5695	61
5695	61
5707	61
5707	61
5718	61
5718	61
5730	61
5742	61
5742	61
5753	61
5753	61
5765	61
5777	61
5777	61
5789	61
5789	61
5800	61
5812	61
5812	61
5824	61
5824	61
5835	61
5847	61
5847	62
5859	62
5859	62
5871	62
5882	62
5882	62
5894	62
5894	62
5906	62
5906	62
5917	62
5929	62
5929	62
5941	62
5953	62
5953	62
5964	62
5976	62
5976	62
5988	62
6000	62
6000	62
6011	62
6011	62
6023	62
6023	62
6035	62
6046	62
6046	62
6058	62
6058	62
6070	62
6082	62
6082	62
6093	62
6105	62
6117	62
6117	62
6128	62
6140	62
6152	62
6152	62
6164	62
6175	62
6175	62
6187	62
6199	62
6199	62
6210	62
6222	62
6222	63
6234	63
6234	63
6246	63
6246	63
6257	63
6269	63
6269	63
6281	63
6292	63
6292	63
6304	63
6304	63
6316	63
6328	63
6328	63
6339	63
6351	63
6351	63
6363	63
6363	63
6375	63
6375	63
6386	63
6398	63
6398	63
6410	63
6421	63
6421	63
6433	63
6433	63
6445	63
6457	63
6457	63
6468	63
6468	63
6480	63
6492	63
6492	63
6503	63
6503	63
6515	63
6527	63
6527	63
6539	63
6539	63
6550	63
6562	63
6562	63
6574	63
6585	64
6585	64
6597	64
6609	64
6609	64
6621	64
6621	64
6632	64
6644	64
6644	64
6656	64
6656	64
6667	64
6679	64
6679	64
6691	64
6703	64
6703	64
6714	64
6726	64
6726	64
6738	64
6738	64
6750	64
6761	64
6761	64
6773	64
6773	64
6785	64
6796	64
6796	64
6808	64
6820	64
6820	64
6832	64
6843	64
6855	64
6855	64
6867	64
6878	64
6890	64
6890	64
6902	64
6914	64
6925	64
6925	64
6937	64
6949	64
6949	64
6960	64
6972	65
6972	65
6984	65
6984	65
6996	65
7007	65
7007	65
7019	65
7031	65
7031	65
7042	65
7054	65
7066	65
7066	65
7078	65
7089	65
7089	65
7101	65
7101	65
7113	65
7125	65
7125	65
7136	65
7148	65
7148	65
7160	65
7171	65
7171	65
7183	65
7195	65
7195	65
7207	65
7218	65
7218	65
7230	65
7242	65
7242	65
7253	65
7265	65
7265	65
7277	65
7289	65
7289	65
7300	65
7312	65
7312	65
7324	65
7335	65
7335	65
7347	65
7359	66
7371	66
7371	66
7382	66
7394	66
7394	66
7406	66
7417	66
7417	66
7429	66
7441	66
7441	66
7453	66
7464	66
7476	66
7476	66
7488	66
7500	66
7500	66
7511	66
7523	66
7523	66
7535	66
7546	66
7546	66
7558	66
7570	66
7582	66
7582	66
7593	66
7605	66
7617	66
7628	66
7640	66
7640	66
7652	66
7664	66
7675	66
7687	66
7687	66
7699	66
7710	66
7722	66
7722	66
7734	66
7734	66
7746	66
7757	66
7769	66
7769	66
7781	67
7792	67
7804	67
7804	67
7816	67
7828	67
7828	67
7839	67
7851	67
7851	67
7863	67
7875	67
7875	67
7886	67
7898	67
7910	67
7910	67
7921	67
7933	67
7933	67
7945	67
7957	67
7957	67
7968	67
7980	67
7980	67
7992	67
8003	67
8003	67
8015	67
8027	67
8027	67
8039	67
8050	67
8050	67
8062	67
8074	67
8074	67
8085	67
8097	67
8109	67
8109	67
8121	67
8132	67
8132	67
8144	67
8156	67
8156	67
8167	67
8179	67
8179	68
8191	68
8203	68
8203	68
8214	68
8226	68
8226	68
8238	68
8250	68
8261	68
8261	68
8273	68
8285	68
8285	68
8296	68
8308	68
8320	68
8320	68
8332	68
8343	68
8355	68
8367	68
8378	68
8390	68
8402	68
8402	68
8414	68
8425	68
8437	68
8449	68
8449	68
8460	68
8472	68
8484	68
8484	68
8496	68
8507	68
8507	68
8519	68
8531	68
8542	68
8554	68
8566	68
8566	68
8578	68
8589	68
8601	68
8613	68
8613	68
8625	68
8636	69
8636	69
8648	69
8660	69
8671	69
8671	69
8683	69
8695	69
8707	69
8707	69
8718	69
8730	69
8730	69
8742	69
8753	69
8765	69
8765	69
8777	69
8789	69
8789	69
8800	69
8812	69
8824	69
8824	69
8835	69
8847	69
8859	69
8859	69
8871	69
8882	69
8894	69
8894	69
8906	69
8917	69
8917	69
8929	69
8929	69
8941	69
8953	69
8953	69
8964	69
8976	69
8976	69
8988	69
9000	69
9011	69
9011	69
9023	69
9035	69
9046	69
9046	70
9058	70
9070	70
9082	70
9082	70
9093	70
9105	70
9117	70
9128	70
9140	70
9140	70
9152	70
9164	70
9175	70
9187	70
9187	70
9199	70
9210	70
9222	70
9222	70
9234	70
9246	70
9257	70
9257	70
9269	70
9281	70
9292	70
9304	70
9316	70
9316	70
9328	70
9339	70
9351	70
9363	70
9363	70
9375	70
9386	70
9398	70
9398	70
9410	70
9421	70
9433	70
9433	70
9445	70
9457	70
9468	70
9480	70
9480	70
9492	70
9503	70
9515	71
9527	71
9527	71
9539	71
9550	71
9562	71
9574	71
9574	71
9585	71
9597	71
9609	71
9609	71
9621	71
9632	71
9644	71
9656	71
9656	71
9667	71
9679	71
9679	71
9691	71
9703	71
9714	71
9726	71
9726	71
9738	71
9750	71
9761	71
9761	71
9773	71
9785	71
9796	71
9796	71
9808	71
9820	71
9832	71
9843	71
9855	71
9867	71
9867	71
9878	71
9890	71
9902	71
9914	71
9925	71
9937	71
9937	71
9949	71
9960	71
9972	71
9984	72
9984	72
9996	72
10007	72
10019	72
10031	72
10031	72
10042	72
10054	72
10066	72
10066	72
10078	72
10089	72
10101	72
10113	72
10113	72
10125	72
10136	72
10148	72
10148	72
10160	72
10171	72
10183	72
10195	72
10195	72
10207	72
10218	72
10230	72
10242	72
10242	72
10253	72
10265	72
10277	72
10289	72
10289	72
10300	72
10312	72
10324	72
10335	72
10335	72
10347	72
10359	72
10371	72
10382	72
10394	72
10394	72
10406	72
10417	72
10417	72
10429	72
10441	73
10441	73
10453	73
10464	73
10464	73
10476	73
10488	73
10500	73
10511	73
10511	73
10523	73
10535	73
10546	73
10558	73
10558	73
10570	73
10582	73
10593	73
10605	73
10617	73
10628	73
10628	73
10640	73
10652	73
10664	73
10675	73
10687	73
10699	73
10710	73
10710	73
10722	73
10734	73
10746	73
10757	73
10757	73
10769	73
10781	73
10792	73
10804	73
10816	73
10828	73
10839	73
10851	73
10863	73
10875	73
10875	73
10886	73
10898	73
10910	73
10921	73
10921	74
10933	74
10945	74
10957	74
10968	74
10980	74
10992	74
11003	74
11015	74
11027	74
11039	74
11039	74
11050	74
11062	74
11074	74
11085	74
11097	74
11109	74
11109	74
11121	74
11132	74
11144	74
11156	74
11167	74
11167	74
11179	74
11191	74
11203	74
11203	74
11214	74
11226	74
11238	74
11250	74
11261	74
11261	74
11273	74
11285	74
11296	74
11308	74
11320	74
11320	74
11332	74
11343	74
11355	74
11367	74
11378	74
11390	74
11402	74
11414	74
11414	74
11425	75
11437	75
11449	75
11460	75
11472	75
11484	75
11484	75
11496	75
11507	75
11519	75
11531	75
11542	75
11542	75
11554	75
11566	75
11578	75
11589	75
11601	75
11601	75
11613	75
11625	75
11636	75
11648	75
11660	75
11660	75
11671	75
11683	75
11695	75
11707	75
11718	75
11730	75
11742	75
11742	75
11753	75
11765	75
11777	75
11789	75
11800	75
11812	75
11824	75
11835	75
11835	75
11847	75
11859	75
11871	75
11882	75
11894	75
11894	75
11906	75
11917	75
11929	76
11941	76
11941	76
11953	76
11964	76
11976	76
11976	76
11988	76
12000	76
12011	76
12023	76
12035	76
12046	76
12046	76
12058	76
12070	76
12082	76
12093	76
12105	76
12117	76
12117	76
12128	76
12140	76
12152	76
12164	76
12175	76
12187	76
12187	76
12199	76
12210	76
12222	76
12234	76
12246	76
12257	76
12257	76
12269	76
12281	76
12292	76
12304	76
12316	76
12316	76
12328	76
12339	76
12351	76
12363	76
12375	76
12386	76
12386	76
12398	76
12410	76
12421	77
12433	77
12445	77
12457	77
12468	77
12480	77
12492	77
12503	77
12503	77
12515	77
12527	77
12539	77
12550	77
12562	77
12574	77
12585	77
12597	77
12609	77
12621	77
12621	77
12632	77
12644	77
12656	77
12667	77
12679	77
12679	77
12691	77
12703	77
12714	77
12726	77
12726	77
12738	77
12750	77
12761	77
12773	77
12785	77
12796	77
12808	77
12820	77
12820	77
12832	77
12843	77
12855	77
12867	77
12878	77
12878	77
12890	77
12902	77
12914	77
12925	77
12937	78
12949	78
12960	78
12960	78
12972	78
12984	78
12996	78
13007	78
13019	78
13031	78
13031	78
13042	78
13054	78
13066	78
13078	78
13089	78
13101	78
13101	78
13113	78
13125	78
13136	78
13148	78
13160	78
13171	78
13171	78
13183	78
13195	78
13207	78
13218	78
13230	78
13242	78
13253	78
13265	78
13277	78
13289	78
13300	78
13312	78
13324	78
13335	78
13347	78
13359	78
13359	78
13371	78
13382	78
13394	78
13406	78
13417	78
13429	78
13441	78
13441	78
13453	79
13464	79
13476	79
13488	79
13500	79
13500	79
13511	79
13523	79
13535	79
13546	79
13558	79
13570	79
13582	79
13582	79
13593	79
13605	79
13617	79
13628	79
13640	79
13652	79
13664	79
13664	79
13675	79
13687	79
13699	79
13710	79
13722	79
13734	79
13746	79
13757	79
13769	79
13769	79
13781	79
13792	79
13804	79
13816	79
13828	79
13839	79
13851	79
13851	79
13863	79
13875	79
13886	79
13898	79
13910	79
13921	79
13933	79
13945	79
13957	79
13968	79
13980	80
13992	80
14003	80
14015	80
14027	80
14039	80
14050	80
14062	80
14074	80
14085	80
14097	80
14109	80
14109	80
14121	80
14132	80
14144	80
14156	80
14167	80
14179	80
14191	80
14203	80
14214	80
14214	80
14226	80
14238	80
14250	80
14261	80
14273	80
14285	80
14296	80
14308	80
14320	80
14332	80
14343	80
14343	80
14355	80
14367	80
14378	80
14390	80
14402	80
14414	80
14425	80
14437	80
14449	80
14460	80
14472	80
14484	80
14496	80
14507	80
14507	80
14519	81
14531	81
14542	81
14554	81
14566	81
14578	81
14589	81
14601	81
14613	81
14625	81
14636	81
14648	81
14648	81
14660	81
14671	81
14683	81
14695	81
14707	81
14718	81
14742	81
14753	81
14765	81
14777	81
14789	81
14800	81
14812	81
14824	81
14835	81
14847	81
14859	81
14871	81
14882	81
14894	81
14894	81
14906	81
14917	81
14929	81
14941	81
14953	81
14964	81
14976	81
14988	81
15000	81
15011	81
15011	81
15023	81
15035	81
15046	81
15058	81
15070	81
15082	82
15093	82
15105	82
15117	82
15128	82
15140	82
15152	82
15164	82
15175	82
15187	82
15199	82
15210	82
15210	82
15234	82
15234	82
15246	82
15257	82
15269	82
15281	82
15292	82
15304	82
15316	82
15328	82
15339	82
15351	82
15363	82
15375	82
15386	82
15386	82
15398	82
15410	82
15421	82
15433	82
15445	82
15457	82
15480	82
15492	82
15503	82
15515	82
15527	82
15539	82
15550	82
15562	82
15574	82
15585	82
15597	82
15609	82
15621	82
15632	82
15644	82
15656	83
15667	83
15679	83
15691	83
15703	83
15714	83
15726	83
15738	83
15750	83
15761	83
15773	83
15785	83
15796	83
15808	83
15820	83
15832	83
15843	83
15855	83
15867	83
15878	83
15890	83
15902	83
15914	83
15925	83
15937	83
15949	83
15960	83
15972	83
15984	83
15996	83
16007	83
16019	83
16031	83
16042	83
16054	83
16066	83
16078	83
16089	83
16101	83
16113	83
16125	83
16136	83
16148	83
16160	83
16171	83
16183	83
16195	83
16207	83
16218	83
16230	83
16242	84
16253	84
16265	84
16277	84
16289	84
16300	84
16312	84
16324	84
16335	84
16347	84
16359	84
16371	84
16382	84
16394	84
16406	84
16417	84
16429	84
16441	84
16453	84
16464	84
16476	84
16488	84
16500	84
16511	84
16523	84
16535	84
16546	84
16558	84
16570	84
16582	84
16593	84
16605	84
16617	84
16640	84
16652	84
16664	84
16675	84
16687	84
16699	84
16710	84
16722	84
16734	84
16746	84
16757	84
16769	84
16781	84
16792	84
16804	84
16816	84
16828	84
16839	85
16851	85
16863	85
16875	85
16886	85
16898	85
16910	85
16921	85
16933	85
16945	85
16957	85
16968	85
16980	85
16992	85
17015	85
17027	85
17039	85
17050	85
17062	85
17074	85
17085	85
17097	85
17109	85
17121	85
17132	85
17144	85
17167	85
17179	85
17191	85
17203	85
17214	85
17226	85
17238	85
17250	85
17261	85
17273	85
17296	85
17308	85
17320	85
17332	85
17343	85
17355	85
17367	85
17378	85
17390	85
17414	85
17425	85
17437	85
17449	85
17460	85
17472	86
17484	86
17496	86
17507	86
17519	86
17531	86
17542	86
17554	86
17566	86
17578	86
17589	86
17589	86
17601	86
17613	86
17625	86
17648	86
17660	86
17671	86
17683	86
17695	86
17707	86
17718	86
17730	86
17742	86
17753	86
17765	86
17777	86
17789	86
17800	86
17812	86
17824	86
17835	86
17859	86
17871	86
17882	86
17894	86
17906	86
17917	86
17929	86
17941	86
17953	86
17976	86
17988	86
18000	86
18011	86
18023	86
18035	86
18046	86
18058	86
18070	86
18082	87
18105	87
18117	87
18128	87
18140	87
18164	87
18175	87
18187	87
18199	87
18210	87
18222	87
18234	87
18246	87
18257	87
18281	87
18292	87
18304	87
18316	87
18328	87
18339	87
18351	87
18363	87
18375	87
18386	87
18398	87
18410	87
18421	87
18445	87
18457	87
18468	87
18480	87
18492	87
18503	87
18515	87
18527	87
18539	87
18550	87
18562	87
18574	87
18585	87
18609	87
18621	87
18632	87
18644	87
18656	87
18667	87
18679	87
18691	87
18703	87
18714	87
18726	88
18738	88
18750	88
18761	88
18773	88
18796	88
18808	88
18820	88
18832	88
18843	88
18867	88
18878	88
18890	88
18914	88
18925	88
18937	88
18949	88
18960	88
18972	88
18984	88
18996	88
19007	88
19031	88
19042	88
19054	88
19066	88
19078	88
19089	88
19101	88
19113	88
19125	88
19136	88
19160	88
19171	88
19183	88
19195	88
19207	88
19218	88
19230	88
19242	88
19253	88
19277	88
19289	88
19300	88
19312	88
19324	88
19335	88
19347	88
19359	88
19371	88
19394	89
19406	89
19417	89
19429	89
19441	89
19453	89
19476	89
19488	89
19500	89
19511	89
19523	89
19535	89
19546	89
19558	89
19570	89
19593	89
19605	89
19628	89
19640	89
19652	89
19675	89
19687	89
19699	89
19710	89
19722	89
19734	89
19746	89
19757	89
19769	89
19792	89
19804	89
19816	89
19828	89
19839	89
19851	89
19863	89
19875	89
19886	89
19898	89
19921	89
19933	89
19945	89
19957	89
19968	89
19980	89
19992	89
20003	89
20015	89
20027	89
20039	89
20050	90
20062	90
20074	90
20085	90
20097	90
20121	90
20132	90
20144	90
20156	90
20167	90
20179	90
20191	90
20203	90
20214	90
20226	90
20238	90
20250	90
20261	90
20273	90
20285	90
20296	90
20320	90
20332	90
20343	90
20355	90
20378	90
20390	90
20414	90
20425	90
20437	90
20449	90
20460	90
20472	90
20484	90
20507	90
20519	90
20531	90
20542	90
20554	90
20578	90
20589	90
20601	90
20613	90
20625	90
20636	90
20648	90
20671	90
20683	90
20695	90
20707	90
20718	91
20730	91
20742	91
20753	91
20765	91
20777	91
20789	91
20800	91
20824	91
20835	91
20847	91
20859	91
20871	91
20882	91
20894	91
20906	91
20917	91
20929	91
20941	91
20953	91
20964	91
20976	91
20988	91
21000	91
21011	91
21023	91
21035	91
21046	91
21058	91
21082	91
21093	91
21105	91
21117	91
21128	91
21152	91
21164	91
21175	91
21187	91
21199	91
21210	91
21234	91
21246	91
21257	91
21269	91
21281	91
21292	91
21304	91
21328	91
21339	91
21351	91
21363	92
21375	92
21386	92
21398	92
21410	92
21433	92
21445	92
21457	92
21468	92
21480	92
21492	92
21503	92
21527	92
21539	92
21550	92
21562	92
21574	92
21585	92
21597	92
21609	92
21632	92
21644	92
21656	92
21667	92
21679	92
21691	92
21703	92
21714	92
21726	92
21738	92
21750	92
21761	92
21773	92
21796	92
21808	92
21820	92
21832	92
21843	92
21867	92
21878	92
21890	92
21902	92
21914	92
21937	92
21949	92
21960	92
21972	92
21984	92
21996	92
22007	92
22031	93
22042	93
22054	93
22066	93
22078	93
22089	93
22101	93
22113	93
22125	93
22148	93
22160	93
22171	93
22183	93
22195	93
22207	93
22218	93
22230	93
22253	93
22265	93
22277	93
22289	93
22300	93
22312	93
22324	93
22347	93
22359	93
22371	93
22382	93
22394	93
22406	93
22417	93
22429	93
22441	93
22453	93
22464	93
22476	93
22488	93
22500	93
22511	93
22523	93
22535	93
22558	93
22570	93
22582	93
22593	93
22605	93
22617	93
22640	93
22652	93
22664	93
22675	94
22699	94
22710	94
22722	94
22734	94
22746	94
22757	94
22769	94
22792	94
22804	94
22816	94
22839	94
22851	94
22863	94
22875	94
22886	94
22898	94
22921	94
22933	94
22945	94
22957	94
22968	94
22992	94
23003	94
23015	94
23039	94
23050	94
23062	94
23074	94
23085	94
23097	94
23121	94
23132	94
23144	94
23156	94
23167	94
23179	94
23191	94
23203	94
23214	94
23238	94
23250	94
23261	94
23273	94
23285	94
23296	94
23308	94
23320	94
23343	94
23355	94
23367	95
23378	95
23390	95
23414	95
23425	95
23437	95
23449	95
23460	95
23472	95
23496	95
23507	95
23519	95
23531	95
23542	95
23554	95
23566	95
23589	95
23601	95
23613	95
23625	95
23636	95
23648	95
23660	95
23671	95
23695	95
23707	95
23718	95
23730	95
23742	95
23765	95
23777	95
23789	95
23800	95
23812	95
23835	95
23847	95
23859	95
23871	95
23882	95
23894	95
23906	95
23917	95
23929	95
23953	95
23964	95
23976	95
23988	95
24000	95
24011	95
24023	95
24035	96
24046	96
24070	96
24082	96
24093	96
24105	96
24117	96
24128	96
24140	96
24164	96
24175	96
24187	96
24199	96
24210	96
24222	96
24246	96
24257	96
24269	96
24281	96
24292	96
24304	96
24316	96
24339	96
24351	96
24363	96
24375	96
24386	96
24398	96
24410	96
24421	96
24445	96
24457	96
24468	96
24480	96
24503	96
24515	96
24527	96
24550	96
24562	96
24574	96
24585	96
24597	96
24609	96
24632	96
24644	96
24656	96
24667	96
24679	96
24691	96
24703	96
24714	97
24726	97
24738	97
24761	97
24773	97
24785	97
24796	97
24808	97
24820	97
24843	97
24855	97
24867	97
24878	97
24890	97
24902	97
24914	97
24937	97
24949	97
24960	97
24972	97
24984	97
24996	97
25019	97
25031	97
25042	97
25054	97
25066	97
25078	97
25089	97
25101	97
25125	97
25136	97
25148	97
25160	97
25171	97
25183	97
25207	97
25218	97
25230	97
25242	97
25265	97
25277	97
25289	97
25312	97
25324	97
25335	97
25347	97
25359	97
25371	97
25394	97
25406	98
25417	98
25429	98
25441	98
25453	98
25464	98
25476	98
25488	98
25511	98
25523	98
25535	98
25546	98
25558	98
25570	98
25593	98
25605	98
25617	98
25628	98
25640	98
25652	98
25664	98
25675	98
25699	98
25710	98
25722	98
25734	98
25746	98
25769	98
25781	98
25792	98
25804	98
25816	98
25828	98
25839	98
25863	98
25875	98
25886	98
25898	98
25910	98
25921	98
25945	98
25957	98
25968	98
25992	98
26003	98
26015	98
26039	98
26050	98
26062	98
26074	98
26097	99
26109	99
26121	99
26132	99
26144	99
26156	99
26179	99
26191	99
26203	99
26214	99
26226	99
26238	99
26250	99
26273	99
26285	99
26296	99
26308	99
26320	99
26332	99
26355	99
26367	99
26378	99
26390	99
26402	99
26425	99
26437	99
26449	99
26460	99
26472	99
26496	99
26507	99
26519	99
26531	99
26542	99
26554	99
26578	99
26589	99
26601	99
26613	99
26636	99
26648	99
26660	99
26671	99
26683	99
26707	99
26718	99
26730	99
26753	99
26765	99
26789	99
26800	100
26812	100
26824	100
26847	100
26859	100
26871	100
26882	100
26894	100
26917	100
26929	100
26941	100
26953	100
26964	100
26976	100
26988	100
27011	100
27023	100
27035	100
27046	100
27070	100
27082	100
27093	100
27105	100
27117	100
27128	100
27152	100
27164	100
27175	100
27187	100
27199	100
27222	100
27234	100
27246	100
27257	100
27281	100
27292	100
27304	100
27316	100
27328	100
27339	100
27363	100
27375	100
27386	100
27398	100
27410	100
27433	100
27445	100
27457	100
27468	100
27492	100
27503	101
27527	101
27539	101
27550	101
27574	101
27585	101
27597	101
27609	101
27621	101
27644	101
27656	101
27667	101
27679	101
27703	101
27714	101
27726	101
27738	101
27761	101
27773	101
27785	101
27796	101
27820	101
27832	101
27843	101
27855	101
27878	101
27890	101
27902	101
27914	101
27937	101
27949	101
27960	101
27972	101
27996	101
28007	101
28019	101
28031	101
28042	101
28066	101
28078	101
28089	101
28101	101
28113	101
28136	101
28148	101
28160	101
28171	101
28195	101
28207	101
28218	101
28230	102
28253	102
28265	102
28289	102
28300	102
28312	102
28324	102
28347	102
28359	102
28371	102
28382	102
28406	102
28417	102
28429	102
28441	102
28464	102
28476	102
28488	102
28500	102
28511	102
28535	102
28546	102
28558	102
28570	102
28593	102
28605	102
28617	102
28640	102
28652	102
28664	102
28687	102
28699	102
28710	102
28734	102
28746	102
28757	102
28769	102
28781	102
28804	102
28816	102
28828	102
28839	102
28863	102
28875	102
28886	102
28898	102
28921	102
28933	102
28945	102
28957	102
28980	103
28992	103
29015	103
29027	103
29039	103
29062	103
29074	103
29085	103
29109	103
29121	103
29132	103
29144	103
29167	103
29179	103
29203	103
29214	103
29238	103
29250	103
29261	103
29273	103
29296	103
29308	103
29320	103
29332	103
29355	103
29367	103
29390	103
29402	103
29414	103
29437	103
29449	103
29460	103
29472	103
29496	103
29507	103
29519	103
29531	103
29554	103
29566	103
29578	103
29589	103
29601	103
29613	103
29625	103
29648	103
29660	103
29671	103
29695	103
29707	103
29718	103
29730	104
29742	104
29765	104
29777	104
29789	104
29812	104
29824	104
29835	104
29859	104
29871	104
29882	104
29894	104
29917	104
29929	104
29953	104
29964	104
29976	104
30000	104
30011	104
30023	104
30035	104
30058	104
30070	104
30093	104
30105	104
30128	104
30140	104
30164	104
30175	104
30199	104
30210	104
30222	104
30234	104
30257	104
30269	104
30281	104
30304	104
30316	104
30328	104
30339	104
30363	104
30375	104
30386	104
30398	104
30421	104
30433	104
30445	104
30468	104
30480	104
30492	104
30515	105
30527	105
30539	105
30550	105
30574	105
30585	105
30597	105
30621	105
30632	105
30644	105
30667	105
30679	105
30691	105
30703	105
30726	105
30738	105
30750	105
30773	105
30785	105
30796	105
30820	105
30832	105
30855	105
30867	105
30890	105
30902	105
30925	105
30937	105
30960	105
30972	105
30984	105
30996	105
31019	105
31031	105
31054	105
31066	105
31078	105
31101	105
31113	105
31125	105
31136	105
31160	105
31171	105
31183	105
31207	105
31218	105
31230	105
31253	105
31265	105
31277	105
31300	106
31312	106
31324	106
31347	106
31359	106
31371	106
31394	106
31406	106
31417	106
31441	106
31453	106
31476	106
31488	106
31500	106
31511	106
31535	106
31546	106
31558	106
31582	106
31605	106
31617	106
31640	106
31664	106
31675	106
31699	106
31710	106
31722	106
31746	106
31757	106
31769	106
31792	106
31804	106
31816	106
31839	106
31851	106
31863	106
31886	106
31898	106
31910	106
31933	106
31945	106
31957	106
31980	106
31992	106
32003	106
32015	106
32039	106
32050	106
32062	106
32085	106
32097	107
32109	107
32132	107
32144	107
32156	107
32167	107
32191	107
32203	107
32214	107
32238	107
32250	107
32261	107
32285	107
32296	107
32308	107
32332	107
32343	107
32367	107
32390	107
32414	107
32425	107
32449	107
32460	107
32472	107
32496	107
32507	107
32519	107
32542	107
32554	107
32578	107
32601	107
32613	107
32625	107
32648	107
32660	107
32671	107
32695	107
32707	107
32718	107
32742	107
32753	107
32765	107
32789	107
32800	107
32812	107
32835	107
32847	107
32871	107
32882	107
32894	107
32906	108
32929	108
32941	108
32953	108
32964	108
32976	108
33000	108
33011	108
33023	108
33046	108
33058	108
33082	108
33093	108
33117	108
33128	108
33152	108
33164	108
33187	108
33199	108
33210	108
33234	108
33246	108
33257	108
33281	108
33292	108
33316	108
33328	108
33351	108
33363	108
33375	108
33398	108
33410	108
33433	108
33445	108
33457	108
33480	108
33492	108
33515	108
33527	108
33550	108
33562	108
33574	108
33597	108
33609	108
33632	108
33644	108
33656	108
33667	108
33691	108
33703	108
33714	109
33738	109
33750	109
33761	109
33785	109
33796	109
33820	109
33832	109
33843	109
33867	109
33890	109
33902	109
33925	109
33937	109
33949	109
33972	109
33984	109
33996	109
34019	109
34031	109
34042	109
34066	109
34078	109
34101	109
34113	109
34125	109
34136	109
34160	109
34171	109
34195	109
34207	109
34218	109
34242	109
34253	109
34265	109
34289	109
34300	109
34312	109
34335	109
34347	109
34371	109
34382	109
34394	109
34406	109
34417	109
34441	109
34453	109
34464	109
34476	109
34488	109
34511	110
34523	110
34535	110
34558	110
34570	110
34593	110
34605	110
34617	110
34640	110
34652	110
34675	110
34687	110
34710	110
34722	110
34734	110
34757	110
34769	110
34792	110
34804	110
34828	110
34839	110
34863	110
34875	110
34886	110
34910	110
34921	110
34945	110
34957	110
34968	110
34992	110
35015	110
35027	110
35050	110
35062	110
35074	110
35097	110
35109	110
35121	110
35144	110
35156	110
35167	110
35191	110
35203	110
35214	110
35226	110
35250	110
35261	110
35273	110
35296	110
35308	110
35332	111
35343	111
35355	111
35378	111
35390	111
35414	111
35425	111
35449	111
35460	111
35472	111
35496	111
35507	111
35519	111
35542	111
35554	111
35566	111
35589	111
35601	111
35613	111
35636	111
35648	111
35660	111
35683	111
35695	111
35718	111
35730	111
35753	111
35765	111
35789	111
35800	111
35812	111
35835	111
35847	111
35859	111
35882	111
35894	111
35906	111
35929	111
35941	111
35953	111
35964	111
35988	111
36000	111
36011	111
36035	111
36046	111
36058	111
36082	111
36093	111
36105	111
36128	112
36140	112
36152	112
36175	112
36187	112
36210	112
36222	112
36234	112
36257	112
36269	112
36281	112
36304	112
36316	112
36328	112
36351	112
36363	112
36375	112
36398	112
36410	112
36421	112
36445	112
36457	112
36480	112
36492	112
36515	112
36527	112
36550	112
36562	112
36585	112
36597	112
36609	112
36632	112
36644	112
36656	112
36679	112
36691	112
36703	112
36726	112
36738	112
36750	112
36761	112
36785	112
36796	112
36820	112
36832	112
36843	112
36867	112
36878	112
36890	112
36914	112
36925	113
36937	113
36960	113
36972	113
36996	113
37007	113
37019	113
37042	113
37054	113
37066	113
37089	113
37101	113
37113	113
37136	113
37148	113
37160	113
37183	113
37195	113
37218	113
37230	113
37253	113
37265	113
37289	113
37300	113
37324	113
37335	113
37359	113
37371	113
37382	113
37406	113
37417	113
37429	113
37453	113
37464	113
37476	113
37488	113
37511	113
37523	113
37535	113
37558	113
37570	113
37582	113
37605	113
37617	113
37628	113
37652	113
37664	113
37675	113
37699	113
37710	113
37734	114
37746	114
37757	114
37781	114
37792	114
37804	114
37828	114
37839	114
37863	114
37875	114
37886	114
37898	114
37921	114
37933	114
37957	114
37968	114
37992	114
38015	114
38027	114
38050	114
38062	114
38085	114
38097	114
38109	114
38132	114
38144	114
38156	114
38179	114
38191	114
38203	114
38226	114
38238	114
38250	114
38273	114
38285	114
38308	114
38320	114
38332	114
38355	114
38367	114
38378	114
38402	114
38414	114
38437	114
38449	114
38460	114
38484	114
38496	114
38519	114
38531	114
38542	115
38566	115
38578	115
38601	115
38613	115
38625	115
38648	115
38660	115
38671	115
38695	115
38707	115
38730	115
38753	115
38765	115
38789	115
38800	115
38824	115
38835	115
38847	115
38871	115
38882	115
38906	115
38917	115
38929	115
38953	115
38964	115
38976	115
38988	115
39011	115
39023	115
39046	115
39058	115
39070	115
39093	115
39105	115
39117	115
39140	115
39152	115
39175	115
39187	115
39199	115
39222	115
39234	115
39257	115
39269	115
39281	115
39304	115
39316	115
39328	115
39351	115
39363	116
39375	116
39398	116
39410	116
39421	116
39445	116
39457	116
39480	116
39503	116
39515	116
39539	116
39550	116
39574	116
39585	116
39597	116
39621	116
39632	116
39656	116
39667	116
39691	116
39703	116
39714	116
39738	116
39750	116
39761	116
39785	116
39796	116
39820	116
39832	116
39855	116
39867	116
39890	116
39902	116
39925	116
39937	116
39949	116
39972	116
39984	116
40007	116
40019	116
40031	116
40054	116
40066	116
40089	116
40101	116
40113	116
40136	116
40148	116
40171	116
40183	116
40195	117
40218	117
40230	117
40253	117
40277	117
40289	117
40312	117
40324	117
40347	117
40359	117
40371	117
40394	117
40406	117
40429	117
40441	117
40464	117
40476	117
40500	117
40511	117
40523	117
40546	117
40558	117
40582	117
40593	117
40617	117
40628	117
40652	117
40664	117
40687	117
40699	117
40722	117
40734	117
40757	117
40769	117
40792	117
40804	117
40816	117
40839	117
40851	117
40875	117
40886	117
40898	117
40921	117
40933	117
40957	117
40968	117
40992	117
41015	117
41027	117
41050	117
41074	118
41085	118
41097	118
41121	118
41132	118
41156	118
41179	118
41191	118
41214	118
41238	118
41250	118
41261	118
41285	118
41296	118
41320	118
41332	118
41355	118
41378	118
41390	118
41414	118
41425	118
41449	118
41460	118
41484	118
41496	118
41519	118
41531	118
41542	118
41554	118
41578	118
41589	118
41601	118
41625	118
41636	118
41660	118
41671	118
41695	118
41707	118
41718	118
41742	118
41753	118
41777	118
41789	118
41812	118
41824	118
41847	118
41859	118
41882	118
41894	118
41917	118
41941	119
41953	119
41976	119
41988	119
42011	119
42023	119
42046	119
42058	119
42082	119
42093	119
42117	119
42140	119
42164	119
42187	119
42199	119
42222	119
42234	119
42246	119
42269	119
42281	119
42304	119
42328	119
42339	119
42351	119
42375	119
42386	119
42410	119
42421	119
42445	119
42457	119
42480	119
42492	119
42515	119
42527	119
42550	119
42562	119
42585	119
42597	119
42621	119
42632	119
42656	119
42667	119
42691	119
42703	119
42726	119
42738	119
42761	119
42773	119
42796	119
42808	119
42832	120
42843	120
42867	120
42890	120
42914	120
42937	120
42949	120
42972	120
42984	120
43007	120
43019	120
43042	120
43054	120
43078	120
43101	120
43113	120
43125	120
43148	120
43171	120
43183	120
43207	120
43218	120
43242	120
43253	120
43277	120
43289	120
43312	120
43324	120
43347	120
43359	120
43382	120
43394	120
43417	120
43429	120
43453	120
43476	120
43488	120
43511	120
43523	120
43546	120
43558	120
43582	120
43605	120
43628	120
43652	120
43664	120
43687	120
43710	120
43722	120
43746	120
43757	121
43781	121
43792	121
43816	121
43828	121
43851	121
43863	121
43886	121
43898	121
43921	121
43933	121
43957	121
43968	121
43992	121
44003	121
44027	121
44039	121
44062	121
44074	121
44097	121
44109	121
44132	121
44144	121
44167	121
44179	121
44203	121
44214	121
44238	121
44250	121
44273	121
44285	121
44308	121
44320	121
44343	121
44367	121
44390	121
44414	121
44437	121
44460	121
44472	121
44496	121
44507	121
44531	121
44554	121
44578	121
44589	121
44613	121
44625	121
44648	121
44660	121
44683	122
44707	122
44718	122
44742	122
44753	122
44777	122
44789	122
44812	122
44824	122
44847	122
44859	122
44882	122
44894	122
44917	122
44929	122
44941	122
44964	122
44976	122
45000	122
45011	122
45035	122
45046	122
45070	122
45082	122
45105	122
45128	122
45140	122
45164	122
45187	122
45199	122
45222	122
45246	122
45257	122
45281	122
45292	122
45316	122
45339	122
45351	122
45375	122
45386	122
45410	122
45433	122
45445	122
45468	122
45480	122
45503	122
45527	122
45539	122
45562	122
45585	122
45597	123
45621	123
45632	123
45656	123
45667	123
45691	123
45703	123
45726	123
45750	123
45761	123
45785	123
45796	123
45820	123
45843	123
45855	123
45878	123
45902	123
45925	123
45937	123
45960	123
45972	123
45996	123
46019	123
46031	123
46054	123
46066	123
46089	123
46101	123
46125	123
46136	123
46160	123
46183	123
46195	123
46218	123
46230	123
46253	123
46277	123
46289	123
46312	123
46324	123
46347	123
46371	123
46382	123
46406	123
46417	123
46429	123
46453	123
46464	123
46476	123
46500	123
46523	124
46535	124
46558	124
46570	124
46593	124
46617	124
46640	124
46652	124
46675	124
46699	124
46710	124
46734	124
46757	124
46769	124
46792	124
46816	124
46839	124
46863	124
46875	124
46898	124
46910	124
46933	124
46957	124
46980	124
46992	124
47015	124
47039	124
47062	124
47074	124
47097	124
47121	124
47132	124
47156	124
47167	124
47191	124
47203	124
47226	124
47250	124
47261	124
47285	124
47296	124
47320	124
47343	124
47355	124
47378	124
47402	124
47425	124
47437	124
47460	124
47484	124
47496	125
47519	125
47531	125
47554	125
47578	125
47589	125
47613	125
47625	125
47648	125
47671	125
47683	125
47707	125
47730	125
47742	125
47765	125
47789	125
47812	125
47824	125
47847	125
47871	125
47882	125
47906	125
47917	125
47941	125
47953	125
47976	125
47988	125
48011	125
48023	125
48046	125
48070	125
48082	125
48105	125
48128	125
48140	125
48164	125
48175	125
48199	125
48222	125
48234	125
48257	125
48281	125
48292	125
48316	125
48328	125
48351	125
48375	125
48386	125
48410	125
48433	125
48445	126
48468	126
48492	126
48515	126
48527	126
48550	126
48574	126
48585	126
48609	126
48632	126
48644	126
48667	126
48679	126
48703	126
48714	126
48738	126
48761	126
48773	126
48796	126
48808	126
48832	126
48855	126
48867	126
48890	126
48902	126
48925	126
48949	126
48960	126
48984	126
49007	126
49019	126
49042	126
49054	126
49078	126
49101	126
49113	126
49136	126
49148	126
49171	126
49195	126
49207	126
49230	126
49253	126
49277	126
49300	126
49324	126
49335	126
49359	126
49371	126
49394	126
49417	127
49429	127
49453	127
49464	127
49488	127
49500	127
49523	127
49546	127
49558	127
49582	127
49593	127
49617	127
49640	127
49652	127
49675	127
49687	127
49710	127
49734	127
49757	127
49769	127
49792	127
49804	127
49828	127
49851	127
49863	127
49886	127
49898	127
49921	127
49945	127
49957	127
49980	127
50003	127
50027	127
50050	127
50074	127
50085	127
50109	127
50132	127
50144	127
50167	127
50179	127
50203	127
50214	127
50238	127
50261	127
50273	127
50296	127
50320	127
50332	127
50355	127
50367	128
50390	128
50414	128
50425	128
50449	128
50472	128
50484	128
50507	128
50531	128
50542	128
50566	128
50589	128
50601	128
50625	128
50636	128
50660	128
50683	128
50695	128
50718	128
50742	128
50765	128
50789	128
50812	128
50824	128
50847	128
50871	128
50882	128
50906	128
50929	128
50941	128
50964	128
50976	128
51000	128
51011	128
51035	128
51058	128
51070	128
51093	128
51105	128
51128	128
51152	128
51164	128
51187	128
51210	128
51222	128
51246	128
51269	128
51281	128
51304	128
51316	128
51339	129
51351	129
51375	129
51398	129
51410	129
51433	129
51457	129
51480	129
51492	129
51515	129
51539	129
51562	129
51585	129
51597	129
51621	129
51644	129
51656	129
51679	129
51703	129
51714	129
51738	129
51761	129
51773	129
51796	129
51820	129
51832	129
51855	129
51878	129
51902	129
51914	129
51937	129
51960	129
51972	129
51996	129
52019	129
52031	129
52054	129
52078	129
52089	129
52113	129
52125	129
52148	129
52171	129
52195	129
52207	129
52230	129
52253	129
52277	129
52300	129
52312	129
52335	130
52359	130
52371	130
52394	130
52417	130
52429	130
52453	130
52476	130
52500	130
52511	130
52535	130
52558	130
52570	130
52593	130
52617	130
52640	130
52664	130
52675	130
52699	130
52722	130
52734	130
52757	130
52781	130
52804	130
52816	130
52839	130
52863	130
52875	130
52898	130
52921	130
52933	130
52957	130
52980	130
53003	130
53027	130
53050	130
53074	130
53085	130
53109	130
53132	130
53156	130
53179	130
53203	130
53226	130
53238	130
53261	130
53285	130
53296	130
53320	130
53343	130
53367	131
53390	131
53414	131
53425	131
53449	131
53472	131
53496	131
53507	131
53531	131
53554	131
53566	131
53578	131
53601	131
53625	131
53636	131
53660	131
53683	131
53707	131
53718	131
53742	131
53765	131
53777	131
53800	131
53824	131
53847	131
53859	131
53882	131
53906	131
53929	131
53953	131
53976	131
53988	131
54011	131
54035	131
54046	131
54070	131
54093	131
54128	131
54152	131
54175	131
54187	131
54210	131
54234	131
54257	131
54269	131
54292	131
54316	131
54339	131
54351	131
54375	131
54398	132
54421	132
54433	132
54457	132
54480	132
54492	132
54515	132
54539	132
54562	132
54574	132
54597	132
54621	132
54644	132
54656	132
54679	132
54703	132
54726	132
54738	132
54761	132
54785	132
54808	132
54832	132
54855	132
54878	132
54902	132
54925	132
54949	132
54972	132
54984	132
55007	132
55031	132
55054	132
55078	132
55089	132
55113	132
55136	132
55160	132
55171	132
55195	132
55218	132
55242	132
55265	132
55277	132
55300	132
55324	132
55347	132
55371	132
55382	132
55406	132
55429	132
55453	133
55476	133
55488	133
55511	133
55535	133
55558	133
55582	133
55605	133
55628	133
55652	133
55675	133
55699	133
55722	133
55746	133
55757	133
55781	133
55804	133
55828	133
55851	133
55863	133
55886	133
55910	133
55933	133
55945	133
55968	133
55992	133
56003	133
56027	133
56050	133
56074	133
56085	133
56109	133
56132	133
56156	133
56167	133
56191	133
56214	133
56238	133
56250	133
56273	133
56296	133
56320	133
56343	133
56367	133
56390	133
56425	133
56449	133
56460	133
56484	133
56507	133
56531	134
56554	134
56578	134
56601	134
56625	134
56648	134
56671	134
56683	134
56707	134
56730	134
56753	134
56777	134
56789	134
56812	134
56835	134
56859	134
56882	134
56894	134
56917	134
56929	134
56953	134
56976	134
56988	134
57011	134
57035	134
57058	134
57082	134
57093	134
57128	134
57152	134
57175	134
57187	134
57210	134
57234	134
57257	134
57281	134
57304	134
57328	134
57351	134
57363	134
57386	134
57410	134
57433	134
57457	134
57468	134
57492	134
57515	134
57539	134
57562	134
57585	134
57609	135
57632	135
57644	135
57667	135
57691	135
57714	135
57726	135
57750	135
57773	135
57796	135
57820	135
57843	135
57867	135
57890	135
57914	135
57937	135
57960	135
57972	135
57996	135
58019	135
58042	135
58066	135
58089	135
58101	135
58125	135
58148	135
58171	135
58195	135
58218	135
58230	135
58253	135
58277	135
58300	135
58324	135
58347	135
58371	135
58382	135
58406	135
58429	135
58441	135
58464	135
58476	135
58500	135
58523	135
58546	135
58570	135
58593	135
58617	135
58640	135
58664	135
58687	136
58710	136
58734	136
58746	136
58769	136
58792	136
58828	136
58851	136
58875	136
58886	136
58910	136
58933	136
58957	136
58980	136
59003	136
59027	136
59050	136
59074	136
59097	136
59121	136
59144	136
59156	136
59179	136
59203	136
59226	136
59250	136
59261	136
59285	136
59308	136
59332	136
59355	136
59378	136
59402	136
59425	136
59449	136
59472	136
59496	136
59507	136
59531	136
59554	136
59578	136
59601	136
59625	136
59648	136
59671	136
59683	136
59707	136
59730	136
59753	136
59777	136
59800	137
59824	137
59847	137
59871	137
59894	137
59917	137
59929	137
59953	137
59976	137
60000	137
60023	137
60046	137
60058	137
60082	137
60105	137
60128	137
60152	137
60175	137
60199	137
60222	137
60246	137
60257	137
60281	137
60304	137
60328	137
60351	137
60375	137
60398	137
60410	137
60433	137
60457	137
60480	137
60515	137
60539	137
60562	137
60585	137
60597	137
60621	137
60644	137
60667	137
60691	137
60714	137
60726	137
60750	137
60773	137
60796	137
60820	137
60843	137
60867	137
60878	137
60902	138
60925	138
60949	138
60972	138
60996	138
61019	138
61042	138
61054	138
61078	138
61101	138
61125	138
61148	138
61171	138
61195	138
61218	138
61242	138
61265	138
61289	138
61312	138
61335	138
61359	138
61382	138
61406	138
61429	138
61453	138
61476	138
61488	138
61511	138
61535	138
61558	138
61582	138
61605	138
61628	138
61652	138
61664	138
61687	138
61710	138
61734	138
61757	138
61781	138
61804	138
61828	138
61851	138
61875	138
61886	138
61910	138
61933	138
61957	138
61992	138
62015	138
62039	139
62062	139
62085	139
62109	139
62132	139
62156	139
62179	139
62191	139
62214	139
62238	139
62261	139
62285	139
62308	139
62332	139
62343	139
62367	139
62390	139
62414	139
62437	139
62460	139
62484	139
62507	139
62531	139
62554	139
62566	139
62589	139
62613	139
62636	139
62660	139
62683	139
62707	139
62730	139
62765	139
62789	139
62812	139
62835	139
62859	139
62882	139
62906	139
62917	139
62941	139
62964	139
62988	139
63011	139
63035	139
63058	139
63082	139
63093	139
63117	139
63140	139
63164	140
63187	140
63210	140
63234	140
63257	140
63281	140
63304	140
63316	140
63339	140
63363	140
63386	140
63410	140
63433	140
63457	140
63480	140
63503	140
63527	140
63550	140
63574	140
63597	140
63621	140
63644	140
63667	140
63691	140
63714	140
63738	140
63761	140
63785	140
63796	140
63820	140
63843	140
63867	140
63890	140
63914	140
63937	140
63960	140
63984	140
64007	140
64031	140
64054	140
64078	140
64101	140
64113	140
64136	140
64160	140
64183	140
64207	140
64230	140
64253	140
64277	140
64300	141
64324	141
64347	141
64371	141
64394	141
64417	141
64441	141
64464	141
64488	141
64511	141
64535	141
64558	141
64582	141
64605	141
64628	141
64652	141
64675	141
64699	141
64722	141
64746	141
64769	141
64792	141
64816	141
64839	141
64851	141
64875	141
64898	141
64921	141
64945	141
64968	141
64992	141
65027	141
65050	141
65074	141
65097	141
65121	141
65144	141
65167	141
65191	141
65214	141
65238	141
65261	141
65285	141
65308	141
65332	141
65355	141
65390	141
65414	141
65437	141
65460	141
65484	142
65507	142
65519	142
65542	142
65566	142
65578	142
65601	142
65625	142
65648	142
65671	142
65695	142
65718	142
65742	142
65765	142
65789	142
65812	142
65835	142
65859	142
65882	142
65906	142
65929	142
65953	142
65976	142
66000	142
66023	142
66046	142
66070	142
66093	142
66128	142
66152	142
66175	142
66199	142
66222	142
66246	142
66269	142
66292	142
66316	142
66339	142
66363	142
66386	142
66410	142
66433	142
66457	142
66480	142
66503	142
66527	142
66550	142
66574	142
66597	142
66621	142
66644	143
66667	143
66691	143
66714	143
66738	143
66750	143
66773	143
66796	143
66820	143
66855	143
66878	143
66914	143
66937	143
66960	143
66984	143
67007	143
67031	143
67054	143
67078	143
67101	143
67125	143
67148	143
67171	143
67195	143
67218	143
67242	143
67265	143
67289	143
67312	143
67335	143
67359	143
67382	143
67406	143
67429	143
67453	143
67476	143
67500	143
67523	143
67546	143
67570	143
67593	143
67628	143
67664	143
67687	143
67710	143
67734	143
67757	143
67781	143
67804	143
67828	143
67851	144
67875	144
67898	144
67921	144
67945	144
67968	144
67992	144
68003	144
68027	144
68050	144
68074	144
68097	144
68121	144
68144	144
68167	144
68191	144
68214	144
68238	144
68261	144
68285	144
68308	144
68332	144
68367	144
68390	144
68425	144
68449	144
68472	144
68496	144
68519	144
68542	144
68578	144
68601	144
68625	144
68648	144
68671	144
68695	144
68718	144
68742	144
68765	144
68789	144
68812	144
68835	144
68859	144
68882	144
68906	144
68917	144
68941	144
68964	144
68988	144
69011	144
69035	145
69058	145
69082	145
69105	145
69128	145
69164	145
69187	145
69210	145
69234	145
69257	145
69281	145
69304	145
69328	145
69351	145
69375	145
69398	145
69421	145
69445	145
69468	145
69503	145
69527	145
69550	145
69574	145
69597	145
69621	145
69644	145
69667	145
69691	145
69714	145
69738	145
69761	145
69785	145
69808	145
69832	145
69855	145
69878	145
69914	145
69937	145
69960	145
69984	145
70007	145
70031	145
70054	145
70078	145
70101	145
70125	145
70148	145
70171	145
70195	145
70218	145
70242	146
70265	146
70289	146
70312	146
70335	146
70359	146
70382	146
70406	146
70429	146
70453	146
70464	146
70488	146
70511	146
70535	146
70570	146
70593	146
70617	146
70640	146
70664	146
70687	146
70722	146
70734	146
70769	146
70792	146
70816	146
70851	146
70875	146
70898	146
70921	146
70945	146
70968	146
70992	146
71027	146
71050	146
71074	146
71097	146
71121	146
71144	146
71167	146
71191	146
71214	146
71238	146
71261	146
71285	146
71308	146
71332	146
71367	146
71390	146
71414	146
71437	146
71460	147
71484	147
71507	147
71531	147
71554	147
71578	147
71601	147
71625	147
71648	147
71683	147
71707	147
71730	147
71753	147
71777	147
71800	147
71824	147
71859	147
71882	147
71906	147
71929	147
71941	147
71964	147
71988	147
72011	147
72035	147
72058	147
72082	147
72105	147
72140	147
72164	147
72187	147
72210	147
72234	147
72257	147
72281	147
72304	147
72328	147
72351	147
72375	147
72398	147
72421	147
72457	147
72480	147
72503	147
72539	147
72562	147
72585	147
72609	147
72632	147
72656	147
72679	148
72703	148
72726	148
72750	148
72773	148
72796	148
72820	148
72843	148
72867	148
72890	148
72914	148
72937	148
72960	148
72996	148
73019	148
73042	148
73066	148
73089	148
73113	148
73136	148
73160	148
73183	148
73207	148
73230	148
73265	148
73289	148
73312	148
73347	148
73371	148
73394	148
73417	148
73441	148
73464	148
73488	148
73511	148
73535	148
73558	148
73582	148
73605	148
73628	148
73652	148
73675	148
73699	148
73722	148
73746	148
73769	148
73792	148
73828	148
73851	148
73875	148
73898	149
73921	149
73945	149
73968	149
74003	149
74027	149
74062	149
74085	149
74109	149
74132	149
74156	149
74179	149
74203	149
74226	149
74250	149
74273	149
74308	149
74332	149
74355	149
74378	149
74402	149
74425	149
74449	149
74472	149
74507	149
74531	149
74554	149
74578	149
74601	149
74625	149
74648	149
74671	149
74707	149
74730	149
74765	149
74789	149
74812	149
74835	149
74859	149
74894	149
74917	149
74941	149
74964	149
74988	149
75011	149
75035	149
75058	149
75082	149
75105	149
75128	149
75152	150
75175	150
75199	150
75222	150
75257	150
75281	150
75304	150
75328	150
75351	150
75375	150
75398	150
75421	150
75445	150
75468	150
75503	150
75527	150
75562	150
75585	150
75609	150
75632	150
75656	150
75679	150
75714	150
75738	150
75761	150
75785	150
75808	150
75832	150
75867	150
75890	150
75914	150
75937	150
75960	150
75996	150
76019	150
76042	150
76066	150
76089	150
76113	150
76136	150
76160	150
76195	150
76218	150
76242	150
76277	150
76300	150
76324	150
76347	150
76371	150
76406	150
76429	151
76453	151
76476	151
76500	151
76523	151
76546	151
76582	151
76605	151
76628	151
76664	151
76687	151
76710	151
76734	151
76757	151
76781	151
76804	151
76839	151
76863	151
76886	151
76910	151
76933	151
76957	151
76992	151
77015	151
77039	151
77074	151
77097	151
77121	151
77144	151
77179	151
77203	151
77226	151
77250	151
77285	151
77308	151
77332	151
77355	151
77390	151
77414	151
77437	151
77460	151
77496	151
77519	151
77542	151
77554	151
77578	151
77601	151
77625	151
77660	151
77683	151
77707	152
77730	152
77753	152
77777	152
77812	152
77835	152
77859	152
77882	152
77906	152
77941	152
77964	152
78000	152
78023	152
78046	152
78070	152
78105	152
78128	152
78164	152
78187	152
78222	152
78246	152
78269	152
78292	152
78316	152
78351	152
78375	152
78398	152
78421	152
78445	152
78468	152
78503	152
78527	152
78550	152
78574	152
78597	152
78632	152
78656	152
78679	152
78703	152
78726	152
78750	152
78773	152
78808	152
78832	152
78867	152
78890	152
78925	152
78949	152
78972	152
78996	152
79031	153
79054	153
79078	153
79101	153
79125	153
79160	153
79183	153
79207	153
79230	153
79253	153
79289	153
79312	153
79335	153
79359	153
79382	153
79417	153
79441	153
79464	153
79500	153
79523	153
79546	153
79570	153
79605	153
79640	153
79664	153
79699	153
79722	153
79746	153
79769	153
79804	153
79828	153
79851	153
79875	153
79898	153
79933	153
79957	153
79980	153
80003	153
80027	153
80050	153
80074	153
80109	153
80132	153
80156	153
80179	153
80203	153
80226	153
80261	153
80285	153
80308	153
80343	154
80367	154
80402	154
80437	154
80460	154
80484	154
80507	154
80542	154
80578	154
80601	154
80625	154
80648	154
80683	154
80707	154
80730	154
80753	154
80777	154
80812	154
80835	154
80859	154
80882	154
80906	154
80929	154
80953	154
80976	154
81000	154
81023	154
81058	154
81082	154
81105	154
81140	154
81164	154
81199	154
81222	154
81246	154
81269	154
81304	154
81328	154
81351	154
81386	154
81410	154
81433	154
81457	154
81492	154
81515	154
81539	154
81574	154
81597	154
81621	154
81656	154
81679	155
81703	155
81726	155
81750	155
81773	155
81808	155
81832	155
81867	155
81890	155
81925	155
81949	155
81972	155
81996	155
82031	155
82054	155
82078	155
82101	155
82136	155
82160	155
82183	155
82207	155
82242	155
82265	155
82289	155
82312	155
82347	155
82371	155
82394	155
82417	155
82441	155
82464	155
82488	155
82511	155
82546	155
82570	155
82593	155
82628	155
82652	155
82687	155
82710	155
82734	155
82757	155
82792	155
82828	155
82851	155
82875	155
82910	155
82933	155
82957	155
82992	155
83027	156
83050	156
83074	156
83109	156
83132	156
83156	156
83179	156
83203	156
83238	156
83261	156
83285	156
83308	156
83343	156
83367	156
83402	156
83425	156
83449	156
83484	156
83507	156
83531	156
83554	156
83589	156
83613	156
83636	156
83671	156
83695	156
83718	156
83753	156
83777	156
83812	156
83835	156
83859	156
83894	156
83917	156
83941	156
83964	156
83988	156
84011	156
84046	156
84070	156
84093	156
84128	156
84152	156
84175	156
84210	156
84234	156
84257	156
84281	156
84316	156
84339	156
84363	157
84386	157
84421	157
84445	157
84480	157
84503	157
84539	157
84562	157
84597	157
84621	157
84644	157
84667	157
84691	157
84726	157
84750	157
84773	157
84796	157
84832	157
84855	157
84878	157
84914	157
84937	157
84960	157
84984	157
85019	157
85042	157
85066	157
85089	157
85125	157
85148	157
85171	157
85207	157
85230	157
85265	157
85289	157
85324	157
85347	157
85382	157
85406	157
85429	157
85453	157
85476	157
85511	157
85535	157
85558	157
85593	157
85617	157
85640	157
85664	157
85699	157
85722	158
85746	158
85781	158
85804	158
85828	158
85863	158
85886	158
85910	158
85945	158
85968	158
86003	158
86039	158
86062	158
86097	158
86121	158
86144	158
86179	158
86203	158
86226	158
86250	158
86285	158
86308	158
86332	158
86367	158
86390	158
86414	158
86449	158
86472	158
86496	158
86531	158
86554	158
86578	158
86613	158
86636	158
86660	158
86695	158
86718	158
86753	158
86789	158
86812	158
86835	158
86871	158
86894	158
86917	158
86953	158
86976	158
87000	158
87023	158
87058	158
87082	158
87105	159
87128	159
87164	159
87187	159
87210	159
87246	159
87269	159
87292	159
87316	159
87339	159
87375	159
87398	159
87421	159
87457	159
87480	159
87515	159
87550	159
87574	159
87597	159
87632	159
87656	159
87679	159
87714	159
87738	159
87761	159
87796	159
87820	159
87855	159
87878	159
87914	159
87937	159
87960	159
87996	159
88019	159
88042	159
88078	159
88101	159
88125	159
88160	159
88183	159
88207	159
88242	159
88277	159
88300	159
88324	159
88359	159
88382	159
88417	159
88441	159
88464	159
88500	160
88523	160
88546	160
88582	160
88605	160
88640	160
88664	160
88699	160
88722	160
88746	160
88781	160
88804	160
88828	160
88863	160
88886	160
88910	160
88945	160
88968	160
89003	160
89027	160
89062	160
89085	160
89121	160
89144	160
89179	160
89203	160
89238	160
89261	160
89285	160
89320	160
89343	160
89378	160
89414	160
89437	160
89460	160
89496	160
89519	160
89542	160
89566	160
89589	160
89625	160
89648	160
89671	160
89707	160
89730	160
89753	160
89789	160
89812	160
89847	160
89871	160
89894	161
89929	161
89964	161
89988	161
90011	161
90046	161
90070	161
90105	161
90140	161
90175	161
90210	161
90234	161
90257	161
90292	161
90316	161
90351	161
90375	161
90398	161
90433	161
90457	161
90480	161
90515	161
90539	161
90574	161
90597	161
90621	161
90656	161
90679	161
90703	161
90738	161
90761	161
90785	161
90820	161
90855	161
90890	161
90914	161
90949	161
90972	161
91007	161
91031	161
91066	161
91089	161
91125	161
91148	161
91171	161
91207	161
91230	161
91253	161
91289	161
91312	161
91347	162
91371	162
91406	162
91429	162
91464	162
91488	162
91511	162
91546	162
91570	162
91605	162
91640	162
91675	162
91710	162
91734	162
91757	162
91792	162
91816	162
91851	162
91875	162
91910	162
91933	162
91957	162
91992	162
92015	162
92039	162
92074	162
92097	162
92132	162
92156	162
92179	162
92203	162
92238	162
92261	162
92296	162
92320	162
92355	162
92390	162
92425	162
92460	162
92484	162
92507	162
92542	162
92578	162
92613	162
92636	162
92671	162
92695	162
92718	162
92753	162
92777	162
92800	163
92835	163
92859	163
92894	163
92917	163
92941	163
92964	163
92988	163
93023	163
93046	163
93082	163
93105	163
93140	163
93175	163
93199	163
93222	163
93257	163
93281	163
93316	163
93351	163
93375	163
93398	163
93433	163
93457	163
93492	163
93515	163
93550	163
93574	163
93609	163
93632	163
93667	163
93691	163
93714	163
93750	163
93773	163
93796	163
93832	163
93867	163
93890	163
93925	163
93960	163
93984	163
94019	163
94042	163
94066	163
94101	163
94125	163
94160	163
94183	163
94218	163
94242	164
94277	164
94300	164
94335	164
94359	164
94394	164
94417	164
94441	164
94464	164
94488	164
94523	164
94546	164
94582	164
94605	164
94640	164
94675	164
94699	164
94734	164
94757	164
94792	164
94828	164
94851	164
94886	164
94910	164
94945	164
94968	164
95003	164
95039	164
95074	164
95097	164
95121	164
95156	164
95179	164
95214	164
95238	164
95261	164
95296	164
95320	164
95355	164
95378	164
95414	164
95437	164
95472	164
95496	164
95531	164
95554	164
95589	164
95613	164
95636	164
95671	164
95695	165
95730	165
95765	165
95789	165
95824	165
95847	165
95882	165
95906	165
95929	165
95964	165
95988	165
96011	165
96046	165
96070	165
96105	165
96128	165
96164	165
96187	165
96222	165
96246	165
96281	165
96304	165
96339	165
96363	165
96398	165
96421	165
96457	165
96492	165
96527	165
96550	165
96585	165
96609	165
96644	165
96667	165
96703	165
96726	165
96750	165
96785	165
96808	165
96843	165
96867	165
96902	165
96925	165
96960	165
96984	165
97019	165
97042	165
97078	165
97101	165
97125	165
97160	166
97183	166
97218	166
97253	166
97289	166
97312	166
97347	166
97371	166
97406	166
97429	166
97464	166
97488	166
97511	166
97546	166
97570	166
97605	166
97628	166
97652	166
97687	166
97710	166
97746	166
97769	166
97804	166
97828	166
97863	166
97886	166
97921	166
97945	166
97980	166
98015	166
98050	166
98074	166
98109	166
98132	166
98167	166
98191	166
98226	166
98250	166
98285	166
98308	166
98343	166
98367	166
98402	166
98425	166
98460	166
98484	166
98519	166
98542	166
98578	166
98613	166
98636	167
98660	167
98695	167
98730	167
98765	167
98800	167
98824	167
98859	167
98882	167
98917	167
98941	167
98976	167
99000	167
99035	167
99058	167
99082	167
99117	167
99140	167
99175	167
99199	167
99234	167
99257	167
99292	167
99316	167
99339	167
99375	167
99398	167
99433	167
99457	167
99492	167
99527	167
99562	167
99585	167
99621	167
99644	167
99679	167
99703	167
99738	167
99761	167
99796	167
99820	167
99855	167
99878	167
99914	167
99949	167
99972	167
100007	167
100031	167
100054	167
100089	167
100113	168
100148	168
100171	168
100207	168
100242	168
100265	168
100300	168
100335	168
100359	168
100394	168
100417	168
100453	168
100476	168
100511	168
100535	168
100570	168
100605	168
100628	168
100664	168
100699	168
100722	168
100757	168
100781	168
100816	168
100839	168
100875	168
100898	168
100933	168
100957	168
100992	168
101027	168
101062	168
101097	168
101121	168
101156	168
101191	168
101226	168
101250	168
101273	168
101308	168
101343	168
101378	168
101402	168
101437	168
101460	168
101496	168
101519	168
101554	168
101578	168
101601	168
101625	169
101660	169
101695	169
101718	169
101742	169
101777	169
101812	169
101835	169
101871	169
101894	169
101929	169
101964	169
101988	169
102023	169
102046	169
102082	169
102117	169
102152	169
102187	169
102222	169
102246	169
102281	169
102304	169
102339	169
102363	169
102398	169
102421	169
102457	169
102480	169
102515	169
102550	169
102574	169
102609	169
102632	169
102667	169
102691	169
102726	169
102761	169
102785	169
102820	169
102855	169
102890	169
102925	169
102960	169
102984	169
103019	169
103042	169
103078	169
103113	169
103136	169
103171	170
103195	170
103230	170
103265	170
103289	170
103324	170
103347	170
103382	170
103417	170
103441	170
103476	170
103500	170
103535	170
103570	170
103605	170
103640	170
103675	170
103710	170
103734	170
103769	170
103792	170
103828	170
103851	170
103886	170
103921	170
103945	170
103980	170
104003	170
104027	170
104062	170
104085	170
104121	170
104156	170
104179	170
104203	170
104238	170
104261	170
104296	170
104332	170
104367	170
104402	170
104437	170
104472	170
104496	170
104531	170
104566	170
104601	170
104625	170
104660	170
104695	170
104718	171
104753	171
104777	171
104812	171
104847	171
104871	171
104906	171
104929	171
104953	171
104988	171
105011	171
105046	171
105070	171
105105	171
105140	171
105175	171
105210	171
105234	171
105269	171
105304	171
105339	171
105363	171
105398	171
105421	171
105457	171
105492	171
105527	171
105550	171
105585	171
105621	171
105644	171
105679	171
105703	171
105738	171
105761	171
105796	171
105820	171
105855	171
105890	171
105925	171
105960	171
105984	171
106019	171
106054	171
106078	171
106113	171
106136	171
106171	171
106195	171
106230	171
106265	172
106289	172
106324	172
106347	172
106382	172
106406	172
106441	172
106464	172
106488	172
106523	172
106546	172
106582	172
106617	172
106652	172
106687	172
106710	172
106746	172
106781	172
106816	172
106851	172
106875	172
106910	172
106945	172
106968	172
107003	172
107039	172
107074	172
107109	172
107132	172
107167	172
107191	172
107226	172
107261	172
107285	172
107320	172
107355	172
107378	172
107414	172
107449	172
107484	172
107507	172
107542	172
107566	172
107601	172
107636	172
107660	172
107695	172
107730	172
107765	172
107789	172
107824	173
107859	173
107882	173
107917	173
107941	173
107976	173
108000	173
108035	173
108058	173
108093	173
108128	173
108152	173
108187	173
108222	173
108246	173
108281	173
108304	173
108339	173
108375	173
108398	173
108433	173
108468	173
108503	173
108539	173
108562	173
108597	173
108632	173
108656	173
108691	173
108714	173
108750	173
108773	173
108808	173
108843	173
108867	173
108902	173
108925	173
108960	173
108996	173
109019	173
109054	173
109089	173
109113	173
109148	173
109183	173
109207	173
109242	173
109289	173
109312	173
109347	173
109382	174
109406	174
109441	174
109464	174
109500	174
109535	174
109558	174
109593	174
109617	174
109652	174
109687	174
109710	174
109746	174
109781	174
109804	174
109839	174
109875	174
109898	174
109933	174
109968	174
110003	174
110039	174
110074	174
110109	174
110132	174
110167	174
110191	174
110226	174
110250	174
110285	174
110320	174
110343	174
110378	174
110414	174
110437	174
110472	174
110507	174
110531	174
110566	174
110601	174
110636	174
110660	174
110695	174
110730	174
110765	174
110800	174
110835	174
110859	174
110894	174
110929	174
110953	175
110988	175
111011	175
111046	175
111082	175
111105	175
111140	175
111175	175
111199	175
111234	175
111269	175
111292	175
111328	175
111351	175
111386	175
111421	175
111445	175
111480	175
111515	175
111550	175
111585	175
111621	175
111656	175
111679	175
111714	175
111750	175
111773	175
111808	175
111843	175
111878	175
111914	175
111937	175
111972	175
112007	175
112042	175
112066	175
112101	175
112125	175
112160	175
112195	175
112230	175
112265	175
112300	175
112324	175
112359	175
112394	175
112429	175
112453	175
112488	175
112523	175
112546	176
112582	176
112617	176
112652	176
112687	176
112710	176
112746	176
112781	176
112816	176
112839	176
112875	176
112898	176
112933	176
112968	176
113003	176
113039	176
113074	176
113109	176
113144	176
113179	176
113214	176
113250	176
113273	176
113308	176
113343	176
113378	176
113414	176
113449	176
113472	176
113507	176
113542	176
113566	176
113589	176
113625	176
113660	176
113683	176
113718	176
113753	176
113777	176
113812	176
113847	176
113882	176
113906	176
113941	176
113976	176
114011	176
114046	176
114082	176
114117	176
114152	176
114187	177
114222	177
114257	177
114281	177
114316	177
114351	177
114375	177
114410	177
114445	177
114468	177
114503	177
114539	177
114574	177
114597	177
114632	177
114667	177
114691	177
114726	177
114761	177
114785	177
114820	177
114855	177
114902	177
114937	177
114972	177
114996	177
115031	177
115066	177
115101	177
115125	177
115160	177
115195	177
115218	177
115253	177
115289	177
115324	177
115359	177
115382	177
115417	177
115453	177
115488	177
115511	177
115546	177
115582	177
115628	177
115664	177
115699	177
115734	177
115757	177
115792	177
115828	178
115863	178
115886	178
115921	178
115957	178
115980	178
116015	178
116050	178
116074	178
116109	178
116144	178
116167	178
116203	178
116238	178
116261	178
116296	178
116332	178
116378	178
116414	178
116449	178
116484	178
116507	178
116542	178
116589	178
116613	178
116648	178
116683	178
116718	178
116742	178
116777	178
116812	178
116835	178
116871	178
116906	178
116929	178
116953	178
116988	178
117023	178
117046	178
117082	178
117117	178
117152	178
117187	178
117222	178
117257	178
117281	178
117316	178
117351	178
117386	178
117421	178
117445	179
117480	179
117515	179
117550	179
117585	179
117621	179
117644	179
117679	179
117703	179
117738	179
117773	179
117808	179
117832	179
117878	179
117914	179
117937	179
117972	179
118007	179
118042	179
118066	179
118101	179
118136	179
118171	179
118195	179
118230	179
118265	179
118289	179
118324	179
118359	179
118394	179
118417	179
118441	179
118476	179
118500	179
118535	179
118570	179
118593	179
118628	179
118664	179
118699	179
118734	179
118769	179
118804	179
118839	179
118875	179
118910	179
118933	179
118968	179
119015	179
119050	179
119074	180
119109	180
119144	180
119179	180
119203	180
119238	180
119261	180
119296	180
119332	180
119367	180
119402	180
119437	180
119460	180
119496	180
119531	180
119566	180
119589	180
119625	180
119660	180
119695	180
119718	180
119753	180
119789	180
119824	180
119859	180
119894	180
119917	180
119953	180
119976	180
120011	180
120035	180
120070	180
120105	180
120140	180
120164	180
120199	180
120234	180
120269	180
120292	180
120328	180
120363	180
120386	180
120421	180
120457	180
120492	180
120527	180
120562	180
120597	180
120632	180
120656	180
120691	181
120714	181
120750	181
120785	181
120820	181
120843	181
120878	181
120914	181
120937	181
120972	181
121007	181
121031	181
121066	181
121101	181
121136	181
121160	181
121195	181
121230	181
121265	181
121300	181
121335	181
121371	181
121406	181
121429	181
121464	181
121488	181
121523	181
121558	181
121582	181
121617	181
121652	181
121687	181
121710	181
121746	181
121781	181
121804	181
121839	181
121875	181
121910	181
121945	181
121980	181
122015	181
122050	181
122085	181
122109	181
122144	181
122179	181
122203	181
122238	181
122273	181
122308	182
122332	182
122367	182
122402	182
122425	182
122460	182
122496	182
122531	182
122554	182
122589	182
122625	182
122660	182
122695	182
122730	182
122765	182
122800	182
122835	182
122859	182
122894	182
122929	182
122953	182
122988	182
123023	182
123046	182
123082	182
123117	182
123140	182
123175	182
123210	182
123246	182
123269	182
123304	182
123328	182
123363	182
123398	182
123433	182
123468	182
123503	182
123539	182
123574	182
123597	182
123632	182
123667	182
123703	182
123726	182
123761	182
123796	182
123832	182
123867	182
123902	182
123925	183
123960	183
123996	183
124031	183
124054	183
124089	183
124125	183
124148	183
124183	183
124218	183
124253	183
124289	183
124324	183
124359	183
124382	183
124417	183
124453	183
124488	183
124511	183
124546	183
124582	183
124617	183
124652	183
124687	183
124710	183
124746	183
124781	183
124816	183
124839	183
124875	183
124910	183
124933	183
124968	183
125003	183
125039	183
125074	183
125109	183
125144	183
125179	183
125214	183
125250	183
125285	183
125308	183
125343	183
125378	183
125414	183
125449	183
125484	183
125519	183
125542	183
125566	184
125601	184
125625	184
125660	184
125695	184
125718	184
125753	184
125789	184
125824	184
125847	184
125882	184
125917	184
125953	184
125988	184
126023	184
126046	184
126082	184
126128	184
126164	184
126199	184
126234	184
126257	184
126292	184
126328	184
126351	184
126386	184
126421	184
126457	184
126480	184
126515	184
126550	184
126574	184
126609	184
126644	184
126679	184
126703	184
126738	184
126773	184
126808	184
126843	184
126878	184
126914	184
126949	184
126984	184
127007	184
127042	184
127078	184
127113	184
127136	184
127171	184
127207	185
127242	185
127265	185
127300	185
127335	185
127371	185
127394	185
127429	185
127464	185
127500	185
127535	185
127558	185
127605	185
127640	185
127675	185
127710	185
127746	185
127769	185
127804	185
127839	185
127863	185
127898	185
127933	185
127968	185
127992	185
128027	185
128050	185
128085	185
128121	185
128144	185
128179	185
128203	185
128238	185
128273	185
128296	185
128332	185
128378	185
128414	185
128449	185
128484	185
128519	185
128554	185
128589	185
128625	185
128648	185
128683	185
128718	185
128742	185
128777	185
128812	185
128847	186
128871	186
128906	186
128929	186
128964	186
128988	186
129023	186
129058	186
129082	186
129117	186
129152	186
129187	186
129222	186
129257	186
129281	186
129316	186
129351	186
129386	186
129421	186
129445	186
129480	186
129515	186
129550	186
129574	186
129609	186
129644	186
129667	186
129703	186
129738	186
129761	186
129796	186
129832	186
129867	186
129902	186
129937	186
129960	186
129996	186
130031	186
130054	186
130089	186
130125	186
130148	186
130183	186
130218	186
130242	186
130277	186
130312	186
130335	186
130371	186
130406	186
130429	187
130453	187
130488	187
130511	187
130546	187
130582	187
130605	187
130640	187
130675	187
130710	187
130746	187
130769	187
130816	187
130851	187
130875	187
130910	187
130945	187
130980	187
131015	187
131050	187
131085	187
131109	187
131144	187
131179	187
131203	187
131238	187
131261	187
131296	187
131332	187
131355	187
131390	187
131425	187
131460	187
131484	187
131519	187
131554	187
131589	187
131613	187
131648	187
131683	187
131707	187
131742	187
131777	187
131812	187
131835	187
131871	187
131906	187
131929	187
131953	187
131988	187
132023	188
132046	188
132082	188
132105	188
132140	188
132175	188
132210	188
132234	188
132269	188
132304	188
132328	188
132363	188
132386	188
132421	188
132457	188
132492	188
132527	188
132562	188
132585	188
132621	188
132656	188
132679	188
132714	188
132738	188
132773	188
132808	188
132832	188
132867	188
132890	188
132925	188
132960	188
132984	188
133019	188
133054	188
133078	188
133113	188
133136	188
133171	188
133207	188
133242	188
133277	188
133312	188
133347	188
133371	188
133406	188
133429	188
133464	188
133488	188
133523	188
133558	188
133582	189
133617	189
133640	189
133675	189
133710	189
133734	189
133769	189
133804	189
133828	189
133863	189
133898	189
133921	189
133957	189
133992	189
134027	189
134062	189
134097	189
134121	189
134156	189
134191	189
134214	189
134250	189
134273	189
134308	189
134343	189
134367	189
134402	189
134425	189
134460	189
134496	189
134519	189
134554	189
134589	189
134613	189
134648	189
134683	189
134718	189
134753	189
134789	189
134824	189
134847	189
134882	189
134906	189
134941	189
134964	189
135000	189
135035	189
135058	189
135093	189
135117	189
135152	190
135187	190
135210	190
135246	190
135269	190
135304	190
135328	190
135363	190
135398	190
135421	190
135457	190
135492	190
135527	190
135562	190
135597	190
135621	190
135656	190
135691	190
135714	190
135750	190
135773	190
135808	190
135843	190
135878	190
135902	190
135937	190
135972	190
135996	190
136031	190
136054	190
136089	190
136125	190
136148	190
136183	190
136218	190
136242	190
136277	190
136312	190
136347	190
136371	190
136406	190
136441	190
136464	190
136500	190
136535	190
136558	190
136593	190
136628	190
136664	190
136687	190
136722	191
136757	191
136781	191
136816	191
136839	191
136875	191
136910	191
136933	191
136968	191
137003	191
137039	191
137074	191
137097	191
137132	191
137167	191
137203	191
137238	191
137261	191
137296	191
137332	191
137367	191
137402	191
137425	191
137460	191
137496	191
137519	191
137554	191
137578	191
137601	191
137636	191
137660	191
137695	191
137718	191
137753	191
137789	191
137812	191
137847	191
137882	191
137906	191
137941	191
137976	191
138011	191
138035	191
138070	191
138105	191
138140	191
138175	191
138210	191
138246	191
138269	191
138304	192
138328	192
138363	192
138398	192
138421	192
138457	192
138480	192
138515	192
138550	192
138574	192
138609	192
138644	192
138667	192
138703	192
138726	192
138761	192
138796	192
138820	192
138855	192
138902	192
138937	192
138960	192
138996	192
139019	192
139054	192
139089	192
139113	192
139148	192
139183	192
139207	192
139242	192
139265	192
139300	192
139335	192
139359	192
139394	192
139429	192
139464	192
139488	192
139523	192
139546	192
139582	192
139628	192
139664	192
139699	192
139722	192
139757	192
139792	192
139816	192
139851	192
139875	193
139910	193
139945	193
139968	193
139992	193
140027	193
140050	193
140085	193
140121	193
140144	193
140179	193
140203	193
140238	193
140261	193
140296	193
140320	193
140367	193
140402	193
140437	193
140472	193
140496	193
140531	193
140566	193
140601	193
140625	193
140660	193
140695	193
140718	193
140753	193
140777	193
140812	193
140847	193
140871	193
140906	193
140929	193
140953	193
140976	193
141011	193
141046	193
141070	193
141105	193
141140	193
141175	193
141210	193
141234	193
141269	193
141292	193
141328	193
141363	193
141386	193
141421	194
141457	194
141480	194
141515	194
141550	194
141585	194
141609	194
141644	194
141667	194
141703	194
141726	194
141761	194
141785	194
141820	194
141855	194
141890	194
141925	194
141949	194
141984	194
142019	194
142042	194
142078	194
142101	194
142136	194
142171	194
142195	194
142230	194
142265	194
142289	194
142324	194
142347	194
142382	194
142406	194
142429	194
142464	194
142488	194
142523	194
142546	194
142582	194
142617	194
142652	194
142675	194
142710	194
142746	194
142769	194
142804	194
142851	194
142875	194
142910	194
142933	194
142968	195
143003	195
143039	195
143074	195
143097	195
143132	195
143167	195
143191	195
143226	195
143250	195
143285	195
143308	195
143343	195
143378	195
143402	195
143437	195
143472	195
143496	195
143531	195
143566	195
143589	195
143625	195
143648	195
143683	195
143718	195
143742	195
143777	195
143812	195
143847	195
143871	195
143906	195
143929	195
143953	195
143988	195
144011	195
144046	195
144082	195
144105	195
144140	195
144164	195
144199	195
144234	195
144257	195
144292	195
144316	195
144351	195
144386	195
144410	195
144445	195
144480	195
144515	196
144539	196
144574	196
144609	196
144632	196
144667	196
144691	196
144726	196
144750	196
144785	196
144820	196
144843	196
144878	196
144902	196
144937	196
144972	196
144996	196
145031	196
145054	196
145089	196
145125	196
145148	196
145183	196
145218	196
145253	196
145289	196
145312	196
145347	196
145382	196
145406	196
145441	196
145464	196
145488	196
145523	196
145558	196
145582	196
145617	196
145640	196
145675	196
145699	196
145734	196
145769	196
145792	196
145828	196
145863	196
145886	196
145921	196
145945	196
145980	196
146015	196
146050	197
146085	197
146121	197
146144	197
146179	197
146203	197
146238	197
146261	197
146296	197
146320	197
146355	197
146390	197
146414	197
146449	197
146484	197
146507	197
146542	197
146566	197
146601	197
146636	197
146660	197
146695	197
146730	197
146765	197
146800	197
146835	197
146859	197
146894	197
146929	197
146953	197
146976	197
147011	197
147046	197
147070	197
147105	197
147128	197
147164	197
147199	197
147222	197
147257	197
147281	197
147316	197
147351	197
147375	197
147410	197
147433	197
147468	197
147503	197
147539	197
147574	197
147597	198
147632	198
147667	198
147703	198
147726	198
147761	198
147785	198
147820	198
147855	198
147890	198
147914	198
147949	198
147984	198
148007	198
148042	198
148066	198
148101	198
148125	198
148160	198
148195	198
148218	198
148253	198
148289	198
148324	198
148359	198
148382	198
148417	198
148453	198
148476	198
148511	198
148535	198
148570	198
148605	198
148640	198
148664	198
148699	198
148734	198
148757	198
148792	198
148828	198
148851	198
148886	198
148910	198
148945	198
148980	198
149015	198
149050	198
149085	198
149109	198
149144	198
149179	199
149214	199
149250	199
149273	199
149308	199
149343	199
149378	199
149414	199
149449	199
149472	199
149507	199
149531	199
149566	199
149589	199
149613	199
149648	199
149683	199
149707	199
149742	199
149777	199
149800	199
149835	199
149871	199
149894	199
149929	199
149964	199
150000	199
150023	199
150058	199
150093	199
150128	199
150175	199
150199	199
150234	199
150269	199
150292	199
150328	199
150351	199
150386	199
150421	199
150445	199
150480	199
150515	199
150539	199
150574	199
150609	199
150632	199
150667	199
150691	199
150726	199
150761	200
150785	200
150820	200
150855	200
150890	200
150925	200
150960	200
150996	200
151019	200
151054	200
151089	200
151113	200
151148	200
151183	200
151207	200
151242	200
151277	200
151300	200
151335	200
151371	200
151394	200
151429	200
151464	200
151500	200
151523	200
151558	200
151593	200
151640	200
151675	200
151710	200
151734	200
151769	200
151804	200
151828	200
151863	200
151886	200
151921	200
151957	200
151980	200
152015	200
152039	200
152074	200
152109	200
152132	200
152167	200
152191	200
152226	200
152250	200
152285	200
152320	200
152355	201
152390	201
152437	201
152460	201
152496	201
152531	201
152566	201
152601	201
152625	201
152660	201
152695	201
152718	201
152753	201
152789	201
152812	201
152847	201
152882	201
152906	201
152929	201
152953	201
152988	201
153023	201
153046	201
153082	201
153117	201
153152	201
153187	201
153210	201
153246	201
153281	201
153316	201
153339	201
153375	201
153410	201
153433	201
153468	201
153503	201
153539	201
153562	201
153597	201
153632	201
153656	201
153691	201
153726	201
153750	201
153785	201
153820	201
153843	201
153890	201
153914	201
153949	202
153984	202
154019	202
154042	202
154078	202
154113	202
154136	202
154171	202
154207	202
154230	202
154265	202
154300	202
154324	202
154359	202
154394	202
154417	202
154441	202
154464	202
154500	202
154535	202
154558	202
154593	202
154628	202
154664	202
154699	202
154722	202
154757	202
154792	202
154828	202
154863	202
154898	202
154921	202
154957	202
154992	202
155027	202
155062	202
155097	202
155132	202
155156	202
155191	202
155214	202
155250	202
155273	202
155308	202
155343	202
155367	202
155402	202
155437	202
155472	202
155496	202
155531	203
155566	203
155589	203
155625	203
155660	203
155683	203
155718	203
155753	203
155789	203
155812	203
155847	203
155882	203
155906	203
155941	203
155964	203
155988	203
156023	203
156058	203
156082	203
156117	203
156152	203
156175	203
156210	203
156246	203
156269	203
156304	203
156339	203
156363	203
156398	203
156421	203
156457	203
156492	203
156527	203
156562	203
156597	203
156621	203
156656	203
156679	203
156714	203
156738	203
156773	203
156808	203
156832	203
156867	203
156890	203
156925	203
156960	203
156984	203
157019	203
157054	203
157078	204
157113	204
157136	204
157171	204
157207	204
157242	204
157277	204
157312	204
157335	204
157371	204
157406	204
157429	204
157453	204
157488	204
157511	204
157546	204
157582	204
157605	204
157640	204
157664	204
157699	204
157734	204
157757	204
157792	204
157816	204
157851	204
157875	204
157910	204
157945	204
157980	204
158015	204
158050	204
158074	204
158109	204
158132	204
158167	204
158203	204
158226	204
158250	204
158285	204
158320	204
158343	204
158378	204
158414	204
158437	204
158472	204
158496	204
timepoint: 190.3