0	0
0	0
0	0
0	0
0	0
0	0
0	0
0	0
0	0
0	0
0	0
0	0
0	0
0	0
0	0
0	0
0	0
0	0
0	0
0	0
0	0
0	0
0	0
0	0
0	0
0	0
0	0
0	0
0	0
0	0
0	0
0	0
0	0
0	0
0	0
0	0
0	0
0	0
0	0
0	0
0	0
0	0
0	0
0	0
0	0
0	0
0	0
0	0
0	0
0	0
0	1
0	1
0	1
0	1
0	1
0	1
0	1
0	1
0	1
0	1
0	1
0	1
0	1
0	1
0	1
0	1
0	1
0	1
0	1
0	1
0	1
0	1
0	1
0	1
0	1
0	1
0	1
0	1
0	1
0	1
0	1
0	1
0	1
0	1
0	1
0	1
0	1
0	1
0	1
0	1
0	1
0	1
0	1
0	1
0	1
0	1
0	1
0	1
0	1
0	1
0	2
0	2
0	2
0	2
0	2
0	2
0	2
0	2
0	2
0	2
0	2
0	2
0	2
0	2
0	2
0	2
0	2
0	2
0	2
0	2
0	2
0	2
0	2
0	2
0	2
0	2
0	2
0	2
0	2
0	2
0	2
0	2
0	2
0	2
0	2
0	2
0	2
0	2
0	2
0	2
0	2
0	2
0	2
0	2
0	2
0	2
0	2
0	2
0	2
0	2
0	3
0	3
0	3
0	3
0	3
0	3
0	3
0	3
0	3
0	3
0	3
0	3
0	3
0	3
0	3
0	3
0	3
0	3
0	3
0	3
0	3
0	3
0	3
0	3
0	3
0	3
0	3
0	3
0	3
0	3
0	3
0	3
0	3
0	3
0	3
0	3
0	3
0	3
0	3
0	3
0	3
0	3
0	3
0	3
0	3
0	3
0	3
0	3
0	3
0	3
0	4
0	4
0	4
0	4
0	4
0	4
0	4
0	4
0	4
0	4
0	4
0	4
0	4
0	4
0	4
0	4
0	4
0	4
0	4
0	4
0	4
0	4
0	4
0	4
0	4
0	4
0	4
0	4
0	4
0	4
0	4
0	4
0	4
0	4
0	4
0	4
0	4
0	4
0	4
0	4
0	4
0	4
0	4
0	4
0	4
0	4
0	4
0	4
0	4
0	4
0	5
0	5
0	5
0	5
0	5
0	5
11	5
11	5
11	5
11	5
11	5
11	5
11	5
11	5
11	5
11	5
23	5
23	5
23	5
23	5
23	5
23	5
23	5
23	5
23	5
23	5
23	5
23	5
23	5
23	5
23	5
23	5
23	5
23	5
23	5
23	5
23	5
23	5
23	5
23	5
23	5
23	5
23	5
23	5
23	5
11	5
11	5
11	5
11	5
11	5
11	6
11	6
11	6
11	6
11	6
11	6
11	6
11	6
11	6
11	6
11	6
11	6
11	6
11	6
11	6
11	6
11	6
11	6
11	6
11	6
11	6
11	6
11	6
11	6
11	6
11	6
11	6
11	6
11	6
23	6
23	6
23	6
23	6
23	6
23	6
23	6
23	6
23	6
23	6
23	6
23	6
23	6
23	6
23	6
23	6
23	6
35	6
35	6
35	6
35	6
35	7
35	7
35	7
35	7
35	7
35	7
35	7
35	7
23	7
23	7
23	7
23	7
23	7
23	7
23	7
23	7
23	7
23	7
23	7
23	7
23	7
23	7
23	7
23	7
23	7
23	7
23	7
23	7
23	7
23	7
23	7
23	7
23	7
23	7
23	7
23	7
23	7
23	7
23	7
23	7
23	7
23	7
23	7
23	7
23	7
23	7
23	7
23	7
23	7
23	7
23	8
23	8
23	8
23	8
23	8
23	8
23	8
23	8
23	8
35	8
35	8
35	8
35	8
35	8
35	8
35	8
35	8
35	8
35	8
35	8
35	8
35	8
35	8
35	8
35	8
35	8
35	8
35	8
35	8
35	8
35	8
35	8
35	8
35	8
35	8
35	8
35	8
35	8
35	8
23	8
23	8
23	8
23	8
23	8
23	8
23	8
23	8
23	8
23	8
23	8
23	9
23	9
23	9
23	9
23	9
23	9
23	9
23	9
23	9
23	9
23	9
23	9
23	9
23	9
23	9
23	9
23	9
23	9
23	9
23	9
23	9
23	9
23	9
23	9
23	9
23	9
23	9
23	9
23	9
23	9
23	9
35	9
35	9
35	9
35	9
35	9
35	9
35	9
35	9
35	9
35	9
35	9
35	9
35	9
35	9
35	9
35	9
35	9
35	9
35	9
35	10
35	10
35	10
35	10
35	10
35	10
35	10
35	10
35	10
35	10
35	10
35	10
35	10
35	10
35	10
35	10
35	10
35	10
23	10
23	10
23	10
23	10
23	10
23	10
23	10
23	10
23	10
23	10
23	10
23	10
23	10
23	10
23	10
23	10
23	10
23	10
23	10
23	10
23	10
23	10
23	10
23	10
23	10
23	10
23	10
23	10
23	10
23	10
23	10
23	10
23	11
23	11
23	11
35	11
35	11
35	11
35	11
35	11
35	11
35	11
35	11
35	11
35	11
35	11
35	11
35	11
35	11
35	11
35	11
35	11
35	11
35	11
35	11
35	11
35	11
35	11
35	11
35	11
35	11
35	11
35	11
35	11
35	11
35	11
35	11
35	11
35	11
35	11
35	11
35	11
35	11
35	11
35	11
35	11
35	11
35	11
35	11
35	11
35	11
35	11
35	12
35	12
35	12
35	12
35	12
35	12
35	12
35	12
35	12
35	12
35	12
35	12
35	12
35	12
35	12
35	12
35	12
35	12
35	12
35	12
35	12
35	12
35	12
35	12
35	12
35	12
35	12
35	12
35	12
35	12
35	12
35	12
35	12
35	12
35	12
35	12
35	12
35	12
35	12
35	12
35	12
35	12
35	12
35	12
35	12
35	12
35	12
35	12
35	12
35	12
35	13
35	13
35	13
35	13
35	13
35	13
35	13
35	13
35	13
35	13
35	13
35	13
35	13
35	13
35	13
35	13
35	13
35	13
35	13
35	13
35	13
35	13
35	13
35	13
35	13
35	13
35	13
35	13
35	13
35	13
35	13
35	13
35	13
35	13
35	13
35	13
35	13
35	13
35	13
35	13
35	13
35	13
35	13
35	13
35	13
35	13
35	13
35	13
35	13
35	13
35	14
35	14
35	14
35	14
35	14
35	14
35	14
35	14
35	14
35	14
35	14
35	14
35	14
35	14
35	14
35	14
35	14
35	14
35	14
35	14
35	14
35	14
35	14
35	14
35	14
35	14
35	14
35	14
35	14
35	14
35	14
35	14
35	14
35	14
35	14
35	14
35	14
35	14
35	14
35	14
35	14
35	14
35	14
35	14
35	14
35	14
35	14
35	14
35	14
35	14
35	15
35	15
35	15
35	15
35	15
35	15
35	15
35	15
35	15
35	15
35	15
35	15
35	15
35	15
35	15
35	15
35	15
35	15
35	15
35	15
35	15
35	15
35	15
35	15
35	15
35	15
35	15
35	15
35	15
35	15
35	15
35	15
35	15
35	15
35	15
35	15
35	15
35	15
35	15
35	15
35	15
35	15
35	15
35	15
35	15
35	15
35	15
35	15
35	15
35	15
35	16
35	16
35	16
35	16
35	16
35	16
35	16
35	16
35	16
35	16
35	16
35	16
35	16
35	16
35	16
35	16
35	16
35	16
35	16
35	16
35	16
35	16
35	16
35	16
35	16
35	16
35	16
35	16
35	16
35	16
35	16
35	16
35	16
35	16
35	16
35	16
35	16
35	16
35	16
35	16
35	16
35	16
35	16
35	16
35	16
35	16
35	16
35	16
35	16
35	16
35	17
35	17
35	17
35	17
35	17
35	17
35	17
35	17
35	17
35	17
35	17
35	17
35	17
35	17
35	17
35	17
35	17
35	17
35	17
35	17
35	17
35	17
35	17
35	17
35	17
35	17
35	17
35	17
35	17
35	17
35	17
35	17
35	17
35	17
35	17
35	17
35	17
35	17
35	17
35	17
35	17
35	17
35	17
35	17
35	17
35	17
35	17
35	17
35	17
35	17
35	18
35	18
35	18
35	18
35	18
35	18
35	18
35	18
35	18
35	18
35	18
35	18
35	18
35	18
35	18
35	18
35	18
35	18
35	18
35	18
35	18
35	18
35	18
35	18
35	18
35	18
35	18
35	18
35	18
35	18
35	18
35	18
35	18
35	18
35	18
35	18
35	18
35	18
35	18
35	18
35	18
35	18
35	18
35	18
35	18
35	18
35	18
35	18
35	18
35	18
35	19
35	19
35	19
35	19
35	19
35	19
35	19
35	19
35	19
35	19
35	19
35	19
35	19
35	19
35	19
35	19
35	19
35	19
35	19
35	19
35	19
35	19
35	19
35	19
35	19
35	19
35	19
35	19
35	19
35	19
35	19
35	19
35	19
35	19
35	19
35	19
35	19
35	19
35	19
35	19
35	19
35	19
35	19
35	19
35	19
35	19
35	19
35	19
35	19
35	19
35	20
35	20
35	20
35	20
35	20
35	20
35	20
35	20
35	20
35	20
35	20
35	20
35	20
35	20
35	20
35	20
35	20
35	20
35	20
35	20
35	20
35	20
35	20
35	20
35	20
35	20
35	20
35	20
35	20
35	20
35	20
35	20
35	20
35	20
35	20
35	20
35	20
35	20
35	20
35	20
35	20
35	20
35	20
35	20
35	20
35	20
35	20
35	20
35	20
35	20
35	21
35	21
35	21
35	21
35	21
35	21
35	21
35	21
35	21
35	21
35	21
35	21
35	21
35	21
35	21
35	21
35	21
35	21
35	21
35	21
35	21
35	21
35	21
35	21
35	21
35	21
35	21
35	21
35	21
35	21
35	21
35	21
35	21
35	21
35	21
35	21
35	21
35	21
35	21
35	21
35	21
35	21
35	21
35	21
35	21
35	21
35	21
35	21
35	21
35	21
35	22
35	22
35	22
35	22
35	22
35	22
35	22
35	22
35	22
35	22
35	22
35	22
35	22
35	22
35	22
35	22
35	22
35	22
35	22
35	22
35	22
35	22
35	22
35	22
35	22
35	22
35	22
35	22
35	22
35	22
35	22
35	22
35	22
35	22
35	22
35	22
35	22
35	22
35	22
35	22
35	22
35	22
35	22
35	22
35	22
35	22
35	22
35	22
35	22
35	22
35	23
35	23
35	23
35	23
35	23
35	23
35	23
35	23
35	23
35	23
35	23
35	23
35	23
35	23
35	23
35	23
35	23
35	23
35	23
35	23
35	23
35	23
35	23
35	23
35	23
35	23
35	23
35	23
35	23
35	23
35	23
35	23
35	23
35	23
35	23
35	23
35	23
35	23
35	23
35	23
35	23
35	23
35	23
35	23
35	23
35	23
35	23
35	23
35	23
35	23
35	24
35	24
35	24
35	24
35	24
35	24
35	24
35	24
35	24
35	24
35	24
35	24
35	24
35	24
35	24
35	24
35	24
35	24
35	24
35	24
35	24
35	24
35	24
35	24
35	24
35	24
35	24
35	24
35	24
35	24
35	24
35	24
35	24
35	24
35	24
35	24
35	24
35	24
35	24
35	24
35	24
35	24
35	24
35	24
35	24
35	24
35	24
35	24
35	24
35	24
35	25
35	25
35	25
35	25
35	25
35	25
35	25
35	25
35	25
35	25
35	25
35	25
35	25
35	25
35	25
35	25
35	25
35	25
35	25
35	25
35	25
35	25
35	25
35	25
35	25
35	25
35	25
35	25
35	25
35	25
35	25
35	25
35	25
35	25
35	25
35	25
35	25
35	25
35	25
35	25
35	25
35	25
35	25
35	25
35	25
35	25
35	25
35	25
35	25
35	25
35	26
35	26
35	26
35	26
35	26
35	26
35	26
35	26
35	26
35	26
35	26
35	26
35	26
35	26
35	26
35	26
35	26
35	26
35	26
35	26
35	26
35	26
35	26
35	26
35	26
35	26
35	26
35	26
35	26
35	26
35	26
35	26
35	26
35	26
35	26
35	26
35	26
35	26
35	26
35	26
35	26
35	26
35	26
35	26
35	26
35	26
35	26
35	26
35	26
35	26
35	27
35	27
35	27
35	27
35	27
35	27
35	27
35	27
35	27
35	27
35	27
35	27
35	27
35	27
35	27
35	27
35	27
35	27
35	27
35	27
35	27
35	27
35	27
35	27
35	27
35	27
35	27
35	27
35	27
35	27
35	27
35	27
35	27
35	27
35	27
35	27
35	27
35	27
35	27
35	27
35	27
35	27
35	27
35	27
35	27
35	27
35	27
35	27
35	27
35	27
35	28
35	28
35	28
35	28
35	28
35	28
35	28
35	28
35	28
35	28
35	28
35	28
35	28
35	28
35	28
35	28
35	28
35	28
35	28
35	28
35	28
35	28
35	28
35	28
35	28
35	28
35	28
35	28
35	28
35	28
35	28
35	28
35	28
35	28
35	28
35	28
35	28
35	28
35	28
35	28
35	28
35	28
35	28
35	28
35	28
35	28
35	28
35	28
35	28
35	28
35	29
35	29
35	29
35	29
35	29
35	29
35	29
35	29
35	29
35	29
35	29
35	29
35	29
35	29
35	29
35	29
35	29
35	29
35	29
35	29
35	29
35	29
35	29
35	29
35	29
35	29
35	29
35	29
46	29
46	29
46	29
46	29
46	29
46	29
46	29
46	29
46	29
46	29
46	29
46	29
46	29
46	29
46	29
46	29
46	29
46	29
46	29
46	29
46	29
46	29
46	30
46	30
46	30
58	30
58	30
58	30
58	30
58	30
58	30
58	30
58	30
58	30
58	30
58	30
58	30
58	30
58	30
58	30
58	30
70	30
70	30
70	30
70	30
70	30
70	30
70	30
70	30
70	30
70	30
70	30
70	30
70	30
70	30
70	30
70	30
82	30
82	30
82	30
82	30
82	30
82	30
82	30
82	30
82	30
82	30
82	30
82	30
82	30
82	30
82	30
82	31
93	31
93	31
93	31
93	31
93	31
93	31
93	31
93	31
93	31
93	31
93	31
93	31
93	31
93	31
105	31
105	31
105	31
105	31
105	31
105	31
105	31
105	31
105	31
105	31
105	31
105	31
117	31
117	31
117	31
117	31
117	31
117	31
117	31
117	31
117	31
117	31
117	31
117	31
117	31
128	31
128	31
128	31
128	31
128	31
128	31
128	31
128	31
128	31
128	31
140	32
140	32
140	32
140	32
140	32
140	32
140	32
140	32
140	32
140	32
152	32
152	32
152	32
152	32
152	32
152	32
152	32
152	32
152	32
152	32
164	32
164	32
164	32
164	32
164	32
164	32
164	32
164	32
164	32
175	32
175	32
175	32
175	32
175	32
175	32
175	32
175	32
175	32
187	32
187	32
187	32
187	32
187	32
187	32
187	32
187	32
199	32
199	32
199	32
199	32
199	33
199	33
199	33
210	33
210	33
210	33
210	33
210	33
210	33
210	33
210	33
222	33
222	33
222	33
222	33
222	33
222	33
222	33
222	33
234	33
234	33
234	33
234	33
234	33
234	33
234	33
234	33
246	33
246	33
246	33
246	33
246	33
246	33
246	33
246	33
257	33
257	33
257	33
257	33
257	33
257	33
257	33
269	33
269	33
269	33
269	33
269	33
269	33
269	33
269	33
281	34
281	34
281	34
281	34
281	34
281	34
281	34
292	34
292	34
292	34
292	34
292	34
292	34
292	34
304	34
304	34
304	34
304	34
304	34
304	34
304	34
316	34
316	34
316	34
316	34
316	34
316	34
328	34
328	34
328	34
328	34
328	34
328	34
328	34
339	34
339	34
339	34
339	34
339	34
339	34
351	34
351	34
351	34
351	34
351	34
351	34
351	34
363	34
363	34
363	34
363	35
363	35
363	35
375	35
375	35
375	35
375	35
375	35
375	35
375	35
386	35
386	35
386	35
386	35
386	35
386	35
398	35
398	35
398	35
398	35
398	35
398	35
398	35
410	35
410	35
410	35
410	35
410	35
410	35
421	35
421	35
421	35
421	35
421	35
421	35
433	35
433	35
433	35
433	35
433	35
433	35
445	35
445	35
445	35
445	35
445	35
445	35
445	35
457	35
457	35
457	36
457	36
457	36
457	36
468	36
468	36
468	36
468	36
468	36
468	36
480	36
480	36
480	36
480	36
480	36
480	36
492	36
492	36
492	36
492	36
492	36
492	36
503	36
503	36
503	36
503	36
503	36
503	36
515	36
515	36
515	36
515	36
515	36
515	36
527	36
527	36
527	36
527	36
527	36
527	36
539	36
539	36
539	36
539	36
539	36
539	36
550	36
550	36
550	36
550	36
550	37
550	37
562	37
562	37
562	37
562	37
562	37
562	37
574	37
574	37
574	37
574	37
574	37
574	37
585	37
585	37
585	37
585	37
585	37
597	37
597	37
597	37
597	37
597	37
597	37
609	37
609	37
609	37
609	37
609	37
621	37
621	37
621	37
621	37
621	37
632	37
632	37
632	37
632	37
632	37
644	37
644	37
644	37
644	37
644	37
656	37
656	37
656	37
656	37
656	37
667	38
667	38
667	38
667	38
667	38
679	38
679	38
679	38
679	38
679	38
691	38
691	38
691	38
691	38
691	38
703	38
703	38
703	38
703	38
703	38
714	38
714	38
714	38
714	38
714	38
714	38
726	38
726	38
726	38
726	38
726	38
738	38
738	38
738	38
738	38
738	38
750	38
750	38
750	38
750	38
750	38
750	38
761	38
761	38
761	38
761	38
761	38
773	38
773	38
773	38
773	39
773	39
773	39
785	39
785	39
785	39
785	39
785	39
796	39
796	39
796	39
796	39
796	39
808	39
808	39
808	39
808	39
808	39
808	39
820	39
820	39
820	39
820	39
820	39
832	39
832	39
832	39
832	39
832	39
832	39
843	39
843	39
843	39
843	39
843	39
843	39
855	39
855	39
855	39
855	39
855	39
855	39
867	39
867	39
867	39
867	39
867	39
867	39
878	39
878	39
878	40
878	40
878	40
878	40
878	40
890	40
890	40
890	40
890	40
890	40
890	40
902	40
902	40
902	40
902	40
902	40
902	40
914	40
914	40
914	40
914	40
914	40
914	40
925	40
925	40
925	40
925	40
925	40
925	40
937	40
937	40
937	40
937	40
937	40
949	40
949	40
949	40
949	40
949	40
960	40
960	40
960	40
960	40
960	40
972	40
972	40
972	40
972	40
972	40
984	40
984	41
984	41
984	41
984	41
984	41
996	41
996	41
996	41
996	41
996	41
1007	41
1007	41
1007	41
1007	41
1007	41
1007	41
1019	41
1019	41
1019	41
1019	41
1019	41
1019	41
1031	41
1031	41
1031	41
1031	41
1031	41
1031	41
1042	41
1042	41
1042	41
1042	41
1042	41
1042	41
1054	41
1054	41
1054	41
1054	41
1054	41
1054	41
1066	41
1066	41
1066	41
1066	41
1066	41
1066	41
1078	41
1078	41
1078	41
1078	41
1078	42
1078	42
1089	42
1089	42
1089	42
1089	42
1089	42
1089	42
1101	42
1101	42
1101	42
1101	42
1101	42
1101	42
1113	42
1113	42
1113	42
1113	42
1113	42
1125	42
1125	42
1125	42
1125	42
1125	42
1136	42
1136	42
1136	42
1136	42
1136	42
1136	42
1148	42
1148	42
1148	42
1148	42
1148	42
1160	42
1160	42
1160	42
1160	42
1160	42
1160	42
1171	42
1171	42
1171	42
1171	42
1171	42
1171	42
1183	42
1183	42
1183	42
1183	43
1183	43
1183	43
1195	43
1195	43
1195	43
1195	43
1195	43
1195	43
1207	43
1207	43
1207	43
1207	43
1207	43
1207	43
1218	43
1218	43
1218	43
1218	43
1218	43
1218	43
1230	43
1230	43
1230	43
1230	43
1230	43
1230	43
1242	43
1242	43
1242	43
1242	43
1242	43
1242	43
1253	43
1253	43
1253	43
1253	43
1253	43
1265	43
1265	43
1265	43
1265	43
1265	43
1265	43
1277	43
1277	43
1277	43
1277	43
1277	43
1277	43
1289	44
1289	44
1289	44
1289	44
1289	44
1289	44
1300	44
1300	44
1300	44
1300	44
1300	44
1300	44
1312	44
1312	44
1312	44
1312	44
1312	44
1312	44
1324	44
1324	44
1324	44
1324	44
1324	44
1335	44
1335	44
1335	44
1335	44
1335	44
1335	44
1347	44
1347	44
1347	44
1347	44
1347	44
1359	44
1359	44
1359	44
1359	44
1359	44
1371	44
1371	44
1371	44
1371	44
1371	44
1382	44
1382	44
1382	44
1382	44
1382	44
1394	44
1394	45
1394	45
1394	45
1406	45
1406	45
1406	45
1406	45
1406	45
1417	45
1417	45
1417	45
1417	45
1417	45
1429	45
1429	45
1429	45
1429	45
1441	45
1441	45
1441	45
1441	45
1441	45
1453	45
1453	45
1453	45
1453	45
1453	45
1464	45
1464	45
1464	45
1464	45
1464	45
1476	45
1476	45
1476	45
1476	45
1476	45
1488	45
1488	45
1488	45
1488	45
1488	45
1500	45
1500	45
1500	45
1500	45
1500	45
1511	45
1511	45
1511	45
1511	46
1511	46
1511	46
1523	46
1523	46
1523	46
1523	46
1523	46
1535	46
1535	46
1535	46
1535	46
1535	46
1546	46
1546	46
1546	46
1546	46
1546	46
1558	46
1558	46
1558	46
1558	46
1558	46
1570	46
1570	46
1570	46
1570	46
1570	46
1582	46
1582	46
1582	46
1582	46
1593	46
1593	46
1593	46
1593	46
1593	46
1605	46
1605	46
1605	46
1605	46
1605	46
1617	46
1617	46
1617	46
1617	46
1617	46
1617	46
1628	46
1628	46
1628	47
1628	47
1640	47
1640	47
1640	47
1640	47
1640	47
1640	47
1652	47
1652	47
1652	47
1652	47
1664	47
1664	47
1664	47
1664	47
1664	47
1675	47
1675	47
1675	47
1675	47
1687	47
1687	47
1687	47
1687	47
1687	47
1699	47
1699	47
1699	47
1699	47
1710	47
1710	47
1710	47
1710	47
1710	47
1722	47
1722	47
1722	47
1722	47
1734	47
1734	47
1734	47
1734	47
1746	47
1746	47
1746	47
1746	47
1746	47
1757	47
1757	47
1757	48
1757	48
1769	48
1769	48
1769	48
1769	48
1769	48
1781	48
1781	48
1781	48
1781	48
1792	48
1792	48
1792	48
1792	48
1804	48
1804	48
1804	48
1804	48
1816	48
1816	48
1816	48
1816	48
1816	48
1828	48
1828	48
1828	48
1828	48
1839	48
1839	48
1839	48
1839	48
1851	48
1851	48
1851	48
1851	48
1863	48
1863	48
1863	48
1863	48
1875	48
1875	48
1875	48
1875	48
1886	48
1886	48
1886	48
1886	48
1898	48
1898	48
1898	49
1898	49
1910	49
1910	49
1910	49
1921	49
1921	49
1921	49
1921	49
1921	49
1933	49
1933	49
1933	49
1933	49
1945	49
1945	49
1945	49
1945	49
1957	49
1957	49
1957	49
1957	49
1968	49
1968	49
1968	49
1968	49
1980	49
1980	49
1980	49
1992	49
1992	49
1992	49
1992	49
2003	49
2003	49
2003	49
2003	49
2015	49
2015	49
2015	49
2027	49
2027	49
2027	49
2027	49
2039	49
2039	49
2039	49
2039	49
2050	49
2050	49
2050	50
2050	50
2062	50
2062	50
2062	50
2062	50
2074	50
2074	50
2074	50
2085	50
2085	50
2085	50
2085	50
2097	50
2097	50
2097	50
2109	50
2109	50
2109	50
2109	50
2121	50
2121	50
2121	50
2132	50
2132	50
2132	50
2144	50
2144	50
2144	50
2156	50
2156	50
2156	50
2167	50
2167	50
2167	50
2179	50
2179	50
2179	50
2191	50
2191	50
2191	50
2203	50
2203	50
2203	50
2214	50
2214	50
2214	50
2226	50
2226	50
2226	50
2238	51
2238	51
2238	51
2238	51
2250	51
2250	51
2250	51
2261	51
2261	51
2261	51
2273	51
2273	51
2273	51
2273	51
2285	51
2285	51
2285	51
2296	51
2296	51
2296	51
2296	51
2308	51
2308	51
2308	51
2320	51
2320	51
2320	51
2332	51
2332	51
2332	51
2343	51
2343	51
2343	51
2343	51
2355	51
2355	51
2355	51
2367	51
2367	51
2367	51
2367	51
2378	51
2378	51
2378	51
2390	51
2390	51
2390	51
2402	51
2402	51
2402	51
2402	52
2414	52
2414	52
2414	52
2425	52
2425	52
2425	52
2437	52
2437	52
2437	52
2449	52
2449	52
2449	52
2460	52
2460	52
2460	52
2472	52
2472	52
2472	52
2484	52
2484	52
2484	52
2484	52
2496	52
2496	52
2496	52
2507	52
2507	52
2507	52
2519	52
2519	52
2519	52
2531	52
2531	52
2531	52
2542	52
2542	52
2542	52
2554	52
2554	52
2554	52
2566	52
2566	52
2566	52
2578	52
2578	52
2578	52
2589	52
2589	52
2589	52
2601	53
2601	53
2601	53
2613	53
2613	53
2613	53
2625	53
2625	53
2625	53
2636	53
2636	53
2636	53
2648	53
2648	53
2648	53
2660	53
2660	53
2660	53
2671	53
2671	53
2671	53
2683	53
2683	53
2683	53
2695	53
2695	53
2695	53
2707	53
2707	53
2718	53
2718	53
2718	53
2730	53
2730	53
2730	53
2742	53
2742	53
2742	53
2753	53
2753	53
2753	53
2765	53
2765	53
2777	53
2777	53
2777	53
2789	53
2789	53
2789	53
2800	53
2800	54
2800	54
2812	54
2812	54
2812	54
2824	54
2824	54
2824	54
2835	54
2835	54
2835	54
2847	54
2847	54
2859	54
2859	54
2859	54
2871	54
2871	54
2882	54
2882	54
2882	54
2894	54
2894	54
2906	54
2906	54
2906	54
2917	54
2917	54
2929	54
2929	54
2941	54
2941	54
2941	54
2953	54
2953	54
2964	54
2964	54
2964	54
2976	54
2976	54
2988	54
2988	54
2988	54
3000	54
3000	54
3000	54
3011	54
3011	54
3023	54
3023	54
3023	55
3035	55
3035	55
3035	55
3046	55
3046	55
3046	55
3058	55
3058	55
3070	55
3070	55
3070	55
3082	55
3082	55
3082	55
3093	55
3093	55
3105	55
3105	55
3105	55
3117	55
3117	55
3117	55
3128	55
3128	55
3128	55
3140	55
3140	55
3140	55
3152	55
3152	55
3164	55
3164	55
3164	55
3175	55
3175	55
3175	55
3187	55
3187	55
3199	55
3199	55
3199	55
3210	55
3210	55
3222	55
3222	55
3222	55
3234	55
3234	55
3246	55
3246	56
3246	56
3257	56
3257	56
3257	56
3269	56
3269	56
3281	56
3281	56
3281	56
3292	56
3292	56
3292	56
3304	56
3304	56
3316	56
3316	56
3316	56
3328	56
3328	56
3339	56
3339	56
3339	56
3351	56
3351	56
3351	56
3363	56
3363	56
3375	56
3375	56
3386	56
3386	56
3386	56
3398	56
3398	56
3410	56
3410	56
3410	56
3421	56
3421	56
3433	56
3433	56
3433	56
3445	56
3445	56
3445	56
3457	56
3457	56
3468	56
3468	56
3468	57
3480	57
3480	57
3492	57
3492	57
3492	57
3503	57
3503	57
3515	57
3515	57
3515	57
3527	57
3527	57
3539	57
3539	57
3539	57
3550	57
3550	57
3562	57
3562	57
3562	57
3574	57
3574	57
3585	57
3585	57
3585	57
3597	57
3597	57
3609	57
3609	57
3621	57
3621	57
3632	57
3632	57
3632	57
3644	57
3644	57
3656	57
3656	57
3667	57
3667	57
3679	57
3679	57
3691	57
3691	57
3703	57
3703	57
3714	57
3714	57
3714	57
3726	58
3726	58
3738	58
3738	58
3750	58
3750	58
3750	58
3761	58
3761	58
3773	58
3773	58
3773	58
3785	58
3785	58
3796	58
3796	58
3808	58
3808	58
3808	58
3820	58
3820	58
3832	58
3832	58
3843	58
3843	58
3855	58
3855	58
3855	58
3867	58
3867	58
3878	58
3878	58
3890	58
3890	58
3890	58
3902	58
3902	58
3914	58
3914	58
3925	58
3925	58
3925	58
3937	58
3937	58
3949	58
3949	58
3960	58
3960	58
3972	58
3972	58
3972	59
3984	59
3984	59
3996	59
3996	59
4007	59
4007	59
4019	59
4019	59
4031	59
4031	59
4031	59
4042	59
4042	59
4054	59
4054	59
4066	59
4066	59
4078	59
4078	59
4089	59
4089	59
4101	59
4101	59
4101	59
4113	59
4113	59
4125	59
4125	59
4136	59
4136	59
4148	59
4148	59
4160	59
4160	59
4160	59
4171	59
4171	59
4183	59
4183	59
4195	59
4195	59
4207	59
4207	59
4207	59
4218	59
4218	59
4230	59
4230	59
4242	59
4242	60
4242	60
4253	60
4253	60
4265	60
4265	60
4277	60
4277	60
4289	60
4289	60
4289	60
4300	60
4300	60
4312	60
4312	60
4324	60
4324	60
4335	60
4335	60
4347	60
4347	60
4359	60
4359	60
4371	60
4371	60
4382	60
4382	60
4394	60
4394	60
4406	60
4406	60
4417	60
4417	60
4429	60
4429	60
4441	60
4441	60
4453	60
4453	60
4464	60
4464	60
4476	60
4476	60
4488	60
4488	60
4500	60
4500	60
4500	60
4511	60
4511	60
4523	61
4523	61
4535	61
4535	61
4546	61
4546	61
4558	61
4558	61
4570	61
4570	61
4582	61
4582	61
4593	61
4593	61
4605	61
4605	61
4617	61
4617	61
4617	61
4628	61
4628	61
4640	61
4640	61
4652	61
4652	61
4664	61
4664	61
4675	61
4675	61
4687	61
4687	61
4699	61
4699	61
4710	61
4710	61
4722	61
4722	61
4734	61
4734	61
4746	61
4746	61
4757	61
4757	61
4769	61
4769	61
4781	61
4781	61
4792	61
4792	61
4804	61
4804	62
4816	62
4816	62
4828	62
4828	62
4839	62
4839	62
4851	62
4851	62
4863	62
4863	62
4875	62
4875	62
4886	62
4886	62
4898	62
4898	62
4910	62
4910	62
4921	62
4921	62
4933	62
4933	62
4945	62
4945	62
4957	62
4957	62
4968	62
4968	62
4980	62
4980	62
4992	62
4992	62
5003	62
5003	62
5015	62
5015	62
5027	62
5027	62
5039	62
5039	62
5050	62
5050	62
5062	62
5062	62
5074	62
5074	62
5085	62
5085	62
5097	62
5097	63
5109	63
5109	63
5121	63
5121	63
5132	63
5144	63
5144	63
5156	63
5156	63
5167	63
5167	63
5179	63
5191	63
5191	63
5203	63
5203	63
5214	63
5214	63
5226	63
5238	63
5238	63
5250	63
5250	63
5261	63
5261	63
5273	63
5273	63
5285	63
5285	63
5296	63
5296	63
5308	63
5308	63
5320	63
5320	63
5332	63
5343	63
5343	63
5355	63
5367	63
5367	63
5378	63
5378	63
5390	63
5390	63
5402	63
5414	63
5414	63
5425	63
5425	64
5437	64
5437	64
5449	64
5449	64
5460	64
5460	64
5472	64
5472	64
5484	64
5484	64
5496	64
5507	64
5507	64
5519	64
5519	64
5531	64
5531	64
5542	64
5554	64
5554	64
5566	64
5566	64
5578	64
5589	64
5589	64
5601	64
5601	64
5613	64
5613	64
5625	64
5625	64
5636	64
5636	64
5648	64
5660	64
5660	64
5671	64
5671	64
5683	64
5683	64
5695	64
5695	64
5707	64
5707	64
5718	64
5718	64
5730	64
5730	64
5730	64
5742	65
5742	65
5753	65
5753	65
5765	65
5765	65
5777	65
5777	65
5789	65
5800	65
5800	65
5812	65
5812	65
5824	65
5824	65
5835	65
5835	65
5847	65
5859	65
5859	65
5871	65
5871	65
5882	65
5882	65
5894	65
5894	65
5906	65
5906	65
5917	65
5929	65
5929	65
5941	65
5941	65
5953	65
5953	65
5964	65
5976	65
5976	65
5988	65
5988	65
6000	65
6011	65
6011	65
6023	65
6023	65
6035	65
6035	65
6046	65
6058	65
6058	65
6070	66
6070	66
6082	66
6082	66
6093	66
6105	66
6105	66
6117	66
6128	66
6128	66
6140	66
6140	66
6152	66
6164	66
6164	66
6175	66
6175	66
6187	66
6187	66
6199	66
6199	66
6210	66
6222	66
6222	66
6234	66
6246	66
6246	66
6257	66
6269	66
6269	66
6281	66
6292	66
6304	66
6304	66
6316	66
6328	66
6328	66
6339	66
6351	66
6351	66
6363	66
6363	66
6375	66
6386	66
6386	66
6398	66
6398	66
6410	66
6421	66
6421	66
6433	67
6433	67
6445	67
6457	67
6457	67
6468	67
6468	67
6480	67
6492	67
6492	67
6503	67
6503	67
6515	67
6515	67
6527	67
6539	67
6539	67
6550	67
6550	67
6562	67
6574	67
6574	67
6585	67
6585	67
6597	67
6609	67
6609	67
6621	67
6621	67
6632	67
6644	67
6644	67
6656	67
6656	67
6667	67
6679	67
6679	67
6691	67
6703	67
6703	67
6714	67
6714	67
6726	67
6738	67
6738	67
6750	67
6750	67
6761	67
6773	67
6773	67
6785	68
6796	68
6796	68
6808	68
6808	68
6820	68
6832	68
6832	68
6843	68
6843	68
6855	68
6867	68
6867	68
6878	68
6890	68
6890	68
6902	68
6902	68
6914	68
6925	68
6925	68
6937	68
6937	68
6949	68
6960	68
6960	68
6972	68
6984	68
6984	68
6996	68
7007	68
7007	68
7019	68
7031	68
7042	68
7042	68
7054	68
7066	68
7078	68
7078	68
7089	68
7101	68
7113	68
7113	68
7125	68
7125	68
7136	68
7148	68
7148	68
7160	68
7160	69
7171	69
7183	69
7183	69
7195	69
7207	69
7207	69
7218	69
7230	69
7242	69
7242	69
7253	69
7253	69
7265	69
7277	69
7277	69
7289	69
7289	69
7300	69
7312	69
7312	69
7324	69
7335	69
7335	69
7347	69
7359	69
7359	69
7371	69
7382	69
7382	69
7394	69
7394	69
7406	69
7417	69
7417	69
7429	69
7441	69
7441	69
7453	69
7464	69
7464	69
7476	69
7488	69
7488	69
7500	69
7511	69
7511	69
7523	69
7535	69
7535	69
7546	70
7558	70
7558	70
7570	70
7570	70
7582	70
7593	70
7605	70
7605	70
7617	70
7628	70
7628	70
7640	70
7652	70
7652	70
7664	70
7675	70
7675	70
7687	70
7687	70
7699	70
7710	70
7710	70
7722	70
7734	70
7746	70
7746	70
7757	70
7769	70
7781	70
7792	70
7804	70
7804	70
7816	70
7828	70
7839	70
7851	70
7851	70
7863	70
7875	70
7875	70
7886	70
7898	70
7898	70
7910	70
7910	70
7921	70
7933	70
7945	70
7945	70
7957	71
7968	71
7968	71
7980	71
7992	71
7992	71
8003	71
8015	71
8015	71
8027	71
8039	71
8039	71
8050	71
8062	71
8062	71
8074	71
8085	71
8085	71
8097	71
8109	71
8109	71
8121	71
8132	71
8132	71
8144	71
8156	71
8156	71
8167	71
8167	71
8179	71
8191	71
8191	71
8203	71
8214	71
8214	71
8226	71
8238	71
8238	71
8250	71
8261	71
8261	71
8273	71
8285	71
8296	71
8296	71
8308	71
8308	71
8320	71
8332	71
8332	71
8343	72
8355	72
8355	72
8367	72
8378	72
8378	72
8390	72
8402	72
8402	72
8414	72
8425	72
8425	72
8437	72
8449	72
8449	72
8460	72
8472	72
8484	72
8484	72
8496	72
8507	72
8519	72
8531	72
8542	72
8554	72
8554	72
8566	72
8578	72
8589	72
8601	72
8613	72
8613	72
8625	72
8636	72
8636	72
8648	72
8660	72
8660	72
8671	72
8683	72
8695	72
8695	72
8707	72
8718	72
8730	72
8742	72
8753	72
8753	72
8765	72
8777	72
8777	73
8789	73
8800	73
8800	73
8812	73
8824	73
8835	73
8835	73
8847	73
8859	73
8871	73
8871	73
8882	73
8894	73
8894	73
8906	73
8917	73
8929	73
8929	73
8941	73
8953	73
8953	73
8964	73
8976	73
8976	73
8988	73
9000	73
9011	73
9011	73
9023	73
9035	73
9046	73
9046	73
9058	73
9070	73
9070	73
9082	73
9082	73
9093	73
9105	73
9105	73
9117	73
9117	73
9128	73
9140	73
9152	73
9152	73
9164	73
9175	73
9175	73
9187	74
9199	74
9210	74
9210	74
9222	74
9234	74
9246	74
9246	74
9257	74
9269	74
9281	74
9292	74
9292	74
9304	74
9316	74
9328	74
9339	74
9339	74
9351	74
9363	74
9375	74
9375	74
9386	74
9398	74
9410	74
9410	74
9421	74
9433	74
9445	74
9445	74
9457	74
9468	74
9480	74
9492	74
9492	74
9503	74
9515	74
9527	74
9527	74
9539	74
9550	74
9562	74
9562	74
9574	74
9585	74
9597	74
9597	74
9609	74
9621	74
9632	74
9632	75
9644	75
9656	75
9667	75
9679	75
9679	75
9691	75
9703	75
9714	75
9726	75
9726	75
9738	75
9750	75
9761	75
9761	75
9773	75
9785	75
9796	75
9796	75
9808	75
9820	75
9832	75
9832	75
9843	75
9855	75
9855	75
9867	75
9878	75
9890	75
9890	75
9902	75
9914	75
9925	75
9925	75
9937	75
9949	75
9960	75
9960	75
9972	75
9984	75
9996	75
10007	75
10019	75
10019	75
10031	75
10042	75
10054	75
10066	75
10078	75
10089	75
10089	76
10101	76
10113	76
10125	76
10136	76
10136	76
10148	76
10160	76
10171	76
10171	76
10183	76
10195	76
10207	76
10207	76
10218	76
10230	76
10242	76
10253	76
10253	76
10265	76
10277	76
10289	76
10289	76
10300	76
10312	76
10324	76
10324	76
10335	76
10347	76
10359	76
10371	76
10371	76
10382	76
10394	76
10406	76
10406	76
10417	76
10429	76
10441	76
10453	76
10453	76
10464	76
10476	76
10488	76
10500	76
10500	76
10511	76
10523	76
10535	76
10546	76
10546	77
10558	77
10570	77
10570	77
10582	77
10593	77
10593	77
10605	77
10617	77
10617	77
10628	77
10640	77
10652	77
10652	77
10664	77
10675	77
10687	77
10699	77
10699	77
10710	77
10722	77
10734	77
10746	77
10746	77
10757	77
10769	77
10781	77
10792	77
10804	77
10816	77
10828	77
10828	77
10839	77
10851	77
10863	77
10875	77
10886	77
10886	77
10898	77
10910	77
10921	77
10921	77
10933	77
10945	77
10957	77
10968	77
10980	77
10992	77
11003	77
11015	77
11027	78
11027	78
11039	78
11050	78
11062	78
11074	78
11074	78
11085	78
11097	78
11109	78
11121	78
11132	78
11144	78
11144	78
11156	78
11167	78
11179	78
11191	78
11203	78
11214	78
11226	78
11238	78
11238	78
11250	78
11261	78
11273	78
11285	78
11296	78
11296	78
11308	78
11320	78
11332	78
11332	78
11343	78
11355	78
11367	78
11378	78
11378	78
11390	78
11402	78
11414	78
11425	78
11425	78
11437	78
11449	78
11460	78
11472	78
11484	78
11484	78
11496	78
11507	79
11519	79
11531	79
11542	79
11542	79
11554	79
11566	79
11578	79
11589	79
11601	79
11613	79
11625	79
11625	79
11636	79
11648	79
11660	79
11671	79
11671	79
11683	79
11695	79
11707	79
11718	79
11730	79
11730	79
11742	79
11753	79
11765	79
11777	79
11789	79
11789	79
11800	79
11812	79
11824	79
11835	79
11835	79
11847	79
11859	79
11871	79
11882	79
11894	79
11906	79
11917	79
11917	79
11929	79
11941	79
11953	79
11964	79
11976	79
11988	79
12000	79
12000	80
12011	80
12023	80
12035	80
12046	80
12058	80
12058	80
12070	80
12082	80
12093	80
12105	80
12105	80
12117	80
12128	80
12140	80
12140	80
12152	80
12164	80
12175	80
12187	80
12199	80
12199	80
12210	80
12222	80
12234	80
12246	80
12257	80
12257	80
12269	80
12281	80
12292	80
12304	80
12316	80
12328	80
12328	80
12339	80
12351	80
12363	80
12375	80
12386	80
12398	80
12410	80
12410	80
12421	80
12433	80
12445	80
12457	80
12468	80
12468	80
12480	80
12492	81
12503	81
12515	81
12527	81
12539	81
12539	81
12550	81
12562	81
12574	81
12585	81
12597	81
12609	81
12609	81
12621	81
12632	81
12644	81
12656	81
12667	81
12679	81
12691	81
12703	81
12714	81
12726	81
12738	81
12750	81
12761	81
12761	81
12773	81
12785	81
12796	81
12808	81
12820	81
12832	81
12832	81
12843	81
12855	81
12867	81
12878	81
12890	81
12890	81
12902	81
12914	81
12925	81
12937	81
12949	81
12960	81
12960	81
12972	81
12984	81
12996	81
13007	82
13019	82
13031	82
13031	82
13042	82
13054	82
13066	82
13078	82
13089	82
13101	82
13113	82
13113	82
13125	82
13136	82
13148	82
13160	82
13171	82
13183	82
13195	82
13195	82
13207	82
13218	82
13230	82
13242	82
13253	82
13265	82
13277	82
13277	82
13289	82
13300	82
13312	82
13324	82
13335	82
13347	82
13359	82
13359	82
13371	82
13382	82
13394	82
13406	82
13429	82
13441	82
13453	82
13453	82
13464	82
13476	82
13488	82
13500	82
13511	82
13523	82
13535	83
13546	83
13558	83
13570	83
13570	83
13582	83
13593	83
13605	83
13617	83
13628	83
13628	83
13640	83
13652	83
13664	83
13675	83
13687	83
13699	83
13710	83
13722	83
13722	83
13734	83
13746	83
13757	83
13769	83
13781	83
13792	83
13804	83
13804	83
13816	83
13828	83
13839	83
13851	83
13863	83
13875	83
13886	83
13898	83
13910	83
13921	83
13921	83
13933	83
13945	83
13957	83
13968	83
13980	83
13992	83
14003	83
14015	83
14015	83
14027	83
14039	83
14050	84
14062	84
14074	84
14085	84
14097	84
14109	84
14121	84
14132	84
14144	84
14156	84
14167	84
14179	84
14191	84
14203	84
14214	84
14226	84
14238	84
14250	84
14261	84
14273	84
14273	84
14285	84
14296	84
14308	84
14320	84
14332	84
14343	84
14355	84
14367	84
14378	84
14378	84
14390	84
14402	84
14414	84
14425	84
14437	84
14449	84
14460	84
14472	84
14484	84
14496	84
14496	84
14507	84
14519	84
14531	84
14542	84
14554	84
14566	84
14578	84
14589	84
14601	85
14613	85
14625	85
14636	85
14648	85
14648	85
14660	85
14671	85
14683	85
14695	85
14707	85
14718	85
14730	85
14742	85
14753	85
14765	85
14777	85
14789	85
14789	85
14800	85
14812	85
14824	85
14835	85
14847	85
14859	85
14871	85
14882	85
14894	85
14906	85
14929	85
14941	85
14953	85
14964	85
14976	85
14988	85
15000	85
15011	85
15011	85
15023	85
15035	85
15046	85
15058	85
15070	85
15082	85
15093	85
15105	85
15117	85
15128	85
15128	85
15140	85
15152	86
15164	86
15175	86
15187	86
15199	86
15210	86
15222	86
15234	86
15246	86
15257	86
15269	86
15281	86
15281	86
15292	86
15304	86
15316	86
15328	86
15339	86
15351	86
15363	86
15375	86
15386	86
15398	86
15410	86
15421	86
15433	86
15445	86
15457	86
15457	86
15468	86
15480	86
15492	86
15503	86
15515	86
15527	86
15539	86
15550	86
15562	86
15574	86
15585	86
15597	86
15609	86
15621	86
15632	86
15644	86
15656	86
15667	86
15679	86
15691	86
15703	86
15714	87
15726	87
15738	87
15750	87
15761	87
15773	87
15785	87
15796	87
15808	87
15820	87
15832	87
15843	87
15855	87
15867	87
15878	87
15890	87
15902	87
15914	87
15925	87
15937	87
15949	87
15960	87
15972	87
15984	87
15996	87
16007	87
16019	87
16031	87
16042	87
16054	87
16066	87
16078	87
16089	87
16101	87
16113	87
16125	87
16136	87
16148	87
16160	87
16171	87
16183	87
16195	87
16207	87
16218	87
16230	87
16242	87
16253	87
16265	87
16277	87
16289	87
16289	88
16300	88
16312	88
16324	88
16335	88
16347	88
16359	88
16382	88
16394	88
16406	88
16417	88
16429	88
16441	88
16453	88
16464	88
16476	88
16488	88
16500	88
16511	88
16523	88
16535	88
16546	88
16558	88
16570	88
16582	88
16593	88
16605	88
16617	88
16628	88
16640	88
16652	88
16664	88
16675	88
16687	88
16699	88
16710	88
16722	88
16734	88
16746	88
16757	88
16781	88
16792	88
16804	88
16816	88
16828	88
16839	88
16851	88
16863	88
16875	88
16886	88
16898	89
16910	89
16921	89
16933	89
16945	89
16957	89
16968	89
16980	89
16992	89
17003	89
17015	89
17027	89
17039	89
17050	89
17062	89
17074	89
17085	89
17097	89
17109	89
17121	89
17132	89
17144	89
17167	89
17179	89
17191	89
17203	89
17214	89
17226	89
17238	89
17250	89
17261	89
17273	89
17285	89
17296	89
17308	89
17332	89
17343	89
17355	89
17367	89
17378	89
17390	89
17402	89
17414	89
17425	89
17437	89
17460	89
17472	89
17484	89
17496	89
17507	89
17519	90
17531	90
17542	90
17554	90
17578	90
17589	90
17601	90
17613	90
17625	90
17636	90
17648	90
17660	90
17671	90
17683	90
17695	90
17707	90
17718	90
17730	90
17742	90
17742	90
17753	90
17765	90
17777	90
17789	90
17800	90
17812	90
17835	90
17847	90
17859	90
17871	90
17882	90
17894	90
17906	90
17917	90
17929	90
17941	90
17953	90
17964	90
17976	90
17988	90
18000	90
18011	90
18023	90
18035	90
18046	90
18058	90
18082	90
18093	90
18105	90
18117	90
18128	91
18140	91
18152	91
18164	91
18175	91
18187	91
18210	91
18222	91
18234	91
18246	91
18257	91
18281	91
18292	91
18304	91
18316	91
18339	91
18351	91
18363	91
18375	91
18386	91
18398	91
18410	91
18421	91
18433	91
18445	91
18468	91
18480	91
18492	91
18503	91
18515	91
18527	91
18539	91
18550	91
18562	91
18574	91
18585	91
18597	91
18609	91
18621	91
18632	91
18656	91
18667	91
18679	91
18691	91
18703	91
18714	91
18726	91
18738	91
18750	91
18761	91
18773	92
18796	92
18808	92
18820	92
18832	92
18843	92
18855	92
18867	92
18878	92
18890	92
18902	92
18914	92
18925	92
18937	92
18949	92
18972	92
18984	92
18996	92
19007	92
19031	92
19042	92
19054	92
19078	92
19089	92
19101	92
19113	92
19125	92
19136	92
19148	92
19160	92
19171	92
19195	92
19207	92
19218	92
19230	92
19242	92
19253	92
19265	92
19289	92
19300	92
19312	92
19324	92
19335	92
19347	92
19359	92
19371	92
19382	92
19394	92
19417	92
19429	92
19441	93
19453	93
19464	93
19476	93
19488	93
19500	93
19523	93
19535	93
19546	93
19558	93
19570	93
19582	93
19593	93
19617	93
19628	93
19640	93
19652	93
19664	93
19675	93
19687	93
19699	93
19722	93
19734	93
19746	93
19757	93
19781	93
19792	93
19816	93
19828	93
19839	93
19851	93
19875	93
19886	93
19898	93
19910	93
19921	93
19933	93
19945	93
19968	93
19980	93
19992	93
20003	93
20015	93
20027	93
20039	93
20050	93
20062	93
20085	93
20097	93
20109	93
20121	94
20132	94
20144	94
20156	94
20167	94
20179	94
20191	94
20203	94
20214	94
20226	94
20238	94
20250	94
20273	94
20285	94
20296	94
20308	94
20320	94
20332	94
20343	94
20355	94
20367	94
20378	94
20390	94
20402	94
20414	94
20425	94
20437	94
20460	94
20472	94
20484	94
20496	94
20519	94
20531	94
20542	94
20566	94
20578	94
20589	94
20613	94
20625	94
20636	94
20648	94
20660	94
20671	94
20683	94
20695	94
20718	94
20730	94
20742	94
20765	94
20777	94
20789	95
20800	95
20812	95
20824	95
20835	95
20847	95
20859	95
20871	95
20894	95
20906	95
20917	95
20929	95
20941	95
20953	95
20964	95
20976	95
20988	95
21000	95
21023	95
21035	95
21046	95
21058	95
21070	95
21082	95
21093	95
21105	95
21117	95
21128	95
21140	95
21152	95
21164	95
21175	95
21187	95
21199	95
21210	95
21222	95
21234	95
21257	95
21269	95
21281	95
21292	95
21316	95
21328	95
21339	95
21351	95
21363	95
21375	95
21398	95
21410	95
21421	95
21433	96
21445	96
21457	96
21468	96
21492	96
21503	96
21515	96
21527	96
21539	96
21550	96
21562	96
21574	96
21585	96
21609	96
21621	96
21632	96
21644	96
21656	96
21667	96
21679	96
21703	96
21714	96
21726	96
21738	96
21750	96
21761	96
21773	96
21785	96
21796	96
21820	96
21832	96
21843	96
21855	96
21867	96
21878	96
21890	96
21902	96
21914	96
21925	96
21937	96
21949	96
21972	96
21984	96
21996	96
22007	96
22019	96
22042	96
22054	96
22066	96
22078	96
22089	97
22113	97
22125	97
22136	97
22148	97
22160	97
22171	97
22183	97
22195	97
22207	97
22230	97
22242	97
22253	97
22265	97
22277	97
22289	97
22300	97
22312	97
22324	97
22335	97
22359	97
22371	97
22382	97
22394	97
22406	97
22417	97
22429	97
22441	97
22453	97
22476	97
22488	97
22500	97
22511	97
22523	97
22535	97
22546	97
22558	97
22570	97
22582	97
22593	97
22605	97
22617	97
22628	97
22640	97
22652	97
22664	97
22687	97
22699	97
22710	97
22722	97
22734	98
22746	98
22757	98
22781	98
22792	98
22804	98
22816	98
22839	98
22851	98
22863	98
22875	98
22886	98
22898	98
22921	98
22933	98
22945	98
22957	98
22980	98
22992	98
23003	98
23027	98
23039	98
23050	98
23062	98
23074	98
23085	98
23097	98
23121	98
23132	98
23144	98
23156	98
23179	98
23191	98
23203	98
23214	98
23238	98
23250	98
23261	98
23273	98
23285	98
23296	98
23308	98
23332	98
23343	98
23355	98
23367	98
23378	98
23390	98
23402	98
23414	98
23425	99
23437	99
23460	99
23472	99
23484	99
23496	99
23507	99
23531	99
23542	99
23554	99
23566	99
23578	99
23601	99
23613	99
23625	99
23636	99
23648	99
23660	99
23683	99
23695	99
23707	99
23718	99
23730	99
23742	99
23753	99
23777	99
23789	99
23800	99
23812	99
23824	99
23835	99
23847	99
23871	99
23882	99
23894	99
23906	99
23929	99
23941	99
23953	99
23964	99
23976	99
24000	99
24011	99
24023	99
24035	99
24046	99
24058	99
24070	99
24093	99
24105	99
24117	100
24128	100
24140	100
24152	100
24164	100
24175	100
24187	100
24199	100
24222	100
24234	100
24246	100
24257	100
24269	100
24281	100
24292	100
24316	100
24328	100
24339	100
24351	100
24363	100
24375	100
24398	100
24410	100
24421	100
24433	100
24445	100
24457	100
24468	100
24492	100
24503	100
24515	100
24527	100
24539	100
24550	100
24562	100
24585	100
24597	100
24609	100
24621	100
24644	100
24656	100
24667	100
24691	100
24703	100
24714	100
24726	100
24750	100
24761	100
24773	100
24785	100
24796	101
24808	101
24820	101
24843	101
24855	101
24867	101
24878	101
24890	101
24902	101
24914	101
24925	101
24949	101
24960	101
24972	101
24984	101
24996	101
25007	101
25031	101
25042	101
25054	101
25066	101
25078	101
25089	101
25113	101
25125	101
25136	101
25148	101
25160	101
25171	101
25195	101
25207	101
25218	101
25230	101
25242	101
25253	101
25265	101
25289	101
25300	101
25312	101
25324	101
25335	101
25347	101
25371	101
25382	101
25394	101
25417	101
25429	101
25441	101
25464	101
25476	101
25488	102
25500	102
25511	102
25535	102
25546	102
25558	102
25570	102
25582	102
25593	102
25605	102
25628	102
25640	102
25652	102
25664	102
25675	102
25687	102
25699	102
25722	102
25734	102
25746	102
25757	102
25769	102
25781	102
25804	102
25816	102
25828	102
25839	102
25851	102
25863	102
25886	102
25898	102
25910	102
25921	102
25933	102
25945	102
25968	102
25980	102
25992	102
26003	102
26015	102
26039	102
26050	102
26062	102
26074	102
26085	102
26109	102
26121	102
26132	102
26156	102
26167	102
26179	103
26203	103
26214	103
26226	103
26238	103
26261	103
26273	103
26285	103
26296	103
26308	103
26332	103
26343	103
26355	103
26367	103
26378	103
26390	103
26402	103
26425	103
26437	103
26449	103
26460	103
26472	103
26496	103
26507	103
26519	103
26531	103
26542	103
26566	103
26578	103
26589	103
26601	103
26613	103
26636	103
26648	103
26660	103
26671	103
26683	103
26707	103
26718	103
26730	103
26742	103
26765	103
26777	103
26789	103
26800	103
26812	103
26824	103
26847	103
26859	103
26871	103
26894	104
26906	104
26917	104
26941	104
26953	104
26976	104
26988	104
27000	104
27011	104
27023	104
27046	104
27058	104
27070	104
27082	104
27093	104
27105	104
27128	104
27140	104
27152	104
27164	104
27175	104
27187	104
27210	104
27222	104
27234	104
27246	104
27257	104
27281	104
27292	104
27304	104
27316	104
27328	104
27351	104
27363	104
27375	104
27386	104
27398	104
27421	104
27433	104
27445	104
27457	104
27468	104
27480	104
27503	104
27515	104
27527	104
27539	104
27550	104
27574	104
27585	104
27597	105
27609	105
27632	105
27644	105
27656	105
27679	105
27691	105
27703	105
27726	105
27738	105
27750	105
27761	105
27785	105
27796	105
27808	105
27820	105
27843	105
27855	105
27867	105
27878	105
27902	105
27914	105
27925	105
27937	105
27960	105
27972	105
27984	105
27996	105
28019	105
28031	105
28042	105
28054	105
28078	105
28089	105
28101	105
28125	105
28136	105
28148	105
28160	105
28183	105
28195	105
28207	105
28218	105
28230	105
28242	105
28265	105
28277	105
28289	105
28300	105
28324	105
28335	106
28347	106
28359	106
28382	106
28394	106
28406	106
28429	106
28441	106
28453	106
28476	106
28488	106
28500	106
28523	106
28535	106
28546	106
28558	106
28582	106
28593	106
28605	106
28617	106
28640	106
28652	106
28664	106
28675	106
28687	106
28710	106
28722	106
28734	106
28757	106
28769	106
28781	106
28804	106
28816	106
28828	106
28851	106
28863	106
28875	106
28886	106
28910	106
28921	106
28933	106
28945	106
28968	106
28980	106
28992	106
29003	106
29027	106
29039	106
29050	106
29062	106
29085	107
29097	107
29109	107
29121	107
29144	107
29156	107
29179	107
29191	107
29214	107
29226	107
29238	107
29261	107
29273	107
29285	107
29296	107
29320	107
29332	107
29355	107
29367	107
29390	107
29402	107
29414	107
29425	107
29449	107
29460	107
29472	107
29484	107
29507	107
29519	107
29542	107
29554	107
29566	107
29589	107
29601	107
29613	107
29636	107
29648	107
29660	107
29671	107
29695	107
29707	107
29718	107
29730	107
29742	107
29753	107
29765	107
29789	107
29800	107
29812	107
29835	107
29847	108
29859	108
29871	108
29882	108
29906	108
29917	108
29929	108
29953	108
29964	108
29976	108
30000	108
30011	108
30023	108
30046	108
30058	108
30070	108
30093	108
30105	108
30117	108
30140	108
30152	108
30164	108
30187	108
30199	108
30210	108
30234	108
30246	108
30257	108
30281	108
30304	108
30316	108
30339	108
30351	108
30375	108
30386	108
30398	108
30410	108
30433	108
30445	108
30457	108
30480	108
30492	108
30503	108
30515	108
30539	108
30550	108
30562	108
30585	108
30597	108
30609	108
30632	109
30644	109
30656	109
30679	109
30691	109
30703	109
30714	109
30738	109
30750	109
30761	109
30785	109
30796	109
30808	109
30832	109
30843	109
30855	109
30878	109
30890	109
30902	109
30914	109
30937	109
30949	109
30960	109
30984	109
30996	109
31019	109
31031	109
31054	109
31078	109
31089	109
31101	109
31125	109
31136	109
31148	109
31171	109
31183	109
31195	109
31218	109
31230	109
31253	109
31265	109
31277	109
31289	109
31312	109
31324	109
31335	109
31359	109
31371	109
31382	109
31406	109
31417	110
31429	110
31453	110
31464	110
31488	110
31500	110
31511	110
31535	110
31546	110
31558	110
31582	110
31593	110
31605	110
31628	110
31640	110
31664	110
31675	110
31687	110
31699	110
31722	110
31734	110
31757	110
31781	110
31792	110
31816	110
31839	110
31851	110
31875	110
31886	110
31898	110
31910	110
31933	110
31945	110
31968	110
31980	110
31992	110
32015	110
32027	110
32039	110
32062	110
32074	110
32085	110
32109	110
32121	110
32132	110
32144	110
32167	110
32179	110
32191	110
32203	110
32226	111
32238	111
32261	111
32273	111
32285	111
32308	111
32320	111
32332	111
32343	111
32367	111
32378	111
32390	111
32414	111
32425	111
32437	111
32460	111
32472	111
32484	111
32507	111
32531	111
32554	111
32566	111
32589	111
32601	111
32625	111
32636	111
32648	111
32671	111
32683	111
32707	111
32718	111
32742	111
32765	111
32777	111
32789	111
32812	111
32824	111
32835	111
32859	111
32871	111
32882	111
32906	111
32917	111
32941	111
32953	111
32964	111
32988	111
33000	111
33011	111
33035	111
33046	112
33058	112
33082	112
33093	112
33105	112
33117	112
33128	112
33152	112
33164	112
33175	112
33199	112
33210	112
33234	112
33246	112
33257	112
33281	112
33292	112
33316	112
33328	112
33351	112
33363	112
33386	112
33398	112
33410	112
33433	112
33445	112
33468	112
33480	112
33503	112
33515	112
33539	112
33550	112
33562	112
33585	112
33597	112
33609	112
33632	112
33644	112
33667	112
33679	112
33703	112
33714	112
33726	112
33750	112
33761	112
33785	112
33796	112
33808	112
33832	112
33843	112
33855	113
33878	113
33890	113
33902	113
33925	113
33937	113
33949	113
33972	113
33984	113
34007	113
34019	113
34042	113
34054	113
34078	113
34089	113
34101	113
34125	113
34136	113
34160	113
34171	113
34183	113
34207	113
34218	113
34230	113
34253	113
34265	113
34277	113
34300	113
34312	113
34324	113
34347	113
34359	113
34371	113
34394	113
34406	113
34429	113
34441	113
34453	113
34476	113
34488	113
34500	113
34523	113
34535	113
34546	113
34570	113
34582	113
34593	113
34605	113
34617	113
34628	113
34652	114
34664	114
34675	114
34699	114
34710	114
34734	114
34746	114
34757	114
34781	114
34792	114
34816	114
34828	114
34851	114
34863	114
34886	114
34898	114
34910	114
34933	114
34945	114
34968	114
34980	114
35003	114
35015	114
35039	114
35050	114
35062	114
35085	114
35097	114
35121	114
35132	114
35156	114
35167	114
35191	114
35203	114
35226	114
35238	114
35250	114
35273	114
35285	114
35308	114
35320	114
35332	114
35343	114
35367	114
35378	114
35390	114
35414	114
35425	114
35437	114
35460	114
35472	115
35496	115
35507	115
35519	115
35542	115
35554	115
35578	115
35589	115
35601	115
35625	115
35636	115
35660	115
35671	115
35683	115
35707	115
35718	115
35730	115
35753	115
35765	115
35777	115
35800	115
35812	115
35824	115
35847	115
35859	115
35882	115
35894	115
35906	115
35929	115
35941	115
35964	115
35976	115
36000	115
36011	115
36023	115
36046	115
36058	115
36070	115
36093	115
36105	115
36117	115
36128	115
36152	115
36164	115
36175	115
36199	115
36210	115
36222	115
36246	115
36257	115
36269	116
36292	116
36304	116
36328	116
36339	116
36351	116
36375	116
36386	116
36398	116
36421	116
36433	116
36445	116
36468	116
36480	116
36503	116
36515	116
36527	116
36550	116
36562	116
36574	116
36597	116
36609	116
36632	116
36644	116
36667	116
36679	116
36703	116
36714	116
36738	116
36750	116
36761	116
36785	116
36796	116
36808	116
36832	116
36843	116
36855	116
36878	116
36890	116
36902	116
36925	116
36937	116
36949	116
36972	116
36984	116
36996	116
37019	116
37031	116
37042	116
37066	116
37078	117
37101	117
37113	117
37125	117
37148	117
37160	117
37183	117
37195	117
37207	117
37218	117
37242	117
37253	117
37277	117
37289	117
37300	117
37324	117
37335	117
37347	117
37371	117
37382	117
37406	117
37429	117
37441	117
37464	117
37476	117
37500	117
37511	117
37523	117
37546	117
37558	117
37570	117
37593	117
37605	117
37617	117
37640	117
37652	117
37664	117
37687	117
37699	117
37710	117
37734	117
37746	117
37757	117
37781	117
37792	117
37804	117
37828	117
37839	117
37863	117
37875	117
37886	118
37910	118
37921	118
37945	118
37957	118
37968	118
37992	118
38003	118
38015	118
38039	118
38050	118
38062	118
38085	118
38097	118
38121	118
38132	118
38156	118
38179	118
38191	118
38214	118
38226	118
38250	118
38261	118
38273	118
38296	118
38308	118
38320	118
38343	118
38355	118
38367	118
38390	118
38402	118
38414	118
38437	118
38449	118
38472	118
38484	118
38496	118
38519	118
38531	118
38554	118
38566	118
38578	118
38601	118
38613	118
38636	118
38648	118
38671	118
38683	118
38695	118
38718	119
38730	119
38742	119
38765	119
38777	119
38800	119
38812	119
38824	119
38847	119
38859	119
38882	119
38906	119
38917	119
38941	119
38953	119
38976	119
38988	119
39011	119
39023	119
39035	119
39058	119
39070	119
39093	119
39105	119
39117	119
39140	119
39152	119
39164	119
39187	119
39199	119
39222	119
39234	119
39246	119
39269	119
39281	119
39292	119
39316	119
39328	119
39339	119
39363	119
39375	119
39398	119
39410	119
39433	119
39445	119
39457	119
39480	119
39492	119
39503	119
39527	119
39539	120
39550	120
39574	120
39585	120
39609	120
39621	120
39644	120
39656	120
39679	120
39703	120
39714	120
39738	120
39750	120
39773	120
39785	120
39796	120
39820	120
39832	120
39855	120
39867	120
39890	120
39902	120
39914	120
39937	120
39949	120
39972	120
39984	120
40007	120
40019	120
40042	120
40054	120
40078	120
40089	120
40113	120
40125	120
40136	120
40160	120
40171	120
40195	120
40207	120
40218	120
40242	120
40253	120
40277	120
40289	120
40300	120
40324	120
40335	120
40359	120
40371	120
40394	121
40406	121
40429	121
40453	121
40464	121
40488	121
40500	121
40511	121
40535	121
40546	121
40570	121
40582	121
40605	121
40617	121
40640	121
40652	121
40664	121
40687	121
40699	121
40722	121
40734	121
40757	121
40769	121
40792	121
40804	121
40828	121
40839	121
40863	121
40875	121
40898	121
40910	121
40933	121
40945	121
40968	121
40980	121
41003	121
41015	121
41027	121
41050	121
41062	121
41085	121
41097	121
41121	121
41132	121
41156	121
41179	121
41191	121
41214	121
41238	121
41250	121
41261	122
41285	122
41296	122
41320	122
41343	122
41367	122
41378	122
41402	122
41414	122
41437	122
41449	122
41460	122
41484	122
41507	122
41519	122
41542	122
41554	122
41578	122
41601	122
41613	122
41636	122
41648	122
41671	122
41683	122
41695	122
41718	122
41730	122
41742	122
41753	122
41777	122
41789	122
41812	122
41824	122
41847	122
41859	122
41882	122
41894	122
41917	122
41929	122
41953	122
41964	122
41988	122
42000	122
42023	122
42035	122
42058	122
42070	122
42093	122
42117	122
42128	122
42152	123
42164	123
42187	123
42199	123
42222	123
42234	123
42257	123
42281	123
42304	123
42316	123
42339	123
42363	123
42375	123
42398	123
42410	123
42433	123
42445	123
42468	123
42480	123
42503	123
42515	123
42539	123
42550	123
42574	123
42585	123
42609	123
42621	123
42644	123
42656	123
42679	123
42691	123
42714	123
42726	123
42750	123
42761	123
42785	123
42796	123
42820	123
42832	123
42855	123
42867	123
42890	123
42902	123
42925	123
42937	123
42960	123
42984	123
42996	123
43019	123
43042	123
43066	124
43078	124
43101	124
43125	124
43136	124
43160	124
43171	124
43195	124
43207	124
43230	124
43253	124
43265	124
43289	124
43300	124
43324	124
43335	124
43359	124
43371	124
43394	124
43406	124
43429	124
43441	124
43464	124
43476	124
43500	124
43523	124
43535	124
43558	124
43570	124
43593	124
43617	124
43628	124
43652	124
43664	124
43687	124
43699	124
43722	124
43746	124
43757	124
43781	124
43804	124
43828	124
43851	124
43875	124
43886	124
43910	124
43921	124
43945	124
43957	124
43980	124
44003	125
44015	125
44039	125
44050	125
44074	125
44085	125
44109	125
44121	125
44144	125
44156	125
44179	125
44191	125
44214	125
44226	125
44250	125
44261	125
44285	125
44296	125
44320	125
44332	125
44355	125
44367	125
44390	125
44402	125
44425	125
44437	125
44460	125
44472	125
44496	125
44519	125
44542	125
44566	125
44589	125
44613	125
44625	125
44648	125
44660	125
44683	125
44707	125
44730	125
44753	125
44765	125
44789	125
44800	125
44824	125
44835	125
44859	125
44882	125
44894	125
44917	125
44929	126
44953	126
44964	126
44988	126
45011	126
45023	126
45046	126
45058	126
45082	126
45093	126
45105	126
45128	126
45140	126
45164	126
45175	126
45199	126
45210	126
45234	126
45257	126
45269	126
45292	126
45316	126
45339	126
45351	126
45375	126
45398	126
45410	126
45433	126
45445	126
45468	126
45492	126
45503	126
45527	126
45550	126
45562	126
45585	126
45597	126
45621	126
45644	126
45656	126
45679	126
45703	126
45714	126
45738	126
45761	126
45773	126
45796	126
45808	126
45832	126
45843	126
45867	127
45890	127
45902	127
45925	127
45937	127
45960	127
45984	127
45996	127
46019	127
46042	127
46066	127
46078	127
46101	127
46125	127
46136	127
46160	127
46171	127
46195	127
46218	127
46230	127
46253	127
46265	127
46289	127
46312	127
46324	127
46347	127
46371	127
46382	127
46406	127
46417	127
46441	127
46464	127
46476	127
46500	127
46523	127
46535	127
46558	127
46570	127
46593	127
46605	127
46617	127
46640	127
46652	127
46675	127
46687	127
46710	127
46734	127
46746	127
46769	127
46792	127
46816	128
46828	128
46851	128
46875	128
46886	128
46910	128
46933	128
46945	128
46968	128
46992	128
47015	128
47039	128
47050	128
47074	128
47097	128
47109	128
47132	128
47156	128
47179	128
47203	128
47214	128
47238	128
47261	128
47273	128
47296	128
47320	128
47332	128
47355	128
47367	128
47390	128
47414	128
47425	128
47449	128
47472	128
47484	128
47507	128
47531	128
47542	128
47566	128
47589	128
47613	128
47625	128
47648	128
47671	128
47683	128
47707	128
47718	128
47742	128
47765	128
47777	128
47800	129
47824	129
47835	129
47859	129
47882	129
47906	129
47917	129
47941	129
47964	129
47976	129
48000	129
48023	129
48046	129
48058	129
48082	129
48093	129
48117	129
48128	129
48152	129
48164	129
48187	129
48210	129
48222	129
48246	129
48257	129
48281	129
48304	129
48316	129
48339	129
48363	129
48375	129
48398	129
48421	129
48433	129
48457	129
48468	129
48492	129
48515	129
48527	129
48550	129
48574	129
48585	129
48609	129
48632	129
48644	129
48667	129
48691	129
48714	129
48738	129
48750	129
48773	130
48796	130
48808	130
48832	130
48843	130
48867	130
48878	130
48902	130
48925	130
48937	130
48960	130
48984	130
48996	130
49019	130
49031	130
49054	130
49078	130
49089	130
49113	130
49136	130
49148	130
49171	130
49183	130
49207	130
49230	130
49242	130
49265	130
49277	130
49300	130
49324	130
49335	130
49359	130
49382	130
49406	130
49429	130
49453	130
49464	130
49488	130
49511	130
49523	130
49546	130
49558	130
49582	130
49605	130
49617	130
49640	130
49652	130
49675	130
49687	130
49710	130
49734	131
49746	131
49769	131
49781	131
49804	131
49828	131
49839	131
49863	131
49886	131
49898	131
49921	131
49945	131
49957	131
49980	131
49992	131
50015	131
50039	131
50050	131
50074	131
50085	131
50109	131
50132	131
50156	131
50179	131
50203	131
50226	131
50238	131
50261	131
50285	131
50296	131
50320	131
50332	131
50355	131
50378	131
50390	131
50414	131
50425	131
50449	131
50472	131
50484	131
50507	131
50531	131
50542	131
50566	131
50578	131
50601	131
50625	131
50648	131
50660	131
50683	131
50695	132
50718	132
50742	132
50765	132
50777	132
50800	132
50812	132
50835	132
50859	132
50871	132
50894	132
50917	132
50941	132
50964	132
50988	132
51000	132
51023	132
51046	132
51058	132
51082	132
51105	132
51117	132
51140	132
51152	132
51175	132
51187	132
51210	132
51234	132
51246	132
51269	132
51292	132
51304	132
51328	132
51339	132
51363	132
51386	132
51398	132
51421	132
51445	132
51457	132
51480	132
51492	132
51515	132
51539	132
51550	132
51574	132
51597	132
51609	132
51632	132
51656	132
51679	133
51703	133
51726	133
51738	133
51761	133
51785	133
51796	133
51820	133
51843	133
51855	133
51878	133
51902	133
51914	133
51937	133
51960	133
51972	133
51996	133
52019	133
52042	133
52054	133
52078	133
52101	133
52125	133
52136	133
52160	133
52183	133
52195	133
52218	133
52242	133
52253	133
52277	133
52289	133
52312	133
52335	133
52347	133
52371	133
52394	133
52417	133
52441	133
52453	133
52476	133
52500	133
52523	133
52535	133
52558	133
52582	133
52593	133
52617	133
52640	133
52652	133
52675	134
52699	134
52710	134
52734	134
52757	134
52781	134
52792	134
52816	134
52839	134
52863	134
52875	134
52898	134
52921	134
52933	134
52957	134
52980	134
52992	134
53015	134
53039	134
53050	134
53074	134
53097	134
53109	134
53132	134
53156	134
53179	134
53203	134
53226	134
53250	134
53261	134
53285	134
53308	134
53332	134
53355	134
53378	134
53390	134
53414	134
53437	134
53449	134
53472	134
53496	134
53519	134
53542	134
53566	134
53578	134
53601	134
53625	134
53648	134
53660	134
53683	134
53707	135
53718	135
53742	135
53753	135
53777	135
53789	135
53812	135
53835	135
53859	135
53871	135
53894	135
53906	135
53929	135
53953	135
53976	135
53988	135
54011	135
54035	135
54058	135
54070	135
54093	135
54117	135
54140	135
54164	135
54175	135
54199	135
54222	135
54246	135
54269	135
54292	135
54316	135
54339	135
54363	135
54375	135
54398	135
54421	135
54433	135
54457	135
54480	135
54503	135
54515	135
54539	135
54562	135
54574	135
54597	135
54621	135
54644	135
54656	135
54679	135
54703	135
54726	136
54738	136
54761	136
54785	136
54808	136
54820	136
54843	136
54867	136
54890	136
54902	136
54925	136
54949	136
54960	136
54984	136
55007	136
55031	136
55066	136
55089	136
55101	136
55125	136
55148	136
55171	136
55195	136
55207	136
55230	136
55253	136
55277	136
55289	136
55312	136
55335	136
55359	136
55371	136
55394	136
55417	136
55441	136
55464	136
55476	136
55500	136
55523	136
55546	136
55558	136
55582	136
55605	136
55628	136
55652	136
55664	136
55687	136
55710	136
55734	136
55757	136
55781	137
55804	137
55828	137
55851	137
55875	137
55898	137
55910	137
55933	137
55957	137
55980	137
56003	137
56015	137
56039	137
56062	137
56085	137
56097	137
56121	137
56144	137
56156	137
56179	137
56203	137
56214	137
56238	137
56261	137
56285	137
56308	137
56320	137
56343	137
56355	137
56378	137
56402	137
56425	137
56437	137
56460	137
56484	137
56507	137
56542	137
56566	137
56589	137
56613	137
56636	137
56648	137
56671	137
56695	137
56718	137
56753	137
56765	137
56789	137
56812	137
56835	137
56859	138
56871	138
56894	138
56917	138
56941	138
56953	138
56976	138
57000	138
57023	138
57046	138
57058	138
57082	138
57093	138
57117	138
57140	138
57152	138
57175	138
57199	138
57222	138
57234	138
57257	138
57281	138
57304	138
57328	138
57351	138
57375	138
57398	138
57421	138
57433	138
57457	138
57480	138
57503	138
57527	138
57550	138
57574	138
57585	138
57609	138
57632	138
57656	138
57679	138
57703	138
57726	138
57738	138
57761	138
57785	138
57808	138
57832	138
57843	138
57867	138
57890	138
57914	139
57937	139
57949	139
57972	139
57996	139
58019	139
58042	139
58066	139
58089	139
58113	139
58136	139
58160	139
58183	139
58195	139
58218	139
58242	139
58265	139
58289	139
58312	139
58324	139
58347	139
58371	139
58394	139
58417	139
58441	139
58453	139
58476	139
58500	139
58523	139
58546	139
58570	139
58582	139
58605	139
58617	139
58640	139
58664	139
58675	139
58699	139
58722	139
58746	139
58769	139
58792	139
58816	139
58839	139
58863	139
58886	139
58898	139
58921	139
58945	139
58980	139
59003	140
59027	140
59039	140
59062	140
59085	140
59109	140
59132	140
59156	140
59179	140
59203	140
59226	140
59250	140
59273	140
59296	140
59320	140
59343	140
59355	140
59378	140
59402	140
59425	140
59449	140
59460	140
59484	140
59507	140
59531	140
59554	140
59578	140
59601	140
59625	140
59648	140
59671	140
59695	140
59707	140
59730	140
59753	140
59777	140
59800	140
59824	140
59847	140
59871	140
59894	140
59917	140
59941	140
59964	140
59976	140
60000	140
60023	140
60046	140
60070	140
60093	140
60105	141
60128	141
60152	141
60175	141
60199	141
60210	141
60234	141
60257	141
60281	141
60304	141
60328	141
60351	141
60375	141
60398	141
60410	141
60433	141
60457	141
60480	141
60503	141
60527	141
60550	141
60562	141
60585	141
60609	141
60632	141
60656	141
60691	141
60714	141
60738	141
60750	141
60773	141
60796	141
60820	141
60843	141
60867	141
60878	141
60902	141
60925	141
60949	141
60972	141
60996	141
61019	141
61042	141
61054	141
61078	141
61101	141
61125	141
61148	141
61171	141
61195	141
61218	142
61242	142
61265	142
61277	142
61300	142
61324	142
61347	142
61371	142
61394	142
61429	142
61453	142
61476	142
61500	142
61523	142
61546	142
61570	142
61582	142
61605	142
61628	142
61652	142
61675	142
61699	142
61722	142
61734	142
61757	142
61781	142
61804	142
61828	142
61851	142
61875	142
61898	142
61921	142
61933	142
61957	142
61980	142
62003	142
62027	142
62050	142
62074	142
62097	142
62121	142
62144	142
62167	142
62203	142
62226	142
62250	142
62273	142
62285	142
62308	142
62332	142
62355	143
62378	143
62402	143
62425	143
62449	143
62472	143
62496	143
62507	143
62531	143
62554	143
62578	143
62601	143
62625	143
62648	143
62671	143
62695	143
62718	143
62742	143
62765	143
62789	143
62812	143
62835	143
62859	143
62882	143
62906	143
62929	143
62964	143
62988	143
63011	143
63023	143
63046	143
63070	143
63093	143
63117	143
63140	143
63164	143
63187	143
63210	143
63234	143
63257	143
63269	143
63292	143
63316	143
63339	143
63363	143
63386	143
63410	143
63433	143
63457	143
63480	143
63492	144
63515	144
63539	144
63562	144
63585	144
63609	144
63632	144
63656	144
63691	144
63714	144
63738	144
63761	144
63785	144
63808	144
63820	144
63855	144
63867	144
63890	144
63914	144
63937	144
63960	144
63984	144
64007	144
64031	144
64054	144
64078	144
64101	144
64125	144
64148	144
64171	144
64195	144
64218	144
64242	144
64265	144
64289	144
64312	144
64335	144
64359	144
64382	144
64406	144
64429	144
64453	144
64476	144
64500	144
64523	144
64546	144
64570	144
64593	144
64617	144
64640	144
64664	145
64687	145
64710	145
64734	145
64757	145
64781	145
64804	145
64828	145
64851	145
64875	145
64898	145
64921	145
64945	145
64968	145
64992	145
65015	145
65039	145
65062	145
65085	145
65109	145
65132	145
65156	145
65179	145
65203	145
65226	145
65250	145
65273	145
65296	145
65320	145
65355	145
65378	145
65402	145
65425	145
65449	145
65472	145
65496	145
65519	145
65542	145
65566	145
65589	145
65613	145
65636	145
65660	145
65683	145
65707	145
65730	145
65742	145
65765	145
65789	145
65812	145
65835	146
65859	146
65882	146
65906	146
65929	146
65953	146
65976	146
66000	146
66023	146
66046	146
66070	146
66093	146
66117	146
66140	146
66164	146
66187	146
66210	146
66234	146
66269	146
66292	146
66328	146
66351	146
66375	146
66398	146
66421	146
66445	146
66468	146
66492	146
66515	146
66539	146
66562	146
66585	146
66609	146
66632	146
66656	146
66679	146
66703	146
66726	146
66750	146
66773	146
66796	146
66820	146
66843	146
66867	146
66890	146
66914	146
66937	146
66960	146
66984	146
67007	146
67031	147
67066	147
67089	147
67113	147
67136	147
67160	147
67183	147
67207	147
67230	147
67253	147
67277	147
67300	147
67324	147
67347	147
67371	147
67394	147
67417	147
67441	147
67464	147
67488	147
67511	147
67535	147
67558	147
67582	147
67617	147
67640	147
67664	147
67687	147
67710	147
67734	147
67757	147
67792	147
67816	147
67851	147
67875	147
67898	147
67921	147
67945	147
67968	147
67992	147
68015	147
68039	147
68062	147
68085	147
68109	147
68132	147
68156	147
68179	147
68203	147
68214	147
68238	148
68273	148
68296	148
68320	148
68332	148
68355	148
68378	148
68402	148
68425	148
68449	148
68472	148
68507	148
68531	148
68566	148
68589	148
68613	148
68636	148
68660	148
68683	148
68718	148
68742	148
68765	148
68789	148
68812	148
68835	148
68859	148
68882	148
68906	148
68929	148
68953	148
68976	148
69000	148
69035	148
69058	148
69070	148
69093	148
69117	148
69140	148
69164	148
69187	148
69210	148
69234	148
69257	148
69281	148
69304	148
69328	148
69363	148
69386	148
69410	148
69433	148
69457	149
69480	149
69503	149
69527	149
69550	149
69574	149
69609	149
69632	149
69656	149
69679	149
69703	149
69726	149
69750	149
69773	149
69796	149
69820	149
69843	149
69867	149
69890	149
69914	149
69937	149
69960	149
69996	149
70019	149
70042	149
70066	149
70101	149
70125	149
70148	149
70171	149
70195	149
70218	149
70242	149
70265	149
70289	149
70312	149
70335	149
70359	149
70382	149
70406	149
70429	149
70453	149
70476	149
70500	149
70535	149
70558	149
70570	149
70593	149
70617	149
70640	149
70664	150
70687	150
70710	150
70734	150
70757	150
70781	150
70804	150
70839	150
70863	150
70886	150
70910	150
70933	150
70957	150
70992	150
71015	150
71039	150
71062	150
71085	150
71109	150
71144	150
71167	150
71203	150
71226	150
71250	150
71273	150
71296	150
71320	150
71343	150
71367	150
71390	150
71414	150
71437	150
71460	150
71484	150
71507	150
71542	150
71566	150
71589	150
71613	150
71636	150
71660	150
71683	150
71718	150
71742	150
71765	150
71789	150
71812	150
71835	150
71859	150
71882	150
71906	151
71941	151
71964	151
71988	151
72011	151
72035	151
72058	151
72082	151
72105	151
72128	151
72152	151
72175	151
72199	151
72222	151
72246	151
72269	151
72292	151
72316	151
72339	151
72375	151
72398	151
72421	151
72445	151
72468	151
72492	151
72515	151
72539	151
72562	151
72585	151
72621	151
72644	151
72667	151
72703	151
72726	151
72750	151
72773	151
72796	151
72820	151
72843	151
72867	151
72890	151
72914	151
72937	151
72960	151
72996	151
73019	151
73042	151
73066	151
73089	151
73113	151
73136	152
73160	152
73183	152
73207	152
73230	152
73253	152
73277	152
73300	152
73335	152
73359	152
73382	152
73417	152
73441	152
73464	152
73488	152
73523	152
73546	152
73570	152
73593	152
73617	152
73640	152
73664	152
73687	152
73710	152
73734	152
73757	152
73781	152
73804	152
73828	152
73851	152
73875	152
73910	152
73933	152
73957	152
73980	152
74003	152
74027	152
74050	152
74074	152
74097	152
74121	152
74156	152
74179	152
74214	152
74238	152
74261	152
74285	152
74308	152
74332	152
74355	152
74378	153
74402	153
74437	153
74460	153
74484	153
74507	153
74531	153
74554	153
74578	153
74601	153
74625	153
74660	153
74683	153
74707	153
74730	153
74753	153
74777	153
74800	153
74824	153
74859	153
74882	153
74906	153
74941	153
74964	153
74988	153
75023	153
75046	153
75070	153
75093	153
75117	153
75140	153
75164	153
75187	153
75210	153
75234	153
75257	153
75281	153
75304	153
75328	153
75363	153
75386	153
75410	153
75433	153
75457	153
75480	153
75503	153
75527	153
75550	153
75574	153
75597	153
75632	154
75656	154
75679	154
75714	154
75738	154
75761	154
75785	154
75808	154
75843	154
75867	154
75890	154
75914	154
75937	154
75960	154
75984	154
76019	154
76042	154
76066	154
76089	154
76125	154
76148	154
76171	154
76195	154
76218	154
76242	154
76265	154
76289	154
76312	154
76335	154
76371	154
76394	154
76417	154
76453	154
76476	154
76500	154
76523	154
76546	154
76582	154
76605	154
76628	154
76652	154
76675	154
76699	154
76734	154
76757	154
76781	154
76804	154
76839	154
76863	154
76886	154
76910	155
76933	155
76968	155
76992	155
77015	155
77039	155
77062	155
77085	155
77109	155
77144	155
77167	155
77203	155
77226	155
77250	155
77273	155
77296	155
77332	155
77355	155
77390	155
77414	155
77437	155
77460	155
77496	155
77519	155
77542	155
77578	155
77601	155
77625	155
77648	155
77671	155
77695	155
77718	155
77742	155
77765	155
77789	155
77812	155
77847	155
77871	155
77894	155
77917	155
77941	155
77964	155
78000	155
78023	155
78046	155
78070	155
78105	155
78128	155
78152	155
78175	155
78199	156
78234	156
78257	156
78292	156
78328	156
78351	156
78375	156
78398	156
78433	156
78457	156
78480	156
78503	156
78527	156
78550	156
78585	156
78609	156
78632	156
78656	156
78679	156
78714	156
78738	156
78761	156
78785	156
78808	156
78832	156
78867	156
78890	156
78914	156
78937	156
78960	156
78996	156
79019	156
79054	156
79078	156
79113	156
79136	156
79160	156
79183	156
79218	156
79242	156
79265	156
79289	156
79312	156
79347	156
79371	156
79394	156
79417	156
79453	156
79476	156
79500	156
79523	157
79546	157
79582	157
79605	157
79628	157
79664	157
79687	157
79710	157
79734	157
79769	157
79804	157
79839	157
79863	157
79886	157
79910	157
79945	157
79968	157
79992	157
80015	157
80039	157
80074	157
80097	157
80121	157
80144	157
80167	157
80191	157
80214	157
80250	157
80273	157
80296	157
80320	157
80343	157
80378	157
80402	157
80425	157
80449	157
80472	157
80507	157
80542	157
80578	157
80601	157
80625	157
80648	157
80683	157
80707	157
80742	157
80765	157
80789	157
80824	157
80847	157
80871	158
80894	158
80929	158
80953	158
80976	158
81000	158
81023	158
81058	158
81082	158
81093	158
81117	158
81140	158
81175	158
81199	158
81222	158
81246	158
81281	158
81304	158
81339	158
81363	158
81386	158
81421	158
81445	158
81468	158
81503	158
81527	158
81550	158
81585	158
81609	158
81632	158
81656	158
81691	158
81714	158
81738	158
81773	158
81796	158
81820	158
81843	158
81878	158
81902	158
81925	158
81949	158
81984	158
82007	158
82031	158
82066	158
82089	158
82125	158
82148	158
82171	158
82207	159
82230	159
82253	159
82277	159
82300	159
82335	159
82359	159
82382	159
82406	159
82441	159
82464	159
82488	159
82523	159
82546	159
82570	159
82593	159
82617	159
82640	159
82664	159
82687	159
82710	159
82746	159
82769	159
82804	159
82828	159
82851	159
82886	159
82910	159
82933	159
82968	159
83003	159
83027	159
83050	159
83074	159
83109	159
83132	159
83167	159
83191	159
83226	159
83250	159
83273	159
83308	159
83332	159
83355	159
83378	159
83402	159
83437	159
83460	159
83484	159
83519	159
83542	160
83578	160
83601	160
83625	160
83660	160
83683	160
83707	160
83730	160
83765	160
83789	160
83812	160
83847	160
83871	160
83894	160
83929	160
83953	160
83988	160
84011	160
84035	160
84070	160
84093	160
84117	160
84140	160
84164	160
84187	160
84222	160
84246	160
84269	160
84292	160
84328	160
84351	160
84375	160
84410	160
84433	160
84457	160
84492	160
84515	160
84539	160
84562	160
84597	160
84621	160
84644	160
84679	160
84714	160
84738	160
84761	160
84796	160
84820	160
84843	160
84867	160
84890	161
84914	161
84949	161
84972	161
84996	161
85031	161
85054	161
85078	161
85101	161
85136	161
85160	161
85183	161
85218	161
85242	161
85265	161
85289	161
85324	161
85347	161
85382	161
85406	161
85441	161
85464	161
85500	161
85523	161
85558	161
85582	161
85605	161
85628	161
85652	161
85687	161
85710	161
85734	161
85769	161
85792	161
85816	161
85839	161
85875	161
85898	161
85933	161
85957	161
85980	161
86003	161
86039	161
86062	161
86085	161
86121	161
86144	161
86179	161
86214	161
86238	161
86273	162
86296	162
86320	162
86355	162
86378	162
86402	162
86425	162
86460	162
86484	162
86507	162
86531	162
86566	162
86589	162
86613	162
86648	162
86671	162
86695	162
86730	162
86753	162
86777	162
86812	162
86835	162
86859	162
86894	162
86929	162
86953	162
86988	162
87011	162
87046	162
87070	162
87093	162
87117	162
87140	162
87175	162
87199	162
87222	162
87257	162
87281	162
87304	162
87328	162
87363	162
87386	162
87421	162
87445	162
87468	162
87492	162
87527	162
87550	162
87574	162
87609	162
87632	163
87667	163
87691	163
87726	163
87750	163
87785	163
87808	163
87832	163
87867	163
87890	163
87914	163
87949	163
87972	163
88007	163
88031	163
88066	163
88089	163
88113	163
88148	163
88171	163
88195	163
88230	163
88253	163
88277	163
88300	163
88335	163
88359	163
88394	163
88417	163
88453	163
88476	163
88511	163
88535	163
88558	163
88593	163
88617	163
88640	163
88675	163
88699	163
88734	163
88757	163
88781	163
88816	163
88839	163
88875	163
88898	163
88933	163
88957	163
88980	163
89015	163
89039	164
89062	164
89085	164
89121	164
89156	164
89179	164
89214	164
89238	164
89273	164
89296	164
89332	164
89367	164
89390	164
89414	164
89449	164
89472	164
89507	164
89531	164
89566	164
89589	164
89625	164
89648	164
89683	164
89707	164
89730	164
89753	164
89777	164
89812	164
89835	164
89859	164
89894	164
89917	164
89941	164
89976	164
90000	164
90035	164
90058	164
90093	164
90117	164
90152	164
90175	164
90199	164
90234	164
90269	164
90304	164
90339	164
90363	164
90386	164
90421	164
90445	164
90480	165
90503	165
90527	165
90562	165
90585	165
90621	165
90644	165
90667	165
90703	165
90726	165
90761	165
90785	165
90808	165
90843	165
90867	165
90890	165
90925	165
90949	165
90984	165
91007	165
91042	165
91078	165
91113	165
91136	165
91160	165
91195	165
91218	165
91253	165
91277	165
91312	165
91335	165
91371	165
91394	165
91417	165
91453	165
91476	165
91511	165
91535	165
91570	165
91593	165
91628	165
91652	165
91675	165
91710	165
91746	165
91781	165
91816	165
91839	165
91875	165
91898	165
91933	166
91957	166
91992	166
92015	166
92039	166
92074	166
92097	166
92132	166
92156	166
92179	166
92203	166
92238	166
92261	166
92296	166
92320	166
92343	166
92378	166
92402	166
92425	166
92460	166
92496	166
92531	166
92566	166
92601	166
92625	166
92648	166
92683	166
92718	166
92753	166
92777	166
92800	166
92835	166
92859	166
92894	166
92917	166
92953	166
92976	166
93000	166
93035	166
93058	166
93082	166
93105	166
93140	166
93164	166
93187	166
93222	166
93246	166
93281	166
93316	166
93339	166
93375	167
93398	167
93433	167
93457	167
93492	167
93515	167
93550	167
93574	167
93609	167
93632	167
93667	167
93691	167
93726	167
93750	167
93785	167
93808	167
93843	167
93867	167
93890	167
93925	167
93949	167
93984	167
94007	167
94042	167
94078	167
94101	167
94136	167
94160	167
94195	167
94218	167
94253	167
94277	167
94312	167
94335	167
94371	167
94394	167
94429	167
94453	167
94476	167
94511	167
94535	167
94570	167
94593	167
94617	167
94640	167
94664	167
94699	167
94722	167
94757	167
94792	167
94816	168
94851	168
94875	168
94910	168
94933	168
94968	168
95003	168
95039	168
95062	168
95097	168
95121	168
95156	168
95191	168
95226	168
95250	168
95285	168
95308	168
95332	168
95367	168
95390	168
95425	168
95449	168
95484	168
95507	168
95542	168
95566	168
95601	168
95625	168
95660	168
95683	168
95718	168
95742	168
95777	168
95800	168
95835	168
95859	168
95894	168
95929	168
95953	168
95988	168
96011	168
96046	168
96070	168
96093	168
96128	168
96152	168
96187	168
96210	168
96246	168
96269	168
96292	169
96328	169
96363	169
96386	169
96421	169
96445	169
96480	169
96503	169
96539	169
96562	169
96597	169
96621	169
96656	169
96691	169
96714	169
96750	169
96773	169
96808	169
96832	169
96867	169
96890	169
96925	169
96949	169
96984	169
97007	169
97031	169
97066	169
97089	169
97125	169
97160	169
97183	169
97207	169
97242	169
97265	169
97300	169
97324	169
97359	169
97394	169
97417	169
97453	169
97488	169
97511	169
97546	169
97570	169
97605	169
97628	169
97664	169
97687	169
97722	169
97746	169
97769	170
97804	170
97828	170
97863	170
97898	170
97921	170
97945	170
97980	170
98003	170
98039	170
98062	170
98097	170
98132	170
98167	170
98203	170
98226	170
98261	170
98285	170
98320	170
98343	170
98378	170
98402	170
98437	170
98460	170
98496	170
98519	170
98554	170
98578	170
98613	170
98636	170
98671	170
98695	170
98730	170
98753	170
98789	170
98812	170
98847	170
98882	170
98917	170
98953	170
98976	170
99011	170
99035	170
99070	170
99093	170
99128	170
99152	170
99187	170
99210	170
99246	170
99269	171
99304	171
99328	171
99363	171
99386	171
99421	171
99445	171
99468	171
99503	171
99527	171
99562	171
99585	171
99621	171
99656	171
99691	171
99726	171
99750	171
99785	171
99808	171
99843	171
99867	171
99902	171
99925	171
99960	171
99996	171
100019	171
100054	171
100089	171
100113	171
100148	171
100171	171
100207	171
100230	171
100265	171
100289	171
100324	171
100347	171
100382	171
100417	171
100441	171
100476	171
100511	171
100535	171
100570	171
100593	171
100628	171
100652	171
100687	171
100722	171
100746	171
100781	172
100816	172
100839	172
100875	172
100898	172
100933	172
100957	172
100992	172
101015	172
101050	172
101085	172
101109	172
101144	172
101179	172
101214	172
101238	172
101273	172
101296	172
101332	172
101367	172
101402	172
101425	172
101460	172
101496	172
101531	172
101554	172
101589	172
101625	172
101648	172
101683	172
101707	172
101730	172
101753	172
101789	172
101824	172
101847	172
101882	172
101906	172
101941	172
101964	172
102000	172
102023	172
102058	172
102093	172
102128	172
102152	172
102187	172
102210	172
102246	172
102281	172
102316	173
102351	173
102386	173
102410	173
102445	173
102480	173
102503	173
102539	173
102562	173
102597	173
102621	173
102656	173
102679	173
102714	173
102750	173
102773	173
102808	173
102832	173
102867	173
102902	173
102925	173
102960	173
102984	173
103019	173
103066	173
103089	173
103125	173
103160	173
103183	173
103218	173
103253	173
103277	173
103312	173
103335	173
103371	173
103406	173
103429	173
103464	173
103488	173
103523	173
103558	173
103582	173
103617	173
103652	173
103675	173
103710	173
103746	173
103781	173
103816	173
103851	173
103886	174
103910	174
103945	174
103980	174
104003	174
104039	174
104062	174
104097	174
104121	174
104156	174
104179	174
104214	174
104238	174
104273	174
104308	174
104332	174
104355	174
104390	174
104414	174
104449	174
104484	174
104519	174
104554	174
104589	174
104625	174
104648	174
104683	174
104718	174
104753	174
104789	174
104812	174
104847	174
104882	174
104906	174
104941	174
104964	174
105000	174
105035	174
105058	174
105082	174
105117	174
105140	174
105164	174
105199	174
105234	174
105257	174
105292	174
105328	174
105363	174
105398	174
105421	175
105457	175
105492	175
105527	175
105550	175
105585	175
105609	175
105644	175
105679	175
105703	175
105738	175
105773	175
105796	175
105832	175
105855	175
105890	175
105925	175
105949	175
105984	175
106019	175
106054	175
106078	175
106113	175
106148	175
106171	175
106207	175
106242	175
106265	175
106300	175
106324	175
106359	175
106394	175
106417	175
106453	175
106476	175
106511	175
106546	175
106570	175
106593	175
106628	175
106652	175
106687	175
106710	175
106746	175
106781	175
106816	175
106851	175
106875	175
106910	175
106945	175
106980	176
107015	176
107039	176
107074	176
107109	176
107144	176
107179	176
107214	176
107238	176
107273	176
107308	176
107332	176
107367	176
107390	176
107425	176
107460	176
107484	176
107519	176
107554	176
107589	176
107613	176
107648	176
107683	176
107707	176
107742	176
107777	176
107800	176
107835	176
107859	176
107894	176
107929	176
107964	176
108000	176
108023	176
108058	176
108082	176
108117	176
108140	176
108175	176
108199	176
108234	176
108269	176
108292	176
108328	176
108363	176
108386	176
108421	176
108457	176
108480	176
108515	176
108539	177
108574	177
108609	177
108644	177
108679	177
108714	177
108738	177
108773	177
108808	177
108832	177
108867	177
108890	177
108925	177
108949	177
108984	177
109019	177
109042	177
109078	177
109101	177
109136	177
109171	177
109195	177
109230	177
109265	177
109289	177
109324	177
109347	177
109382	177
109417	177
109453	177
109488	177
109523	177
109546	177
109582	177
109617	177
109640	177
109675	177
109699	177
109734	177
109769	177
109792	177
109828	177
109851	177
109886	177
109921	177
109945	177
109980	177
110015	177
110039	177
110074	177
110109	178
110144	178
110179	178
110214	178
110250	178
110273	178
110308	178
110343	178
110367	178
110402	178
110425	178
110460	178
110496	178
110519	178
110554	178
110589	178
110613	178
110648	178
110683	178
110707	178
110742	178
110777	178
110800	178
110835	178
110871	178
110906	178
110941	178
110976	178
111011	178
111035	178
111070	178
111105	178
111128	178
111164	178
111187	178
111222	178
111246	178
111281	178
111316	178
111339	178
111375	178
111410	178
111433	178
111468	178
111492	178
111527	178
111562	178
111585	178
111621	178
111656	178
111691	179
111726	179
111761	179
111785	179
111820	179
111855	179
111890	179
111914	179
111949	179
111984	179
112007	179
112042	179
112078	179
112113	179
112148	179
112171	179
112207	179
112242	179
112265	179
112300	179
112324	179
112359	179
112394	179
112429	179
112464	179
112500	179
112523	179
112558	179
112593	179
112628	179
112652	179
112687	179
112722	179
112746	179
112781	179
112816	179
112851	179
112886	179
112921	179
112945	179
112980	179
113003	179
113039	179
113074	179
113109	179
113132	179
113167	179
113203	179
113238	179
113273	179
113308	180
113343	180
113378	180
113414	180
113437	180
113472	180
113507	180
113542	180
113578	180
113613	180
113636	180
113671	180
113695	180
113730	180
113753	180
113789	180
113812	180
113847	180
113882	180
113906	180
113941	180
113976	180
114011	180
114035	180
114070	180
114105	180
114140	180
114175	180
114199	180
114234	180
114269	180
114316	180
114351	180
114375	180
114410	180
114445	180
114480	180
114503	180
114539	180
114574	180
114609	180
114632	180
114667	180
114703	180
114726	180
114761	180
114796	180
114832	180
114855	180
114890	180
114925	181
114949	181
114984	181
115031	181
115066	181
115101	181
115136	181
115160	181
115195	181
115230	181
115265	181
115289	181
115324	181
115359	181
115394	181
115417	181
115453	181
115488	181
115523	181
115546	181
115582	181
115617	181
115652	181
115675	181
115710	181
115746	181
115781	181
115828	181
115863	181
115886	181
115921	181
115957	181
115980	181
116015	181
116050	181
116074	181
116109	181
116144	181
116167	181
116203	181
116226	181
116261	181
116296	181
116320	181
116355	181
116390	181
116414	181
116449	181
116484	181
116519	181
116554	182
116601	182
116636	182
116660	182
116695	182
116730	182
116765	182
116800	182
116835	182
116859	182
116894	182
116929	182
116964	182
116988	182
117023	182
117058	182
117082	182
117105	182
117140	182
117175	182
117199	182
117234	182
117269	182
117304	182
117339	182
117375	182
117410	182
117433	182
117468	182
117503	182
117539	182
117574	182
117597	182
117632	182
117667	182
117703	182
117738	182
117761	182
117796	182
117832	182
117855	182
117890	182
117925	182
117949	182
117984	182
118019	182
118054	182
118089	182
118125	182
118160	182
118183	183
118218	183
118253	183
118277	183
118312	183
118347	183
118371	183
118406	183
118441	183
118476	183
118500	183
118535	183
118570	183
118593	183
118617	183
118652	183
118675	183
118710	183
118746	183
118781	183
118816	183
118851	183
118886	183
118910	183
118945	183
118992	183
119027	183
119050	183
119085	183
119121	183
119156	183
119191	183
119226	183
119261	183
119296	183
119320	183
119355	183
119378	183
119414	183
119449	183
119484	183
119507	183
119542	183
119578	183
119613	183
119648	183
119671	183
119707	183
119742	183
119777	183
119800	184
119835	184
119871	184
119906	184
119941	184
119964	184
120000	184
120035	184
120070	184
120093	184
120117	184
120152	184
120187	184
120210	184
120246	184
120281	184
120304	184
120339	184
120375	184
120410	184
120433	184
120468	184
120503	184
120527	184
120562	184
120597	184
120632	184
120667	184
120703	184
120738	184
120761	184
120796	184
120832	184
120855	184
120890	184
120925	184
120949	184
120984	184
121019	184
121042	184
121078	184
121113	184
121148	184
121171	184
121207	184
121242	184
121277	184
121300	184
121335	184
121371	184
121406	185
121441	185
121476	185
121511	185
121546	185
121570	185
121605	185
121628	185
121664	185
121699	185
121734	185
121757	185
121792	185
121828	185
121851	185
121886	185
121921	185
121945	185
121980	185
122015	185
122050	185
122074	185
122109	185
122144	185
122179	185
122214	185
122250	185
122285	185
122320	185
122343	185
122378	185
122402	185
122437	185
122472	185
122507	185
122531	185
122566	185
122601	185
122625	185
122660	185
122695	185
122730	185
122765	185
122789	185
122824	185
122859	185
122894	185
122929	185
122964	185
123000	185
123023	186
123058	186
123093	186
123117	186
123152	186
123187	186
123210	186
123246	186
123281	186
123304	186
123339	186
123375	186
123410	186
123433	186
123468	186
123503	186
123527	186
123562	186
123597	186
123632	186
123667	186
123703	186
123738	186
123761	186
123796	186
123832	186
123867	186
123890	186
123925	186
123960	186
123996	186
124019	186
124054	186
124089	186
124125	186
124160	186
124183	186
124218	186
124253	186
124277	186
124312	186
124347	186
124371	186
124406	186
124441	186
124476	186
124511	186
124546	186
124570	186
124605	186
124640	187
124675	187
124699	187
124734	187
124769	187
124804	187
124839	187
124875	187
124898	187
124933	187
124968	187
124992	187
125027	187
125062	187
125085	187
125121	187
125156	187
125191	187
125226	187
125261	187
125296	187
125332	187
125367	187
125402	187
125437	187
125460	187
125496	187
125531	187
125566	187
125601	187
125636	187
125671	187
125695	187
125730	187
125753	187
125777	187
125812	187
125847	187
125882	187
125906	187
125941	187
125976	187
126011	187
126035	187
126070	187
126105	187
126140	187
126175	187
126210	187
126234	187
126281	188
126316	188
126351	188
126386	188
126421	188
126445	188
126480	188
126515	188
126539	188
126574	188
126609	188
126632	188
126667	188
126703	188
126738	188
126761	188
126796	188
126832	188
126855	188
126890	188
126925	188
126960	188
126984	188
127031	188
127066	188
127101	188
127136	188
127160	188
127195	188
127230	188
127265	188
127289	188
127324	188
127359	188
127382	188
127417	188
127453	188
127488	188
127523	188
127546	188
127582	188
127617	188
127652	188
127675	188
127710	188
127746	188
127792	188
127828	188
127863	188
127898	188
127921	189
127957	189
127992	189
128027	189
128050	189
128085	189
128121	189
128144	189
128179	189
128203	189
128238	189
128273	189
128308	189
128332	189
128367	189
128390	189
128425	189
128449	189
128484	189
128531	189
128566	189
128601	189
128636	189
128671	189
128707	189
128742	189
128777	189
128800	189
128835	189
128871	189
128894	189
128929	189
128964	189
128988	189
129023	189
129058	189
129082	189
129105	189
129140	189
129164	189
129199	189
129234	189
129269	189
129304	189
129328	189
129363	189
129398	189
129433	189
129468	189
129492	189
129527	190
129562	190
129585	190
129621	190
129656	190
129691	190
129726	190
129750	190
129785	190
129820	190
129843	190
129878	190
129902	190
129937	190
129972	190
130007	190
130042	190
130078	190
130101	190
130136	190
130171	190
130207	190
130230	190
130265	190
130289	190
130324	190
130359	190
130394	190
130417	190
130453	190
130488	190
130511	190
130546	190
130582	190
130605	190
130628	190
130652	190
130687	190
130722	190
130757	190
130781	190
130816	190
130851	190
130886	190
130921	190
130957	190
130992	190
131027	190
131050	190
131085	190
131121	191
131156	191
131191	191
131226	191
131250	191
131285	191
131320	191
131343	191
131378	191
131402	191
131437	191
131472	191
131496	191
131531	191
131566	191
131601	191
131636	191
131660	191
131695	191
131730	191
131753	191
131789	191
131824	191
131847	191
131882	191
131917	191
131953	191
131976	191
132011	191
132046	191
132070	191
132105	191
132128	191
132164	191
132187	191
132222	191
132257	191
132281	191
132316	191
132351	191
132375	191
132410	191
132445	191
132468	191
132503	191
132539	191
132562	191
132597	191
132632	191
132667	191
132703	192
132726	192
132761	192
132796	192
132820	192
132855	192
132878	192
132914	192
132949	192
132972	192
133007	192
133031	192
133066	192
133101	192
133125	192
133160	192
133195	192
133218	192
133253	192
133289	192
133312	192
133347	192
133382	192
133417	192
133453	192
133488	192
133511	192
133546	192
133582	192
133605	192
133628	192
133664	192
133699	192
133722	192
133757	192
133781	192
133816	192
133851	192
133875	192
133910	192
133945	192
133968	192
134003	192
134027	192
134062	192
134097	192
134132	192
134167	192
134203	192
134238	192
134261	193
134296	193
134320	193
134355	193
134378	193
134414	193
134449	193
134472	193
134507	193
134531	193
134566	193
134601	193
134625	193
134660	193
134695	193
134718	193
134753	193
134789	193
134812	193
134847	193
134882	193
134917	193
134953	193
134988	193
135011	193
135046	193
135082	193
135105	193
135140	193
135164	193
135199	193
135234	193
135257	193
135292	193
135316	193
135351	193
135375	193
135410	193
135445	193
135468	193
135503	193
135527	193
135562	193
135585	193
135621	193
135656	193
135691	193
135726	193
135761	193
135785	193
135820	194
135855	194
135878	194
135914	194
135937	194
135972	194
136007	194
136042	194
136066	194
136101	194
136136	194
136160	194
136195	194
136218	194
136253	194
136277	194
136312	194
136347	194
136371	194
136406	194
136441	194
136476	194
136511	194
136535	194
136570	194
136593	194
136628	194
136664	194
136687	194
136722	194
136757	194
136792	194
136816	194
136851	194
136886	194
136910	194
136945	194
136968	194
137003	194
137039	194
137062	194
137097	194
137132	194
137156	194
137203	194
137226	194
137261	194
137296	194
137320	194
137367	194
137390	195
137425	195
137460	195
137484	195
137519	195
137554	195
137589	195
137613	195
137648	195
137683	195
137707	195
137730	195
137753	195
137789	195
137824	195
137847	195
137882	195
137906	195
137941	195
137976	195
138000	195
138035	195
138070	195
138093	195
138128	195
138164	195
138187	195
138222	195
138257	195
138292	195
138328	195
138363	195
138398	195
138421	195
138457	195
138492	195
138515	195
138550	195
138574	195
138609	195
138632	195
138667	195
138703	195
138726	195
138761	195
138796	195
138820	195
138855	195
138890	195
138914	195
138949	196
138972	196
139007	196
139042	196
139078	196
139113	196
139148	196
139171	196
139207	196
139242	196
139265	196
139300	196
139335	196
139359	196
139394	196
139417	196
139453	196
139488	196
139511	196
139546	196
139582	196
139605	196
139640	196
139675	196
139699	196
139734	196
139769	196
139804	196
139851	196
139875	196
139910	196
139933	196
139968	196
140003	196
140027	196
140062	196
140085	196
140121	196
140144	196
140179	196
140203	196
140238	196
140261	196
140296	196
140320	196
140355	196
140378	196
140414	196
140437	196
140472	196
140507	197
140542	197
140578	197
140613	197
140648	197
140671	197
140707	197
140742	197
140777	197
140800	197
140835	197
140871	197
140894	197
140929	197
140953	197
140988	197
141023	197
141046	197
141070	197
141105	197
141128	197
141152	197
141187	197
141210	197
141246	197
141281	197
141316	197
141351	197
141375	197
141410	197
141445	197
141468	197
141503	197
141539	197
141562	197
141597	197
141632	197
141656	197
141691	197
141726	197
141750	197
141785	197
141808	197
141843	197
141867	197
141902	197
141937	197
141960	197
141996	197
142031	197
142066	198
142089	198
142125	198
142160	198
142183	198
142218	198
142242	198
142277	198
142312	198
142335	198
142371	198
142394	198
142429	198
142453	198
142488	198
142523	198
142546	198
142582	198
142605	198
142628	198
142652	198
142687	198
142722	198
142746	198
142781	198
142816	198
142851	198
142875	198
142910	198
142945	198
142980	198
143015	198
143039	198
143074	198
143097	198
143132	198
143167	198
143203	198
143238	198
143261	198
143296	198
143332	198
143355	198
143390	198
143414	198
143449	198
143472	198
143507	198
143542	198
143566	198
143601	199
143636	199
143660	199
143695	199
143730	199
143753	199
143789	199
143812	199
143847	199
143882	199
143906	199
143941	199
143976	199
144011	199
144035	199
144070	199
144093	199
144117	199
144152	199
144175	199
144210	199
144246	199
144269	199
144304	199
144328	199
144363	199
144398	199
144421	199
144457	199
144492	199
144515	199
144550	199
144574	199
144609	199
144644	199
144679	199
144714	199
144738	199
144773	199
144808	199
144832	199
144867	199
144890	199
144914	199
144949	199
144984	199
145007	199
145042	199
145066	199
145101	199
145136	200
145160	200
145195	200
145218	200
145253	200
145289	200
145312	200
145347	200
145382	200
145417	200
145453	200
145476	200
145511	200
145546	200
145570	200
145605	200
145628	200
145652	200
145687	200
145722	200
145746	200
145781	200
145804	200
145839	200
145875	200
145898	200
145933	200
145957	200
145992	200
146027	200
146050	200
146085	200
146121	200
146156	200
146191	200
146226	200
146250	200
146285	200
146308	200
146343	200
146367	200
146402	200
146425	200
146460	200
146496	200
146519	200
146554	200
146578	200
146613	200
146648	200
146671	201
146707	201
146742	201
146765	201
146800	201
146824	201
146859	201
146894	201
146929	201
146964	201
147000	201
147023	201
147058	201
147093	201
147117	201
147152	201
147175	201
147210	201
147234	201
147269	201
147292	201
147328	201
147363	201
147386	201
147421	201
147445	201
147480	201
147503	201
147539	201
147574	201
147597	201
147632	201
147667	201
147703	201
147738	201
147761	201
147796	201
147832	201
147855	201
147890	201
147925	201
147949	201
147984	201
148019	201
148042	201
148078	201
148113	201
148136	201
148171	201
148207	201
148230	202
148265	202
148289	202
148324	202
148359	202
148382	202
148417	202
148453	202
148488	202
148511	202
148546	202
148582	202
148605	202
148640	202
148675	202
148699	202
148734	202
148769	202
148804	202
148828	202
148863	202
148898	202
148921	202
148957	202
148980	202
149015	202
149050	202
149074	202
149109	202
149144	202
149179	202
149214	202
149250	202
149273	202
149308	202
149343	202
149378	202
149414	202
149437	202
149472	202
149507	202
149542	202
149578	202
149601	202
149636	202
149671	202
149695	202
149718	202
149753	202
149777	202
149812	203
149835	203
149871	203
149894	203
149929	203
149964	203
150000	203
150023	203
150058	203
150093	203
150128	203
150152	203
150187	203
150222	203
150257	203
150292	203
150328	203
150363	203
150386	203
150421	203
150457	203
150480	203
150515	203
150550	203
150574	203
150609	203
150644	203
150667	203
150703	203
150738	203
150761	203
150796	203
150832	203
150855	203
150890	203
150914	203
150949	203
150984	203
151019	203
151054	203
151089	203
151125	203
151160	203
151183	203
151218	203
151253	203
151277	203
151312	203
151347	203
151371	203
151406	204
151441	204
151464	204
151500	204
151535	204
151570	204
151593	204
151628	204
151664	204
151687	204
151722	204
151757	204
151804	204
151839	204
151875	204
151898	204
151933	204
151968	204
151992	204
152027	204
152050	204
152085	204
152121	204
152144	204
152179	204
152203	204
152238	204
152273	204
152296	204
152332	204
152355	204
152390	204
152425	204
152449	204
152484	204
152519	204
152566	204
152601	204
152636	204
152660	204
152695	204
152730	204
152765	204
152800	204
152824	204
152859	204
152894	204
152917	204
152953	204
152988	204
153011	205
153046	205
153070	205
153105	205
153128	205
153164	205
153187	205
153222	205
153257	205
153292	205
153328	205
153351	205
153386	205
153421	205
153457	205
153480	205
153515	205
153550	205
153585	205
153609	205
153644	205
153679	205
153714	205
153738	205
153773	205
153808	205
153832	205
153867	205
153890	205
153925	205
153960	205
153996	205
154019	205
154054	205
154089	205
154125	205
154160	205
154183	205
154218	205
154253	205
154277	205
154312	205
154347	205
154371	205
154406	205
154441	205
154464	205
154500	205
154535	205
154558	205
154593	206
154617	206
154640	206
154675	206
154710	206
154734	206
154769	206
154804	206
154839	206
154875	206
154898	206
154933	206
154968	206
155003	206
155039	206
155062	206
155097	206
155132	206
155167	206
155203	206
155238	206
155273	206
155296	206
155332	206
155355	206
155390	206
155425	206
155449	206
155484	206
155519	206
155554	206
155578	206
155613	206
155648	206
155683	206
155707	206
155742	206
155777	206
155800	206
155835	206
155871	206
155906	206
155929	206
155964	206
156000	206
156035	206
156058	206
156093	206
156117	206
156152	206
156175	207
156210	207
156246	207
156269	207
156304	207
156339	207
156363	207
156398	207
156433	207
156457	207
156492	207
156527	207
156550	207
156585	207
156621	207
156656	207
156691	207
156714	207
156750	207
156785	207
156808	207
156843	207
156867	207
156902	207
156937	207
156960	207
156996	207
157019	207
157054	207
157089	207
157113	207
157148	207
157183	207
157207	207
157242	207
157265	207
157300	207
157335	207
157359	207
157394	207
157429	207
157464	207
157500	207
157535	207
157558	207
157593	207
157617	207
157652	207
157675	207
157710	207
157746	208
157769	208
157804	208
157828	208
157863	208
157898	208
157921	208
157957	208
157980	208
158015	208
158050	208
158074	208
158109	208
158144	208
158179	208
158214	208
158250	208
158273	208
158308	208
158343	208
158367	208
158402	208
158425	208
158460	208
158496	208
158519	208
158554	208
158578	208
158613	208
158648	208
158671	208
158707	208
158742	208
158765	208
158800	208
158835	208
158859	208
158894	208
158929	208
158964	208
159000	208
159035	208
159058	208
159093	208
timepoint: 195.76