0	0
0	0
0	0
0	0
0	0
0	0
0	0
0	0
0	0
0	0
0	0
0	0
0	0
0	0
0	0
0	0
0	0
0	0
0	0
0	0
0	0
0	0
0	0
0	0
0	0
0	0
0	0
0	0
0	0
0	0
0	0
0	0
0	0
0	0
0	0
0	0
0	0
0	0
0	0
0	0
0	0
0	0
0	0
0	0
0	0
0	0
0	0
0	0
0	0
0	0
0	1
0	1
0	1
0	1
0	1
0	1
0	1
0	1
0	1
0	1
0	1
0	1
0	1
0	1
0	1
0	1
0	1
0	1
0	1
0	1
0	1
0	1
0	1
0	1
0	1
0	1
0	1
0	1
0	1
0	1
0	1
0	1
0	1
0	1
0	1
0	1
0	1
0	1
0	1
0	1
0	1
0	1
0	1
0	1
0	1
0	1
0	1
0	1
0	1
0	1
0	2
0	2
0	2
0	2
0	2
0	2
0	2
0	2
0	2
0	2
0	2
0	2
0	2
0	2
0	2
0	2
0	2
0	2
0	2
0	2
0	2
0	2
0	2
0	2
0	2
0	2
0	2
0	2
0	2
0	2
0	2
0	2
0	2
0	2
0	2
0	2
0	2
0	2
0	2
0	2
0	2
0	2
0	2
0	2
0	2
0	2
0	2
0	2
0	2
0	2
0	3
0	3
0	3
0	3
0	3
0	3
0	3
0	3
0	3
0	3
0	3
0	3
0	3
0	3
0	3
0	3
0	3
0	3
0	3
0	3
0	3
0	3
0	3
0	3
0	3
0	3
0	3
0	3
0	3
0	3
0	3
0	3
0	3
0	3
0	3
0	3
0	3
0	3
0	3
0	3
0	3
0	3
0	3
0	3
0	3
0	3
0	3
0	3
0	3
0	3
0	4
0	4
0	4
0	4
0	4
0	4
0	4
0	4
0	4
0	4
0	4
0	4
0	4
0	4
0	4
0	4
0	4
0	4
0	4
0	4
0	4
0	4
0	4
0	4
0	4
0	4
0	4
0	4
0	4
0	4
0	4
0	4
0	4
0	4
0	4
0	4
0	4
0	4
0	4
0	4
0	4
0	4
0	4
0	4
0	4
0	4
0	4
0	4
0	4
0	4
0	5
0	5
0	5
11	5
11	5
11	5
11	5
11	5
11	5
11	5
11	5
11	5
11	5
11	5
23	5
23	5
23	5
23	5
23	5
23	5
23	5
23	5
23	5
23	5
23	5
35	5
35	5
35	5
35	5
35	5
35	5
35	5
35	5
35	5
35	5
35	5
35	5
35	5
35	5
35	5
35	5
35	5
35	5
35	5
35	5
35	5
23	5
23	5
23	5
23	5
23	6
23	6
23	6
23	6
23	6
23	6
23	6
23	6
23	6
11	6
11	6
11	6
11	6
11	6
11	6
11	6
11	6
11	6
11	6
11	6
11	6
11	6
11	6
11	6
11	6
11	6
11	6
11	6
11	6
11	6
11	6
11	6
11	6
11	6
23	6
23	6
23	6
23	6
23	6
23	6
23	6
23	6
23	6
23	6
23	6
23	6
23	6
23	6
23	6
35	6
35	7
35	7
35	7
35	7
35	7
35	7
35	7
35	7
35	7
35	7
35	7
35	7
35	7
35	7
35	7
35	7
35	7
35	7
35	7
35	7
35	7
35	7
35	7
23	7
23	7
23	7
23	7
23	7
23	7
23	7
23	7
23	7
23	7
23	7
23	7
23	7
23	7
23	7
23	7
23	7
23	7
23	7
23	7
23	7
23	7
23	7
23	7
23	7
23	7
23	7
23	8
23	8
23	8
23	8
23	8
23	8
23	8
23	8
23	8
23	8
23	8
23	8
23	8
23	8
23	8
23	8
23	8
23	8
23	8
23	8
23	8
23	8
23	8
35	8
35	8
35	8
35	8
35	8
35	8
35	8
35	8
35	8
35	8
35	8
35	8
35	8
35	8
35	8
35	8
35	8
35	8
35	8
35	8
35	8
35	8
35	8
35	8
35	8
35	8
35	8
23	9
23	9
23	9
23	9
23	9
23	9
23	9
23	9
23	9
23	9
23	9
23	9
23	9
23	9
23	9
23	9
23	9
23	9
23	9
23	9
23	9
23	9
23	9
23	9
23	9
23	9
23	9
23	9
23	9
23	9
23	9
23	9
35	9
35	9
35	9
35	9
35	9
35	9
35	9
35	9
35	9
35	9
35	9
35	9
35	9
35	9
35	9
35	9
23	9
23	9
23	10
23	10
23	10
23	10
23	10
23	10
23	10
23	10
23	10
23	10
23	10
23	10
23	10
23	10
23	10
23	10
23	10
23	10
23	10
23	10
23	10
23	10
23	10
23	10
23	10
23	10
23	10
23	10
23	10
23	10
23	10
23	10
23	10
23	10
23	10
23	10
23	10
23	10
23	10
23	10
23	10
23	10
23	10
23	10
23	10
23	10
23	10
23	10
23	10
23	10
23	11
23	11
23	11
23	11
23	11
23	11
23	11
23	11
23	11
23	11
23	11
23	11
23	11
23	11
23	11
23	11
23	11
23	11
23	11
23	11
23	11
23	11
23	11
23	11
23	11
23	11
23	11
23	11
23	11
23	11
23	11
23	11
23	11
23	11
23	11
23	11
23	11
23	11
23	11
23	11
23	11
23	11
23	11
23	11
23	11
23	11
23	11
23	11
23	11
23	11
23	12
23	12
23	12
23	12
23	12
23	12
23	12
23	12
23	12
23	12
23	12
23	12
23	12
23	12
23	12
23	12
23	12
23	12
23	12
23	12
23	12
23	12
23	12
23	12
23	12
23	12
23	12
23	12
23	12
23	12
23	12
23	12
23	12
23	12
23	12
23	12
23	12
23	12
23	12
23	12
23	12
23	12
23	12
23	12
23	12
23	12
23	12
23	12
23	12
23	12
23	13
23	13
23	13
23	13
23	13
23	13
23	13
23	13
23	13
23	13
23	13
23	13
23	13
23	13
23	13
23	13
23	13
23	13
23	13
23	13
23	13
23	13
23	13
23	13
23	13
23	13
23	13
23	13
23	13
23	13
23	13
23	13
23	13
23	13
23	13
23	13
23	13
23	13
23	13
23	13
23	13
23	13
23	13
23	13
23	13
23	13
23	13
23	13
23	13
23	13
23	14
23	14
23	14
23	14
23	14
23	14
23	14
23	14
23	14
23	14
23	14
23	14
23	14
23	14
23	14
23	14
23	14
23	14
23	14
23	14
23	14
23	14
23	14
23	14
23	14
23	14
23	14
23	14
23	14
23	14
23	14
23	14
23	14
23	14
23	14
23	14
23	14
23	14
23	14
23	14
23	14
23	14
23	14
23	14
23	14
23	14
23	14
23	14
23	14
23	14
23	15
23	15
23	15
23	15
23	15
23	15
23	15
23	15
23	15
23	15
23	15
23	15
23	15
23	15
23	15
23	15
23	15
23	15
23	15
23	15
23	15
23	15
23	15
23	15
23	15
23	15
23	15
23	15
23	15
23	15
23	15
23	15
23	15
23	15
23	15
23	15
23	15
23	15
23	15
23	15
23	15
23	15
23	15
23	15
23	15
23	15
23	15
23	15
23	15
23	15
23	16
23	16
23	16
23	16
23	16
23	16
23	16
23	16
23	16
23	16
23	16
23	16
23	16
23	16
23	16
23	16
23	16
23	16
23	16
23	16
23	16
23	16
23	16
23	16
23	16
23	16
23	16
23	16
23	16
23	16
23	16
23	16
23	16
23	16
23	16
23	16
23	16
23	16
23	16
23	16
23	16
23	16
23	16
23	16
23	16
23	16
23	16
23	16
23	16
23	16
23	17
23	17
23	17
23	17
23	17
23	17
23	17
23	17
23	17
23	17
23	17
23	17
23	17
23	17
23	17
23	17
23	17
23	17
23	17
23	17
23	17
23	17
23	17
23	17
23	17
23	17
23	17
23	17
23	17
23	17
23	17
23	17
23	17
23	17
23	17
23	17
23	17
23	17
23	17
23	17
23	17
23	17
23	17
23	17
23	17
23	17
23	17
23	17
23	17
23	17
23	18
23	18
23	18
23	18
23	18
23	18
23	18
23	18
23	18
23	18
23	18
23	18
23	18
23	18
23	18
23	18
23	18
23	18
23	18
23	18
23	18
23	18
23	18
23	18
23	18
23	18
23	18
23	18
23	18
23	18
23	18
23	18
23	18
23	18
23	18
23	18
23	18
23	18
23	18
23	18
23	18
23	18
23	18
23	18
23	18
23	18
23	18
23	18
23	18
23	18
23	19
23	19
23	19
23	19
23	19
23	19
23	19
23	19
23	19
23	19
23	19
23	19
23	19
23	19
23	19
23	19
23	19
23	19
23	19
23	19
23	19
23	19
23	19
23	19
23	19
23	19
23	19
23	19
23	19
23	19
23	19
23	19
23	19
23	19
23	19
23	19
23	19
23	19
23	19
23	19
23	19
23	19
23	19
23	19
23	19
23	19
23	19
23	19
23	19
23	19
23	20
23	20
23	20
23	20
23	20
23	20
23	20
23	20
23	20
23	20
23	20
23	20
23	20
23	20
23	20
23	20
23	20
23	20
23	20
23	20
23	20
23	20
23	20
23	20
23	20
23	20
23	20
23	20
23	20
23	20
23	20
23	20
23	20
23	20
23	20
23	20
23	20
23	20
23	20
23	20
23	20
23	20
23	20
23	20
23	20
23	20
23	20
23	20
23	20
23	20
23	21
23	21
23	21
23	21
23	21
23	21
23	21
23	21
23	21
23	21
23	21
23	21
23	21
23	21
23	21
23	21
23	21
23	21
23	21
23	21
23	21
23	21
23	21
23	21
23	21
23	21
23	21
23	21
23	21
23	21
23	21
23	21
23	21
23	21
23	21
23	21
23	21
23	21
23	21
23	21
23	21
23	21
23	21
23	21
23	21
23	21
23	21
23	21
23	21
23	21
23	22
23	22
23	22
23	22
23	22
23	22
23	22
23	22
23	22
23	22
23	22
23	22
23	22
23	22
23	22
23	22
23	22
23	22
23	22
23	22
23	22
23	22
23	22
23	22
23	22
23	22
23	22
23	22
23	22
23	22
23	22
23	22
23	22
23	22
23	22
23	22
23	22
23	22
23	22
23	22
23	22
23	22
23	22
23	22
23	22
23	22
23	22
23	22
23	22
23	22
23	23
23	23
23	23
23	23
23	23
23	23
23	23
23	23
23	23
23	23
23	23
23	23
23	23
23	23
23	23
23	23
23	23
23	23
23	23
23	23
23	23
23	23
23	23
23	23
23	23
23	23
23	23
23	23
23	23
23	23
23	23
23	23
23	23
23	23
23	23
23	23
23	23
23	23
23	23
23	23
23	23
23	23
23	23
23	23
23	23
23	23
23	23
23	23
23	23
23	23
23	24
23	24
23	24
23	24
23	24
23	24
23	24
23	24
23	24
23	24
23	24
23	24
23	24
23	24
23	24
23	24
23	24
23	24
23	24
23	24
23	24
23	24
23	24
23	24
23	24
23	24
23	24
23	24
23	24
23	24
23	24
23	24
23	24
23	24
23	24
23	24
23	24
23	24
23	24
23	24
23	24
23	24
23	24
23	24
23	24
23	24
23	24
23	24
23	24
23	24
23	25
23	25
23	25
23	25
23	25
23	25
23	25
23	25
23	25
23	25
23	25
23	25
23	25
23	25
23	25
23	25
23	25
23	25
23	25
23	25
23	25
23	25
23	25
23	25
23	25
23	25
23	25
23	25
23	25
23	25
23	25
23	25
23	25
23	25
23	25
23	25
23	25
23	25
23	25
23	25
23	25
23	25
23	25
23	25
23	25
23	25
23	25
23	25
23	25
23	25
23	26
23	26
23	26
23	26
23	26
23	26
23	26
23	26
23	26
23	26
23	26
23	26
23	26
23	26
23	26
23	26
23	26
23	26
23	26
23	26
23	26
23	26
23	26
23	26
23	26
23	26
23	26
23	26
23	26
23	26
23	26
23	26
23	26
23	26
23	26
23	26
23	26
23	26
23	26
23	26
23	26
23	26
23	26
23	26
23	26
23	26
23	26
23	26
23	26
23	26
23	27
23	27
23	27
23	27
23	27
23	27
23	27
23	27
23	27
23	27
23	27
23	27
23	27
23	27
23	27
23	27
23	27
23	27
23	27
23	27
23	27
23	27
23	27
23	27
23	27
23	27
23	27
23	27
23	27
23	27
23	27
23	27
23	27
23	27
23	27
23	27
23	27
23	27
23	27
23	27
23	27
23	27
23	27
23	27
23	27
23	27
23	27
23	27
23	27
23	27
23	28
23	28
23	28
23	28
23	28
23	28
23	28
23	28
23	28
23	28
23	28
23	28
23	28
23	28
23	28
23	28
23	28
23	28
23	28
23	28
23	28
23	28
23	28
23	28
23	28
23	28
23	28
23	28
23	28
23	28
23	28
23	28
23	28
23	28
23	28
23	28
23	28
23	28
23	28
23	28
23	28
23	28
23	28
35	28
35	28
35	28
35	28
35	28
35	28
35	28
35	29
35	29
35	29
35	29
35	29
35	29
35	29
35	29
35	29
35	29
35	29
35	29
35	29
35	29
35	29
35	29
35	29
35	29
35	29
35	29
35	29
35	29
35	29
35	29
35	29
35	29
35	29
35	29
35	29
35	29
35	29
35	29
35	29
35	29
35	29
35	29
35	29
35	29
35	29
35	29
35	29
35	29
46	29
46	29
46	29
46	29
46	29
46	29
46	29
46	29
46	30
46	30
46	30
46	30
46	30
46	30
46	30
46	30
46	30
46	30
46	30
58	30
58	30
58	30
58	30
58	30
58	30
58	30
58	30
58	30
58	30
58	30
58	30
58	30
58	30
58	30
70	30
70	30
70	30
70	30
70	30
70	30
70	30
70	30
70	30
70	30
70	30
70	30
70	30
70	30
82	30
82	30
82	30
82	30
82	30
82	30
82	30
82	30
82	30
82	30
82	31
82	31
82	31
82	31
82	31
93	31
93	31
93	31
93	31
93	31
93	31
93	31
93	31
93	31
93	31
93	31
93	31
105	31
105	31
105	31
105	31
105	31
105	31
105	31
105	31
105	31
105	31
117	31
117	31
117	31
117	31
117	31
117	31
117	31
117	31
117	31
128	31
128	31
128	31
128	31
128	31
128	31
128	31
128	31
128	31
140	31
140	31
140	31
140	31
140	31
140	32
140	32
140	32
140	32
140	32
152	32
152	32
152	32
152	32
152	32
152	32
152	32
152	32
164	32
164	32
164	32
164	32
164	32
164	32
164	32
164	32
164	32
164	32
175	32
175	32
175	32
175	32
175	32
175	32
175	32
175	32
175	32
187	32
187	32
187	32
187	32
187	32
187	32
187	32
187	32
187	32
199	32
199	32
199	32
199	32
199	32
199	32
199	32
199	32
210	32
210	33
210	33
210	33
210	33
210	33
210	33
210	33
210	33
222	33
222	33
222	33
222	33
222	33
222	33
222	33
222	33
222	33
234	33
234	33
234	33
234	33
234	33
234	33
234	33
234	33
246	33
246	33
246	33
246	33
246	33
246	33
246	33
246	33
257	33
257	33
257	33
257	33
257	33
257	33
257	33
269	33
269	33
269	33
269	33
269	33
269	33
269	33
281	33
281	33
281	33
281	34
281	34
281	34
281	34
292	34
292	34
292	34
292	34
292	34
292	34
304	34
304	34
304	34
304	34
304	34
304	34
316	34
316	34
316	34
316	34
316	34
316	34
328	34
328	34
328	34
328	34
328	34
328	34
339	34
339	34
339	34
339	34
339	34
339	34
351	34
351	34
351	34
351	34
351	34
351	34
363	34
363	34
363	34
363	34
363	34
363	34
375	34
375	34
375	34
375	34
375	35
386	35
386	35
386	35
386	35
386	35
386	35
398	35
398	35
398	35
398	35
398	35
410	35
410	35
410	35
410	35
410	35
410	35
421	35
421	35
421	35
421	35
421	35
433	35
433	35
433	35
433	35
433	35
445	35
445	35
445	35
445	35
445	35
457	35
457	35
457	35
457	35
457	35
468	35
468	35
468	35
468	35
468	35
480	35
480	35
480	35
480	35
480	35
492	35
492	35
492	36
492	36
492	36
503	36
503	36
503	36
503	36
503	36
515	36
515	36
515	36
515	36
515	36
515	36
527	36
527	36
527	36
527	36
527	36
539	36
539	36
539	36
539	36
539	36
550	36
550	36
550	36
550	36
550	36
562	36
562	36
562	36
562	36
562	36
574	36
574	36
574	36
574	36
585	36
585	36
585	36
585	36
597	36
597	36
597	36
597	36
597	36
609	36
609	36
609	36
609	37
621	37
621	37
621	37
621	37
632	37
632	37
632	37
632	37
632	37
644	37
644	37
644	37
644	37
644	37
656	37
656	37
656	37
656	37
656	37
667	37
667	37
667	37
667	37
667	37
679	37
679	37
679	37
679	37
679	37
691	37
691	37
691	37
691	37
691	37
703	37
703	37
703	37
703	37
703	37
714	37
714	37
714	37
714	37
726	37
726	37
726	37
726	37
726	37
738	37
738	38
738	38
738	38
750	38
750	38
750	38
750	38
761	38
761	38
761	38
761	38
761	38
773	38
773	38
773	38
773	38
785	38
785	38
785	38
785	38
796	38
796	38
796	38
796	38
808	38
808	38
808	38
808	38
820	38
820	38
820	38
820	38
832	38
832	38
832	38
832	38
832	38
843	38
843	38
843	38
843	38
855	38
855	38
855	38
855	38
867	38
867	38
867	38
867	38
867	38
878	39
878	39
878	39
878	39
890	39
890	39
890	39
890	39
890	39
902	39
902	39
902	39
902	39
914	39
914	39
914	39
914	39
914	39
925	39
925	39
925	39
925	39
925	39
937	39
937	39
937	39
937	39
937	39
949	39
949	39
949	39
949	39
960	39
960	39
960	39
960	39
960	39
972	39
972	39
972	39
972	39
972	39
984	39
984	39
984	39
984	39
984	39
996	39
996	39
996	39
996	40
996	40
1007	40
1007	40
1007	40
1007	40
1007	40
1007	40
1019	40
1019	40
1019	40
1019	40
1019	40
1031	40
1031	40
1031	40
1031	40
1031	40
1042	40
1042	40
1042	40
1042	40
1054	40
1054	40
1054	40
1054	40
1054	40
1066	40
1066	40
1066	40
1066	40
1078	40
1078	40
1078	40
1078	40
1078	40
1089	40
1089	40
1089	40
1089	40
1101	40
1101	40
1101	40
1101	40
1113	40
1113	40
1113	40
1113	40
1125	40
1125	40
1125	41
1125	41
1136	41
1136	41
1136	41
1136	41
1148	41
1148	41
1148	41
1148	41
1148	41
1160	41
1160	41
1160	41
1160	41
1171	41
1171	41
1171	41
1171	41
1183	41
1183	41
1183	41
1183	41
1195	41
1195	41
1195	41
1195	41
1195	41
1207	41
1207	41
1207	41
1207	41
1207	41
1218	41
1218	41
1218	41
1218	41
1218	41
1230	41
1230	41
1230	41
1230	41
1242	41
1242	41
1242	41
1242	41
1242	41
1253	41
1253	41
1253	41
1253	42
1253	42
1265	42
1265	42
1265	42
1265	42
1277	42
1277	42
1277	42
1277	42
1277	42
1289	42
1289	42
1289	42
1289	42
1300	42
1300	42
1300	42
1300	42
1312	42
1312	42
1312	42
1312	42
1312	42
1324	42
1324	42
1324	42
1324	42
1335	42
1335	42
1335	42
1335	42
1347	42
1347	42
1347	42
1347	42
1359	42
1359	42
1359	42
1359	42
1359	42
1371	42
1371	42
1371	42
1371	42
1382	42
1382	42
1382	42
1382	42
1382	42
1382	43
1394	43
1394	43
1394	43
1394	43
1394	43
1406	43
1406	43
1406	43
1406	43
1406	43
1417	43
1417	43
1417	43
1417	43
1429	43
1429	43
1429	43
1429	43
1429	43
1441	43
1441	43
1441	43
1441	43
1441	43
1453	43
1453	43
1453	43
1453	43
1464	43
1464	43
1464	43
1464	43
1476	43
1476	43
1476	43
1476	43
1476	43
1488	43
1488	43
1488	43
1488	43
1500	43
1500	43
1500	43
1500	43
1511	43
1511	43
1511	43
1511	43
1523	44
1523	44
1523	44
1523	44
1535	44
1535	44
1535	44
1535	44
1546	44
1546	44
1546	44
1546	44
1558	44
1558	44
1558	44
1558	44
1570	44
1570	44
1570	44
1570	44
1582	44
1582	44
1582	44
1582	44
1582	44
1593	44
1593	44
1593	44
1593	44
1605	44
1605	44
1605	44
1605	44
1605	44
1617	44
1617	44
1617	44
1617	44
1617	44
1628	44
1628	44
1628	44
1628	44
1640	44
1640	44
1640	44
1640	44
1640	44
1652	44
1652	44
1652	45
1652	45
1664	45
1664	45
1664	45
1664	45
1664	45
1675	45
1675	45
1675	45
1675	45
1687	45
1687	45
1687	45
1687	45
1687	45
1699	45
1699	45
1699	45
1699	45
1710	45
1710	45
1710	45
1710	45
1710	45
1722	45
1722	45
1722	45
1722	45
1722	45
1734	45
1734	45
1734	45
1734	45
1746	45
1746	45
1746	45
1746	45
1746	45
1757	45
1757	45
1757	45
1757	45
1769	45
1769	45
1769	45
1769	45
1769	45
1781	45
1781	45
1781	46
1781	46
1792	46
1792	46
1792	46
1792	46
1804	46
1804	46
1804	46
1804	46
1816	46
1816	46
1816	46
1816	46
1828	46
1828	46
1828	46
1828	46
1828	46
1839	46
1839	46
1839	46
1839	46
1851	46
1851	46
1851	46
1851	46
1863	46
1863	46
1863	46
1863	46
1875	46
1875	46
1875	46
1875	46
1886	46
1886	46
1886	46
1886	46
1898	46
1898	46
1898	46
1898	46
1910	46
1910	46
1910	46
1921	46
1921	46
1921	46
1921	46
1933	47
1933	47
1933	47
1933	47
1945	47
1945	47
1945	47
1957	47
1957	47
1957	47
1957	47
1968	47
1968	47
1968	47
1968	47
1980	47
1980	47
1980	47
1992	47
1992	47
1992	47
1992	47
2003	47
2003	47
2003	47
2003	47
2015	47
2015	47
2015	47
2027	47
2027	47
2027	47
2027	47
2039	47
2039	47
2039	47
2039	47
2050	47
2050	47
2050	47
2062	47
2062	47
2062	47
2062	47
2074	47
2074	47
2074	47
2074	47
2085	47
2085	47
2085	48
2097	48
2097	48
2097	48
2097	48
2109	48
2109	48
2109	48
2121	48
2121	48
2121	48
2132	48
2132	48
2132	48
2132	48
2144	48
2144	48
2144	48
2156	48
2156	48
2156	48
2156	48
2167	48
2167	48
2167	48
2179	48
2179	48
2179	48
2179	48
2191	48
2191	48
2191	48
2203	48
2203	48
2203	48
2214	48
2214	48
2214	48
2226	48
2226	48
2226	48
2226	48
2238	48
2238	48
2238	48
2250	48
2250	48
2250	48
2261	48
2261	48
2261	49
2273	49
2273	49
2285	49
2285	49
2285	49
2296	49
2296	49
2296	49
2308	49
2308	49
2308	49
2320	49
2320	49
2320	49
2332	49
2332	49
2332	49
2343	49
2343	49
2343	49
2355	49
2355	49
2355	49
2367	49
2367	49
2367	49
2378	49
2378	49
2378	49
2390	49
2390	49
2390	49
2390	49
2402	49
2402	49
2414	49
2414	49
2414	49
2414	49
2425	49
2425	49
2425	49
2437	49
2437	49
2437	49
2449	49
2449	49
2449	49
2460	49
2460	50
2460	50
2472	50
2472	50
2472	50
2484	50
2484	50
2484	50
2484	50
2496	50
2496	50
2496	50
2507	50
2507	50
2507	50
2519	50
2519	50
2519	50
2531	50
2531	50
2531	50
2542	50
2542	50
2542	50
2554	50
2554	50
2554	50
2566	50
2566	50
2566	50
2578	50
2578	50
2578	50
2589	50
2589	50
2601	50
2601	50
2601	50
2613	50
2613	50
2613	50
2625	50
2625	50
2625	50
2636	50
2636	50
2636	50
2648	50
2648	50
2648	50
2660	51
2660	51
2660	51
2671	51
2671	51
2671	51
2683	51
2683	51
2695	51
2695	51
2695	51
2707	51
2707	51
2707	51
2718	51
2718	51
2718	51
2730	51
2730	51
2742	51
2742	51
2742	51
2753	51
2753	51
2753	51
2765	51
2765	51
2777	51
2777	51
2777	51
2789	51
2789	51
2789	51
2800	51
2800	51
2800	51
2812	51
2812	51
2812	51
2824	51
2824	51
2835	51
2835	51
2835	51
2847	51
2847	51
2847	51
2859	51
2859	51
2859	51
2871	52
2871	52
2882	52
2882	52
2882	52
2894	52
2894	52
2894	52
2906	52
2906	52
2917	52
2917	52
2917	52
2929	52
2929	52
2929	52
2941	52
2941	52
2953	52
2953	52
2953	52
2964	52
2964	52
2976	52
2976	52
2976	52
2988	52
2988	52
3000	52
3000	52
3011	52
3011	52
3023	52
3023	52
3023	52
3035	52
3035	52
3046	52
3046	52
3058	52
3058	52
3070	52
3070	52
3082	52
3082	52
3082	52
3093	52
3093	52
3105	52
3105	52
3105	53
3117	53
3117	53
3128	53
3128	53
3128	53
3140	53
3140	53
3152	53
3152	53
3152	53
3164	53
3164	53
3175	53
3175	53
3175	53
3187	53
3187	53
3199	53
3199	53
3199	53
3210	53
3210	53
3222	53
3222	53
3222	53
3234	53
3234	53
3234	53
3246	53
3246	53
3257	53
3257	53
3257	53
3269	53
3269	53
3281	53
3281	53
3281	53
3292	53
3292	53
3304	53
3304	53
3316	53
3316	53
3316	53
3328	53
3328	53
3339	53
3339	53
3339	54
3351	54
3351	54
3363	54
3363	54
3375	54
3375	54
3375	54
3386	54
3386	54
3398	54
3398	54
3398	54
3410	54
3410	54
3421	54
3421	54
3421	54
3433	54
3433	54
3445	54
3445	54
3457	54
3457	54
3457	54
3468	54
3468	54
3480	54
3480	54
3492	54
3492	54
3503	54
3503	54
3503	54
3515	54
3515	54
3527	54
3527	54
3539	54
3539	54
3539	54
3550	54
3550	54
3562	54
3562	54
3574	54
3574	54
3574	54
3585	54
3585	54
3597	55
3597	55
3609	55
3609	55
3609	55
3621	55
3621	55
3632	55
3632	55
3644	55
3644	55
3656	55
3656	55
3656	55
3667	55
3667	55
3679	55
3679	55
3691	55
3691	55
3703	55
3703	55
3703	55
3714	55
3714	55
3726	55
3726	55
3738	55
3738	55
3750	55
3761	55
3761	55
3773	55
3773	55
3785	55
3785	55
3796	55
3796	55
3808	55
3808	55
3820	55
3820	55
3832	55
3832	55
3843	55
3843	55
3855	55
3855	55
3867	55
3867	55
3878	56
3878	56
3890	56
3890	56
3890	56
3902	56
3902	56
3914	56
3914	56
3925	56
3925	56
3937	56
3937	56
3949	56
3949	56
3960	56
3960	56
3960	56
3972	56
3972	56
3984	56
3984	56
3996	56
3996	56
4007	56
4007	56
4007	56
4019	56
4019	56
4031	56
4031	56
4042	56
4042	56
4054	56
4054	56
4066	56
4066	56
4078	56
4078	56
4089	56
4089	56
4101	56
4101	56
4113	56
4113	56
4113	56
4125	56
4125	56
4136	56
4136	56
4148	57
4148	57
4160	57
4160	57
4171	57
4171	57
4183	57
4183	57
4195	57
4195	57
4207	57
4207	57
4218	57
4218	57
4230	57
4230	57
4242	57
4242	57
4253	57
4253	57
4265	57
4265	57
4277	57
4277	57
4289	57
4289	57
4300	57
4300	57
4312	57
4312	57
4324	57
4324	57
4335	57
4335	57
4347	57
4347	57
4359	57
4359	57
4371	57
4371	57
4382	57
4382	57
4394	57
4394	57
4406	57
4406	57
4417	57
4417	57
4417	57
4429	57
4429	58
4441	58
4441	58
4453	58
4453	58
4464	58
4476	58
4476	58
4488	58
4488	58
4500	58
4500	58
4511	58
4523	58
4523	58
4535	58
4535	58
4546	58
4558	58
4558	58
4570	58
4570	58
4582	58
4582	58
4593	58
4605	58
4605	58
4617	58
4617	58
4628	58
4628	58
4640	58
4640	58
4652	58
4652	58
4664	58
4664	58
4675	58
4675	58
4687	58
4687	58
4699	58
4699	58
4710	58
4710	58
4722	58
4722	58
4734	58
4734	58
4746	58
4746	59
4757	59
4757	59
4769	59
4769	59
4781	59
4781	59
4792	59
4792	59
4804	59
4804	59
4816	59
4816	59
4828	59
4828	59
4839	59
4851	59
4851	59
4863	59
4863	59
4875	59
4875	59
4886	59
4886	59
4898	59
4898	59
4910	59
4910	59
4921	59
4921	59
4933	59
4933	59
4945	59
4945	59
4957	59
4957	59
4968	59
4980	59
4980	59
4992	59
4992	59
5003	59
5003	59
5015	59
5015	59
5027	59
5039	59
5039	59
5050	59
5050	59
5062	60
5062	60
5074	60
5074	60
5085	60
5085	60
5097	60
5097	60
5109	60
5109	60
5121	60
5132	60
5132	60
5144	60
5144	60
5156	60
5156	60
5167	60
5167	60
5179	60
5179	60
5191	60
5203	60
5203	60
5214	60
5214	60
5226	60
5226	60
5238	60
5250	60
5250	60
5261	60
5261	60
5273	60
5285	60
5285	60
5296	60
5308	60
5308	60
5320	60
5332	60
5332	60
5343	60
5343	60
5355	60
5367	60
5367	60
5378	60
5378	60
5390	60
5390	61
5402	61
5402	61
5414	61
5425	61
5425	61
5437	61
5437	61
5449	61
5460	61
5460	61
5472	61
5472	61
5484	61
5496	61
5496	61
5507	61
5507	61
5519	61
5519	61
5531	61
5542	61
5542	61
5554	61
5554	61
5566	61
5578	61
5578	61
5589	61
5589	61
5601	61
5601	61
5613	61
5625	61
5625	61
5636	61
5648	61
5648	61
5660	61
5660	61
5671	61
5683	61
5683	61
5695	61
5695	61
5707	61
5718	61
5718	61
5730	61
5730	61
5742	62
5753	62
5753	62
5765	62
5765	62
5777	62
5789	62
5789	62
5800	62
5800	62
5812	62
5824	62
5824	62
5835	62
5835	62
5847	62
5847	62
5859	62
5871	62
5871	62
5882	62
5882	62
5894	62
5894	62
5906	62
5917	62
5917	62
5929	62
5929	62
5941	62
5953	62
5953	62
5964	62
5976	62
5976	62
5988	62
5988	62
6000	62
6011	62
6011	62
6023	62
6035	62
6035	62
6046	62
6058	62
6058	62
6070	62
6082	62
6082	62
6093	62
6105	63
6105	63
6117	63
6128	63
6128	63
6140	63
6140	63
6152	63
6164	63
6164	63
6175	63
6187	63
6187	63
6199	63
6199	63
6210	63
6222	63
6222	63
6234	63
6246	63
6246	63
6257	63
6257	63
6269	63
6281	63
6281	63
6292	63
6292	63
6304	63
6316	63
6316	63
6328	63
6339	63
6339	63
6351	63
6363	63
6363	63
6375	63
6386	63
6386	63
6398	63
6410	63
6410	63
6421	63
6433	63
6433	63
6445	63
6457	63
6457	63
6468	63
6480	64
6480	64
6492	64
6503	64
6503	64
6515	64
6527	64
6527	64
6539	64
6539	64
6550	64
6562	64
6562	64
6574	64
6585	64
6585	64
6597	64
6609	64
6609	64
6621	64
6632	64
6632	64
6644	64
6644	64
6656	64
6667	64
6667	64
6679	64
6691	64
6691	64
6703	64
6714	64
6714	64
6726	64
6738	64
6738	64
6750	64
6761	64
6773	64
6773	64
6785	64
6796	64
6808	64
6808	64
6820	64
6832	64
6832	64
6843	64
6855	64
6867	64
6867	65
6878	65
6890	65
6890	65
6902	65
6902	65
6914	65
6925	65
6937	65
6937	65
6949	65
6960	65
6972	65
6984	65
6984	65
6996	65
7007	65
7019	65
7019	65
7031	65
7031	65
7042	65
7054	65
7054	65
7066	65
7078	65
7089	65
7089	65
7101	65
7113	65
7113	65
7125	65
7136	65
7148	65
7148	65
7160	65
7171	65
7183	65
7195	65
7195	65
7207	65
7218	65
7218	65
7230	65
7242	65
7242	65
7253	65
7265	65
7265	65
7277	65
7289	66
7300	66
7300	66
7312	66
7312	66
7324	66
7335	66
7335	66
7347	66
7347	66
7359	66
7371	66
7371	66
7382	66
7394	66
7394	66
7406	66
7417	66
7417	66
7429	66
7441	66
7441	66
7453	66
7464	66
7476	66
7476	66
7488	66
7500	66
7500	66
7511	66
7523	66
7523	66
7535	66
7546	66
7558	66
7558	66
7570	66
7582	66
7582	66
7593	66
7605	66
7617	66
7617	66
7628	66
7640	66
7652	66
7652	66
7664	66
7675	66
7675	66
7687	67
7699	67
7710	67
7722	67
7722	67
7734	67
7746	67
7757	67
7757	67
7769	67
7781	67
7792	67
7792	67
7804	67
7816	67
7816	67
7828	67
7839	67
7851	67
7851	67
7863	67
7875	67
7886	67
7898	67
7910	67
7921	67
7933	67
7933	67
7945	67
7957	67
7968	67
7980	67
7980	67
7992	67
8003	67
8003	67
8015	67
8027	67
8039	67
8039	67
8050	67
8062	67
8074	67
8074	67
8085	67
8097	67
8097	67
8109	67
8121	67
8132	67
8132	68
8144	68
8156	68
8156	68
8167	68
8179	68
8191	68
8191	68
8203	68
8214	68
8226	68
8226	68
8238	68
8250	68
8250	68
8261	68
8273	68
8273	68
8285	68
8296	68
8308	68
8308	68
8320	68
8332	68
8343	68
8343	68
8355	68
8367	68
8378	68
8378	68
8390	68
8402	68
8414	68
8414	68
8425	68
8437	68
8437	68
8449	68
8460	68
8472	68
8472	68
8484	68
8496	68
8507	68
8507	68
8519	68
8531	68
8542	68
8542	68
8554	68
8566	69
8578	69
8578	69
8589	69
8601	69
8613	69
8625	69
8625	69
8636	69
8648	69
8660	69
8671	69
8683	69
8695	69
8707	69
8718	69
8718	69
8730	69
8742	69
8753	69
8753	69
8765	69
8777	69
8789	69
8789	69
8800	69
8812	69
8824	69
8835	69
8835	69
8847	69
8859	69
8871	69
8871	69
8882	69
8894	69
8906	69
8906	69
8917	69
8929	69
8941	69
8941	69
8953	69
8964	69
8976	69
8988	69
8988	69
9000	69
9011	69
9023	69
9023	70
9035	70
9046	70
9058	70
9070	70
9070	70
9082	70
9093	70
9105	70
9105	70
9117	70
9128	70
9140	70
9152	70
9152	70
9164	70
9175	70
9187	70
9187	70
9199	70
9210	70
9222	70
9234	70
9246	70
9246	70
9257	70
9269	70
9281	70
9281	70
9292	70
9304	70
9316	70
9316	70
9328	70
9339	70
9351	70
9363	70
9375	70
9386	70
9398	70
9410	70
9421	70
9433	70
9445	70
9457	70
9468	70
9468	70
9480	70
9492	70
9503	70
9515	71
9515	71
9527	71
9539	71
9550	71
9550	71
9562	71
9574	71
9585	71
9597	71
9609	71
9609	71
9621	71
9632	71
9644	71
9644	71
9656	71
9667	71
9679	71
9691	71
9691	71
9703	71
9714	71
9726	71
9726	71
9738	71
9750	71
9761	71
9761	71
9773	71
9785	71
9796	71
9796	71
9808	71
9820	71
9832	71
9843	71
9843	71
9855	71
9867	71
9878	71
9890	71
9902	71
9902	71
9914	71
9925	71
9937	71
9937	71
9949	71
9960	71
9972	72
9972	72
9984	72
9996	72
10007	72
10019	72
10019	72
10031	72
10042	72
10054	72
10054	72
10066	72
10078	72
10089	72
10101	72
10113	72
10125	72
10136	72
10148	72
10160	72
10171	72
10183	72
10195	72
10207	72
10218	72
10230	72
10230	72
10242	72
10253	72
10265	72
10277	72
10277	72
10289	72
10300	72
10312	72
10324	72
10335	72
10347	72
10359	72
10371	72
10382	72
10394	72
10394	72
10406	72
10417	72
10429	72
10441	72
10441	72
10453	72
10464	72
10476	73
10488	73
10500	73
10500	73
10511	73
10523	73
10535	73
10546	73
10558	73
10558	73
10570	73
10582	73
10593	73
10605	73
10605	73
10617	73
10628	73
10640	73
10652	73
10664	73
10675	73
10675	73
10687	73
10699	73
10699	73
10710	73
10722	73
10722	73
10734	73
10746	73
10757	73
10769	73
10769	73
10781	73
10792	73
10804	73
10816	73
10828	73
10828	73
10839	73
10851	73
10863	73
10875	73
10886	73
10898	73
10910	73
10921	73
10933	73
10945	73
10945	73
10957	74
10968	74
10980	74
10992	74
11003	74
11015	74
11015	74
11027	74
11039	74
11050	74
11062	74
11074	74
11085	74
11097	74
11109	74
11121	74
11132	74
11132	74
11144	74
11156	74
11167	74
11179	74
11191	74
11191	74
11203	74
11214	74
11226	74
11238	74
11250	74
11261	74
11273	74
11285	74
11285	74
11296	74
11308	74
11320	74
11332	74
11343	74
11355	74
11367	74
11378	74
11378	74
11390	74
11402	74
11414	74
11425	74
11437	74
11449	74
11449	74
11460	74
11472	75
11484	75
11496	75
11507	75
11507	75
11519	75
11531	75
11542	75
11554	75
11566	75
11578	75
11589	75
11589	75
11601	75
11613	75
11625	75
11636	75
11648	75
11660	75
11671	75
11683	75
11695	75
11707	75
11718	75
11730	75
11742	75
11753	75
11765	75
11765	75
11777	75
11789	75
11800	75
11812	75
11824	75
11835	75
11847	75
11859	75
11859	75
11871	75
11882	75
11894	75
11906	75
11917	75
11929	75
11941	75
11941	75
11953	75
11964	75
11976	75
11988	75
12000	76
12011	76
12023	76
12035	76
12046	76
12046	76
12058	76
12070	76
12082	76
12093	76
12105	76
12117	76
12128	76
12140	76
12152	76
12164	76
12164	76
12175	76
12187	76
12199	76
12210	76
12210	76
12222	76
12234	76
12246	76
12246	76
12257	76
12269	76
12281	76
12292	76
12304	76
12316	76
12328	76
12339	76
12339	76
12351	76
12363	76
12375	76
12386	76
12398	76
12410	76
12421	76
12433	76
12445	76
12457	76
12468	76
12480	76
12492	76
12503	76
12515	76
12527	77
12539	77
12550	77
12562	77
12574	77
12585	77
12597	77
12609	77
12621	77
12632	77
12644	77
12656	77
12667	77
12679	77
12691	77
12703	77
12714	77
12726	77
12738	77
12750	77
12761	77
12773	77
12785	77
12796	77
12808	77
12820	77
12832	77
12843	77
12855	77
12867	77
12878	77
12890	77
12902	77
12914	77
12925	77
12925	77
12937	77
12949	77
12960	77
12972	77
12984	77
12996	77
13007	77
13019	77
13031	77
13031	77
13042	77
13054	77
13066	77
13078	77
13089	78
13101	78
13113	78
13125	78
13136	78
13148	78
13160	78
13171	78
13183	78
13195	78
13207	78
13218	78
13230	78
13242	78
13253	78
13265	78
13277	78
13289	78
13300	78
13312	78
13324	78
13335	78
13347	78
13359	78
13359	78
13371	78
13382	78
13394	78
13406	78
13417	78
13429	78
13441	78
13453	78
13464	78
13476	78
13488	78
13500	78
13511	78
13523	78
13535	78
13546	78
13558	78
13570	78
13582	78
13593	78
13605	78
13617	78
13628	78
13640	78
13652	78
13664	79
13675	79
13687	79
13699	79
13710	79
13710	79
13722	79
13734	79
13746	79
13757	79
13769	79
13781	79
13792	79
13804	79
13816	79
13828	79
13839	79
13851	79
13863	79
13875	79
13886	79
13898	79
13898	79
13910	79
13921	79
13933	79
13945	79
13957	79
13968	79
13980	79
13992	79
14003	79
14015	79
14027	79
14039	79
14050	79
14062	79
14074	79
14085	79
14097	79
14109	79
14121	79
14132	79
14144	79
14156	79
14167	79
14179	79
14191	79
14203	79
14214	79
14226	80
14238	80
14250	80
14261	80
14273	80
14285	80
14296	80
14320	80
14332	80
14343	80
14355	80
14367	80
14378	80
14390	80
14402	80
14414	80
14425	80
14437	80
14449	80
14460	80
14460	80
14472	80
14484	80
14496	80
14507	80
14519	80
14531	80
14542	80
14554	80
14566	80
14578	80
14589	80
14601	80
14613	80
14625	80
14636	80
14648	80
14660	80
14671	80
14683	80
14695	80
14707	80
14718	80
14730	80
14742	80
14753	80
14765	80
14777	80
14789	80
14800	80
14812	81
14824	81
14835	81
14847	81
14859	81
14871	81
14882	81
14894	81
14906	81
14917	81
14929	81
14941	81
14953	81
14964	81
14976	81
14988	81
15000	81
15011	81
15035	81
15046	81
15058	81
15070	81
15082	81
15093	81
15105	81
15117	81
15128	81
15140	81
15152	81
15164	81
15175	81
15187	81
15199	81
15210	81
15222	81
15234	81
15246	81
15257	81
15269	81
15281	81
15292	81
15304	81
15316	81
15328	81
15339	81
15351	81
15363	81
15375	81
15386	81
15398	81
15410	82
15421	82
15433	82
15445	82
15457	82
15468	82
15480	82
15492	82
15503	82
15515	82
15527	82
15539	82
15550	82
15562	82
15574	82
15585	82
15597	82
15609	82
15632	82
15644	82
15656	82
15667	82
15679	82
15691	82
15703	82
15714	82
15726	82
15738	82
15750	82
15761	82
15773	82
15796	82
15808	82
15820	82
15832	82
15843	82
15855	82
15867	82
15878	82
15890	82
15902	82
15914	82
15937	82
15949	82
15960	82
15972	82
15984	82
15996	82
16007	82
16019	82
16031	83
16042	83
16054	83
16066	83
16078	83
16089	83
16101	83
16113	83
16125	83
16136	83
16148	83
16160	83
16171	83
16183	83
16195	83
16207	83
16218	83
16230	83
16242	83
16253	83
16265	83
16289	83
16300	83
16312	83
16324	83
16335	83
16347	83
16359	83
16371	83
16382	83
16394	83
16406	83
16417	83
16429	83
16441	83
16453	83
16464	83
16476	83
16500	83
16511	83
16523	83
16535	83
16558	83
16570	83
16582	83
16593	83
16605	83
16617	83
16628	83
16640	83
16652	84
16664	84
16675	84
16687	84
16699	84
16710	84
16722	84
16734	84
16746	84
16757	84
16769	84
16781	84
16804	84
16816	84
16828	84
16839	84
16851	84
16863	84
16875	84
16886	84
16898	84
16910	84
16921	84
16933	84
16945	84
16957	84
16968	84
16980	84
16992	84
17015	84
17027	84
17039	84
17050	84
17062	84
17074	84
17085	84
17097	84
17109	84
17121	84
17132	84
17144	84
17156	84
17167	84
17179	84
17191	84
17203	84
17226	84
17238	84
17250	84
17261	84
17273	85
17285	85
17308	85
17320	85
17332	85
17343	85
17355	85
17367	85
17390	85
17402	85
17414	85
17425	85
17437	85
17449	85
17460	85
17472	85
17484	85
17507	85
17519	85
17531	85
17542	85
17554	85
17566	85
17578	85
17589	85
17601	85
17613	85
17625	85
17648	85
17660	85
17671	85
17683	85
17695	85
17707	85
17718	85
17742	85
17753	85
17765	85
17777	85
17789	85
17800	85
17812	85
17824	85
17835	85
17847	85
17859	85
17871	85
17882	85
17906	85
17917	85
17929	86
17941	86
17953	86
17964	86
17976	86
17988	86
18011	86
18023	86
18035	86
18046	86
18058	86
18082	86
18093	86
18105	86
18117	86
18128	86
18140	86
18152	86
18164	86
18187	86
18199	86
18210	86
18222	86
18234	86
18246	86
18257	86
18281	86
18292	86
18304	86
18316	86
18328	86
18339	86
18351	86
18363	86
18386	86
18398	86
18410	86
18421	86
18445	86
18457	86
18468	86
18480	86
18492	86
18503	86
18515	86
18539	86
18550	86
18562	86
18574	86
18585	86
18597	87
18609	87
18621	87
18632	87
18656	87
18667	87
18679	87
18691	87
18703	87
18714	87
18726	87
18750	87
18761	87
18773	87
18785	87
18808	87
18820	87
18832	87
18843	87
18867	87
18878	87
18890	87
18902	87
18914	87
18925	87
18949	87
18960	87
18972	87
18996	87
19007	87
19019	87
19031	87
19042	87
19054	87
19078	87
19089	87
19101	87
19113	87
19125	87
19148	87
19160	87
19171	87
19183	87
19207	87
19218	87
19230	87
19242	87
19253	87
19265	87
19289	87
19300	88
19312	88
19324	88
19335	88
19347	88
19359	88
19371	88
19382	88
19394	88
19406	88
19417	88
19429	88
19453	88
19464	88
19476	88
19488	88
19500	88
19511	88
19523	88
19546	88
19558	88
19570	88
19582	88
19593	88
19617	88
19628	88
19640	88
19652	88
19664	88
19675	88
19699	88
19710	88
19722	88
19746	88
19757	88
19769	88
19781	88
19792	88
19804	88
19816	88
19839	88
19851	88
19863	88
19886	88
19898	88
19921	88
19933	88
19945	88
19968	88
19980	88
19992	89
20003	89
20015	89
20027	89
20050	89
20062	89
20074	89
20085	89
20109	89
20121	89
20132	89
20144	89
20156	89
20167	89
20179	89
20203	89
20214	89
20226	89
20238	89
20250	89
20273	89
20285	89
20296	89
20308	89
20320	89
20343	89
20355	89
20367	89
20378	89
20390	89
20414	89
20425	89
20437	89
20449	89
20460	89
20472	89
20496	89
20507	89
20519	89
20531	89
20542	89
20554	89
20578	89
20589	89
20601	89
20625	89
20636	89
20660	89
20671	89
20683	89
20707	90
20718	90
20730	90
20753	90
20765	90
20777	90
20789	90
20800	90
20824	90
20835	90
20847	90
20859	90
20882	90
20894	90
20906	90
20917	90
20929	90
20953	90
20964	90
20976	90
20988	90
21000	90
21023	90
21035	90
21046	90
21058	90
21070	90
21093	90
21105	90
21117	90
21128	90
21152	90
21164	90
21175	90
21187	90
21199	90
21222	90
21234	90
21246	90
21269	90
21281	90
21292	90
21304	90
21316	90
21339	90
21351	90
21363	90
21386	90
21398	90
21421	90
21433	91
21457	91
21468	91
21492	91
21503	91
21515	91
21527	91
21539	91
21562	91
21574	91
21585	91
21597	91
21621	91
21632	91
21644	91
21656	91
21667	91
21691	91
21703	91
21714	91
21726	91
21750	91
21761	91
21773	91
21785	91
21796	91
21808	91
21820	91
21843	91
21855	91
21867	91
21878	91
21902	91
21914	91
21925	91
21937	91
21949	91
21960	91
21984	91
21996	91
22007	91
22019	91
22042	91
22054	91
22066	91
22078	91
22089	91
22113	91
22125	91
22148	91
22171	92
22183	92
22207	92
22218	92
22230	92
22253	92
22265	92
22277	92
22289	92
22312	92
22324	92
22335	92
22359	92
22371	92
22394	92
22406	92
22417	92
22429	92
22453	92
22464	92
22476	92
22488	92
22511	92
22523	92
22535	92
22546	92
22570	92
22582	92
22593	92
22605	92
22628	92
22640	92
22652	92
22664	92
22687	92
22699	92
22710	92
22722	92
22734	92
22746	92
22757	92
22769	92
22792	92
22804	92
22816	92
22828	92
22851	92
22863	92
22875	92
22898	92
22910	93
22921	93
22945	93
22957	93
22968	93
22992	93
23003	93
23015	93
23039	93
23050	93
23062	93
23074	93
23097	93
23109	93
23132	93
23144	93
23156	93
23167	93
23179	93
23203	93
23214	93
23226	93
23250	93
23261	93
23273	93
23296	93
23308	93
23320	93
23343	93
23355	93
23367	93
23378	93
23402	93
23414	93
23425	93
23437	93
23460	93
23472	93
23484	93
23496	93
23519	93
23531	93
23542	93
23554	93
23578	93
23589	93
23601	93
23625	93
23636	93
23660	93
23671	94
23683	94
23707	94
23718	94
23742	94
23753	94
23765	94
23777	94
23800	94
23812	94
23824	94
23835	94
23859	94
23871	94
23882	94
23894	94
23917	94
23929	94
23941	94
23964	94
23976	94
23988	94
24000	94
24023	94
24035	94
24046	94
24070	94
24082	94
24093	94
24105	94
24128	94
24140	94
24152	94
24164	94
24187	94
24199	94
24210	94
24222	94
24234	94
24246	94
24257	94
24269	94
24292	94
24304	94
24316	94
24328	94
24351	94
24363	94
24375	94
24398	94
24410	95
24433	95
24445	95
24457	95
24480	95
24492	95
24503	95
24515	95
24539	95
24550	95
24562	95
24585	95
24609	95
24621	95
24632	95
24656	95
24667	95
24679	95
24691	95
24714	95
24726	95
24738	95
24761	95
24773	95
24796	95
24808	95
24832	95
24843	95
24855	95
24878	95
24890	95
24902	95
24914	95
24937	95
24949	95
24960	95
24972	95
24996	95
25007	95
25019	95
25031	95
25054	95
25066	95
25078	95
25101	95
25113	95
25125	95
25136	95
25160	95
25171	95
25195	96
25207	96
25218	96
25242	96
25253	96
25265	96
25277	96
25300	96
25312	96
25324	96
25347	96
25359	96
25371	96
25382	96
25406	96
25417	96
25429	96
25453	96
25464	96
25476	96
25500	96
25511	96
25523	96
25546	96
25558	96
25570	96
25593	96
25605	96
25617	96
25640	96
25652	96
25664	96
25675	96
25699	96
25710	96
25722	96
25734	96
25746	96
25769	96
25781	96
25792	96
25804	96
25828	96
25839	96
25851	96
25875	96
25886	96
25898	96
25910	96
25933	96
25945	97
25957	97
25980	97
25992	97
26003	97
26027	97
26039	97
26050	97
26074	97
26085	97
26097	97
26109	97
26132	97
26144	97
26156	97
26179	97
26191	97
26203	97
26226	97
26238	97
26250	97
26273	97
26285	97
26308	97
26320	97
26332	97
26355	97
26367	97
26378	97
26402	97
26414	97
26425	97
26449	97
26460	97
26472	97
26484	97
26496	97
26519	97
26531	97
26542	97
26566	97
26578	97
26589	97
26601	97
26625	97
26636	97
26648	97
26671	97
26683	97
26695	97
26718	98
26730	98
26742	98
26765	98
26777	98
26789	98
26800	98
26824	98
26835	98
26847	98
26859	98
26882	98
26894	98
26906	98
26929	98
26941	98
26953	98
26976	98
26988	98
27011	98
27023	98
27046	98
27058	98
27082	98
27093	98
27105	98
27128	98
27140	98
27152	98
27175	98
27187	98
27199	98
27210	98
27234	98
27246	98
27257	98
27269	98
27292	98
27304	98
27316	98
27339	98
27351	98
27363	98
27375	98
27398	98
27410	98
27421	98
27445	98
27457	98
27468	98
27480	99
27503	99
27515	99
27539	99
27550	99
27562	99
27574	99
27597	99
27609	99
27621	99
27644	99
27656	99
27667	99
27679	99
27703	99
27714	99
27738	99
27750	99
27773	99
27785	99
27808	99
27820	99
27843	99
27855	99
27867	99
27890	99
27902	99
27914	99
27937	99
27949	99
27960	99
27984	99
27996	99
28007	99
28019	99
28042	99
28054	99
28066	99
28089	99
28101	99
28113	99
28136	99
28148	99
28160	99
28183	99
28195	99
28207	99
28230	99
28242	99
28253	99
28277	100
28289	100
28300	100
28312	100
28335	100
28347	100
28371	100
28382	100
28394	100
28417	100
28429	100
28441	100
28453	100
28476	100
28488	100
28511	100
28523	100
28546	100
28570	100
28582	100
28593	100
28617	100
28628	100
28640	100
28664	100
28675	100
28687	100
28710	100
28722	100
28734	100
28746	100
28769	100
28781	100
28792	100
28816	100
28828	100
28839	100
28863	100
28875	100
28886	100
28910	100
28921	100
28933	100
28957	100
28968	100
28980	100
29003	100
29015	100
29027	100
29050	100
29062	101
29074	101
29097	101
29109	101
29121	101
29132	101
29156	101
29167	101
29179	101
29203	101
29214	101
29238	101
29250	101
29273	101
29285	101
29308	101
29320	101
29343	101
29355	101
29378	101
29390	101
29402	101
29425	101
29437	101
29449	101
29472	101
29484	101
29507	101
29519	101
29531	101
29554	101
29566	101
29578	101
29601	101
29613	101
29636	101
29648	101
29660	101
29683	101
29695	101
29718	101
29730	101
29742	101
29765	101
29777	101
29800	101
29812	101
29824	101
29847	101
29859	101
29871	102
29894	102
29906	102
29917	102
29941	102
29953	102
29964	102
29988	102
30000	102
30023	102
30035	102
30058	102
30070	102
30093	102
30105	102
30128	102
30140	102
30152	102
30175	102
30187	102
30210	102
30222	102
30246	102
30257	102
30269	102
30292	102
30304	102
30316	102
30339	102
30351	102
30375	102
30386	102
30410	102
30421	102
30445	102
30457	102
30480	102
30492	102
30503	102
30527	102
30539	102
30562	102
30574	102
30585	102
30609	102
30621	102
30632	102
30656	102
30667	102
30691	102
30703	103
30714	103
30738	103
30750	103
30773	103
30796	103
30808	103
30832	103
30843	103
30867	103
30878	103
30890	103
30914	103
30925	103
30949	103
30972	103
30984	103
31007	103
31019	103
31042	103
31054	103
31066	103
31089	103
31101	103
31125	103
31136	103
31160	103
31183	103
31195	103
31207	103
31230	103
31242	103
31265	103
31277	103
31300	103
31312	103
31324	103
31335	103
31359	103
31371	103
31382	103
31394	103
31417	103
31429	103
31453	103
31464	103
31488	103
31500	103
31511	103
31535	103
31546	104
31570	104
31582	104
31605	104
31617	104
31640	104
31652	104
31664	104
31687	104
31699	104
31722	104
31746	104
31757	104
31781	104
31792	104
31804	104
31828	104
31839	104
31863	104
31886	104
31898	104
31921	104
31945	104
31957	104
31980	104
31992	104
32015	104
32027	104
32050	104
32062	104
32085	104
32097	104
32109	104
32132	104
32144	104
32167	104
32179	104
32203	104
32214	104
32238	104
32250	104
32261	104
32285	104
32296	104
32320	104
32332	104
32355	104
32367	104
32390	104
32402	104
32414	105
32437	105
32449	105
32472	105
32484	105
32507	105
32519	105
32531	105
32554	105
32566	105
32589	105
32601	105
32625	105
32648	105
32671	105
32683	105
32707	105
32730	105
32742	105
32753	105
32777	105
32789	105
32812	105
32824	105
32847	105
32871	105
32882	105
32894	105
32917	105
32929	105
32953	105
32964	105
32988	105
33000	105
33023	105
33035	105
33058	105
33070	105
33093	105
33105	105
33128	105
33140	105
33164	105
33175	105
33199	105
33210	105
33234	105
33246	105
33269	105
33281	105
33304	106
33316	106
33339	106
33351	106
33375	106
33398	106
33421	106
33445	106
33457	106
33480	106
33492	106
33515	106
33527	106
33550	106
33562	106
33585	106
33597	106
33621	106
33632	106
33656	106
33667	106
33691	106
33703	106
33726	106
33738	106
33750	106
33773	106
33785	106
33808	106
33820	106
33832	106
33855	106
33867	106
33890	106
33914	106
33925	106
33937	106
33960	106
33972	106
33996	106
34007	106
34031	106
34042	106
34054	106
34078	106
34089	106
34113	106
34136	106
34160	106
34183	106
34207	107
34218	107
34242	107
34253	107
34277	107
34289	107
34312	107
34335	107
34359	107
34371	107
34394	107
34406	107
34429	107
34441	107
34464	107
34476	107
34500	107
34511	107
34535	107
34546	107
34570	107
34582	107
34605	107
34617	107
34640	107
34652	107
34675	107
34687	107
34699	107
34722	107
34734	107
34746	107
34769	107
34781	107
34804	107
34816	107
34839	107
34851	107
34875	107
34886	107
34910	107
34933	107
34957	107
34968	107
34992	107
35003	107
35027	107
35039	107
35062	107
35074	107
35097	108
35121	108
35132	108
35156	108
35167	108
35191	108
35203	108
35226	108
35238	108
35261	108
35285	108
35296	108
35320	108
35332	108
35355	108
35378	108
35390	108
35414	108
35425	108
35449	108
35460	108
35484	108
35496	108
35519	108
35531	108
35554	108
35566	108
35589	108
35601	108
35625	108
35648	108
35660	108
35683	108
35707	108
35718	108
35742	108
35753	108
35777	108
35789	108
35812	108
35835	108
35847	108
35871	108
35882	108
35906	108
35917	108
35941	108
35953	108
35976	108
35988	108
36011	109
36023	109
36046	109
36058	109
36082	109
36093	109
36117	109
36140	109
36152	109
36175	109
36187	109
36199	109
36222	109
36234	109
36246	109
36269	109
36281	109
36304	109
36316	109
36339	109
36351	109
36375	109
36398	109
36410	109
36433	109
36457	109
36468	109
36492	109
36515	109
36527	109
36550	109
36562	109
36585	109
36609	109
36632	109
36644	109
36667	109
36679	109
36703	109
36726	109
36738	109
36761	109
36785	109
36808	109
36832	109
36843	109
36867	109
36878	109
36902	109
36914	109
36937	110
36960	110
36972	110
36984	110
37007	110
37031	110
37042	110
37066	110
37078	110
37101	110
37113	110
37136	110
37160	110
37171	110
37195	110
37218	110
37230	110
37253	110
37265	110
37289	110
37312	110
37324	110
37347	110
37359	110
37382	110
37394	110
37417	110
37441	110
37453	110
37476	110
37488	110
37511	110
37535	110
37546	110
37570	110
37593	110
37605	110
37628	110
37652	110
37664	110
37687	110
37699	110
37722	110
37734	110
37746	110
37769	110
37781	110
37804	110
37828	110
37839	110
37863	111
37875	111
37898	111
37921	111
37933	111
37957	111
37968	111
37992	111
38015	111
38027	111
38050	111
38062	111
38085	111
38109	111
38121	111
38144	111
38156	111
38179	111
38203	111
38214	111
38238	111
38261	111
38273	111
38296	111
38320	111
38343	111
38355	111
38378	111
38402	111
38414	111
38437	111
38449	111
38472	111
38484	111
38507	111
38519	111
38542	111
38566	111
38578	111
38601	111
38613	111
38636	111
38648	111
38671	111
38695	111
38707	111
38730	111
38742	111
38765	111
38789	111
38800	112
38824	112
38835	112
38859	112
38871	112
38894	112
38917	112
38929	112
38953	112
38964	112
38988	112
39011	112
39035	112
39058	112
39070	112
39093	112
39117	112
39128	112
39152	112
39175	112
39187	112
39210	112
39222	112
39246	112
39257	112
39281	112
39292	112
39316	112
39339	112
39351	112
39375	112
39386	112
39410	112
39421	112
39445	112
39468	112
39480	112
39503	112
39527	112
39539	112
39562	112
39574	112
39597	112
39621	112
39632	112
39656	112
39667	112
39691	112
39714	112
39726	112
39750	113
39773	113
39796	113
39820	113
39843	113
39855	113
39878	113
39902	113
39914	113
39937	113
39949	113
39972	113
39996	113
40007	113
40031	113
40042	113
40066	113
40089	113
40101	113
40125	113
40136	113
40160	113
40183	113
40195	113
40218	113
40242	113
40253	113
40277	113
40289	113
40312	113
40335	113
40347	113
40371	113
40394	113
40406	113
40429	113
40441	113
40464	113
40488	113
40511	113
40535	113
40558	113
40570	113
40593	113
40617	113
40628	113
40652	113
40675	113
40687	113
40710	113
40722	114
40746	114
40769	114
40781	114
40804	114
40816	114
40839	114
40863	114
40875	114
40898	114
40921	114
40933	114
40957	114
40968	114
40992	114
41015	114
41027	114
41050	114
41074	114
41085	114
41109	114
41121	114
41144	114
41167	114
41179	114
41203	114
41226	114
41238	114
41261	114
41285	114
41308	114
41332	114
41343	114
41367	114
41390	114
41402	114
41425	114
41449	114
41460	114
41484	114
41507	114
41519	114
41542	114
41566	114
41578	114
41601	114
41625	114
41648	114
41660	114
41683	114
41707	115
41730	115
41742	115
41765	115
41789	115
41800	115
41824	115
41835	115
41859	115
41882	115
41894	115
41917	115
41941	115
41953	115
41976	115
42000	115
42023	115
42035	115
42058	115
42082	115
42105	115
42117	115
42140	115
42164	115
42175	115
42199	115
42222	115
42246	115
42257	115
42281	115
42304	115
42316	115
42339	115
42363	115
42375	115
42398	115
42421	115
42445	115
42468	115
42480	115
42503	115
42527	115
42539	115
42562	115
42585	115
42597	115
42621	115
42644	115
42656	115
42679	115
42703	116
42714	116
42738	116
42761	116
42785	116
42808	116
42832	116
42855	116
42867	116
42890	116
42914	116
42925	116
42949	116
42984	116
42996	116
43019	116
43042	116
43054	116
43078	116
43101	116
43125	116
43148	116
43171	116
43183	116
43207	116
43230	116
43253	116
43265	116
43289	116
43312	116
43324	116
43347	116
43359	116
43382	116
43394	116
43417	116
43441	116
43453	116
43476	116
43500	116
43511	116
43535	116
43558	116
43582	116
43593	116
43617	116
43640	116
43664	116
43675	116
43699	116
43722	117
43746	117
43769	117
43781	117
43804	117
43828	117
43839	117
43863	117
43898	117
43921	117
43945	117
43968	117
43980	117
44003	117
44027	117
44039	117
44062	117
44085	117
44109	117
44121	117
44144	117
44167	117
44179	117
44203	117
44226	117
44250	117
44261	117
44285	117
44308	117
44320	117
44343	117
44367	117
44390	117
44402	117
44425	117
44449	117
44460	117
44484	117
44507	117
44531	117
44542	117
44566	117
44589	117
44613	117
44636	117
44660	117
44683	117
44707	117
44730	117
44742	117
44765	118
44789	118
44812	118
44835	118
44847	118
44871	118
44894	118
44917	118
44929	118
44953	118
44976	118
45000	118
45011	118
45035	118
45058	118
45082	118
45093	118
45117	118
45140	118
45164	118
45175	118
45199	118
45222	118
45246	118
45269	118
45281	118
45304	118
45328	118
45351	118
45375	118
45398	118
45421	118
45445	118
45468	118
45492	118
45515	118
45527	118
45550	118
45574	118
45597	118
45609	118
45632	118
45656	118
45679	118
45691	118
45714	118
45738	118
45750	118
45773	118
45796	118
45808	119
45832	119
45855	119
45867	119
45890	119
45914	119
45937	119
45949	119
45972	119
45996	119
46007	119
46031	119
46054	119
46066	119
46089	119
46113	119
46148	119
46171	119
46195	119
46218	119
46242	119
46265	119
46277	119
46300	119
46324	119
46347	119
46371	119
46394	119
46417	119
46441	119
46453	119
46476	119
46500	119
46523	119
46546	119
46558	119
46582	119
46605	119
46628	119
46640	119
46664	119
46687	119
46699	119
46722	119
46734	119
46757	119
46781	119
46792	119
46816	119
46839	119
46863	120
46886	120
46910	120
46933	120
46957	120
46980	120
46992	120
47015	120
47039	120
47062	120
47085	120
47109	120
47121	120
47144	120
47167	120
47191	120
47203	120
47226	120
47250	120
47273	120
47296	120
47320	120
47332	120
47355	120
47378	120
47402	120
47425	120
47437	120
47460	120
47484	120
47507	120
47519	120
47542	120
47566	120
47589	120
47601	120
47625	120
47648	120
47671	120
47695	120
47718	120
47742	120
47765	120
47789	120
47800	120
47824	120
47847	120
47871	120
47894	120
47906	120
47929	121
47953	121
47976	121
48000	121
48011	121
48035	121
48058	121
48082	121
48105	121
48117	121
48140	121
48164	121
48187	121
48199	121
48222	121
48234	121
48257	121
48281	121
48304	121
48316	121
48339	121
48363	121
48386	121
48410	121
48433	121
48457	121
48480	121
48503	121
48527	121
48539	121
48562	121
48597	121
48621	121
48644	121
48656	121
48679	121
48703	121
48726	121
48750	121
48773	121
48796	121
48820	121
48843	121
48867	121
48890	121
48914	121
48925	121
48949	121
48972	121
48996	121
49007	122
49031	122
49054	122
49078	122
49101	122
49125	122
49148	122
49171	122
49195	122
49207	122
49230	122
49253	122
49277	122
49300	122
49324	122
49335	122
49359	122
49382	122
49406	122
49429	122
49453	122
49476	122
49500	122
49511	122
49535	122
49558	122
49582	122
49605	122
49628	122
49652	122
49675	122
49699	122
49710	122
49734	122
49757	122
49769	122
49792	122
49816	122
49839	122
49863	122
49886	122
49898	122
49921	122
49945	122
49968	122
49992	122
50015	122
50039	122
50062	122
50074	122
50097	123
50121	123
50144	123
50167	123
50191	123
50203	123
50226	123
50250	123
50285	123
50308	123
50332	123
50355	123
50378	123
50390	123
50414	123
50437	123
50460	123
50484	123
50496	123
50519	123
50542	123
50566	123
50589	123
50613	123
50636	123
50648	123
50671	123
50695	123
50718	123
50742	123
50765	123
50789	123
50812	123
50824	123
50847	123
50871	123
50894	123
50917	123
50941	123
50964	123
50988	123
51011	123
51035	123
51058	123
51082	123
51105	123
51128	123
51152	123
51175	123
51199	123
51210	124
51234	124
51257	124
51281	124
51304	124
51328	124
51351	124
51363	124
51386	124
51410	124
51433	124
51457	124
51480	124
51503	124
51527	124
51539	124
51562	124
51585	124
51609	124
51632	124
51656	124
51679	124
51703	124
51726	124
51750	124
51773	124
51796	124
51820	124
51843	124
51867	124
51890	124
51914	124
51937	124
51960	124
51984	124
51996	124
52019	124
52042	124
52066	124
52089	124
52113	124
52136	124
52160	124
52183	124
52207	124
52218	124
52242	124
52265	124
52289	124
52312	124
52335	125
52359	125
52382	125
52406	125
52429	125
52453	125
52476	125
52500	125
52523	125
52546	125
52582	125
52605	125
52628	125
52652	125
52675	125
52687	125
52710	125
52734	125
52757	125
52781	125
52804	125
52828	125
52851	125
52863	125
52886	125
52910	125
52933	125
52957	125
52980	125
53003	125
53027	125
53050	125
53074	125
53085	125
53109	125
53132	125
53156	125
53179	125
53203	125
53226	125
53250	125
53273	125
53296	125
53320	125
53343	125
53367	125
53390	125
53414	125
53437	125
53460	125
53484	126
53507	126
53531	126
53554	126
53578	126
53601	126
53625	126
53648	126
53671	126
53695	126
53718	126
53742	126
53765	126
53789	126
53812	126
53824	126
53847	126
53871	126
53894	126
53917	126
53941	126
53964	126
53988	126
54011	126
54035	126
54058	126
54082	126
54105	126
54128	126
54152	126
54175	126
54199	126
54222	126
54246	126
54269	126
54292	126
54316	126
54339	126
54363	126
54386	126
54410	126
54433	126
54457	126
54480	126
54503	126
54527	126
54550	126
54574	126
54597	126
54621	126
54644	127
54667	127
54691	127
54714	127
54738	127
54761	127
54785	127
54808	127
54832	127
54855	127
54878	127
54902	127
54925	127
54960	127
54984	127
55007	127
55031	127
55054	127
55078	127
55101	127
55125	127
55148	127
55171	127
55207	127
55230	127
55253	127
55265	127
55289	127
55312	127
55335	127
55359	127
55371	127
55394	127
55417	127
55441	127
55464	127
55488	127
55511	127
55535	127
55558	127
55582	127
55605	127
55628	127
55652	127
55675	127
55699	127
55734	127
55757	127
55781	127
55804	127
55828	128
55851	128
55875	128
55898	128
55933	128
55957	128
55980	128
56003	128
56027	128
56050	128
56074	128
56097	128
56121	128
56144	128
56167	128
56191	128
56214	128
56238	128
56261	128
56285	128
56308	128
56332	128
56355	128
56378	128
56402	128
56425	128
56449	128
56472	128
56496	128
56519	128
56542	128
56566	128
56589	128
56613	128
56648	128
56671	128
56695	128
56730	128
56753	128
56765	128
56800	128
56824	128
56847	128
56871	128
56894	128
56917	128
56941	128
56964	128
56988	128
57011	128
57035	129
57058	129
57082	129
57105	129
57128	129
57152	129
57175	129
57199	129
57222	129
57257	129
57281	129
57292	129
57316	129
57351	129
57375	129
57398	129
57433	129
57457	129
57492	129
57503	129
57527	129
57550	129
57585	129
57609	129
57632	129
57656	129
57679	129
57703	129
57726	129
57750	129
57761	129
57785	129
57808	129
57832	129
57855	129
57878	129
57914	129
57925	129
57949	129
57972	129
57996	129
58019	129
58042	129
58066	129
58089	129
58125	129
58148	129
58183	129
58207	129
58230	129
58253	130
58277	130
58300	130
58335	130
58359	130
58382	130
58406	130
58429	130
58464	130
58488	130
58511	130
58535	130
58558	130
58582	130
58605	130
58628	130
58652	130
58675	130
58699	130
58710	130
58734	130
58757	130
58781	130
58804	130
58828	130
58851	130
58875	130
58898	130
58933	130
58957	130
58980	130
59003	130
59027	130
59050	130
59074	130
59109	130
59132	130
59156	130
59179	130
59203	130
59226	130
59250	130
59273	130
59296	130
59320	130
59355	130
59378	130
59402	130
59425	130
59449	130
59472	131
59496	131
59519	131
59542	131
59566	131
59589	131
59613	131
59636	131
59671	131
59695	131
59718	131
59742	131
59765	131
59800	131
59824	131
59847	131
59871	131
59894	131
59917	131
59941	131
59964	131
59988	131
60011	131
60035	131
60058	131
60082	131
60105	131
60128	131
60164	131
60187	131
60199	131
60222	131
60246	131
60269	131
60292	131
60316	131
60339	131
60363	131
60386	131
60410	131
60445	131
60468	131
60492	131
60515	131
60539	131
60562	131
60597	131
60621	131
60644	131
60667	131
60691	132
60714	132
60750	132
60773	132
60796	132
60832	132
60855	132
60878	132
60902	132
60925	132
60949	132
60972	132
60996	132
61019	132
61042	132
61066	132
61089	132
61125	132
61148	132
61171	132
61195	132
61218	132
61253	132
61277	132
61300	132
61324	132
61347	132
61371	132
61394	132
61417	132
61441	132
61476	132
61500	132
61523	132
61546	132
61570	132
61605	132
61628	132
61652	132
61675	132
61699	132
61722	132
61746	132
61769	132
61792	132
61816	132
61839	132
61863	132
61886	132
61910	132
61933	133
61957	133
61992	133
62015	133
62039	133
62062	133
62085	133
62109	133
62132	133
62156	133
62179	133
62203	133
62226	133
62261	133
62285	133
62308	133
62343	133
62367	133
62390	133
62414	133
62437	133
62460	133
62484	133
62507	133
62531	133
62554	133
62578	133
62601	133
62625	133
62660	133
62683	133
62707	133
62730	133
62753	133
62777	133
62800	133
62824	133
62847	133
62871	133
62906	133
62929	133
62953	133
62976	133
63000	133
63035	133
63058	133
63093	133
63117	133
63140	133
63164	133
63187	134
63210	134
63234	134
63257	134
63281	134
63304	134
63328	134
63363	134
63386	134
63410	134
63433	134
63457	134
63480	134
63503	134
63527	134
63550	134
63574	134
63609	134
63632	134
63656	134
63679	134
63703	134
63726	134
63761	134
63785	134
63820	134
63843	134
63867	134
63890	134
63914	134
63937	134
63960	134
63984	134
64007	134
64031	134
64066	134
64089	134
64113	134
64136	134
64160	134
64183	134
64207	134
64230	134
64265	134
64289	134
64312	134
64335	134
64359	134
64382	134
64406	134
64429	135
64464	135
64488	135
64511	135
64546	135
64570	135
64605	135
64628	135
64652	135
64675	135
64699	135
64722	135
64746	135
64769	135
64792	135
64828	135
64851	135
64875	135
64898	135
64921	135
64945	135
64968	135
64992	135
65027	135
65050	135
65074	135
65097	135
65121	135
65144	135
65167	135
65191	135
65214	135
65250	135
65273	135
65308	135
65332	135
65355	135
65378	135
65402	135
65437	135
65460	135
65484	135
65507	135
65531	135
65554	135
65589	135
65613	135
65636	135
65660	135
65695	135
65718	136
65742	136
65765	136
65789	136
65812	136
65835	136
65859	136
65882	136
65917	136
65941	136
65964	136
65988	136
66011	136
66046	136
66070	136
66093	136
66128	136
66152	136
66175	136
66199	136
66222	136
66257	136
66281	136
66304	136
66328	136
66351	136
66375	136
66410	136
66433	136
66457	136
66492	136
66515	136
66539	136
66562	136
66585	136
66609	136
66644	136
66667	136
66691	136
66714	136
66738	136
66773	136
66796	136
66832	136
66855	136
66878	136
66914	136
66937	136
66960	136
66996	136
67019	137
67042	137
67078	137
67101	137
67125	137
67160	137
67183	137
67207	137
67242	137
67265	137
67289	137
67312	137
67335	137
67359	137
67382	137
67406	137
67429	137
67453	137
67476	137
67511	137
67535	137
67558	137
67582	137
67617	137
67640	137
67664	137
67687	137
67722	137
67746	137
67769	137
67792	137
67828	137
67851	137
67875	137
67910	137
67945	137
67968	137
67992	137
68027	137
68050	137
68074	137
68097	137
68132	137
68156	137
68179	137
68203	137
68226	137
68250	137
68285	137
68308	137
68332	138
68355	138
68390	138
68414	138
68437	138
68460	138
68484	138
68519	138
68542	138
68566	138
68589	138
68625	138
68648	138
68683	138
68718	138
68742	138
68765	138
68789	138
68824	138
68847	138
68871	138
68894	138
68929	138
68953	138
68976	138
69000	138
69035	138
69058	138
69082	138
69105	138
69140	138
69164	138
69187	138
69210	138
69246	138
69269	138
69292	138
69316	138
69351	138
69375	138
69410	138
69445	138
69480	138
69503	138
69527	138
69550	138
69585	138
69609	138
69632	138
69656	138
69679	139
69714	139
69738	139
69761	139
69785	139
69808	139
69832	139
69867	139
69890	139
69914	139
69937	139
69960	139
69996	139
70019	139
70042	139
70066	139
70101	139
70125	139
70160	139
70195	139
70230	139
70253	139
70277	139
70300	139
70335	139
70371	139
70394	139
70417	139
70453	139
70476	139
70500	139
70523	139
70558	139
70582	139
70605	139
70628	139
70664	139
70687	139
70710	139
70734	139
70757	139
70781	139
70804	139
70828	139
70863	139
70886	139
70921	139
70945	139
70968	139
71003	139
71027	140
71050	140
71085	140
71109	140
71132	140
71167	140
71191	140
71214	140
71250	140
71273	140
71296	140
71332	140
71355	140
71378	140
71414	140
71437	140
71460	140
71484	140
71507	140
71542	140
71566	140
71589	140
71625	140
71648	140
71683	140
71707	140
71742	140
71765	140
71789	140
71824	140
71847	140
71871	140
71894	140
71929	140
71953	140
71976	140
72011	140
72035	140
72058	140
72082	140
72117	140
72140	140
72175	140
72199	140
72210	140
72234	140
72257	140
72292	140
72316	140
72339	140
72375	141
72398	141
72433	141
72457	141
72492	141
72515	141
72539	141
72574	141
72609	141
72632	141
72656	141
72691	141
72714	141
72738	141
72773	141
72808	141
72832	141
72867	141
72890	141
72914	141
72937	141
72972	141
72996	141
73019	141
73042	141
73078	141
73101	141
73125	141
73160	141
73183	141
73218	141
73242	141
73265	141
73300	141
73324	141
73347	141
73371	141
73406	141
73429	141
73453	141
73488	141
73511	141
73546	141
73570	141
73605	141
73628	141
73652	141
73687	141
73710	141
73734	141
73757	142
73781	142
73816	142
73839	142
73863	142
73898	142
73921	142
73945	142
73980	142
74003	142
74027	142
74062	142
74085	142
74109	142
74144	142
74167	142
74191	142
74226	142
74250	142
74285	142
74320	142
74343	142
74378	142
74402	142
74425	142
74460	142
74484	142
74507	142
74531	142
74566	142
74589	142
74613	142
74648	142
74671	142
74695	142
74718	142
74753	142
74777	142
74812	142
74835	142
74859	142
74882	142
74917	142
74941	142
74964	142
75000	142
75035	142
75058	142
75093	142
75117	142
75140	143
75175	143
75199	143
75222	143
75246	143
75281	143
75304	143
75328	143
75363	143
75386	143
75410	143
75445	143
75468	143
75492	143
75527	143
75550	143
75574	143
75609	143
75632	143
75656	143
75691	143
75714	143
75750	143
75785	143
75808	143
75843	143
75867	143
75902	143
75925	143
75960	143
75984	143
76007	143
76031	143
76066	143
76089	143
76125	143
76148	143
76183	143
76207	143
76230	143
76265	143
76289	143
76324	143
76347	143
76382	143
76406	143
76429	143
76464	143
76488	143
76523	143
76558	144
76582	144
76617	144
76640	144
76675	144
76699	144
76722	144
76746	144
76781	144
76804	144
76828	144
76863	144
76886	144
76910	144
76945	144
76968	144
76992	144
77027	144
77050	144
77074	144
77109	144
77132	144
77156	144
77179	144
77214	144
77238	144
77273	144
77308	144
77332	144
77367	144
77390	144
77414	144
77449	144
77472	144
77507	144
77531	144
77554	144
77589	144
77613	144
77648	144
77671	144
77707	144
77730	144
77765	144
77789	144
77812	144
77847	144
77871	144
77894	144
77929	144
77953	145
77988	145
78011	145
78046	145
78082	145
78105	145
78140	145
78164	145
78187	145
78222	145
78246	145
78281	145
78304	145
78339	145
78363	145
78398	145
78421	145
78457	145
78480	145
78515	145
78539	145
78562	145
78597	145
78621	145
78656	145
78679	145
78703	145
78738	145
78761	145
78796	145
78832	145
78855	145
78890	145
78914	145
78949	145
78984	145
79007	145
79042	145
79066	145
79089	145
79125	145
79160	145
79183	145
79218	145
79242	145
79277	145
79300	145
79324	145
79347	145
79371	145
79394	146
79429	146
79453	146
79488	146
79511	146
79535	146
79570	146
79593	146
79628	146
79652	146
79687	146
79710	146
79746	146
79781	146
79804	146
79828	146
79863	146
79898	146
79933	146
79968	146
79992	146
80027	146
80050	146
80085	146
80109	146
80132	146
80167	146
80191	146
80226	146
80250	146
80285	146
80308	146
80343	146
80367	146
80402	146
80425	146
80449	146
80484	146
80507	146
80542	146
80566	146
80601	146
80636	146
80671	146
80695	146
80730	146
80753	146
80789	146
80812	146
80847	146
80882	147
80906	147
80929	147
80964	147
80988	147
81023	147
81046	147
81082	147
81105	147
81128	147
81164	147
81187	147
81222	147
81257	147
81281	147
81304	147
81339	147
81363	147
81410	147
81445	147
81468	147
81503	147
81527	147
81562	147
81585	147
81621	147
81644	147
81667	147
81703	147
81726	147
81761	147
81785	147
81808	147
81832	147
81867	147
81902	147
81925	147
81949	147
81972	147
82007	147
82031	147
82066	147
82089	147
82125	147
82160	147
82195	147
82230	147
82265	147
82289	147
82324	147
82359	148
82382	148
82417	148
82441	148
82476	148
82500	148
82535	148
82558	148
82593	148
82617	148
82652	148
82675	148
82699	148
82722	148
82757	148
82781	148
82804	148
82839	148
82863	148
82898	148
82933	148
82968	148
82992	148
83027	148
83050	148
83085	148
83109	148
83144	148
83167	148
83203	148
83226	148
83261	148
83285	148
83320	148
83343	148
83378	148
83402	148
83437	148
83460	148
83484	148
83519	148
83542	148
83578	148
83601	148
83636	148
83671	148
83695	148
83730	148
83753	148
83789	148
83812	149
83847	149
83871	149
83906	149
83929	149
83964	149
83988	149
84023	149
84046	149
84082	149
84105	149
84140	149
84164	149
84187	149
84210	149
84234	149
84269	149
84292	149
84328	149
84351	149
84386	149
84421	149
84445	149
84480	149
84515	149
84539	149
84574	149
84609	149
84644	149
84667	149
84703	149
84726	149
84761	149
84796	149
84832	149
84855	149
84890	149
84914	149
84949	149
84972	149
85007	149
85031	149
85054	149
85089	149
85125	149
85148	149
85183	149
85207	149
85242	149
85265	149
85300	150
85324	150
85359	150
85382	150
85417	150
85441	150
85476	150
85500	150
85535	150
85570	150
85593	150
85628	150
85652	150
85687	150
85710	150
85734	150
85769	150
85792	150
85828	150
85851	150
85875	150
85910	150
85933	150
85968	150
86003	150
86027	150
86062	150
86085	150
86109	150
86144	150
86167	150
86203	150
86238	150
86261	150
86296	150
86332	150
86367	150
86390	150
86425	150
86449	150
86472	150
86507	150
86531	150
86566	150
86589	150
86625	150
86648	150
86683	150
86707	150
86742	150
86777	151
86800	151
86835	151
86859	151
86894	151
86917	151
86953	151
86976	151
87011	151
87046	151
87082	151
87105	151
87140	151
87175	151
87199	151
87222	151
87257	151
87281	151
87316	151
87339	151
87375	151
87398	151
87433	151
87457	151
87492	151
87515	151
87550	151
87574	151
87609	151
87632	151
87667	151
87691	151
87726	151
87750	151
87785	151
87820	151
87855	151
87878	151
87914	151
87937	151
87972	151
87996	151
88031	151
88054	151
88089	151
88113	151
88148	151
88171	151
88207	151
88230	151
88265	152
88289	152
88324	152
88359	152
88382	152
88417	152
88441	152
88476	152
88511	152
88546	152
88582	152
88605	152
88640	152
88664	152
88699	152
88722	152
88757	152
88781	152
88816	152
88851	152
88875	152
88910	152
88933	152
88968	152
88992	152
89027	152
89050	152
89085	152
89109	152
89144	152
89167	152
89203	152
89238	152
89261	152
89296	152
89332	152
89367	152
89390	152
89425	152
89460	152
89484	152
89519	152
89542	152
89578	152
89601	152
89636	152
89671	152
89707	152
89730	152
89765	152
89789	153
89824	153
89847	153
89882	153
89906	153
89941	153
89964	153
90000	153
90035	153
90070	153
90093	153
90128	153
90152	153
90187	153
90222	153
90246	153
90281	153
90304	153
90339	153
90375	153
90398	153
90433	153
90468	153
90492	153
90527	153
90562	153
90585	153
90621	153
90644	153
90679	153
90714	153
90738	153
90773	153
90808	153
90843	153
90878	153
90902	153
90937	153
90972	153
91007	153
91042	153
91066	153
91101	153
91136	153
91171	153
91195	153
91230	153
91265	153
91289	153
91324	153
91347	154
91371	154
91406	154
91429	154
91464	154
91500	154
91523	154
91558	154
91582	154
91617	154
91652	154
91675	154
91710	154
91746	154
91781	154
91804	154
91839	154
91875	154
91910	154
91945	154
91980	154
92003	154
92039	154
92062	154
92097	154
92132	154
92156	154
92191	154
92214	154
92250	154
92273	154
92308	154
92343	154
92367	154
92402	154
92437	154
92460	154
92496	154
92519	154
92554	154
92578	154
92613	154
92648	154
92695	154
92730	154
92753	154
92789	154
92824	154
92847	154
92882	154
92917	155
92941	155
92976	155
93011	155
93035	155
93070	155
93105	155
93128	155
93164	155
93199	155
93234	155
93269	155
93292	155
93328	155
93363	155
93398	155
93433	155
93468	155
93503	155
93527	155
93562	155
93597	155
93632	155
93656	155
93691	155
93726	155
93750	155
93773	155
93808	155
93832	155
93867	155
93902	155
93925	155
93960	155
93984	155
94019	155
94042	155
94078	155
94113	155
94148	155
94195	155
94230	155
94253	155
94289	155
94324	155
94359	155
94394	155
94417	155
94453	155
94476	155
94511	156
94546	156
94570	156
94605	156
94640	156
94664	156
94699	156
94722	156
94746	156
94781	156
94804	156
94839	156
94875	156
94910	156
94945	156
94968	156
95003	156
95039	156
95074	156
95109	156
95132	156
95167	156
95203	156
95226	156
95261	156
95296	156
95332	156
95367	156
95390	156
95425	156
95460	156
95484	156
95519	156
95542	156
95578	156
95613	156
95648	156
95683	156
95718	156
95742	156
95777	156
95812	156
95835	156
95871	156
95906	156
95929	156
95964	156
96000	156
96023	156
96058	156
96093	157
96117	157
96152	157
96187	157
96210	157
96234	157
96269	157
96292	157
96328	157
96351	157
96386	157
96421	157
96457	157
96492	157
96515	157
96550	157
96585	157
96632	157
96656	157
96691	157
96726	157
96750	157
96796	157
96820	157
96855	157
96890	157
96925	157
96949	157
96984	157
97007	157
97042	157
97078	157
97101	157
97136	157
97171	157
97207	157
97242	157
97265	157
97300	157
97335	157
97371	157
97394	157
97429	157
97464	157
97488	157
97523	157
97558	157
97593	157
97628	157
97664	157
97687	158
97722	158
97746	158
97781	158
97804	158
97839	158
97875	158
97910	158
97933	158
97968	158
98003	158
98039	158
98062	158
98097	158
98132	158
98156	158
98191	158
98226	158
98261	158
98296	158
98332	158
98355	158
98390	158
98425	158
98449	158
98484	158
98507	158
98542	158
98578	158
98601	158
98636	158
98671	158
98695	158
98730	158
98765	158
98789	158
98824	158
98859	158
98882	158
98917	158
98953	158
98976	158
99011	158
99046	158
99082	158
99117	158
99152	158
99187	158
99210	158
99246	158
99269	159
99304	159
99339	159
99363	159
99398	159
99433	159
99457	159
99492	159
99527	159
99562	159
99585	159
99621	159
99656	159
99679	159
99714	159
99750	159
99785	159
99832	159
99867	159
99890	159
99925	159
99960	159
99984	159
100019	159
100054	159
100078	159
100113	159
100148	159
100183	159
100207	159
100242	159
100277	159
100312	159
100335	159
100371	159
100406	159
100441	159
100476	159
100511	159
100546	159
100582	159
100617	159
100640	159
100675	159
100710	159
100734	159
100769	159
100792	159
100828	159
100863	159
100886	160
100921	160
100957	160
100980	160
101015	160
101050	160
101074	160
101109	160
101144	160
101167	160
101203	160
101238	160
101273	160
101308	160
101343	160
101367	160
101402	160
101437	160
101472	160
101496	160
101531	160
101566	160
101589	160
101625	160
101660	160
101695	160
101730	160
101753	160
101789	160
101824	160
101847	160
101882	160
101917	160
101941	160
101976	160
102011	160
102046	160
102082	160
102117	160
102152	160
102175	160
102210	160
102246	160
102281	160
102304	160
102339	160
102375	160
102410	160
102445	160
102480	160
102515	161
102539	161
102574	161
102609	161
102644	161
102667	161
102703	161
102738	161
102773	161
102808	161
102843	161
102878	161
102902	161
102937	161
102984	161
103019	161
103042	161
103078	161
103113	161
103148	161
103183	161
103218	161
103242	161
103277	161
103312	161
103335	161
103359	161
103394	161
103429	161
103453	161
103488	161
103523	161
103546	161
103582	161
103617	161
103652	161
103675	161
103710	161
103746	161
103781	161
103816	161
103851	161
103886	161
103921	161
103957	161
103992	161
104027	161
104050	161
104085	161
104121	161
104156	162
104179	162
104214	162
104250	162
104273	162
104308	162
104343	162
104378	162
104414	162
104437	162
104472	162
104507	162
104542	162
104566	162
104601	162
104636	162
104683	162
104718	162
104753	162
104777	162
104812	162
104847	162
104882	162
104906	162
104941	162
104976	162
105011	162
105046	162
105070	162
105105	162
105140	162
105175	162
105210	162
105246	162
105269	162
105304	162
105339	162
105375	162
105410	162
105457	162
105492	162
105515	162
105550	162
105585	162
105609	162
105644	162
105679	162
105714	162
105738	162
105773	162
105796	163
105832	163
105867	163
105890	163
105925	163
105960	163
105984	163
106019	163
106042	163
106078	163
106113	163
106160	163
106195	163
106230	163
106265	163
106289	163
106335	163
106371	163
106394	163
106429	163
106464	163
106500	163
106523	163
106558	163
106593	163
106628	163
106652	163
106687	163
106710	163
106746	163
106769	163
106804	163
106839	163
106863	163
106910	163
106945	163
106968	163
107003	163
107039	163
107074	163
107109	163
107144	163
107167	163
107203	163
107238	163
107273	163
107308	163
107343	163
107367	163
107402	163
107437	164
107460	164
107496	164
107531	164
107566	164
107589	164
107625	164
107660	164
107695	164
107730	164
107765	164
107800	164
107824	164
107859	164
107894	164
107929	164
107953	164
107988	164
108023	164
108046	164
108082	164
108117	164
108152	164
108175	164
108210	164
108234	164
108257	164
108292	164
108328	164
108351	164
108386	164
108421	164
108457	164
108492	164
108527	164
108562	164
108597	164
108632	164
108667	164
108691	164
108726	164
108761	164
108796	164
108832	164
108867	164
108902	164
108925	164
108960	164
108996	164
109019	164
109054	165
109089	165
109113	165
109148	165
109183	165
109218	165
109253	165
109289	165
109312	165
109347	165
109382	165
109417	165
109441	165
109476	165
109511	165
109546	165
109582	165
109617	165
109640	165
109675	165
109710	165
109734	165
109769	165
109792	165
109828	165
109863	165
109886	165
109921	165
109957	165
109992	165
110027	165
110050	165
110085	165
110121	165
110144	165
110179	165
110214	165
110250	165
110285	165
110320	165
110355	165
110378	165
110414	165
110449	165
110472	165
110507	165
110531	165
110566	165
110601	165
110625	165
110660	166
110695	166
110718	166
110753	166
110789	166
110812	166
110847	166
110882	166
110906	166
110941	166
110976	166
111011	166
111046	166
111082	166
111117	166
111140	166
111175	166
111210	166
111234	166
111269	166
111292	166
111328	166
111363	166
111386	166
111421	166
111457	166
111480	166
111515	166
111550	166
111574	166
111609	166
111644	166
111679	166
111703	166
111738	166
111773	166
111820	166
111843	166
111878	166
111914	166
111949	166
111972	166
112007	166
112031	166
112066	166
112101	166
112125	166
112160	166
112195	166
112230	166
112253	167
112289	167
112324	167
112359	167
112382	167
112417	167
112453	167
112476	167
112511	167
112558	167
112593	167
112617	167
112652	167
112687	167
112710	167
112746	167
112769	167
112804	167
112839	167
112863	167
112898	167
112921	167
112957	167
112992	167
113015	167
113050	167
113074	167
113109	167
113144	167
113167	167
113203	167
113238	167
113261	167
113296	167
113332	167
113367	167
113402	167
113425	167
113460	167
113496	167
113519	167
113554	167
113589	167
113625	167
113648	167
113683	167
113718	167
113753	167
113777	167
113812	167
113835	168
113871	168
113906	168
113929	168
113964	168
114000	168
114035	168
114070	168
114093	168
114128	168
114164	168
114187	168
114222	168
114257	168
114292	168
114316	168
114351	168
114386	168
114421	168
114445	168
114480	168
114515	168
114550	168
114574	168
114609	168
114632	168
114667	168
114703	168
114726	168
114761	168
114796	168
114832	168
114867	168
114902	168
114925	168
114972	168
115007	168
115031	168
115066	168
115101	168
115125	168
115160	168
115195	168
115230	168
115265	168
115289	168
115324	168
115347	168
115371	168
115406	168
115429	169
115464	169
115488	169
115523	169
115558	169
115582	169
115617	169
115652	169
115675	169
115710	169
115746	169
115781	169
115804	169
115839	169
115875	169
115910	169
115945	169
115980	169
116015	169
116039	169
116074	169
116097	169
116132	169
116156	169
116191	169
116226	169
116250	169
116285	169
116320	169
116343	169
116378	169
116414	169
116437	169
116472	169
116496	169
116531	169
116554	169
116589	169
116625	169
116660	169
116695	169
116730	169
116765	169
116789	169
116824	169
116859	169
116882	169
116917	169
116953	169
116976	169
117011	170
117046	170
117070	170
117105	170
117140	170
117164	170
117199	170
117234	170
117269	170
117292	170
117328	170
117363	170
117398	170
117433	170
117468	170
117503	170
117527	170
117562	170
117597	170
117621	170
117656	170
117679	170
117714	170
117738	170
117773	170
117796	170
117832	170
117855	170
117890	170
117925	170
117949	170
117984	170
118007	170
118042	170
118066	170
118101	170
118136	170
118171	170
118207	170
118242	170
118277	170
118300	170
118335	170
118371	170
118406	170
118429	170
118464	170
118500	170
118523	170
118558	170
118582	171
118617	171
118640	171
118675	171
118699	171
118722	171
118757	171
118781	171
118816	171
118839	171
118875	171
118910	171
118945	171
118968	171
119003	171
119039	171
119062	171
119097	171
119132	171
119156	171
119191	171
119226	171
119250	171
119285	171
119320	171
119343	171
119378	171
119414	171
119437	171
119472	171
119496	171
119531	171
119554	171
119589	171
119625	171
119660	171
119695	171
119718	171
119753	171
119777	171
119812	171
119847	171
119871	171
119906	171
119929	171
119964	171
120000	171
120023	171
120058	171
120082	171
120117	172
120152	172
120175	172
120199	172
120222	172
120257	172
120281	172
120316	172
120339	172
120375	172
120410	172
120433	172
120468	172
120503	172
120527	172
120562	172
120597	172
120632	172
120667	172
120691	172
120726	172
120761	172
120785	172
120820	172
120855	172
120890	172
120914	172
120949	172
120972	172
121007	172
121031	172
121066	172
121089	172
121125	172
121148	172
121183	172
121218	172
121253	172
121277	172
121312	172
121335	172
121371	172
121406	172
121429	172
121464	172
121488	172
121523	172
121558	172
121593	172
121617	172
121652	173
121675	173
121710	173
121734	173
121757	173
121792	173
121828	173
121851	173
121886	173
121910	173
121945	173
121980	173
122003	173
122039	173
122062	173
122097	173
122132	173
122156	173
122191	173
122214	173
122250	173
122285	173
122320	173
122343	173
122378	173
122414	173
122437	173
122460	173
122496	173
122519	173
122554	173
122578	173
122613	173
122636	173
122671	173
122695	173
122730	173
122765	173
122789	173
122824	173
122847	173
122882	173
122906	173
122941	173
122964	173
123000	173
123035	173
123070	173
123093	173
123128	173
123152	174
123187	174
123210	174
123246	174
123269	174
123304	174
123328	174
123363	174
123386	174
123421	174
123445	174
123480	174
123503	174
123539	174
123562	174
123597	174
123621	174
123656	174
123679	174
123714	174
123750	174
123785	174
123820	174
123855	174
123878	174
123914	174
123937	174
123972	174
123996	174
124031	174
124054	174
124089	174
124113	174
124148	174
124183	174
124207	174
124242	174
124265	174
124300	174
124335	174
124359	174
124394	174
124417	174
124453	174
124488	174
124523	174
124558	174
124582	174
124617	174
124652	174
124675	175
124710	175
124734	175
124757	175
124792	175
124816	175
124851	175
124875	175
124910	175
124933	175
124968	175
124992	175
125027	175
125050	175
125085	175
125109	175
125144	175
125167	175
125203	175
125226	175
125261	175
125296	175
125332	175
125355	175
125390	175
125414	175
125449	175
125472	175
125507	175
125531	175
125566	175
125601	175
125625	175
125660	175
125695	175
125718	175
125753	175
125777	175
125812	175
125835	175
125871	175
125894	175
125929	175
125953	175
125988	175
126023	175
126058	175
126082	175
126117	175
126152	175
126175	176
126210	176
126234	176
126269	176
126304	176
126328	176
126363	176
126398	176
126421	176
126457	176
126492	176
126515	176
126550	176
126585	176
126609	176
126644	176
126667	176
126703	176
126726	176
126761	176
126796	176
126832	176
126867	176
126890	176
126925	176
126960	176
126996	176
127031	176
127054	176
127089	176
127113	176
127148	176
127183	176
127218	176
127242	176
127277	176
127300	176
127335	176
127359	176
127382	176
127417	176
127441	176
127476	176
127500	176
127535	176
127558	176
127593	176
127617	176
127652	176
127687	176
127710	177
127746	177
127781	177
127804	177
127839	177
127875	177
127910	177
127945	177
127980	177
128003	177
128039	177
128062	177
128097	177
128132	177
128156	177
128191	177
128214	177
128250	177
128273	177
128308	177
128332	177
128367	177
128402	177
128425	177
128460	177
128484	177
128519	177
128542	177
128578	177
128613	177
128648	177
128683	177
128718	177
128742	177
128777	177
128800	177
128835	177
128871	177
128894	177
128929	177
128964	177
128988	177
129023	177
129046	177
129082	177
129117	177
129140	177
129175	177
129199	177
129234	177
129269	178
129292	178
129328	178
129363	178
129398	178
129433	178
129468	178
129503	178
129527	178
129562	178
129585	178
129621	178
129644	178
129679	178
129714	178
129738	178
129761	178
129796	178
129820	178
129855	178
129890	178
129914	178
129937	178
129972	178
129996	178
130031	178
130054	178
130089	178
130125	178
130160	178
130207	178
130230	178
130265	178
130289	178
130324	178
130359	178
130394	178
130429	178
130453	178
130488	178
130511	178
130546	178
130570	178
130605	178
130640	178
130664	178
130699	178
130722	178
130746	178
130781	178
130804	179
130839	179
130863	179
130898	179
130933	179
130968	179
131003	179
131027	179
131062	179
131097	179
131121	179
131156	179
131179	179
131214	179
131250	179
131285	179
131308	179
131343	179
131378	179
131402	179
131437	179
131460	179
131496	179
131519	179
131554	179
131578	179
131613	179
131648	179
131683	179
131718	179
131742	179
131777	179
131812	179
131835	179
131871	179
131894	179
131929	179
131964	179
131988	179
132023	179
132046	179
132082	179
132117	179
132140	179
132175	179
132199	179
132222	179
132246	179
132281	179
132316	179
132339	180
132375	180
132410	180
132445	180
132468	180
132503	180
132539	180
132562	180
132609	180
132632	180
132667	180
132703	180
132726	180
132761	180
132796	180
132832	180
132867	180
132890	180
132925	180
132960	180
132984	180
133019	180
133042	180
133078	180
133101	180
133136	180
133171	180
133207	180
133230	180
133265	180
133300	180
133324	180
133359	180
133394	180
133417	180
133453	180
133476	180
133511	180
133546	180
133582	180
133605	180
133640	180
133675	180
133699	180
133722	180
133757	180
133781	180
133816	180
133851	180
133875	180
133910	181
133933	181
133968	181
134003	181
134027	181
134062	181
134097	181
134121	181
134156	181
134179	181
134214	181
134250	181
134285	181
134320	181
134355	181
134378	181
134414	181
134437	181
134472	181
134496	181
134531	181
134554	181
134589	181
134625	181
134648	181
134683	181
134707	181
134742	181
134777	181
134800	181
134835	181
134871	181
134894	181
134929	181
134953	181
134988	181
135023	181
135058	181
135093	181
135117	181
135152	181
135187	181
135210	181
135246	181
135269	181
135304	181
135328	181
135363	181
135386	181
135421	181
135445	182
135480	182
135515	182
135539	182
135574	182
135597	182
135632	182
135656	182
135691	182
135726	182
135761	182
135796	182
135832	182
135855	182
135890	182
135925	182
135949	182
135984	182
136007	182
136042	182
136066	182
136101	182
136125	182
136160	182
136195	182
136218	182
136253	182
136289	182
136312	182
136347	182
136371	182
136406	182
136441	182
136464	182
136500	182
136535	182
136570	182
136605	182
136640	182
136664	182
136699	182
136722	182
136757	182
136781	182
136816	182
136839	182
136875	182
136898	182
136933	182
136957	182
136992	183
137027	183
137050	183
137085	183
137109	183
137144	183
137167	183
137203	183
137238	183
137261	183
137296	183
137332	183
137367	183
137390	183
137425	183
137460	183
137484	183
137519	183
137542	183
137578	183
137613	183
137636	183
137671	183
137707	183
137730	183
137765	183
137800	183
137824	183
137859	183
137882	183
137917	183
137941	183
137976	183
138011	183
138046	183
138070	183
138105	183
138140	183
138164	183
138199	183
138234	183
138257	183
138292	183
138316	183
138351	183
138386	183
138421	183
138445	183
138480	183
138515	183
138539	184
138574	184
138609	184
138632	184
138667	184
138691	184
138726	184
138761	184
138796	184
138832	184
138855	184
138890	184
138925	184
138949	184
138996	184
139019	184
139054	184
139078	184
139113	184
139148	184
139183	184
139207	184
139242	184
139277	184
139300	184
139324	184
139359	184
139382	184
139406	184
139441	184
139464	184
139500	184
139523	184
139558	184
139593	184
139617	184
139652	184
139675	184
139710	184
139746	184
139769	184
139804	184
139828	184
139863	184
139898	184
139945	184
139968	184
140003	184
140027	184
140062	184
140097	185
140121	185
140144	185
140179	185
140214	185
140238	185
140273	185
140296	185
140332	185
140367	185
140390	185
140425	185
140449	185
140484	185
140507	185
140542	185
140566	185
140601	185
140636	185
140671	185
140707	185
140742	185
140777	185
140800	185
140835	185
140871	185
140894	185
140929	185
140953	185
140988	185
141023	185
141046	185
141082	185
141117	185
141140	185
141175	185
141199	185
141234	185
141269	185
141292	185
141328	185
141363	185
141398	185
141433	185
141468	185
141503	185
141527	185
141562	185
141597	185
141621	185
141656	186
141679	186
141714	186
141738	186
141773	186
141796	186
141820	186
141855	186
141890	186
141914	186
141949	186
141972	186
141996	186
142031	186
142054	186
142089	186
142125	186
142160	186
142195	186
142230	186
142265	186
142289	186
142324	186
142359	186
142394	186
142417	186
142453	186
142476	186
142511	186
142546	186
142570	186
142605	186
142628	186
142664	186
142687	186
142710	186
142746	186
142769	186
142804	186
142828	186
142863	186
142898	186
142933	186
142957	186
142992	186
143027	186
143050	186
143085	186
143121	186
143156	186
143179	187
143214	187
143238	187
143273	187
143308	187
143343	187
143367	187
143402	187
143425	187
143460	187
143484	187
143519	187
143542	187
143578	187
143613	187
143636	187
143671	187
143707	187
143742	187
143765	187
143800	187
143824	187
143859	187
143882	187
143917	187
143953	187
143976	187
144011	187
144035	187
144070	187
144093	187
144128	187
144152	187
144187	187
144210	187
144234	187
144257	187
144292	187
144316	187
144351	187
144375	187
144410	187
144445	187
144480	187
144503	187
144539	187
144562	187
144597	187
144632	187
144667	187
144691	188
144726	188
144761	188
144796	188
144820	188
144855	188
144890	188
144914	188
144949	188
144972	188
144996	188
145031	188
145066	188
145089	188
145125	188
145148	188
145183	188
145218	188
145242	188
145277	188
145312	188
145335	188
145371	188
145394	188
145429	188
145453	188
145488	188
145523	188
145546	188
145582	188
145617	188
145640	188
145675	188
145699	188
145722	188
145757	188
145781	188
145816	188
145839	188
145875	188
145898	188
145933	188
145957	188
145992	188
146027	188
146050	188
146085	188
146109	188
146144	188
146167	188
146203	189
146226	189
146261	189
146296	189
146332	189
146355	189
146390	189
146414	189
146449	189
146472	189
146507	189
146531	189
146566	189
146589	189
146625	189
146648	189
146683	189
146707	189
146742	189
146765	189
146800	189
146824	189
146859	189
146882	189
146917	189
146941	189
146976	189
147000	189
147035	189
147070	189
147105	189
147128	189
147164	189
147187	189
147222	189
147246	189
147281	189
147304	189
147339	189
147363	189
147398	189
147421	189
147457	189
147480	189
147515	189
147539	189
147574	189
147597	189
147632	189
147656	189
147691	190
147726	190
147750	190
147785	190
147820	190
147855	190
147890	190
147914	190
147949	190
147972	190
147996	190
148031	190
148054	190
148089	190
148125	190
148148	190
148183	190
148207	190
148242	190
148265	190
148300	190
148324	190
148359	190
148394	190
148417	190
148453	190
148476	190
148511	190
148546	190
148582	190
148617	190
148640	190
148675	190
148699	190
148734	190
148757	190
148781	190
148816	190
148851	190
148875	190
148910	190
148933	190
148968	190
148992	190
149027	190
149050	190
149085	190
149109	190
149144	190
149167	190
149203	191
149226	191
149261	191
149296	191
149332	191
149355	191
149390	191
149414	191
149449	191
149484	191
149507	191
149542	191
149566	191
149601	191
149636	191
149660	191
149695	191
149730	191
149753	191
149789	191
149812	191
149847	191
149871	191
149906	191
149929	191
149964	191
149988	191
150023	191
150058	191
150093	191
150117	191
150152	191
150187	191
150210	191
150246	191
150269	191
150304	191
150328	191
150363	191
150398	191
150433	191
150457	191
150492	191
150527	191
150550	191
150585	191
150609	191
150644	191
150667	191
150703	191
150726	192
150761	192
150796	192
150832	192
150867	192
150890	192
150925	192
150960	192
150996	192
151031	192
151054	192
151089	192
151113	192
151148	192
151183	192
151218	192
151242	192
151277	192
151300	192
151335	192
151359	192
151382	192
151406	192
151441	192
151476	192
151500	192
151535	192
151558	192
151593	192
151617	192
151652	192
151687	192
151710	192
151746	192
151781	192
151804	192
151839	192
151875	192
151910	192
151945	192
151980	192
152003	192
152039	192
152074	192
152097	192
152132	192
152156	192
152191	192
152214	192
152250	192
152285	193
152308	193
152343	193
152367	193
152402	193
152437	193
152460	193
152496	193
152519	193
152554	193
152578	193
152613	193
152648	193
152695	193
152718	193
152753	193
152789	193
152812	193
152847	193
152882	193
152906	193
152941	193
152964	193
153000	193
153035	193
153058	193
153093	193
153128	193
153152	193
153187	193
153210	193
153246	193
153281	193
153304	193
153339	193
153375	193
153410	193
153445	193
153480	193
153515	193
153539	193
153574	193
153609	193
153632	193
153667	193
153691	193
153726	193
153750	193
153785	193
153808	193
153843	194
153867	194
153902	194
153937	194
153960	194
153984	194
154019	194
154042	194
154078	194
154113	194
154148	194
154195	194
154218	194
154253	194
154289	194
154312	194
154359	194
154382	194
154417	194
154453	194
154476	194
154511	194
154535	194
154570	194
154605	194
154628	194
154664	194
154687	194
154710	194
154746	194
154769	194
154804	194
154828	194
154863	194
154898	194
154933	194
154968	194
154992	194
155027	194
155050	194
155085	194
155121	194
155156	194
155179	194
155214	194
155250	194
155273	194
155308	194
155343	194
155367	194
155402	195
155437	195
155460	195
155496	195
155519	195
155554	195
155578	195
155613	195
155648	195
155683	195
155718	195
155742	195
155777	195
155800	195
155835	195
155871	195
155894	195
155929	195
155953	195
155988	195
156023	195
156046	195
156082	195
156105	195
156140	195
156175	195
156199	195
156222	195
156246	195
156281	195
156304	195
156339	195
156375	195
156398	195
156433	195
156468	195
156503	195
156527	195
156562	195
156597	195
156632	195
156667	195
156691	195
156726	195
156761	195
156796	195
156820	195
156855	195
156890	195
156914	195
156949	196
156972	196
157007	196
157031	196
157066	196
157101	196
157125	196
157160	196
157195	196
157218	196
157253	196
157289	196
157312	196
157347	196
157382	196
157406	196
157441	196
157464	196
157500	196
157535	196
157570	196
157593	196
157628	196
157664	196
157687	196
157710	196
157746	196
157769	196
157804	196
157839	196
157863	196
157898	196
157921	196
157957	196
157992	196
158015	196
158050	196
158074	196
158109	196
158144	196
158167	196
158203	196
158226	196
158261	196
158296	196
158332	196
158367	196
158390	196
158425	196
158460	196
158484	197
158507	197
158542	197
158566	197
158601	197
158636	197
158660	197
158695	197
158718	197
158753	197
158789	197
158812	197
158847	197
158871	197
158906	197
158929	197
158964	197
159000	197
159035	197
159070	197
159093	197
159128	197
timepoint: 184.14000000000001