0	0
0	0
0	0
0	0
0	0
0	0
0	0
0	0
0	0
0	0
0	0
0	0
0	0
0	0
0	0
0	0
0	0
0	0
0	0
0	0
0	0
0	0
0	0
0	0
0	0
0	0
0	0
0	0
0	0
0	0
0	0
0	0
0	0
0	0
0	0
0	0
0	0
0	0
0	0
0	0
0	0
0	0
0	0
0	0
0	0
0	0
0	0
0	0
0	0
0	0
0	1
0	1
0	1
0	1
0	1
0	1
0	1
0	1
0	1
0	1
0	1
0	1
0	1
0	1
0	1
0	1
0	1
0	1
0	1
0	1
0	1
0	1
0	1
0	1
0	1
0	1
0	1
0	1
0	1
0	1
0	1
0	1
0	1
0	1
0	1
0	1
0	1
0	1
0	1
0	1
0	1
0	1
0	1
0	1
0	1
0	1
0	1
0	1
0	1
0	1
0	2
0	2
0	2
0	2
0	2
0	2
0	2
0	2
0	2
0	2
0	2
0	2
0	2
0	2
0	2
0	2
0	2
0	2
0	2
0	2
0	2
0	2
0	2
0	2
0	2
0	2
0	2
0	2
0	2
0	2
0	2
0	2
0	2
0	2
0	2
0	2
0	2
0	2
0	2
0	2
0	2
0	2
0	2
0	2
0	2
0	2
0	2
0	2
0	2
0	2
0	3
0	3
0	3
0	3
0	3
0	3
0	3
0	3
0	3
0	3
0	3
0	3
0	3
0	3
0	3
0	3
0	3
0	3
0	3
0	3
0	3
0	3
0	3
0	3
0	3
0	3
0	3
0	3
0	3
0	3
0	3
0	3
0	3
0	3
0	3
0	3
0	3
0	3
0	3
0	3
0	3
0	3
0	3
0	3
0	3
0	3
0	3
0	3
0	3
0	3
0	4
0	4
0	4
0	4
0	4
0	4
0	4
0	4
0	4
0	4
0	4
0	4
0	4
0	4
0	4
0	4
0	4
0	4
0	4
0	4
0	4
0	4
0	4
0	4
0	4
0	4
0	4
0	4
0	4
0	4
0	4
0	4
0	4
0	4
0	4
0	4
0	4
0	4
0	4
0	4
0	4
0	4
0	4
0	4
0	4
0	4
0	4
0	4
0	4
0	4
11	5
11	5
11	5
11	5
11	5
11	5
11	5
11	5
11	5
11	5
23	5
23	5
23	5
23	5
23	5
23	5
23	5
23	5
23	5
23	5
23	5
23	5
23	5
23	5
23	5
23	5
23	5
23	5
23	5
23	5
23	5
23	5
23	5
23	5
23	5
23	5
23	5
23	5
23	5
23	5
23	5
23	5
23	5
23	5
11	5
11	5
11	5
11	5
11	5
11	5
11	6
11	6
11	6
11	6
11	6
11	6
11	6
11	6
11	6
11	6
11	6
11	6
11	6
11	6
11	6
11	6
11	6
11	6
11	6
11	6
11	6
11	6
11	6
11	6
11	6
11	6
11	6
11	6
23	6
23	6
23	6
23	6
23	6
23	6
23	6
23	6
23	6
23	6
23	6
23	6
23	6
23	6
23	6
23	6
23	6
23	6
23	6
23	6
23	6
23	6
23	7
23	7
23	7
23	7
23	7
23	7
23	7
23	7
23	7
23	7
23	7
23	7
23	7
23	7
23	7
23	7
23	7
23	7
23	7
23	7
23	7
23	7
23	7
23	7
23	7
23	7
23	7
23	7
11	7
11	7
11	7
11	7
11	7
11	7
11	7
11	7
11	7
11	7
11	7
11	7
11	7
11	7
11	7
11	7
11	7
11	7
11	7
11	7
23	7
23	7
23	8
23	8
23	8
23	8
23	8
23	8
23	8
23	8
23	8
23	8
23	8
23	8
23	8
23	8
23	8
23	8
23	8
23	8
23	8
23	8
23	8
23	8
23	8
23	8
23	8
23	8
23	8
23	8
23	8
23	8
23	8
23	8
23	8
23	8
23	8
23	8
23	8
23	8
23	8
23	8
23	8
23	8
23	8
23	8
23	8
23	8
23	8
23	8
23	8
23	8
23	9
23	9
23	9
23	9
23	9
23	9
23	9
23	9
23	9
23	9
23	9
23	9
23	9
23	9
23	9
23	9
23	9
23	9
23	9
23	9
23	9
23	9
23	9
23	9
23	9
23	9
23	9
23	9
23	9
23	9
23	9
23	9
23	9
23	9
23	9
23	9
23	9
23	9
23	9
23	9
23	9
23	9
23	9
23	9
23	9
23	9
23	9
23	9
23	9
23	9
23	10
23	10
23	10
23	10
23	10
23	10
23	10
23	10
23	10
23	10
23	10
23	10
23	10
23	10
23	10
23	10
23	10
23	10
23	10
23	10
23	10
23	10
23	10
23	10
23	10
23	10
23	10
23	10
23	10
23	10
23	10
23	10
23	10
23	10
23	10
23	10
23	10
23	10
23	10
23	10
23	10
23	10
23	10
23	10
23	10
23	10
23	10
23	10
23	10
23	10
23	11
23	11
23	11
23	11
23	11
23	11
23	11
23	11
23	11
23	11
23	11
23	11
23	11
23	11
23	11
23	11
23	11
23	11
23	11
23	11
23	11
23	11
23	11
23	11
23	11
23	11
23	11
23	11
23	11
23	11
23	11
23	11
23	11
23	11
23	11
23	11
23	11
23	11
23	11
23	11
23	11
23	11
23	11
23	11
23	11
23	11
23	11
23	11
23	11
23	11
23	12
23	12
23	12
23	12
23	12
23	12
23	12
23	12
23	12
23	12
23	12
23	12
23	12
23	12
23	12
23	12
23	12
23	12
23	12
23	12
23	12
23	12
23	12
23	12
23	12
23	12
23	12
23	12
23	12
23	12
23	12
23	12
23	12
23	12
23	12
23	12
23	12
23	12
23	12
23	12
23	12
23	12
23	12
23	12
23	12
23	12
23	12
23	12
23	12
23	12
23	13
23	13
23	13
23	13
23	13
23	13
23	13
23	13
23	13
23	13
23	13
23	13
23	13
23	13
23	13
23	13
23	13
23	13
23	13
23	13
23	13
23	13
23	13
23	13
23	13
23	13
23	13
23	13
23	13
23	13
23	13
23	13
23	13
23	13
23	13
23	13
23	13
23	13
23	13
23	13
23	13
23	13
23	13
23	13
23	13
23	13
23	13
23	13
23	13
23	13
23	14
23	14
23	14
23	14
23	14
23	14
23	14
23	14
23	14
23	14
23	14
23	14
23	14
23	14
23	14
23	14
23	14
23	14
23	14
23	14
23	14
23	14
23	14
23	14
23	14
23	14
23	14
23	14
23	14
23	14
23	14
23	14
23	14
23	14
23	14
23	14
23	14
23	14
23	14
23	14
23	14
23	14
23	14
23	14
23	14
23	14
23	14
23	14
23	14
23	14
23	15
23	15
23	15
23	15
23	15
23	15
23	15
23	15
23	15
23	15
23	15
23	15
23	15
23	15
23	15
23	15
23	15
23	15
23	15
23	15
23	15
23	15
23	15
23	15
23	15
23	15
23	15
23	15
23	15
23	15
23	15
23	15
23	15
23	15
23	15
23	15
23	15
23	15
23	15
23	15
23	15
23	15
23	15
23	15
23	15
23	15
23	15
23	15
23	15
23	15
23	16
23	16
23	16
23	16
23	16
23	16
23	16
23	16
23	16
23	16
23	16
23	16
23	16
23	16
23	16
23	16
23	16
23	16
23	16
23	16
23	16
23	16
23	16
23	16
23	16
23	16
23	16
23	16
23	16
23	16
23	16
23	16
23	16
23	16
23	16
23	16
23	16
23	16
23	16
23	16
23	16
23	16
23	16
23	16
23	16
23	16
23	16
23	16
23	16
23	16
23	17
23	17
23	17
23	17
23	17
23	17
23	17
23	17
23	17
23	17
23	17
23	17
23	17
23	17
23	17
23	17
23	17
23	17
23	17
23	17
23	17
23	17
23	17
23	17
23	17
23	17
23	17
23	17
23	17
23	17
23	17
23	17
23	17
23	17
23	17
23	17
23	17
23	17
23	17
23	17
23	17
23	17
23	17
23	17
23	17
23	17
23	17
23	17
23	17
23	17
23	18
23	18
23	18
23	18
23	18
23	18
23	18
23	18
23	18
23	18
23	18
23	18
23	18
23	18
23	18
23	18
23	18
23	18
23	18
23	18
23	18
23	18
23	18
23	18
23	18
23	18
23	18
23	18
23	18
23	18
23	18
23	18
23	18
23	18
23	18
23	18
23	18
23	18
23	18
23	18
23	18
23	18
23	18
23	18
23	18
23	18
23	18
23	18
23	18
23	18
23	19
23	19
23	19
23	19
23	19
23	19
23	19
23	19
23	19
23	19
23	19
23	19
23	19
23	19
23	19
23	19
23	19
23	19
23	19
23	19
23	19
23	19
23	19
23	19
23	19
23	19
23	19
23	19
23	19
23	19
23	19
23	19
23	19
23	19
23	19
23	19
23	19
23	19
23	19
23	19
23	19
23	19
23	19
23	19
23	19
23	19
23	19
23	19
23	19
23	19
23	20
23	20
23	20
23	20
23	20
23	20
23	20
23	20
23	20
23	20
23	20
23	20
23	20
23	20
23	20
23	20
23	20
23	20
23	20
23	20
23	20
23	20
23	20
23	20
23	20
23	20
23	20
23	20
23	20
23	20
23	20
23	20
23	20
23	20
23	20
23	20
23	20
23	20
23	20
23	20
23	20
23	20
23	20
23	20
23	20
23	20
23	20
23	20
23	20
23	20
23	21
23	21
23	21
23	21
23	21
23	21
23	21
23	21
23	21
23	21
23	21
23	21
23	21
23	21
23	21
23	21
23	21
23	21
23	21
23	21
23	21
23	21
23	21
23	21
23	21
23	21
23	21
23	21
23	21
23	21
23	21
23	21
23	21
23	21
23	21
23	21
23	21
23	21
23	21
23	21
23	21
23	21
23	21
23	21
23	21
23	21
23	21
23	21
23	21
23	21
23	22
23	22
23	22
23	22
23	22
23	22
23	22
23	22
23	22
23	22
23	22
23	22
23	22
23	22
23	22
23	22
23	22
23	22
23	22
23	22
23	22
23	22
23	22
23	22
23	22
23	22
23	22
23	22
23	22
23	22
23	22
23	22
23	22
23	22
23	22
23	22
23	22
23	22
23	22
23	22
23	22
23	22
23	22
23	22
23	22
23	22
23	22
23	22
23	22
23	22
23	23
23	23
23	23
23	23
23	23
23	23
23	23
23	23
23	23
23	23
23	23
23	23
23	23
23	23
23	23
23	23
23	23
23	23
23	23
23	23
23	23
23	23
23	23
23	23
23	23
23	23
23	23
23	23
23	23
23	23
23	23
23	23
23	23
23	23
23	23
23	23
23	23
23	23
23	23
23	23
23	23
23	23
23	23
23	23
23	23
23	23
23	23
23	23
23	23
23	23
23	24
23	24
23	24
23	24
23	24
23	24
23	24
23	24
23	24
23	24
23	24
23	24
23	24
23	24
23	24
23	24
23	24
23	24
23	24
23	24
23	24
23	24
23	24
23	24
23	24
23	24
23	24
23	24
23	24
23	24
23	24
23	24
23	24
23	24
23	24
23	24
23	24
23	24
23	24
23	24
23	24
23	24
23	24
23	24
23	24
23	24
23	24
23	24
23	24
23	24
23	25
23	25
23	25
23	25
23	25
23	25
23	25
23	25
23	25
23	25
23	25
23	25
23	25
23	25
23	25
23	25
23	25
23	25
23	25
23	25
23	25
23	25
23	25
23	25
23	25
23	25
23	25
23	25
23	25
23	25
23	25
23	25
23	25
23	25
23	25
23	25
23	25
23	25
23	25
23	25
23	25
23	25
23	25
23	25
23	25
23	25
23	25
23	25
23	25
23	25
23	26
23	26
23	26
23	26
23	26
23	26
23	26
23	26
23	26
23	26
23	26
23	26
23	26
23	26
23	26
23	26
23	26
23	26
23	26
23	26
23	26
23	26
23	26
23	26
23	26
23	26
23	26
23	26
23	26
23	26
23	26
23	26
23	26
23	26
23	26
23	26
23	26
23	26
23	26
23	26
23	26
23	26
23	26
23	26
23	26
23	26
23	26
23	26
23	26
23	26
23	27
23	27
23	27
23	27
23	27
23	27
23	27
23	27
23	27
23	27
23	27
23	27
23	27
23	27
23	27
23	27
23	27
23	27
23	27
23	27
23	27
23	27
23	27
23	27
23	27
23	27
23	27
23	27
23	27
23	27
23	27
23	27
23	27
23	27
23	27
23	27
23	27
23	27
23	27
23	27
23	27
23	27
23	27
23	27
23	27
23	27
23	27
23	27
23	27
23	27
23	28
23	28
23	28
23	28
23	28
23	28
23	28
23	28
23	28
23	28
23	28
23	28
23	28
23	28
23	28
23	28
23	28
23	28
23	28
23	28
23	28
23	28
23	28
23	28
23	28
23	28
23	28
23	28
23	28
23	28
23	28
23	28
23	28
23	28
23	28
23	28
23	28
23	28
23	28
23	28
23	28
23	28
23	28
23	28
23	28
23	28
23	28
23	28
23	28
23	28
23	29
23	29
23	29
23	29
23	29
23	29
23	29
23	29
23	29
23	29
23	29
23	29
23	29
23	29
23	29
23	29
23	29
23	29
23	29
23	29
23	29
23	29
23	29
23	29
23	29
23	29
23	29
23	29
23	29
23	29
23	29
23	29
23	29
23	29
23	29
23	29
23	29
23	29
23	29
23	29
23	29
23	29
23	29
23	29
23	29
23	29
23	29
23	29
23	29
23	29
23	30
23	30
23	30
23	30
23	30
23	30
23	30
23	30
23	30
23	30
23	30
23	30
23	30
23	30
23	30
23	30
23	30
23	30
23	30
23	30
23	30
23	30
23	30
23	30
23	30
23	30
23	30
23	30
23	30
23	30
23	30
23	30
23	30
23	30
23	30
23	30
23	30
23	30
23	30
23	30
23	30
23	30
23	30
23	30
23	30
23	30
23	30
23	30
23	30
23	30
23	31
23	31
23	31
23	31
23	31
23	31
23	31
23	31
23	31
23	31
23	31
23	31
23	31
23	31
23	31
23	31
23	31
23	31
23	31
23	31
23	31
23	31
23	31
23	31
23	31
23	31
23	31
23	31
23	31
23	31
23	31
23	31
23	31
23	31
23	31
23	31
23	31
23	31
23	31
23	31
23	31
23	31
23	31
23	31
23	31
23	31
23	31
23	31
23	31
23	31
23	32
23	32
23	32
23	32
23	32
23	32
23	32
23	32
23	32
23	32
23	32
23	32
23	32
23	32
23	32
23	32
23	32
23	32
23	32
23	32
23	32
23	32
23	32
23	32
23	32
23	32
23	32
23	32
23	32
35	32
35	32
35	32
35	32
35	32
35	32
35	32
35	32
35	32
35	32
35	32
35	32
35	32
35	32
35	32
35	32
35	32
35	32
35	32
35	32
35	32
35	33
35	33
35	33
35	33
35	33
35	33
35	33
35	33
35	33
35	33
35	33
35	33
35	33
35	33
35	33
35	33
35	33
46	33
46	33
46	33
46	33
46	33
46	33
46	33
46	33
46	33
46	33
46	33
46	33
46	33
46	33
46	33
46	33
46	33
58	33
58	33
58	33
58	33
58	33
58	33
58	33
58	33
58	33
58	33
58	33
58	33
58	33
58	33
58	33
58	33
70	34
70	34
70	34
70	34
70	34
70	34
70	34
70	34
70	34
70	34
70	34
70	34
82	34
82	34
82	34
82	34
82	34
82	34
82	34
82	34
82	34
82	34
82	34
82	34
82	34
93	34
93	34
93	34
93	34
93	34
93	34
93	34
93	34
93	34
93	34
93	34
93	34
93	34
105	34
105	34
105	34
105	34
105	34
105	34
105	34
105	34
105	34
117	34
117	34
117	34
117	35
117	35
117	35
117	35
117	35
117	35
128	35
128	35
128	35
128	35
128	35
128	35
128	35
128	35
128	35
140	35
140	35
140	35
140	35
140	35
140	35
140	35
140	35
152	35
152	35
152	35
152	35
152	35
152	35
152	35
152	35
152	35
152	35
164	35
164	35
164	35
164	35
164	35
164	35
164	35
164	35
164	35
164	35
175	35
175	35
175	35
175	35
175	35
175	35
175	35
175	36
175	36
187	36
187	36
187	36
187	36
187	36
187	36
187	36
187	36
187	36
187	36
199	36
199	36
199	36
199	36
199	36
199	36
199	36
199	36
199	36
210	36
210	36
210	36
210	36
210	36
210	36
210	36
210	36
222	36
222	36
222	36
222	36
222	36
222	36
222	36
222	36
234	36
234	36
234	36
234	36
234	36
234	36
246	36
246	36
246	36
246	36
246	36
246	36
246	36
257	37
257	37
257	37
257	37
257	37
257	37
257	37
269	37
269	37
269	37
269	37
269	37
269	37
281	37
281	37
281	37
281	37
281	37
281	37
281	37
292	37
292	37
292	37
292	37
292	37
292	37
304	37
304	37
304	37
304	37
304	37
304	37
304	37
316	37
316	37
316	37
316	37
316	37
316	37
328	37
328	37
328	37
328	37
328	37
328	37
339	37
339	37
339	37
339	37
339	37
351	38
351	38
351	38
351	38
351	38
363	38
363	38
363	38
363	38
363	38
363	38
375	38
375	38
375	38
375	38
375	38
386	38
386	38
386	38
386	38
386	38
398	38
398	38
398	38
398	38
398	38
410	38
410	38
410	38
410	38
421	38
421	38
421	38
421	38
421	38
433	38
433	38
433	38
433	38
433	38
445	38
445	38
445	38
445	38
445	38
445	38
457	38
457	38
457	38
457	38
457	39
468	39
468	39
468	39
468	39
468	39
480	39
480	39
480	39
480	39
480	39
480	39
492	39
492	39
492	39
492	39
492	39
503	39
503	39
503	39
503	39
503	39
515	39
515	39
515	39
515	39
515	39
527	39
527	39
527	39
527	39
527	39
539	39
539	39
539	39
539	39
550	39
550	39
550	39
550	39
562	39
562	39
562	39
562	39
574	39
574	39
574	39
574	39
585	39
585	39
585	40
585	40
597	40
597	40
597	40
597	40
609	40
609	40
609	40
609	40
609	40
621	40
621	40
621	40
621	40
621	40
632	40
632	40
632	40
632	40
632	40
644	40
644	40
644	40
644	40
644	40
656	40
656	40
656	40
656	40
656	40
667	40
667	40
667	40
667	40
667	40
679	40
679	40
679	40
679	40
691	40
691	40
691	40
691	40
703	40
703	40
703	40
703	40
703	40
714	40
714	41
714	41
714	41
726	41
726	41
726	41
726	41
738	41
738	41
738	41
750	41
750	41
750	41
750	41
761	41
761	41
761	41
761	41
773	41
773	41
773	41
773	41
785	41
785	41
785	41
785	41
796	41
796	41
796	41
796	41
808	41
808	41
808	41
808	41
820	41
820	41
820	41
820	41
820	41
832	41
832	41
832	41
832	41
843	41
843	41
843	41
843	41
855	41
855	41
855	41
855	42
855	42
867	42
867	42
867	42
867	42
878	42
878	42
878	42
878	42
878	42
890	42
890	42
890	42
890	42
890	42
902	42
902	42
902	42
902	42
902	42
914	42
914	42
914	42
914	42
914	42
925	42
925	42
925	42
925	42
925	42
937	42
937	42
937	42
937	42
949	42
949	42
949	42
949	42
949	42
960	42
960	42
960	42
960	42
960	42
972	42
972	42
972	42
972	42
984	42
984	43
984	43
984	43
996	43
996	43
996	43
996	43
1007	43
1007	43
1007	43
1007	43
1007	43
1019	43
1019	43
1019	43
1019	43
1031	43
1031	43
1031	43
1031	43
1042	43
1042	43
1042	43
1042	43
1054	43
1054	43
1054	43
1054	43
1066	43
1066	43
1066	43
1066	43
1078	43
1078	43
1078	43
1078	43
1078	43
1089	43
1089	43
1089	43
1089	43
1101	43
1101	43
1101	43
1101	43
1113	43
1113	43
1113	43
1113	43
1113	43
1125	44
1125	44
1125	44
1125	44
1136	44
1136	44
1136	44
1136	44
1148	44
1148	44
1148	44
1148	44
1148	44
1160	44
1160	44
1160	44
1160	44
1171	44
1171	44
1171	44
1171	44
1183	44
1183	44
1183	44
1183	44
1195	44
1195	44
1195	44
1195	44
1207	44
1207	44
1207	44
1207	44
1218	44
1218	44
1218	44
1218	44
1230	44
1230	44
1230	44
1230	44
1242	44
1242	44
1242	44
1242	44
1253	44
1253	44
1253	44
1253	44
1265	44
1265	45
1265	45
1265	45
1277	45
1277	45
1277	45
1277	45
1289	45
1289	45
1289	45
1289	45
1289	45
1300	45
1300	45
1300	45
1300	45
1312	45
1312	45
1312	45
1312	45
1324	45
1324	45
1324	45
1324	45
1324	45
1335	45
1335	45
1335	45
1335	45
1347	45
1347	45
1347	45
1347	45
1359	45
1359	45
1359	45
1359	45
1359	45
1371	45
1371	45
1371	45
1371	45
1371	45
1382	45
1382	45
1382	45
1382	45
1394	45
1394	45
1394	45
1394	46
1406	46
1406	46
1406	46
1406	46
1406	46
1417	46
1417	46
1417	46
1417	46
1429	46
1429	46
1429	46
1429	46
1441	46
1441	46
1441	46
1441	46
1453	46
1453	46
1453	46
1464	46
1464	46
1464	46
1464	46
1476	46
1476	46
1476	46
1476	46
1488	46
1488	46
1488	46
1488	46
1500	46
1500	46
1500	46
1500	46
1511	46
1511	46
1511	46
1523	46
1523	46
1523	46
1523	46
1523	46
1535	46
1535	46
1535	46
1535	46
1546	46
1546	47
1546	47
1546	47
1558	47
1558	47
1558	47
1558	47
1570	47
1570	47
1570	47
1570	47
1570	47
1582	47
1582	47
1582	47
1582	47
1593	47
1593	47
1593	47
1593	47
1605	47
1605	47
1605	47
1605	47
1617	47
1617	47
1617	47
1617	47
1617	47
1628	47
1628	47
1628	47
1628	47
1640	47
1640	47
1640	47
1640	47
1652	47
1652	47
1652	47
1652	47
1664	47
1664	47
1664	47
1664	47
1675	47
1675	47
1675	47
1675	47
1687	47
1687	48
1687	48
1687	48
1687	48
1699	48
1699	48
1699	48
1699	48
1710	48
1710	48
1710	48
1710	48
1710	48
1722	48
1722	48
1722	48
1722	48
1734	48
1734	48
1734	48
1734	48
1734	48
1746	48
1746	48
1746	48
1746	48
1757	48
1757	48
1757	48
1757	48
1769	48
1769	48
1769	48
1769	48
1781	48
1781	48
1781	48
1781	48
1792	48
1792	48
1792	48
1792	48
1804	48
1804	48
1804	48
1804	48
1816	48
1816	48
1816	48
1816	48
1828	49
1828	49
1828	49
1828	49
1839	49
1839	49
1839	49
1839	49
1851	49
1851	49
1851	49
1851	49
1863	49
1863	49
1863	49
1875	49
1875	49
1875	49
1875	49
1886	49
1886	49
1886	49
1898	49
1898	49
1898	49
1898	49
1910	49
1910	49
1910	49
1921	49
1921	49
1921	49
1921	49
1933	49
1933	49
1933	49
1945	49
1945	49
1945	49
1945	49
1957	49
1957	49
1957	49
1968	49
1968	49
1968	49
1968	49
1980	49
1980	49
1980	49
1980	50
1992	50
1992	50
1992	50
2003	50
2003	50
2003	50
2003	50
2015	50
2015	50
2015	50
2015	50
2027	50
2027	50
2027	50
2039	50
2039	50
2039	50
2039	50
2050	50
2050	50
2050	50
2062	50
2062	50
2062	50
2062	50
2074	50
2074	50
2074	50
2085	50
2085	50
2085	50
2097	50
2097	50
2097	50
2109	50
2109	50
2109	50
2109	50
2121	50
2121	50
2121	50
2132	50
2132	50
2132	50
2144	50
2144	50
2144	50
2144	50
2156	50
2156	51
2156	51
2167	51
2167	51
2167	51
2179	51
2179	51
2179	51
2191	51
2191	51
2191	51
2203	51
2203	51
2203	51
2214	51
2214	51
2214	51
2226	51
2226	51
2226	51
2238	51
2238	51
2238	51
2250	51
2250	51
2250	51
2261	51
2261	51
2261	51
2273	51
2273	51
2273	51
2285	51
2285	51
2285	51
2296	51
2296	51
2296	51
2308	51
2308	51
2308	51
2320	51
2320	51
2320	51
2332	51
2332	51
2332	51
2343	51
2343	51
2343	51
2355	52
2355	52
2355	52
2367	52
2367	52
2367	52
2378	52
2378	52
2378	52
2390	52
2390	52
2390	52
2402	52
2402	52
2402	52
2414	52
2414	52
2414	52
2425	52
2425	52
2425	52
2437	52
2437	52
2437	52
2449	52
2449	52
2449	52
2460	52
2460	52
2460	52
2472	52
2472	52
2472	52
2484	52
2484	52
2484	52
2496	52
2496	52
2496	52
2507	52
2507	52
2507	52
2519	52
2519	52
2519	52
2531	52
2531	52
2531	52
2542	52
2542	52
2542	53
2554	53
2554	53
2554	53
2566	53
2566	53
2566	53
2578	53
2578	53
2578	53
2589	53
2589	53
2589	53
2601	53
2601	53
2601	53
2613	53
2613	53
2613	53
2625	53
2625	53
2636	53
2636	53
2636	53
2648	53
2648	53
2648	53
2660	53
2660	53
2660	53
2671	53
2671	53
2683	53
2683	53
2683	53
2695	53
2695	53
2695	53
2707	53
2707	53
2718	53
2718	53
2718	53
2730	53
2730	53
2742	53
2742	53
2742	53
2753	53
2753	53
2753	54
2765	54
2765	54
2777	54
2777	54
2777	54
2789	54
2789	54
2789	54
2800	54
2800	54
2800	54
2812	54
2812	54
2824	54
2824	54
2824	54
2835	54
2835	54
2835	54
2847	54
2847	54
2859	54
2859	54
2859	54
2871	54
2871	54
2871	54
2882	54
2882	54
2894	54
2894	54
2894	54
2906	54
2906	54
2906	54
2917	54
2917	54
2929	54
2929	54
2929	54
2941	54
2941	54
2953	54
2953	54
2964	54
2964	54
2976	54
2976	54
2976	54
2988	55
2988	55
3000	55
3000	55
3011	55
3011	55
3023	55
3023	55
3035	55
3035	55
3046	55
3046	55
3058	55
3058	55
3058	55
3070	55
3070	55
3082	55
3082	55
3093	55
3093	55
3093	55
3105	55
3105	55
3117	55
3117	55
3117	55
3128	55
3128	55
3140	55
3140	55
3140	55
3152	55
3152	55
3164	55
3164	55
3164	55
3175	55
3175	55
3187	55
3187	55
3187	55
3199	55
3199	55
3210	55
3210	55
3210	55
3222	55
3222	55
3234	55
3234	56
3234	56
3246	56
3246	56
3246	56
3257	56
3257	56
3269	56
3269	56
3281	56
3281	56
3281	56
3292	56
3292	56
3304	56
3304	56
3316	56
3316	56
3328	56
3328	56
3328	56
3339	56
3339	56
3351	56
3351	56
3351	56
3363	56
3363	56
3375	56
3375	56
3386	56
3386	56
3386	56
3398	56
3398	56
3410	56
3410	56
3421	56
3421	56
3421	56
3433	56
3433	56
3445	56
3445	56
3457	56
3457	56
3468	56
3468	56
3468	56
3480	56
3480	57
3492	57
3492	57
3503	57
3503	57
3515	57
3515	57
3515	57
3527	57
3527	57
3539	57
3539	57
3550	57
3550	57
3550	57
3562	57
3562	57
3574	57
3574	57
3585	57
3585	57
3597	57
3597	57
3597	57
3609	57
3609	57
3621	57
3621	57
3632	57
3632	57
3632	57
3644	57
3644	57
3656	57
3656	57
3667	57
3667	57
3679	57
3679	57
3691	57
3691	57
3703	57
3703	57
3714	57
3714	57
3726	57
3726	57
3738	57
3738	57
3750	57
3750	58
3761	58
3761	58
3773	58
3773	58
3785	58
3796	58
3796	58
3808	58
3808	58
3820	58
3820	58
3832	58
3832	58
3843	58
3843	58
3843	58
3855	58
3855	58
3867	58
3867	58
3878	58
3878	58
3890	58
3890	58
3902	58
3902	58
3914	58
3914	58
3925	58
3925	58
3925	58
3937	58
3937	58
3949	58
3949	58
3960	58
3960	58
3972	58
3972	58
3984	58
3984	58
3984	58
3996	58
3996	58
4007	58
4007	58
4019	58
4019	58
4031	58
4031	59
4042	59
4042	59
4054	59
4054	59
4066	59
4066	59
4078	59
4078	59
4089	59
4089	59
4089	59
4101	59
4101	59
4113	59
4113	59
4125	59
4125	59
4136	59
4136	59
4148	59
4148	59
4160	59
4160	59
4171	59
4171	59
4183	59
4183	59
4195	59
4195	59
4207	59
4207	59
4218	59
4218	59
4230	59
4230	59
4242	59
4242	59
4253	59
4253	59
4265	59
4265	59
4277	59
4277	59
4289	59
4289	59
4300	59
4300	59
4312	59
4312	59
4324	60
4324	60
4335	60
4335	60
4347	60
4359	60
4359	60
4371	60
4371	60
4382	60
4382	60
4382	60
4394	60
4394	60
4406	60
4406	60
4417	60
4417	60
4429	60
4429	60
4441	60
4453	60
4453	60
4464	60
4464	60
4476	60
4476	60
4488	60
4500	60
4500	60
4511	60
4511	60
4523	60
4535	60
4535	60
4546	60
4546	60
4558	60
4558	60
4570	60
4582	60
4582	60
4593	60
4593	60
4605	60
4605	60
4617	60
4617	60
4628	60
4628	60
4640	61
4640	61
4652	61
4652	61
4664	61
4664	61
4675	61
4675	61
4687	61
4687	61
4699	61
4699	61
4710	61
4710	61
4722	61
4722	61
4734	61
4734	61
4746	61
4746	61
4757	61
4757	61
4769	61
4781	61
4781	61
4792	61
4792	61
4804	61
4804	61
4816	61
4816	61
4828	61
4828	61
4839	61
4839	61
4851	61
4851	61
4863	61
4863	61
4875	61
4875	61
4886	61
4898	61
4898	61
4910	61
4910	61
4921	61
4921	61
4933	61
4933	61
4945	62
4945	62
4957	62
4968	62
4968	62
4980	62
4980	62
4992	62
4992	62
5003	62
5003	62
5015	62
5015	62
5027	62
5039	62
5039	62
5050	62
5050	62
5062	62
5062	62
5074	62
5074	62
5085	62
5085	62
5097	62
5097	62
5109	62
5121	62
5121	62
5132	62
5132	62
5144	62
5144	62
5156	62
5156	62
5167	62
5179	62
5179	62
5191	62
5191	62
5203	62
5203	62
5214	62
5226	62
5226	62
5238	62
5250	62
5250	62
5261	62
5261	62
5273	63
5285	63
5285	63
5296	63
5308	63
5308	63
5320	63
5320	63
5332	63
5343	63
5343	63
5355	63
5355	63
5367	63
5367	63
5378	63
5390	63
5390	63
5402	63
5402	63
5414	63
5414	63
5425	63
5437	63
5437	63
5449	63
5449	63
5460	63
5472	63
5472	63
5484	63
5484	63
5496	63
5507	63
5507	63
5519	63
5519	63
5531	63
5531	63
5542	63
5554	63
5554	63
5566	63
5566	63
5578	63
5589	63
5589	63
5601	63
5613	63
5613	63
5625	64
5625	64
5636	64
5648	64
5648	64
5660	64
5671	64
5671	64
5683	64
5683	64
5695	64
5707	64
5707	64
5718	64
5730	64
5730	64
5742	64
5742	64
5753	64
5765	64
5765	64
5777	64
5777	64
5789	64
5789	64
5800	64
5812	64
5812	64
5824	64
5824	64
5835	64
5847	64
5847	64
5859	64
5859	64
5871	64
5871	64
5882	64
5894	64
5894	64
5906	64
5906	64
5917	64
5929	64
5929	64
5941	64
5953	64
5953	64
5964	64
5976	64
5976	65
5988	65
6000	65
6000	65
6011	65
6023	65
6023	65
6035	65
6046	65
6046	65
6058	65
6070	65
6070	65
6082	65
6093	65
6093	65
6105	65
6117	65
6117	65
6128	65
6128	65
6140	65
6152	65
6152	65
6164	65
6175	65
6175	65
6187	65
6199	65
6199	65
6210	65
6222	65
6222	65
6234	65
6234	65
6246	65
6257	65
6257	65
6269	65
6281	65
6281	65
6292	65
6304	65
6304	65
6316	65
6328	65
6328	65
6339	65
6351	65
6351	65
6363	66
6375	66
6375	66
6386	66
6398	66
6398	66
6410	66
6421	66
6421	66
6433	66
6445	66
6445	66
6457	66
6468	66
6468	66
6480	66
6492	66
6492	66
6503	66
6515	66
6515	66
6527	66
6539	66
6539	66
6550	66
6562	66
6562	66
6574	66
6585	66
6585	66
6597	66
6609	66
6609	66
6621	66
6621	66
6632	66
6644	66
6644	66
6656	66
6667	66
6667	66
6679	66
6691	66
6703	66
6703	66
6714	66
6726	66
6726	66
6738	66
6750	66
6761	67
6773	67
6773	67
6785	67
6796	67
6808	67
6808	67
6820	67
6832	67
6832	67
6843	67
6855	67
6855	67
6867	67
6878	67
6890	67
6890	67
6902	67
6914	67
6914	67
6925	67
6937	67
6949	67
6960	67
6972	67
6972	67
6984	67
6996	67
6996	67
7007	67
7019	67
7019	67
7031	67
7042	67
7042	67
7054	67
7066	67
7078	67
7078	67
7089	67
7101	67
7113	67
7113	67
7125	67
7136	67
7148	67
7148	67
7160	67
7171	67
7183	67
7183	68
7195	68
7207	68
7218	68
7218	68
7230	68
7242	68
7242	68
7253	68
7265	68
7277	68
7277	68
7289	68
7300	68
7300	68
7312	68
7312	68
7324	68
7335	68
7335	68
7347	68
7347	68
7359	68
7371	68
7382	68
7382	68
7394	68
7406	68
7406	68
7417	68
7429	68
7441	68
7441	68
7453	68
7464	68
7464	68
7476	68
7488	68
7500	68
7500	68
7511	68
7523	68
7523	68
7535	68
7546	68
7558	68
7558	68
7570	68
7582	68
7593	68
7593	69
7605	69
7617	69
7628	69
7628	69
7640	69
7652	69
7664	69
7664	69
7675	69
7687	69
7699	69
7710	69
7710	69
7722	69
7734	69
7746	69
7746	69
7757	69
7769	69
7769	69
7781	69
7792	69
7804	69
7804	69
7816	69
7828	69
7839	69
7851	69
7863	69
7875	69
7886	69
7898	69
7898	69
7910	69
7921	69
7933	69
7945	69
7957	69
7957	69
7968	69
7980	69
7992	69
7992	69
8003	69
8015	69
8027	69
8027	69
8039	69
8050	69
8062	70
8074	70
8074	70
8085	70
8097	70
8109	70
8109	70
8121	70
8132	70
8132	70
8144	70
8156	70
8167	70
8179	70
8179	70
8191	70
8203	70
8214	70
8214	70
8226	70
8238	70
8250	70
8250	70
8261	70
8273	70
8285	70
8285	70
8296	70
8308	70
8320	70
8320	70
8332	70
8343	70
8355	70
8367	70
8367	70
8378	70
8390	70
8402	70
8402	70
8414	70
8425	70
8437	70
8437	70
8449	70
8460	70
8472	70
8472	70
8484	70
8496	70
8507	71
8507	71
8519	71
8531	71
8542	71
8542	71
8554	71
8566	71
8578	71
8589	71
8601	71
8601	71
8613	71
8625	71
8636	71
8648	71
8660	71
8671	71
8683	71
8695	71
8707	71
8707	71
8718	71
8730	71
8742	71
8742	71
8753	71
8765	71
8777	71
8777	71
8789	71
8800	71
8812	71
8824	71
8824	71
8835	71
8847	71
8859	71
8859	71
8871	71
8882	71
8894	71
8894	71
8906	71
8917	71
8929	71
8941	71
8941	71
8953	71
8964	71
8976	72
8976	72
8988	72
9000	72
9011	72
9023	72
9023	72
9035	72
9046	72
9058	72
9058	72
9070	72
9082	72
9093	72
9105	72
9117	72
9117	72
9128	72
9140	72
9152	72
9152	72
9164	72
9175	72
9187	72
9199	72
9210	72
9210	72
9222	72
9234	72
9246	72
9257	72
9257	72
9269	72
9281	72
9292	72
9292	72
9304	72
9316	72
9328	72
9339	72
9351	72
9363	72
9375	72
9386	72
9398	72
9410	72
9421	72
9433	72
9445	72
9457	72
9457	73
9468	73
9480	73
9492	73
9492	73
9503	73
9515	73
9527	73
9539	73
9550	73
9550	73
9562	73
9574	73
9585	73
9597	73
9597	73
9609	73
9621	73
9632	73
9632	73
9644	73
9656	73
9667	73
9679	73
9691	73
9691	73
9703	73
9714	73
9726	73
9726	73
9738	73
9750	73
9761	73
9761	73
9773	73
9785	73
9796	73
9796	73
9808	73
9820	73
9832	73
9843	73
9843	73
9855	73
9867	73
9878	73
9890	73
9902	73
9902	73
9914	73
9925	74
9937	74
9937	74
9949	74
9960	74
9972	74
9984	74
9984	74
9996	74
10007	74
10019	74
10031	74
10031	74
10042	74
10054	74
10066	74
10078	74
10089	74
10101	74
10113	74
10125	74
10136	74
10148	74
10160	74
10171	74
10183	74
10195	74
10207	74
10218	74
10218	74
10230	74
10242	74
10253	74
10265	74
10265	74
10277	74
10289	74
10300	74
10312	74
10324	74
10335	74
10347	74
10359	74
10371	74
10382	74
10382	74
10394	74
10406	74
10417	74
10429	74
10441	75
10441	75
10453	75
10464	75
10476	75
10488	75
10500	75
10500	75
10511	75
10523	75
10535	75
10546	75
10558	75
10558	75
10570	75
10582	75
10593	75
10605	75
10617	75
10628	75
10628	75
10640	75
10652	75
10664	75
10675	75
10675	75
10687	75
10699	75
10699	75
10710	75
10722	75
10734	75
10734	75
10746	75
10757	75
10769	75
10781	75
10792	75
10804	75
10804	75
10816	75
10828	75
10839	75
10851	75
10863	75
10875	75
10886	75
10898	75
10910	75
10921	75
10933	76
10933	76
10945	76
10957	76
10968	76
10980	76
10992	76
11003	76
11003	76
11015	76
11027	76
11039	76
11050	76
11062	76
11074	76
11085	76
11097	76
11109	76
11121	76
11121	76
11132	76
11144	76
11156	76
11167	76
11179	76
11191	76
11191	76
11203	76
11214	76
11226	76
11238	76
11250	76
11261	76
11273	76
11285	76
11296	76
11308	76
11308	76
11320	76
11332	76
11343	76
11355	76
11367	76
11378	76
11390	76
11402	76
11402	76
11414	76
11425	76
11437	76
11449	77
11460	77
11460	77
11472	77
11484	77
11496	77
11507	77
11519	77
11531	77
11542	77
11542	77
11554	77
11566	77
11578	77
11589	77
11601	77
11613	77
11625	77
11636	77
11648	77
11660	77
11671	77
11683	77
11695	77
11707	77
11718	77
11730	77
11742	77
11742	77
11753	77
11765	77
11777	77
11789	77
11800	77
11812	77
11824	77
11835	77
11835	77
11847	77
11859	77
11871	77
11882	77
11894	77
11906	77
11917	77
11929	77
11929	77
11941	77
11953	77
11964	77
11976	78
11988	78
12000	78
12011	78
12023	78
12035	78
12046	78
12046	78
12058	78
12070	78
12082	78
12093	78
12105	78
12117	78
12128	78
12140	78
12152	78
12164	78
12164	78
12175	78
12187	78
12199	78
12199	78
12210	78
12222	78
12234	78
12246	78
12257	78
12257	78
12269	78
12281	78
12292	78
12304	78
12316	78
12328	78
12339	78
12351	78
12363	78
12375	78
12386	78
12398	78
12410	78
12421	78
12433	78
12445	78
12457	78
12468	78
12480	78
12492	78
12503	78
12515	79
12527	79
12539	79
12550	79
12562	79
12574	79
12585	79
12597	79
12609	79
12621	79
12632	79
12644	79
12656	79
12667	79
12679	79
12691	79
12703	79
12703	79
12726	79
12738	79
12750	79
12761	79
12773	79
12785	79
12796	79
12808	79
12820	79
12832	79
12843	79
12855	79
12867	79
12878	79
12890	79
12902	79
12914	79
12914	79
12925	79
12937	79
12949	79
12960	79
12972	79
12984	79
12996	79
13007	79
13019	79
13031	79
13042	79
13054	79
13066	79
13078	79
13089	80
13101	80
13113	80
13125	80
13136	80
13148	80
13160	80
13171	80
13183	80
13195	80
13207	80
13218	80
13230	80
13242	80
13253	80
13265	80
13265	80
13277	80
13289	80
13300	80
13312	80
13324	80
13335	80
13347	80
13359	80
13371	80
13382	80
13394	80
13406	80
13417	80
13429	80
13441	80
13453	80
13464	80
13476	80
13488	80
13500	80
13511	80
13523	80
13535	80
13546	80
13558	80
13570	80
13582	80
13593	80
13605	80
13617	80
13628	80
13640	80
13652	80
13664	81
13675	81
13687	81
13687	81
13699	81
13710	81
13722	81
13734	81
13746	81
13757	81
13769	81
13781	81
13792	81
13804	81
13816	81
13828	81
13839	81
13851	81
13863	81
13875	81
13886	81
13898	81
13910	81
13921	81
13933	81
13945	81
13957	81
13968	81
13980	81
13992	81
14003	81
14015	81
14027	81
14039	81
14050	81
14062	81
14074	81
14085	81
14097	81
14109	81
14121	81
14132	81
14144	81
14156	81
14167	81
14179	81
14191	81
14203	81
14214	81
14226	81
14238	82
14250	82
14261	82
14273	82
14285	82
14296	82
14308	82
14332	82
14343	82
14355	82
14367	82
14367	82
14390	82
14402	82
14414	82
14414	82
14425	82
14437	82
14449	82
14460	82
14472	82
14484	82
14496	82
14507	82
14519	82
14531	82
14542	82
14554	82
14566	82
14578	82
14589	82
14601	82
14613	82
14625	82
14636	82
14648	82
14660	82
14671	82
14683	82
14695	82
14707	82
14718	82
14730	82
14742	82
14753	82
14765	82
14777	82
14789	82
14800	82
14812	82
14824	83
14835	83
14847	83
14859	83
14871	83
14882	83
14894	83
14906	83
14917	83
14929	83
14953	83
14964	83
14976	83
14988	83
15000	83
15011	83
15023	83
15046	83
15058	83
15070	83
15082	83
15093	83
15105	83
15117	83
15128	83
15140	83
15152	83
15164	83
15175	83
15187	83
15199	83
15210	83
15222	83
15234	83
15246	83
15257	83
15269	83
15281	83
15292	83
15304	83
15316	83
15328	83
15339	83
15351	83
15363	83
15375	83
15386	83
15398	83
15410	83
15421	83
15433	84
15445	84
15457	84
15468	84
15480	84
15492	84
15503	84
15515	84
15527	84
15539	84
15550	84
15562	84
15574	84
15585	84
15609	84
15621	84
15632	84
15644	84
15656	84
15667	84
15679	84
15691	84
15703	84
15714	84
15726	84
15738	84
15761	84
15773	84
15785	84
15796	84
15808	84
15820	84
15843	84
15855	84
15867	84
15878	84
15890	84
15902	84
15914	84
15925	84
15937	84
15949	84
15960	84
15972	84
15984	84
15996	84
16007	84
16019	84
16031	84
16042	84
16054	85
16066	85
16078	85
16089	85
16101	85
16113	85
16125	85
16136	85
16148	85
16160	85
16171	85
16183	85
16195	85
16218	85
16230	85
16242	85
16253	85
16265	85
16277	85
16289	85
16300	85
16312	85
16324	85
16335	85
16347	85
16359	85
16371	85
16382	85
16394	85
16417	85
16429	85
16441	85
16453	85
16464	85
16476	85
16488	85
16511	85
16523	85
16535	85
16546	85
16570	85
16582	85
16593	85
16605	85
16617	85
16628	85
16640	85
16652	85
16664	85
16675	85
16687	86
16699	86
16710	86
16722	86
16734	86
16746	86
16757	86
16769	86
16781	86
16804	86
16816	86
16828	86
16839	86
16851	86
16863	86
16875	86
16886	86
16898	86
16910	86
16921	86
16933	86
16945	86
16957	86
16968	86
16980	86
16992	86
17015	86
17027	86
17039	86
17050	86
17062	86
17074	86
17085	86
17097	86
17109	86
17121	86
17132	86
17144	86
17156	86
17167	86
17179	86
17191	86
17214	86
17226	86
17238	86
17250	86
17261	86
17285	86
17296	86
17308	86
17320	87
17332	87
17355	87
17367	87
17378	87
17390	87
17402	87
17414	87
17425	87
17437	87
17460	87
17472	87
17484	87
17496	87
17507	87
17519	87
17531	87
17542	87
17554	87
17578	87
17589	87
17601	87
17613	87
17625	87
17636	87
17660	87
17671	87
17683	87
17695	87
17707	87
17718	87
17730	87
17742	87
17765	87
17777	87
17789	87
17800	87
17812	87
17824	87
17835	87
17847	87
17859	87
17871	87
17882	87
17894	87
17906	87
17929	87
17941	87
17953	87
17964	87
17976	88
17988	88
18011	88
18023	88
18035	88
18046	88
18070	88
18082	88
18093	88
18105	88
18117	88
18128	88
18140	88
18152	88
18175	88
18187	88
18199	88
18210	88
18222	88
18234	88
18246	88
18269	88
18281	88
18292	88
18304	88
18316	88
18328	88
18351	88
18363	88
18375	88
18386	88
18410	88
18421	88
18433	88
18445	88
18457	88
18468	88
18492	88
18503	88
18515	88
18527	88
18539	88
18550	88
18562	88
18585	88
18597	88
18609	88
18621	88
18632	88
18644	88
18656	89
18667	89
18691	89
18703	89
18714	89
18726	89
18750	89
18761	89
18773	89
18785	89
18808	89
18820	89
18832	89
18843	89
18855	89
18878	89
18890	89
18902	89
18914	89
18937	89
18949	89
18960	89
18984	89
18996	89
19007	89
19019	89
19031	89
19042	89
19054	89
19078	89
19089	89
19101	89
19113	89
19136	89
19148	89
19160	89
19183	89
19195	89
19207	89
19218	89
19230	89
19253	89
19265	89
19277	89
19289	89
19300	89
19312	89
19324	89
19335	89
19347	89
19359	90
19371	90
19382	90
19406	90
19417	90
19429	90
19441	90
19453	90
19476	90
19488	90
19500	90
19511	90
19523	90
19535	90
19558	90
19570	90
19582	90
19593	90
19617	90
19628	90
19640	90
19652	90
19664	90
19687	90
19699	90
19710	90
19734	90
19746	90
19757	90
19769	90
19781	90
19792	90
19816	90
19828	90
19839	90
19863	90
19875	90
19898	90
19910	90
19921	90
19945	90
19957	90
19968	90
19980	90
19992	90
20015	90
20027	90
20039	90
20050	90
20062	90
20085	91
20097	91
20109	91
20121	91
20132	91
20156	91
20167	91
20179	91
20191	91
20203	91
20226	91
20238	91
20250	91
20261	91
20273	91
20296	91
20308	91
20320	91
20332	91
20355	91
20367	91
20378	91
20390	91
20402	91
20425	91
20437	91
20449	91
20460	91
20484	91
20496	91
20507	91
20519	91
20531	91
20542	91
20566	91
20578	91
20589	91
20613	91
20625	91
20648	91
20660	91
20683	91
20695	91
20707	91
20730	91
20742	91
20753	91
20765	91
20777	91
20800	91
20812	92
20824	92
20847	92
20859	92
20871	92
20882	92
20894	92
20917	92
20929	92
20941	92
20953	92
20976	92
20988	92
21000	92
21011	92
21023	92
21046	92
21058	92
21070	92
21082	92
21105	92
21117	92
21128	92
21140	92
21164	92
21175	92
21187	92
21210	92
21222	92
21234	92
21257	92
21269	92
21281	92
21292	92
21304	92
21328	92
21339	92
21363	92
21375	92
21398	92
21410	92
21433	92
21445	92
21468	92
21480	92
21492	92
21503	92
21515	92
21539	92
21550	92
21562	93
21585	93
21597	93
21609	93
21621	93
21644	93
21656	93
21667	93
21679	93
21703	93
21714	93
21726	93
21738	93
21750	93
21773	93
21785	93
21796	93
21808	93
21820	93
21843	93
21855	93
21867	93
21890	93
21902	93
21914	93
21925	93
21937	93
21949	93
21972	93
21984	93
21996	93
22007	93
22031	93
22042	93
22054	93
22066	93
22089	93
22101	93
22125	93
22148	93
22160	93
22183	93
22195	93
22207	93
22230	93
22242	93
22253	93
22265	93
22289	93
22300	93
22324	94
22335	94
22359	94
22371	94
22382	94
22394	94
22417	94
22429	94
22441	94
22464	94
22476	94
22488	94
22500	94
22523	94
22535	94
22546	94
22558	94
22582	94
22593	94
22605	94
22628	94
22640	94
22652	94
22664	94
22675	94
22687	94
22710	94
22722	94
22734	94
22746	94
22757	94
22781	94
22792	94
22804	94
22828	94
22839	94
22851	94
22875	94
22886	94
22910	94
22921	94
22933	94
22957	94
22968	94
22980	94
23003	94
23015	94
23027	94
23050	94
23062	94
23074	95
23097	95
23109	95
23121	95
23144	95
23156	95
23167	95
23179	95
23203	95
23214	95
23226	95
23250	95
23261	95
23285	95
23296	95
23308	95
23320	95
23343	95
23355	95
23367	95
23390	95
23402	95
23414	95
23425	95
23449	95
23460	95
23472	95
23496	95
23507	95
23519	95
23531	95
23554	95
23566	95
23578	95
23601	95
23613	95
23636	95
23648	95
23671	95
23683	95
23695	95
23718	95
23730	95
23742	95
23765	95
23777	95
23789	95
23812	95
23824	95
23835	95
23859	96
23871	96
23882	96
23894	96
23917	96
23929	96
23941	96
23964	96
23976	96
23988	96
24011	96
24023	96
24035	96
24046	96
24070	96
24082	96
24093	96
24117	96
24128	96
24140	96
24164	96
24175	96
24187	96
24199	96
24210	96
24222	96
24234	96
24257	96
24269	96
24281	96
24292	96
24316	96
24328	96
24339	96
24363	96
24375	96
24398	96
24410	96
24421	96
24445	96
24457	96
24468	96
24492	96
24503	96
24515	96
24539	96
24550	96
24574	96
24585	96
24609	96
24621	97
24632	97
24656	97
24667	97
24679	97
24703	97
24714	97
24738	97
24750	97
24773	97
24785	97
24796	97
24820	97
24832	97
24843	97
24867	97
24878	97
24890	97
24914	97
24925	97
24937	97
24949	97
24972	97
24984	97
24996	97
25007	97
25031	97
25042	97
25054	97
25078	97
25089	97
25101	97
25125	97
25136	97
25160	97
25171	97
25183	97
25207	97
25218	97
25230	97
25253	97
25265	97
25277	97
25289	97
25312	97
25324	97
25335	97
25359	97
25371	97
25382	97
25406	98
25417	98
25429	98
25453	98
25464	98
25476	98
25500	98
25511	98
25523	98
25546	98
25558	98
25582	98
25593	98
25605	98
25628	98
25640	98
25652	98
25664	98
25687	98
25699	98
25710	98
25722	98
25734	98
25757	98
25769	98
25781	98
25804	98
25816	98
25828	98
25851	98
25863	98
25875	98
25898	98
25910	98
25921	98
25945	98
25957	98
25968	98
25992	98
26003	98
26015	98
26039	98
26050	98
26062	98
26074	98
26097	98
26109	98
26121	98
26144	98
26156	98
26167	99
26191	99
26203	99
26214	99
26238	99
26250	99
26273	99
26285	99
26308	99
26320	99
26343	99
26355	99
26367	99
26390	99
26402	99
26414	99
26425	99
26449	99
26460	99
26472	99
26484	99
26507	99
26519	99
26531	99
26554	99
26566	99
26578	99
26601	99
26613	99
26625	99
26636	99
26660	99
26671	99
26683	99
26707	99
26718	99
26730	99
26753	99
26765	99
26777	99
26800	99
26812	99
26824	99
26847	99
26859	99
26871	99
26882	99
26906	99
26917	99
26929	99
26953	100
26964	100
26988	100
27000	100
27023	100
27035	100
27058	100
27070	100
27093	100
27105	100
27117	100
27140	100
27152	100
27164	100
27187	100
27199	100
27210	100
27222	100
27246	100
27257	100
27269	100
27292	100
27304	100
27316	100
27339	100
27351	100
27363	100
27375	100
27398	100
27410	100
27421	100
27445	100
27457	100
27468	100
27492	100
27503	100
27515	100
27539	100
27550	100
27562	100
27585	100
27597	100
27609	100
27632	100
27644	100
27656	100
27679	100
27691	100
27703	100
27726	100
27738	101
27761	101
27785	101
27796	101
27820	101
27832	101
27843	101
27867	101
27878	101
27890	101
27914	101
27925	101
27937	101
27960	101
27972	101
27984	101
27996	101
28019	101
28031	101
28054	101
28066	101
28078	101
28101	101
28113	101
28125	101
28148	101
28160	101
28171	101
28195	101
28207	101
28218	101
28242	101
28253	101
28277	101
28289	101
28300	101
28324	101
28335	101
28347	101
28371	101
28382	101
28394	101
28417	101
28429	101
28441	101
28464	101
28476	101
28500	101
28523	101
28535	101
28558	102
28570	102
28593	102
28605	102
28617	102
28640	102
28652	102
28664	102
28687	102
28699	102
28710	102
28722	102
28746	102
28757	102
28769	102
28792	102
28804	102
28828	102
28839	102
28851	102
28863	102
28886	102
28898	102
28921	102
28933	102
28945	102
28968	102
28980	102
28992	102
29015	102
29027	102
29039	102
29062	102
29074	102
29085	102
29109	102
29121	102
29132	102
29156	102
29167	102
29179	102
29203	102
29214	102
29238	102
29261	102
29273	102
29296	102
29308	102
29332	102
29343	102
29355	103
29378	103
29390	103
29414	103
29425	103
29437	103
29460	103
29472	103
29496	103
29507	103
29519	103
29542	103
29554	103
29578	103
29589	103
29613	103
29625	103
29648	103
29660	103
29683	103
29695	103
29707	103
29730	103
29742	103
29765	103
29777	103
29789	103
29812	103
29824	103
29835	103
29859	103
29871	103
29894	103
29906	103
29917	103
29941	103
29953	103
29976	103
29988	103
30011	103
30023	103
30046	103
30058	103
30082	103
30093	103
30117	103
30128	103
30152	103
30164	103
30175	103
30199	104
30210	104
30234	104
30246	104
30257	104
30281	104
30292	104
30316	104
30328	104
30351	104
30363	104
30386	104
30398	104
30421	104
30433	104
30457	104
30468	104
30492	104
30503	104
30527	104
30539	104
30550	104
30574	104
30585	104
30609	104
30621	104
30632	104
30656	104
30667	104
30691	104
30703	104
30726	104
30738	104
30761	104
30785	104
30796	104
30820	104
30832	104
30855	104
30867	104
30890	104
30902	104
30925	104
30937	104
30960	104
30984	104
30996	104
31019	104
31031	104
31042	104
31066	105
31078	105
31101	105
31125	105
31136	105
31160	105
31171	105
31195	105
31207	105
31230	105
31242	105
31265	105
31277	105
31289	105
31312	105
31324	105
31335	105
31347	105
31371	105
31382	105
31394	105
31417	105
31429	105
31453	105
31464	105
31488	105
31500	105
31523	105
31535	105
31558	105
31570	105
31593	105
31605	105
31628	105
31640	105
31652	105
31675	105
31699	105
31710	105
31734	105
31746	105
31769	105
31781	105
31804	105
31816	105
31839	105
31851	105
31875	105
31898	105
31921	105
31945	106
31957	106
31980	106
31992	106
32003	106
32027	106
32039	106
32062	106
32074	106
32097	106
32109	106
32132	106
32144	106
32167	106
32179	106
32203	106
32214	106
32238	106
32250	106
32273	106
32285	106
32308	106
32320	106
32343	106
32355	106
32378	106
32390	106
32402	106
32425	106
32437	106
32460	106
32472	106
32496	106
32507	106
32531	106
32542	106
32566	106
32578	106
32601	106
32625	106
32648	106
32660	106
32683	106
32707	106
32718	106
32742	106
32753	106
32765	106
32789	106
32812	106
32824	107
32847	107
32859	107
32882	107
32894	107
32917	107
32929	107
32953	107
32964	107
32988	107
33000	107
33023	107
33035	107
33058	107
33070	107
33093	107
33105	107
33128	107
33140	107
33164	107
33175	107
33199	107
33222	107
33234	107
33257	107
33269	107
33292	107
33304	107
33328	107
33351	107
33363	107
33386	107
33410	107
33433	107
33457	107
33468	107
33492	107
33503	107
33527	107
33539	107
33562	107
33574	107
33597	107
33609	107
33632	107
33644	107
33667	107
33679	107
33703	107
33714	107
33738	108
33750	108
33773	108
33785	108
33796	108
33820	108
33843	108
33855	108
33878	108
33890	108
33914	108
33925	108
33937	108
33960	108
33972	108
33996	108
34007	108
34031	108
34042	108
34066	108
34089	108
34101	108
34125	108
34148	108
34171	108
34195	108
34218	108
34230	108
34253	108
34265	108
34289	108
34312	108
34324	108
34347	108
34371	108
34382	108
34406	108
34417	108
34441	108
34453	108
34476	108
34500	108
34511	108
34535	108
34546	108
34570	108
34582	108
34605	108
34617	108
34640	108
34652	109
34675	109
34687	109
34699	109
34722	109
34734	109
34757	109
34769	109
34792	109
34804	109
34828	109
34839	109
34863	109
34886	109
34910	109
34921	109
34945	109
34968	109
34980	109
35003	109
35015	109
35039	109
35050	109
35074	109
35097	109
35109	109
35132	109
35144	109
35167	109
35191	109
35203	109
35226	109
35238	109
35261	109
35285	109
35296	109
35320	109
35332	109
35355	109
35378	109
35390	109
35414	109
35425	109
35449	109
35460	109
35484	109
35496	109
35519	109
35531	109
35554	109
35578	110
35589	110
35613	110
35636	110
35648	110
35671	110
35695	110
35718	110
35730	110
35753	110
35765	110
35789	110
35800	110
35824	110
35847	110
35859	110
35882	110
35894	110
35917	110
35929	110
35953	110
35976	110
35988	110
36011	110
36023	110
36046	110
36058	110
36082	110
36105	110
36117	110
36140	110
36152	110
36175	110
36187	110
36199	110
36222	110
36234	110
36257	110
36269	110
36292	110
36304	110
36328	110
36351	110
36363	110
36386	110
36410	110
36433	110
36445	110
36468	110
36480	110
36503	111
36527	111
36539	111
36562	111
36585	111
36609	111
36632	111
36644	111
36667	111
36679	111
36703	111
36726	111
36750	111
36761	111
36785	111
36808	111
36832	111
36843	111
36867	111
36878	111
36902	111
36925	111
36937	111
36960	111
36972	111
36996	111
37007	111
37031	111
37054	111
37066	111
37089	111
37101	111
37125	111
37148	111
37171	111
37183	111
37207	111
37230	111
37242	111
37265	111
37277	111
37300	111
37324	111
37335	111
37359	111
37382	111
37394	111
37417	111
37429	111
37453	111
37476	112
37488	112
37511	112
37535	112
37558	112
37570	112
37593	112
37617	112
37628	112
37652	112
37664	112
37687	112
37699	112
37722	112
37734	112
37757	112
37769	112
37792	112
37816	112
37828	112
37851	112
37875	112
37886	112
37910	112
37921	112
37945	112
37968	112
37980	112
38003	112
38027	112
38039	112
38062	112
38074	112
38097	112
38121	112
38132	112
38156	112
38179	112
38191	112
38214	112
38238	112
38261	112
38273	112
38296	112
38320	112
38343	112
38355	112
38378	112
38402	112
38414	112
38437	113
38449	113
38472	113
38484	113
38507	113
38531	113
38542	113
38566	113
38578	113
38601	113
38625	113
38636	113
38660	113
38671	113
38695	113
38718	113
38742	113
38753	113
38777	113
38789	113
38812	113
38824	113
38847	113
38871	113
38882	113
38906	113
38929	113
38941	113
38964	113
38988	113
39011	113
39035	113
39046	113
39070	113
39093	113
39117	113
39128	113
39152	113
39164	113
39187	113
39210	113
39222	113
39246	113
39257	113
39281	113
39304	113
39316	113
39339	113
39351	113
39375	113
39398	114
39410	114
39433	114
39445	114
39468	114
39492	114
39515	114
39527	114
39550	114
39562	114
39585	114
39609	114
39621	114
39644	114
39667	114
39679	114
39703	114
39726	114
39750	114
39773	114
39796	114
39808	114
39832	114
39855	114
39878	114
39890	114
39914	114
39937	114
39949	114
39972	114
39984	114
40007	114
40031	114
40042	114
40066	114
40089	114
40101	114
40125	114
40148	114
40160	114
40183	114
40207	114
40218	114
40242	114
40265	114
40277	114
40300	114
40324	114
40335	114
40359	114
40382	115
40394	115
40417	115
40441	115
40464	115
40476	115
40500	115
40523	115
40546	115
40570	115
40593	115
40605	115
40628	115
40652	115
40664	115
40687	115
40710	115
40722	115
40746	115
40757	115
40781	115
40804	115
40816	115
40839	115
40863	115
40875	115
40898	115
40921	115
40933	115
40957	115
40980	115
40992	115
41015	115
41039	115
41050	115
41074	115
41085	115
41109	115
41132	115
41144	115
41167	115
41191	115
41214	115
41226	115
41250	115
41273	115
41296	115
41320	115
41343	115
41355	115
41378	116
41402	116
41414	116
41437	116
41460	116
41484	116
41496	116
41519	116
41542	116
41566	116
41578	116
41601	116
41625	116
41648	116
41660	116
41683	116
41707	116
41730	116
41742	116
41765	116
41789	116
41800	116
41824	116
41847	116
41859	116
41882	116
41906	116
41917	116
41941	116
41964	116
41988	116
42011	116
42035	116
42046	116
42070	116
42093	116
42117	116
42128	116
42152	116
42175	116
42199	116
42210	116
42234	116
42257	116
42269	116
42292	116
42316	116
42339	116
42351	116
42375	116
42398	117
42421	117
42445	117
42457	117
42480	117
42503	117
42527	117
42539	117
42562	117
42585	117
42597	117
42621	117
42644	117
42656	117
42679	117
42703	117
42726	117
42750	117
42773	117
42796	117
42820	117
42832	117
42855	117
42878	117
42902	117
42914	117
42949	117
42972	117
42984	117
43007	117
43031	117
43054	117
43066	117
43089	117
43113	117
43136	117
43160	117
43183	117
43207	117
43218	117
43242	117
43265	117
43289	117
43300	117
43324	117
43335	117
43359	117
43371	117
43394	117
43417	117
43441	118
43453	118
43476	118
43500	118
43523	118
43535	118
43558	118
43582	118
43605	118
43628	118
43640	118
43664	118
43687	118
43710	118
43734	118
43757	118
43769	118
43792	118
43816	118
43839	118
43863	118
43886	118
43910	118
43933	118
43957	118
43980	118
43992	118
44015	118
44039	118
44062	118
44074	118
44097	118
44121	118
44144	118
44156	118
44179	118
44203	118
44226	118
44238	118
44261	118
44285	118
44308	118
44320	118
44343	118
44367	118
44390	118
44414	118
44425	118
44449	118
44472	118
44496	119
44507	119
44531	119
44554	119
44578	119
44601	119
44625	119
44648	119
44671	119
44695	119
44718	119
44742	119
44753	119
44777	119
44800	119
44824	119
44847	119
44859	119
44882	119
44906	119
44929	119
44953	119
44964	119
44988	119
45011	119
45035	119
45058	119
45070	119
45093	119
45117	119
45140	119
45164	119
45175	119
45199	119
45222	119
45246	119
45269	119
45281	119
45304	119
45328	119
45351	119
45386	119
45410	119
45433	119
45457	119
45480	119
45492	119
45515	119
45539	119
45562	119
45585	120
45609	120
45621	120
45644	120
45667	120
45691	120
45703	120
45726	120
45750	120
45761	120
45785	120
45808	120
45820	120
45843	120
45867	120
45890	120
45914	120
45925	120
45949	120
45972	120
45996	120
46007	120
46031	120
46054	120
46078	120
46101	120
46125	120
46148	120
46183	120
46207	120
46218	120
46242	120
46265	120
46289	120
46312	120
46335	120
46359	120
46382	120
46406	120
46417	120
46441	120
46464	120
46488	120
46511	120
46535	120
46546	120
46570	120
46593	120
46617	120
46640	120
46652	121
46675	121
46687	121
46710	121
46734	121
46746	121
46769	121
46792	121
46816	121
46839	121
46863	121
46886	121
46910	121
46933	121
46957	121
46968	121
46992	121
47015	121
47039	121
47062	121
47085	121
47109	121
47132	121
47144	121
47167	121
47191	121
47214	121
47238	121
47261	121
47285	121
47308	121
47320	121
47343	121
47367	121
47390	121
47414	121
47437	121
47449	121
47472	121
47496	121
47519	121
47531	121
47554	121
47578	121
47601	121
47625	121
47648	121
47671	121
47695	121
47718	121
47742	122
47765	122
47789	122
47800	122
47824	122
47847	122
47871	122
47894	122
47906	122
47929	122
47953	122
47976	122
48000	122
48023	122
48046	122
48058	122
48082	122
48105	122
48128	122
48152	122
48164	122
48187	122
48199	122
48222	122
48246	122
48269	122
48292	122
48304	122
48328	122
48351	122
48375	122
48398	122
48421	122
48445	122
48468	122
48492	122
48515	122
48539	122
48562	122
48585	122
48609	122
48632	122
48656	122
48679	122
48703	122
48726	122
48750	122
48773	122
48796	122
48820	122
48843	123
48867	123
48890	123
48914	123
48925	123
48949	123
48972	123
48996	123
49019	123
49031	123
49054	123
49078	123
49101	123
49125	123
49148	123
49171	123
49195	123
49218	123
49242	123
49265	123
49289	123
49300	123
49324	123
49347	123
49371	123
49394	123
49417	123
49441	123
49464	123
49488	123
49511	123
49535	123
49558	123
49582	123
49593	123
49617	123
49640	123
49664	123
49687	123
49699	123
49722	123
49746	123
49769	123
49792	123
49816	123
49828	123
49851	123
49875	123
49898	123
49921	123
49945	124
49968	124
49992	124
50015	124
50039	124
50050	124
50074	124
50097	124
50121	124
50144	124
50167	124
50191	124
50214	124
50238	124
50261	124
50285	124
50308	124
50332	124
50355	124
50378	124
50402	124
50425	124
50437	124
50460	124
50484	124
50507	124
50531	124
50554	124
50578	124
50601	124
50613	124
50636	124
50660	124
50683	124
50707	124
50730	124
50753	124
50777	124
50800	124
50812	124
50835	124
50859	124
50882	124
50906	124
50929	124
50953	124
50976	124
51000	124
51035	124
51058	124
51082	125
51105	125
51128	125
51152	125
51164	125
51187	125
51210	125
51234	125
51257	125
51281	125
51304	125
51328	125
51339	125
51363	125
51386	125
51410	125
51433	125
51457	125
51480	125
51503	125
51527	125
51539	125
51562	125
51585	125
51609	125
51632	125
51656	125
51679	125
51703	125
51726	125
51750	125
51785	125
51808	125
51832	125
51855	125
51878	125
51902	125
51914	125
51937	125
51960	125
51984	125
52007	125
52031	125
52054	125
52078	125
52101	125
52125	125
52148	125
52171	125
52195	125
52218	126
52242	126
52265	126
52277	126
52300	126
52324	126
52347	126
52371	126
52394	126
52417	126
52441	126
52464	126
52500	126
52523	126
52546	126
52570	126
52593	126
52617	126
52640	126
52664	126
52687	126
52710	126
52734	126
52746	126
52769	126
52792	126
52816	126
52839	126
52863	126
52886	126
52910	126
52933	126
52957	126
52980	126
53003	126
53027	126
53050	126
53062	126
53085	126
53109	126
53132	126
53156	126
53179	126
53203	126
53226	126
53250	126
53273	126
53308	126
53332	126
53355	126
53378	127
53390	127
53414	127
53437	127
53460	127
53484	127
53507	127
53531	127
53554	127
53578	127
53601	127
53625	127
53648	127
53671	127
53707	127
53730	127
53753	127
53777	127
53789	127
53812	127
53835	127
53859	127
53882	127
53906	127
53929	127
53953	127
53976	127
54000	127
54023	127
54058	127
54082	127
54105	127
54128	127
54152	127
54175	127
54199	127
54222	127
54246	127
54269	127
54292	127
54316	127
54339	127
54363	127
54386	127
54410	127
54433	127
54457	127
54480	127
54503	127
54527	127
54550	128
54574	128
54597	128
54621	128
54644	128
54667	128
54691	128
54714	128
54738	128
54761	128
54785	128
54808	128
54843	128
54855	128
54878	128
54902	128
54937	128
54960	128
54984	128
55007	128
55031	128
55054	128
55078	128
55101	128
55136	128
55160	128
55183	128
55207	128
55230	128
55253	128
55277	128
55300	128
55312	128
55335	128
55359	128
55382	128
55406	128
55429	128
55453	128
55476	128
55500	128
55523	128
55546	128
55570	128
55593	128
55617	128
55640	128
55664	128
55687	128
55710	128
55734	129
55757	129
55781	129
55804	129
55839	129
55863	129
55898	129
55921	129
55945	129
55968	129
55992	129
56015	129
56039	129
56062	129
56085	129
56109	129
56132	129
56156	129
56179	129
56203	129
56226	129
56250	129
56273	129
56296	129
56320	129
56343	129
56378	129
56402	129
56414	129
56437	129
56460	129
56496	129
56507	129
56531	129
56554	129
56589	129
56613	129
56636	129
56671	129
56695	129
56718	129
56742	129
56765	129
56789	129
56812	129
56835	129
56859	129
56882	129
56906	129
56929	129
56953	130
56976	130
57011	130
57035	130
57058	130
57082	130
57105	130
57128	130
57152	130
57175	130
57199	130
57222	130
57246	130
57269	130
57292	130
57316	130
57351	130
57375	130
57410	130
57433	130
57468	130
57492	130
57503	130
57539	130
57562	130
57585	130
57609	130
57632	130
57656	130
57679	130
57703	130
57726	130
57750	130
57773	130
57796	130
57820	130
57843	130
57867	130
57890	130
57914	130
57937	130
57960	130
57984	130
58007	130
58031	130
58054	130
58078	130
58101	130
58136	130
58171	130
58195	131
58218	131
58242	131
58265	131
58289	131
58324	131
58347	131
58371	131
58394	131
58417	131
58441	131
58464	131
58488	131
58511	131
58535	131
58558	131
58582	131
58617	131
58640	131
58664	131
58675	131
58699	131
58722	131
58746	131
58769	131
58792	131
58816	131
58839	131
58863	131
58898	131
58921	131
58945	131
58968	131
58992	131
59015	131
59039	131
59074	131
59097	131
59121	131
59144	131
59167	131
59191	131
59214	131
59250	131
59273	131
59296	131
59320	131
59343	131
59367	131
59390	131
59414	132
59437	132
59460	132
59496	132
59519	132
59542	132
59566	132
59589	132
59613	132
59648	132
59671	132
59695	132
59718	132
59742	132
59765	132
59789	132
59824	132
59847	132
59871	132
59894	132
59917	132
59941	132
59964	132
59988	132
60011	132
60035	132
60058	132
60082	132
60105	132
60140	132
60164	132
60175	132
60199	132
60222	132
60246	132
60269	132
60292	132
60316	132
60339	132
60363	132
60398	132
60421	132
60445	132
60468	132
60492	132
60515	132
60550	132
60574	132
60609	132
60632	132
60656	133
60679	133
60703	133
60726	133
60761	133
60785	133
60808	133
60843	133
60867	133
60890	133
60914	133
60937	133
60960	133
60984	133
61007	133
61031	133
61054	133
61089	133
61113	133
61136	133
61160	133
61183	133
61218	133
61242	133
61265	133
61289	133
61312	133
61335	133
61359	133
61382	133
61417	133
61441	133
61464	133
61488	133
61511	133
61546	133
61570	133
61593	133
61617	133
61640	133
61664	133
61687	133
61710	133
61734	133
61757	133
61781	133
61816	133
61839	133
61863	133
61886	133
61910	134
61933	134
61957	134
61980	134
62015	134
62039	134
62062	134
62085	134
62109	134
62132	134
62156	134
62179	134
62203	134
62238	134
62261	134
62285	134
62320	134
62343	134
62367	134
62390	134
62414	134
62437	134
62460	134
62484	134
62507	134
62542	134
62566	134
62589	134
62613	134
62636	134
62660	134
62683	134
62707	134
62742	134
62765	134
62789	134
62812	134
62835	134
62859	134
62882	134
62906	134
62941	134
62964	134
62988	134
63023	134
63046	134
63070	134
63105	134
63128	134
63152	134
63175	135
63199	135
63222	135
63246	135
63269	135
63304	135
63328	135
63351	135
63375	135
63398	135
63421	135
63445	135
63468	135
63503	135
63527	135
63550	135
63574	135
63597	135
63621	135
63644	135
63667	135
63703	135
63726	135
63750	135
63785	135
63808	135
63843	135
63867	135
63890	135
63914	135
63937	135
63960	135
63984	135
64007	135
64031	135
64066	135
64089	135
64113	135
64136	135
64160	135
64183	135
64218	135
64242	135
64265	135
64289	135
64312	135
64335	135
64371	135
64394	135
64417	135
64441	136
64476	136
64500	136
64535	136
64558	136
64582	136
64605	136
64640	136
64664	136
64687	136
64710	136
64734	136
64757	136
64781	136
64816	136
64839	136
64863	136
64886	136
64910	136
64933	136
64957	136
64992	136
65015	136
65039	136
65062	136
65085	136
65109	136
65132	136
65167	136
65191	136
65214	136
65238	136
65273	136
65296	136
65332	136
65355	136
65378	136
65402	136
65437	136
65460	136
65484	136
65507	136
65531	136
65554	136
65589	136
65613	136
65636	136
65671	136
65695	136
65718	136
65742	137
65765	137
65800	137
65824	137
65847	137
65871	137
65894	137
65917	137
65953	137
65976	137
66000	137
66035	137
66058	137
66082	137
66105	137
66140	137
66164	137
66187	137
66210	137
66234	137
66269	137
66292	137
66316	137
66339	137
66375	137
66398	137
66421	137
66457	137
66480	137
66503	137
66527	137
66562	137
66585	137
66609	137
66632	137
66656	137
66691	137
66714	137
66738	137
66773	137
66796	137
66832	137
66855	137
66878	137
66902	137
66937	137
66972	137
66996	137
67019	137
67042	137
67078	138
67101	138
67136	138
67160	138
67183	138
67218	138
67242	138
67265	138
67289	138
67312	138
67335	138
67359	138
67382	138
67406	138
67441	138
67464	138
67488	138
67511	138
67535	138
67570	138
67593	138
67617	138
67652	138
67675	138
67699	138
67734	138
67757	138
67781	138
67804	138
67839	138
67875	138
67898	138
67933	138
67957	138
67992	138
68015	138
68039	138
68062	138
68097	138
68121	138
68144	138
68167	138
68203	138
68226	138
68250	138
68273	138
68296	138
68332	138
68355	138
68378	138
68414	139
68437	139
68460	139
68484	139
68519	139
68542	139
68566	139
68601	139
68625	139
68660	139
68695	139
68718	139
68742	139
68765	139
68800	139
68824	139
68847	139
68882	139
68906	139
68929	139
68953	139
68988	139
69011	139
69035	139
69058	139
69093	139
69117	139
69140	139
69175	139
69199	139
69234	139
69257	139
69281	139
69304	139
69339	139
69363	139
69398	139
69433	139
69457	139
69492	139
69515	139
69539	139
69562	139
69597	139
69621	139
69644	139
69667	139
69703	139
69726	139
69750	139
69773	140
69796	140
69820	140
69855	140
69878	140
69902	140
69925	140
69960	140
69984	140
70007	140
70031	140
70066	140
70089	140
70125	140
70160	140
70195	140
70218	140
70242	140
70277	140
70300	140
70335	140
70359	140
70394	140
70417	140
70441	140
70476	140
70500	140
70523	140
70546	140
70582	140
70605	140
70640	140
70664	140
70687	140
70699	140
70734	140
70757	140
70781	140
70804	140
70839	140
70863	140
70898	140
70921	140
70957	140
70980	140
71003	140
71039	140
71062	140
71097	140
71121	140
71144	141
71179	141
71203	141
71226	141
71261	141
71285	141
71308	141
71343	141
71367	141
71390	141
71425	141
71449	141
71472	141
71496	141
71519	141
71554	141
71578	141
71613	141
71636	141
71671	141
71695	141
71730	141
71753	141
71777	141
71812	141
71835	141
71859	141
71882	141
71917	141
71941	141
71964	141
72000	141
72023	141
72046	141
72082	141
72105	141
72140	141
72164	141
72187	141
72210	141
72234	141
72257	141
72281	141
72316	141
72339	141
72363	141
72398	141
72433	141
72457	141
72480	141
72515	142
72539	142
72574	142
72609	142
72632	142
72656	142
72691	142
72714	142
72750	142
72785	142
72808	142
72843	142
72867	142
72890	142
72925	142
72949	142
72972	142
72996	142
73031	142
73054	142
73078	142
73113	142
73136	142
73171	142
73195	142
73218	142
73253	142
73277	142
73312	142
73335	142
73359	142
73382	142
73417	142
73441	142
73476	142
73500	142
73535	142
73558	142
73582	142
73617	142
73640	142
73664	142
73699	142
73722	142
73746	142
73769	142
73804	142
73828	142
73851	142
73886	142
73910	143
73933	143
73968	143
73992	143
74027	143
74050	143
74074	143
74109	143
74132	143
74156	143
74191	143
74214	143
74250	143
74285	143
74308	143
74343	143
74367	143
74390	143
74425	143
74449	143
74472	143
74496	143
74531	143
74554	143
74589	143
74613	143
74636	143
74671	143
74695	143
74718	143
74753	143
74777	143
74800	143
74835	143
74859	143
74882	143
74917	143
74941	143
74976	143
75011	143
75035	143
75070	143
75093	143
75128	143
75152	143
75175	143
75210	143
75234	143
75257	143
75281	143
75316	144
75339	144
75363	144
75398	144
75421	144
75457	144
75480	144
75503	144
75539	144
75562	144
75585	144
75621	144
75644	144
75667	144
75703	144
75738	144
75761	144
75796	144
75832	144
75855	144
75890	144
75914	144
75937	144
75972	144
75996	144
76019	144
76054	144
76078	144
76101	144
76136	144
76160	144
76195	144
76218	144
76253	144
76277	144
76300	144
76335	144
76359	144
76394	144
76417	144
76441	144
76476	144
76511	144
76546	144
76570	144
76605	144
76628	144
76664	144
76687	144
76710	144
76734	145
76769	145
76792	145
76828	145
76851	145
76875	145
76910	145
76933	145
76957	145
76992	145
77015	145
77039	145
77074	145
77097	145
77121	145
77156	145
77179	145
77214	145
77238	145
77273	145
77308	145
77332	145
77367	145
77390	145
77414	145
77449	145
77472	145
77507	145
77531	145
77566	145
77589	145
77613	145
77648	145
77683	145
77707	145
77730	145
77765	145
77789	145
77812	145
77847	145
77871	145
77906	145
77929	145
77953	145
77988	145
78023	145
78046	145
78082	145
78105	145
78140	145
78164	146
78199	146
78222	146
78246	146
78281	146
78304	146
78339	146
78363	146
78398	146
78421	146
78457	146
78480	146
78515	146
78539	146
78562	146
78597	146
78621	146
78656	146
78679	146
78714	146
78738	146
78773	146
78808	146
78832	146
78867	146
78890	146
78925	146
78960	146
78984	146
79019	146
79042	146
79078	146
79101	146
79136	146
79171	146
79195	146
79230	146
79253	146
79277	146
79312	146
79335	146
79359	146
79382	146
79417	146
79441	146
79464	146
79500	146
79523	146
79558	146
79582	146
79617	147
79640	147
79675	147
79699	147
79734	147
79757	147
79792	147
79816	147
79851	147
79886	147
79921	147
79957	147
79980	147
80003	147
80039	147
80062	147
80097	147
80121	147
80156	147
80179	147
80214	147
80238	147
80261	147
80296	147
80320	147
80355	147
80378	147
80414	147
80437	147
80472	147
80496	147
80531	147
80554	147
80589	147
80625	147
80660	147
80683	147
80718	147
80742	147
80777	147
80800	147
80835	147
80871	147
80894	147
80917	147
80953	147
80976	147
81011	147
81035	147
81070	147
81093	148
81128	148
81152	148
81187	148
81222	148
81246	148
81281	148
81304	148
81339	148
81375	148
81410	148
81445	148
81468	148
81503	148
81527	148
81562	148
81585	148
81621	148
81644	148
81679	148
81703	148
81726	148
81761	148
81785	148
81808	148
81843	148
81867	148
81902	148
81925	148
81949	148
81984	148
82007	148
82042	148
82066	148
82101	148
82136	148
82171	148
82207	148
82242	148
82265	148
82300	148
82335	148
82359	148
82394	148
82417	148
82453	148
82476	148
82511	148
82535	148
82570	148
82593	149
82628	149
82652	149
82675	149
82699	149
82734	149
82757	149
82792	149
82816	149
82851	149
82875	149
82910	149
82945	149
82968	149
83003	149
83027	149
83062	149
83097	149
83121	149
83156	149
83179	149
83214	149
83250	149
83273	149
83308	149
83332	149
83367	149
83390	149
83425	149
83449	149
83484	149
83507	149
83531	149
83566	149
83601	149
83625	149
83660	149
83695	149
83718	149
83753	149
83777	149
83812	149
83835	149
83871	149
83894	149
83929	149
83953	149
83988	149
84011	149
84046	149
84070	150
84105	150
84128	150
84164	150
84187	150
84210	150
84234	150
84269	150
84292	150
84328	150
84351	150
84386	150
84421	150
84445	150
84480	150
84503	150
84539	150
84574	150
84609	150
84632	150
84667	150
84691	150
84726	150
84761	150
84796	150
84832	150
84855	150
84890	150
84914	150
84949	150
84972	150
84996	150
85031	150
85054	150
85089	150
85125	150
85148	150
85183	150
85218	150
85242	150
85277	150
85300	150
85335	150
85359	150
85394	150
85417	150
85453	150
85488	150
85511	150
85546	150
85582	151
85605	151
85640	151
85664	151
85687	151
85722	151
85746	151
85781	151
85804	151
85839	151
85863	151
85898	151
85921	151
85957	151
85980	151
86015	151
86039	151
86074	151
86097	151
86132	151
86156	151
86191	151
86226	151
86261	151
86285	151
86320	151
86355	151
86378	151
86414	151
86437	151
86460	151
86496	151
86519	151
86554	151
86589	151
86613	151
86648	151
86671	151
86707	151
86730	151
86765	151
86789	151
86824	151
86847	151
86882	151
86906	151
86941	151
86976	151
87000	151
87035	151
87070	152
87105	152
87128	152
87164	152
87187	152
87222	152
87246	152
87281	152
87304	152
87339	152
87363	152
87398	152
87421	152
87457	152
87480	152
87515	152
87539	152
87574	152
87609	152
87632	152
87667	152
87691	152
87726	152
87761	152
87796	152
87832	152
87855	152
87890	152
87914	152
87949	152
87972	152
88007	152
88031	152
88066	152
88101	152
88125	152
88160	152
88183	152
88218	152
88242	152
88277	152
88312	152
88335	152
88371	152
88394	152
88429	152
88464	152
88500	152
88535	152
88558	152
88593	153
88628	153
88652	153
88687	153
88710	153
88746	153
88769	153
88804	153
88828	153
88863	153
88886	153
88921	153
88945	153
88980	153
89015	153
89039	153
89074	153
89097	153
89132	153
89156	153
89191	153
89226	153
89261	153
89296	153
89320	153
89355	153
89390	153
89414	153
89449	153
89484	153
89507	153
89542	153
89566	153
89601	153
89636	153
89671	153
89695	153
89730	153
89765	153
89789	153
89824	153
89847	153
89882	153
89906	153
89941	153
89976	153
90000	153
90035	153
90070	153
90105	153
90128	154
90164	154
90199	154
90222	154
90257	154
90281	154
90316	154
90351	154
90386	154
90410	154
90445	154
90480	154
90503	154
90539	154
90574	154
90597	154
90632	154
90656	154
90691	154
90726	154
90761	154
90796	154
90820	154
90855	154
90890	154
90925	154
90960	154
90996	154
91019	154
91054	154
91089	154
91113	154
91148	154
91183	154
91218	154
91242	154
91277	154
91300	154
91335	154
91359	154
91394	154
91417	154
91453	154
91476	154
91511	154
91546	154
91570	154
91605	154
91640	154
91675	154
91699	155
91734	155
91769	155
91792	155
91828	155
91863	155
91910	155
91945	155
91968	155
92003	155
92039	155
92062	155
92097	155
92121	155
92156	155
92191	155
92214	155
92250	155
92285	155
92308	155
92343	155
92378	155
92402	155
92437	155
92460	155
92496	155
92531	155
92554	155
92589	155
92625	155
92671	155
92695	155
92730	155
92765	155
92789	155
92824	155
92859	155
92894	155
92917	155
92953	155
92988	155
93011	155
93046	155
93082	155
93105	155
93140	155
93175	155
93210	155
93246	155
93269	155
93304	156
93339	156
93375	156
93410	156
93445	156
93480	156
93515	156
93539	156
93574	156
93609	156
93632	156
93667	156
93703	156
93726	156
93761	156
93785	156
93820	156
93855	156
93890	156
93914	156
93937	156
93972	156
94007	156
94031	156
94066	156
94101	156
94148	156
94183	156
94218	156
94242	156
94277	156
94312	156
94347	156
94382	156
94406	156
94441	156
94476	156
94511	156
94535	156
94570	156
94593	156
94628	156
94664	156
94687	156
94710	156
94746	156
94769	156
94804	156
94839	156
94875	156
94910	157
94945	157
94968	157
95003	157
95039	157
95074	157
95109	157
95132	157
95167	157
95203	157
95226	157
95261	157
95296	157
95332	157
95367	157
95390	157
95425	157
95449	157
95484	157
95519	157
95542	157
95578	157
95613	157
95648	157
95683	157
95718	157
95742	157
95777	157
95812	157
95847	157
95871	157
95906	157
95941	157
95964	157
96000	157
96035	157
96058	157
96093	157
96128	157
96152	157
96187	157
96210	157
96234	157
96269	157
96304	157
96328	157
96363	157
96398	157
96433	157
96468	157
96503	158
96527	158
96574	158
96609	158
96632	158
96667	158
96703	158
96738	158
96773	158
96808	158
96843	158
96867	158
96902	158
96937	158
96960	158
96996	158
97019	158
97054	158
97089	158
97125	158
97148	158
97183	158
97218	158
97253	158
97277	158
97312	158
97347	158
97382	158
97406	158
97441	158
97476	158
97511	158
97546	158
97570	158
97605	158
97640	158
97664	158
97699	158
97722	158
97757	158
97792	158
97816	158
97851	158
97886	158
97910	158
97945	158
97980	158
98015	158
98039	158
98074	158
98109	159
98132	159
98167	159
98203	159
98238	159
98273	159
98308	159
98332	159
98367	159
98402	159
98425	159
98460	159
98496	159
98519	159
98554	159
98589	159
98613	159
98648	159
98683	159
98707	159
98742	159
98777	159
98800	159
98835	159
98871	159
98894	159
98929	159
98964	159
99000	159
99035	159
99070	159
99105	159
99128	159
99164	159
99199	159
99222	159
99257	159
99281	159
99316	159
99351	159
99375	159
99410	159
99445	159
99468	159
99503	159
99539	159
99562	159
99597	159
99632	159
99667	159
99691	160
99726	160
99773	160
99808	160
99832	160
99867	160
99902	160
99925	160
99960	160
99996	160
100019	160
100054	160
100089	160
100113	160
100148	160
100183	160
100218	160
100242	160
100277	160
100312	160
100335	160
100371	160
100406	160
100441	160
100464	160
100511	160
100546	160
100582	160
100605	160
100640	160
100675	160
100699	160
100734	160
100757	160
100792	160
100828	160
100851	160
100886	160
100921	160
100945	160
100980	160
101015	160
101050	160
101074	160
101109	160
101132	160
101167	160
101203	160
101238	160
101273	160
101308	161
101343	161
101367	161
101402	161
101437	161
101472	161
101496	161
101531	161
101566	161
101589	161
101625	161
101660	161
101695	161
101730	161
101753	161
101789	161
101824	161
101847	161
101882	161
101906	161
101941	161
101976	161
102011	161
102046	161
102082	161
102105	161
102140	161
102175	161
102210	161
102234	161
102269	161
102304	161
102328	161
102363	161
102398	161
102433	161
102468	161
102503	161
102527	161
102562	161
102597	161
102621	161
102656	161
102691	161
102714	161
102750	161
102796	161
102820	161
102855	161
102890	161
102925	162
102960	162
102996	162
103031	162
103066	162
103089	162
103125	162
103160	162
103195	162
103230	162
103265	162
103289	162
103324	162
103347	162
103371	162
103406	162
103441	162
103476	162
103500	162
103535	162
103570	162
103605	162
103628	162
103664	162
103699	162
103734	162
103769	162
103792	162
103828	162
103875	162
103910	162
103945	162
103980	162
104003	162
104039	162
104074	162
104109	162
104132	162
104167	162
104203	162
104226	162
104261	162
104296	162
104320	162
104355	162
104390	162
104425	162
104449	162
104484	162
104519	162
104542	163
104578	163
104613	163
104660	163
104695	163
104730	163
104753	163
104789	163
104824	163
104859	163
104882	163
104917	163
104953	163
104976	163
105011	163
105046	163
105082	163
105105	163
105140	163
105175	163
105210	163
105246	163
105269	163
105304	163
105339	163
105386	163
105421	163
105457	163
105492	163
105515	163
105550	163
105585	163
105609	163
105644	163
105679	163
105714	163
105738	163
105773	163
105796	163
105832	163
105867	163
105902	163
105925	163
105960	163
105984	163
106019	163
106054	163
106089	163
106125	163
106160	163
106195	164
106230	164
106265	164
106300	164
106335	164
106371	164
106394	164
106429	164
106464	164
106500	164
106523	164
106558	164
106593	164
106628	164
106652	164
106687	164
106710	164
106734	164
106769	164
106804	164
106828	164
106863	164
106898	164
106933	164
106968	164
107003	164
107027	164
107062	164
107097	164
107132	164
107167	164
107191	164
107226	164
107261	164
107296	164
107332	164
107355	164
107390	164
107425	164
107449	164
107484	164
107519	164
107542	164
107578	164
107613	164
107648	164
107683	164
107718	164
107753	164
107777	164
107812	165
107847	165
107871	165
107906	165
107941	165
107964	165
108000	165
108035	165
108070	165
108093	165
108128	165
108164	165
108187	165
108210	165
108246	165
108269	165
108304	165
108339	165
108375	165
108410	165
108445	165
108468	165
108503	165
108539	165
108574	165
108609	165
108644	165
108679	165
108703	165
108738	165
108785	165
108808	165
108843	165
108878	165
108914	165
108937	165
108972	165
108996	165
109031	165
109066	165
109089	165
109125	165
109160	165
109195	165
109230	165
109253	165
109289	165
109324	165
109359	165
109382	165
109417	166
109453	166
109476	166
109511	166
109546	166
109582	166
109617	166
109640	166
109675	166
109699	166
109734	166
109757	166
109792	166
109828	166
109851	166
109886	166
109921	166
109957	166
109980	166
110015	166
110050	166
110074	166
110109	166
110144	166
110179	166
110203	166
110238	166
110273	166
110308	166
110343	166
110378	166
110402	166
110437	166
110460	166
110496	166
110531	166
110554	166
110589	166
110625	166
110648	166
110683	166
110718	166
110742	166
110777	166
110812	166
110835	166
110871	166
110906	166
110929	166
110964	166
111000	167
111035	167
111070	167
111105	167
111128	167
111164	167
111199	167
111222	167
111246	167
111281	167
111316	167
111339	167
111375	167
111410	167
111433	167
111468	167
111503	167
111527	167
111562	167
111597	167
111621	167
111656	167
111691	167
111714	167
111761	167
111796	167
111820	167
111855	167
111890	167
111925	167
111949	167
111984	167
112007	167
112042	167
112078	167
112101	167
112136	167
112171	167
112195	167
112230	167
112265	167
112289	167
112324	167
112359	167
112382	167
112417	167
112453	167
112488	167
112523	167
112558	167
112593	168
112617	168
112652	168
112687	168
112710	168
112746	168
112769	168
112804	168
112839	168
112863	168
112898	168
112921	168
112957	168
112992	168
113015	168
113050	168
113074	168
113109	168
113144	168
113167	168
113203	168
113238	168
113273	168
113308	168
113332	168
113367	168
113402	168
113425	168
113460	168
113496	168
113519	168
113554	168
113589	168
113613	168
113648	168
113683	168
113718	168
113742	168
113777	168
113812	168
113835	168
113871	168
113894	168
113929	168
113964	168
113988	168
114023	168
114058	168
114093	168
114128	168
114152	169
114187	169
114222	169
114246	169
114281	169
114316	169
114339	169
114375	169
114410	169
114445	169
114480	169
114503	169
114539	169
114562	169
114597	169
114632	169
114656	169
114691	169
114726	169
114761	169
114796	169
114832	169
114855	169
114890	169
114925	169
114960	169
114996	169
115019	169
115054	169
115089	169
115125	169
115160	169
115183	169
115218	169
115253	169
115277	169
115312	169
115335	169
115359	169
115394	169
115417	169
115453	169
115476	169
115511	169
115546	169
115570	169
115605	169
115640	169
115664	169
115699	169
115734	170
115769	170
115792	170
115828	170
115863	170
115898	170
115933	170
115968	170
115992	170
116027	170
116062	170
116085	170
116121	170
116144	170
116179	170
116214	170
116238	170
116273	170
116296	170
116332	170
116367	170
116390	170
116425	170
116449	170
116484	170
116519	170
116542	170
116578	170
116613	170
116648	170
116683	170
116718	170
116753	170
116777	170
116812	170
116847	170
116871	170
116906	170
116941	170
116964	170
117000	170
117035	170
117058	170
117093	170
117128	170
117152	170
117187	170
117222	170
117257	170
117281	170
117316	171
117351	171
117386	171
117421	171
117457	171
117492	171
117515	171
117550	171
117585	171
117609	171
117644	171
117667	171
117703	171
117726	171
117761	171
117785	171
117820	171
117843	171
117878	171
117914	171
117937	171
117960	171
117996	171
118031	171
118054	171
118089	171
118125	171
118160	171
118195	171
118230	171
118253	171
118289	171
118324	171
118359	171
118394	171
118417	171
118453	171
118476	171
118511	171
118535	171
118570	171
118605	171
118628	171
118664	171
118687	171
118710	171
118734	171
118769	171
118804	171
118828	171
118863	172
118898	172
118933	172
118968	172
118992	172
119027	172
119062	172
119085	172
119121	172
119156	172
119179	172
119214	172
119250	172
119273	172
119308	172
119343	172
119378	172
119402	172
119437	172
119460	172
119496	172
119519	172
119554	172
119578	172
119613	172
119648	172
119683	172
119718	172
119742	172
119777	172
119812	172
119835	172
119871	172
119894	172
119929	172
119953	172
119988	172
120023	172
120046	172
120082	172
120105	172
120140	172
120164	172
120187	172
120210	172
120246	172
120269	172
120304	172
120339	172
120363	172
120398	173
120433	173
120468	173
120492	173
120527	173
120562	173
120597	173
120621	173
120656	173
120691	173
120714	173
120750	173
120785	173
120820	173
120855	173
120878	173
120914	173
120937	173
120972	173
120996	173
121031	173
121054	173
121089	173
121125	173
121148	173
121183	173
121218	173
121242	173
121277	173
121312	173
121335	173
121371	173
121406	173
121429	173
121464	173
121500	173
121523	173
121558	173
121593	173
121617	173
121652	173
121687	173
121710	173
121734	173
121769	173
121792	173
121828	173
121863	173
121886	173
121921	173
121957	174
121980	174
122015	174
122039	174
122074	174
122109	174
122132	174
122167	174
122191	174
122226	174
122261	174
122296	174
122332	174
122355	174
122390	174
122414	174
122449	174
122472	174
122507	174
122531	174
122566	174
122601	174
122625	174
122660	174
122683	174
122718	174
122742	174
122777	174
122800	174
122835	174
122871	174
122894	174
122929	174
122953	174
122988	174
123023	174
123058	174
123093	174
123117	174
123152	174
123175	174
123210	174
123234	174
123269	174
123292	174
123328	174
123351	174
123386	174
123421	174
123445	174
123480	175
123503	175
123539	175
123562	175
123597	175
123632	175
123656	175
123691	175
123726	175
123761	175
123796	175
123832	175
123855	175
123890	175
123914	175
123949	175
123972	175
124007	175
124042	175
124066	175
124101	175
124125	175
124160	175
124195	175
124218	175
124253	175
124289	175
124312	175
124347	175
124371	175
124406	175
124441	175
124464	175
124500	175
124546	175
124570	175
124605	175
124628	175
124664	175
124687	175
124722	175
124746	175
124781	175
124816	175
124839	175
124875	175
124898	175
124933	175
124957	175
124992	175
125015	176
125050	176
125074	176
125109	176
125132	176
125167	176
125203	176
125226	176
125261	176
125296	176
125332	176
125367	176
125390	176
125425	176
125449	176
125484	176
125519	176
125542	176
125578	176
125601	176
125636	176
125671	176
125707	176
125730	176
125765	176
125789	176
125824	176
125859	176
125882	176
125917	176
125941	176
125976	176
126011	176
126046	176
126082	176
126105	176
126140	176
126164	176
126199	176
126234	176
126257	176
126292	176
126328	176
126363	176
126386	176
126421	176
126457	176
126492	176
126515	176
126550	176
126574	177
126609	177
126632	177
126667	177
126703	177
126726	177
126773	177
126796	177
126832	177
126867	177
126890	177
126925	177
126972	177
126996	177
127031	177
127054	177
127089	177
127125	177
127160	177
127195	177
127218	177
127253	177
127277	177
127312	177
127335	177
127359	177
127394	177
127429	177
127453	177
127488	177
127511	177
127546	177
127582	177
127605	177
127640	177
127675	177
127699	177
127734	177
127769	177
127792	177
127828	177
127863	177
127910	177
127945	177
127968	177
128003	177
128039	177
128062	177
128097	177
128121	177
128156	178
128191	178
128214	178
128250	178
128285	178
128308	178
128343	178
128378	178
128402	178
128437	178
128472	178
128496	178
128531	178
128566	178
128589	178
128636	178
128671	178
128707	178
128730	178
128765	178
128800	178
128835	178
128859	178
128894	178
128917	178
128953	178
128988	178
129011	178
129046	178
129082	178
129105	178
129140	178
129175	178
129199	178
129234	178
129269	178
129292	178
129328	178
129363	178
129398	178
129445	178
129468	178
129503	178
129527	178
129562	178
129597	178
129621	178
129656	178
129679	178
129714	178
129738	179
129773	179
129796	179
129832	179
129867	179
129890	179
129925	179
129949	179
129984	179
130007	179
130042	179
130078	179
130113	179
130148	179
130183	179
130218	179
130242	179
130277	179
130312	179
130347	179
130382	179
130417	179
130441	179
130476	179
130511	179
130535	179
130570	179
130605	179
130628	179
130664	179
130687	179
130710	179
130746	179
130781	179
130804	179
130839	179
130875	179
130910	179
130945	179
130968	179
131003	179
131039	179
131074	179
131109	179
131132	179
131167	179
131203	179
131226	179
131261	179
131296	179
131320	180
131355	180
131390	180
131414	180
131449	180
131472	180
131507	180
131542	180
131566	180
131601	180
131636	180
131671	180
131707	180
131730	180
131765	180
131800	180
131824	180
131859	180
131882	180
131917	180
131953	180
131976	180
132011	180
132035	180
132070	180
132105	180
132128	180
132164	180
132187	180
132210	180
132246	180
132269	180
132304	180
132339	180
132363	180
132398	180
132433	180
132468	180
132503	180
132527	180
132574	180
132609	180
132632	180
132667	180
132703	180
132738	180
132773	180
132808	180
132843	180
132867	180
132902	181
132925	181
132960	181
132996	181
133019	181
133054	181
133089	181
133113	181
133148	181
133183	181
133218	181
133242	181
133277	181
133312	181
133347	181
133371	181
133406	181
133429	181
133464	181
133500	181
133535	181
133570	181
133593	181
133628	181
133664	181
133687	181
133710	181
133746	181
133769	181
133804	181
133839	181
133863	181
133898	181
133933	181
133957	181
133992	181
134027	181
134050	181
134085	181
134109	181
134144	181
134179	181
134203	181
134238	181
134273	181
134308	181
134343	181
134367	181
134402	181
134437	181
134460	182
134484	182
134519	182
134554	182
134578	182
134613	182
134648	182
134671	182
134707	182
134742	182
134765	182
134800	182
134835	182
134859	182
134894	182
134917	182
134953	182
134988	182
135023	182
135058	182
135093	182
135128	182
135152	182
135187	182
135210	182
135246	182
135281	182
135304	182
135339	182
135363	182
135398	182
135433	182
135457	182
135492	182
135527	182
135550	182
135585	182
135609	182
135644	182
135679	182
135703	182
135738	182
135773	182
135808	182
135843	182
135878	182
135902	182
135937	182
135960	182
135996	182
136019	183
136054	183
136078	183
136113	183
136136	183
136171	183
136207	183
136230	183
136265	183
136300	183
136324	183
136359	183
136382	183
136417	183
136453	183
136488	183
136523	183
136558	183
136582	183
136617	183
136652	183
136675	183
136710	183
136734	183
136769	183
136792	183
136828	183
136851	183
136886	183
136921	183
136945	183
136980	183
137015	183
137039	183
137074	183
137097	183
137132	183
137156	183
137191	183
137226	183
137261	183
137296	183
137332	183
137355	183
137390	183
137425	183
137449	183
137484	183
137507	183
137542	183
137578	184
137601	184
137636	184
137671	184
137707	184
137730	184
137765	184
137800	184
137824	184
137859	184
137882	184
137917	184
137941	184
137976	184
138011	184
138046	184
138070	184
138105	184
138140	184
138164	184
138199	184
138234	184
138257	184
138292	184
138316	184
138351	184
138386	184
138421	184
138445	184
138480	184
138515	184
138539	184
138574	184
138597	184
138632	184
138656	184
138691	184
138726	184
138761	184
138796	184
138820	184
138855	184
138890	184
138925	184
138960	184
138996	184
139019	184
139054	184
139089	184
139113	184
139148	185
139183	185
139218	185
139242	185
139277	185
139300	185
139335	185
139359	185
139394	185
139417	185
139453	185
139476	185
139511	185
139546	185
139582	185
139605	185
139640	185
139675	185
139710	185
139734	185
139769	185
139804	185
139828	185
139875	185
139910	185
139945	185
139968	185
140003	185
140039	185
140062	185
140097	185
140121	185
140156	185
140191	185
140214	185
140250	185
140273	185
140308	185
140343	185
140367	185
140402	185
140437	185
140460	185
140496	185
140519	185
140554	185
140589	185
140625	185
140660	185
140695	185
140718	186
140753	186
140777	186
140812	186
140847	186
140871	186
140906	186
140941	186
140964	186
141000	186
141023	186
141058	186
141093	186
141117	186
141152	186
141187	186
141222	186
141246	186
141281	186
141304	186
141339	186
141386	186
141421	186
141457	186
141480	186
141515	186
141550	186
141574	186
141609	186
141644	186
141667	186
141703	186
141726	186
141761	186
141785	186
141820	186
141855	186
141878	186
141914	186
141937	186
141972	186
142007	186
142031	186
142066	186
142101	186
142136	186
142171	186
142207	186
142242	186
142265	186
142300	187
142347	187
142371	187
142406	187
142429	187
142464	187
142500	187
142523	187
142558	187
142582	187
142617	187
142652	187
142675	187
142699	187
142722	187
142757	187
142781	187
142816	187
142851	187
142875	187
142910	187
142945	187
142980	187
143003	187
143039	187
143074	187
143097	187
143132	187
143156	187
143191	187
143226	187
143250	187
143285	187
143320	187
143343	187
143378	187
143414	187
143437	187
143472	187
143496	187
143531	187
143554	187
143589	187
143625	187
143660	187
143695	187
143718	187
143753	187
143789	187
143812	187
143847	188
143882	188
143906	188
143941	188
143976	188
144000	188
144035	188
144058	188
144093	188
144128	188
144152	188
144187	188
144210	188
144234	188
144269	188
144292	188
144328	188
144363	188
144398	188
144421	188
144457	188
144492	188
144515	188
144550	188
144597	188
144621	188
144656	188
144679	188
144714	188
144750	188
144785	188
144820	188
144843	188
144878	188
144914	188
144937	188
144960	188
144996	188
145019	188
145054	188
145089	188
145113	188
145148	188
145183	188
145207	188
145242	188
145277	188
145300	188
145335	188
145359	188
145394	189
145417	189
145453	189
145488	189
145511	189
145546	189
145582	189
145605	189
145640	189
145664	189
145699	189
145722	189
145757	189
145781	189
145816	189
145839	189
145875	189
145910	189
145933	189
145968	189
146003	189
146027	189
146062	189
146085	189
146121	189
146156	189
146179	189
146214	189
146250	189
146285	189
146320	189
146343	189
146378	189
146414	189
146437	189
146460	189
146496	189
146519	189
146554	189
146589	189
146613	189
146648	189
146671	189
146707	189
146742	189
146765	189
146800	189
146824	189
146859	189
146882	189
146917	190
146941	190
146976	190
147011	190
147046	190
147082	190
147105	190
147140	190
147164	190
147199	190
147222	190
147257	190
147281	190
147316	190
147339	190
147375	190
147398	190
147433	190
147457	190
147492	190
147527	190
147550	190
147585	190
147609	190
147644	190
147667	190
147703	190
147738	190
147773	190
147808	190
147832	190
147867	190
147902	190
147925	190
147960	190
147984	190
148019	190
148042	190
148078	190
148101	190
148136	190
148171	190
148195	190
148230	190
148265	190
148289	190
148324	190
148347	190
148382	190
148417	190
148441	191
148476	191
148511	191
148546	191
148582	191
148605	191
148640	191
148675	191
148699	191
148734	191
148757	191
148792	191
148816	191
148851	191
148875	191
148910	191
148933	191
148968	191
149003	191
149027	191
149062	191
149085	191
149121	191
149144	191
149179	191
149203	191
149238	191
149273	191
149308	191
149343	191
149367	191
149402	191
149437	191
149460	191
149496	191
149519	191
149554	191
149589	191
149613	191
149648	191
149683	191
149707	191
149742	191
149765	191
149800	191
149824	191
149859	191
149882	191
149917	191
149953	191
149976	192
150011	192
150046	192
150082	192
150105	192
150140	192
150175	192
150199	192
150234	192
150269	192
150292	192
150328	192
150363	192
150398	192
150421	192
150457	192
150492	192
150515	192
150550	192
150574	192
150609	192
150644	192
150667	192
150703	192
150738	192
150773	192
150808	192
150832	192
150867	192
150902	192
150937	192
150972	192
150996	192
151031	192
151066	192
151089	192
151125	192
151160	192
151195	192
151218	192
151253	192
151277	192
151312	192
151335	192
151359	192
151394	192
151417	192
151453	192
151476	192
151511	192
151546	193
151570	193
151605	193
151640	193
151664	193
151699	193
151734	193
151769	193
151792	193
151828	193
151863	193
151898	193
151933	193
151968	193
151992	193
152027	193
152062	193
152085	193
152121	193
152144	193
152179	193
152214	193
152238	193
152273	193
152296	193
152332	193
152367	193
152390	193
152425	193
152460	193
152484	193
152519	193
152542	193
152578	193
152613	193
152648	193
152683	193
152718	193
152753	193
152777	193
152812	193
152847	193
152871	193
152906	193
152941	193
152964	193
153000	193
153035	193
153058	193
153093	193
153128	194
153152	194
153187	194
153222	194
153257	194
153281	194
153316	194
153351	194
153386	194
153421	194
153457	194
153492	194
153515	194
153550	194
153574	194
153609	194
153632	194
153667	194
153703	194
153726	194
153761	194
153785	194
153820	194
153843	194
153878	194
153914	194
153937	194
153960	194
153996	194
154031	194
154054	194
154089	194
154125	194
154171	194
154207	194
154230	194
154265	194
154300	194
154335	194
154371	194
154394	194
154429	194
154453	194
154488	194
154523	194
154546	194
154582	194
154617	194
154640	194
154675	194
154699	195
154722	195
154757	195
154781	195
154816	195
154851	195
154886	195
154921	195
154945	195
154980	195
155015	195
155039	195
155074	195
155109	195
155144	195
155167	195
155203	195
155238	195
155261	195
155296	195
155332	195
155367	195
155390	195
155425	195
155449	195
155484	195
155507	195
155542	195
155578	195
155601	195
155636	195
155671	195
155707	195
155742	195
155765	195
155800	195
155835	195
155859	195
155894	195
155917	195
155953	195
155988	195
156011	195
156046	195
156070	195
156105	195
156140	195
156164	195
156187	195
156210	195
156246	196
156269	196
156304	196
156339	196
156363	196
156398	196
156433	196
156468	196
156492	196
156527	196
156562	196
156597	196
156632	196
156656	196
156691	196
156726	196
156761	196
156796	196
156832	196
156855	196
156890	196
156925	196
156949	196
156984	196
157007	196
157042	196
157066	196
157101	196
157136	196
157171	196
157195	196
157230	196
157265	196
157289	196
157324	196
157359	196
157382	196
157417	196
157453	196
157476	196
157511	196
157546	196
157582	196
157605	196
157640	196
157664	196
157699	196
157722	196
157757	196
157781	196
157816	197
157851	197
157875	197
157910	197
157933	197
157968	197
158003	197
158027	197
158062	197
158097	197
158121	197
158156	197
158179	197
158214	197
158250	197
158285	197
158320	197
158343	197
158378	197
158414	197
158437	197
158460	197
158496	197
158519	197
158554	197
158589	197
158613	197
158648	197
158671	197
158707	197
158742	197
158765	197
158800	197
158824	197
158859	197
158882	197
158917	197
158953	197
158988	197
159023	197
159058	197
159082	197
159117	197
159152	197
159175	197
159210	197
159234	197
159269	197
159292	197
159328	197
timepoint: 184.72