0	0
0	0
0	0
0	0
0	0
0	0
0	0
0	0
0	0
0	0
0	0
0	0
0	0
0	0
0	0
0	0
0	0
0	0
0	0
0	0
0	0
0	0
0	0
0	0
0	0
0	0
0	0
0	0
0	0
0	0
0	0
0	0
0	0
0	0
0	0
0	0
0	0
0	0
0	0
0	0
0	0
0	0
0	0
0	0
0	0
0	0
0	0
0	0
0	0
0	0
0	1
0	1
0	1
0	1
0	1
0	1
0	1
0	1
0	1
0	1
0	1
0	1
0	1
0	1
0	1
0	1
0	1
0	1
0	1
0	1
0	1
0	1
0	1
0	1
0	1
0	1
0	1
0	1
0	1
0	1
0	1
0	1
0	1
0	1
0	1
0	1
0	1
0	1
0	1
0	1
0	1
0	1
0	1
0	1
0	1
0	1
0	1
0	1
0	1
0	1
0	2
0	2
0	2
0	2
0	2
0	2
0	2
0	2
0	2
0	2
0	2
0	2
0	2
0	2
0	2
0	2
0	2
0	2
0	2
0	2
0	2
0	2
0	2
0	2
0	2
0	2
0	2
0	2
0	2
0	2
0	2
0	2
0	2
0	2
0	2
0	2
0	2
0	2
0	2
0	2
0	2
0	2
0	2
0	2
0	2
0	2
0	2
0	2
0	2
0	2
0	3
0	3
0	3
0	3
0	3
0	3
0	3
0	3
0	3
0	3
0	3
0	3
0	3
0	3
0	3
0	3
0	3
0	3
0	3
0	3
0	3
0	3
0	3
0	3
0	3
0	3
0	3
0	3
0	3
0	3
0	3
0	3
0	3
0	3
0	3
0	3
0	3
0	3
0	3
0	3
0	3
0	3
0	3
0	3
0	3
0	3
0	3
0	3
0	3
0	3
0	4
0	4
0	4
0	4
0	4
0	4
0	4
0	4
0	4
0	4
0	4
0	4
0	4
0	4
0	4
0	4
0	4
0	4
0	4
0	4
0	4
0	4
0	4
0	4
0	4
0	4
0	4
0	4
0	4
0	4
0	4
0	4
0	4
0	4
0	4
0	4
0	4
0	4
0	4
0	4
0	4
0	4
0	4
0	4
0	4
0	4
0	4
0	4
11	4
11	4
11	5
11	5
11	5
11	5
11	5
11	5
11	5
11	5
11	5
11	5
23	5
23	5
23	5
23	5
23	5
23	5
23	5
23	5
23	5
23	5
23	5
35	5
35	5
35	5
35	5
35	5
35	5
35	5
35	5
35	5
35	5
35	5
35	5
35	5
35	5
35	5
35	5
35	5
35	5
35	5
35	5
35	5
35	5
35	5
23	5
23	5
23	5
23	5
23	5
23	5
23	6
23	6
23	6
23	6
23	6
23	6
23	6
23	6
23	6
23	6
23	6
23	6
23	6
23	6
11	6
11	6
11	6
11	6
11	6
11	6
23	6
23	6
23	6
23	6
23	6
23	6
23	6
23	6
23	6
23	6
23	6
23	6
23	6
23	6
23	6
23	6
23	6
23	6
35	6
35	6
35	6
35	6
35	6
35	6
35	6
35	6
35	6
35	6
35	6
35	6
35	7
35	7
35	7
35	7
35	7
35	7
35	7
35	7
35	7
35	7
35	7
35	7
35	7
35	7
35	7
35	7
35	7
35	7
35	7
35	7
35	7
35	7
35	7
35	7
35	7
23	7
23	7
23	7
23	7
23	7
23	7
23	7
23	7
23	7
23	7
23	7
23	7
23	7
23	7
23	7
23	7
23	7
23	7
23	7
23	7
23	7
23	7
23	7
23	7
23	7
23	8
23	8
23	8
23	8
23	8
23	8
23	8
23	8
23	8
23	8
23	8
23	8
35	8
35	8
35	8
35	8
35	8
35	8
35	8
35	8
35	8
35	8
35	8
35	8
35	8
35	8
35	8
35	8
35	8
35	8
35	8
35	8
35	8
35	8
35	8
35	8
35	8
35	8
35	8
35	8
35	8
35	8
35	8
35	8
35	8
35	8
35	8
35	8
35	8
35	8
35	9
35	9
35	9
35	9
23	9
23	9
23	9
23	9
23	9
23	9
23	9
23	9
23	9
23	9
23	9
23	9
23	9
23	9
23	9
23	9
23	9
23	9
23	9
23	9
23	9
23	9
23	9
23	9
35	9
35	9
35	9
35	9
35	9
35	9
35	9
35	9
35	9
35	9
35	9
35	9
35	9
35	9
35	9
35	9
35	9
35	9
35	9
35	9
35	9
35	9
35	10
35	10
35	10
35	10
35	10
35	10
35	10
35	10
35	10
35	10
23	10
23	10
23	10
23	10
23	10
23	10
23	10
23	10
23	10
23	10
23	10
23	10
23	10
23	10
23	10
23	10
23	10
23	10
23	10
23	10
23	10
23	10
23	10
23	10
23	10
23	10
23	10
23	10
23	10
23	10
35	10
35	10
35	10
35	10
35	10
35	10
35	10
35	10
35	10
35	10
35	11
35	11
35	11
35	11
35	11
35	11
35	11
35	11
35	11
35	11
35	11
35	11
35	11
35	11
35	11
35	11
35	11
35	11
35	11
35	11
35	11
35	11
35	11
35	11
35	11
35	11
35	11
35	11
35	11
35	11
35	11
35	11
35	11
35	11
35	11
35	11
35	11
35	11
35	11
35	11
35	11
35	11
35	11
35	11
35	11
35	11
35	11
35	11
35	11
35	11
35	12
35	12
35	12
35	12
35	12
35	12
35	12
35	12
35	12
35	12
35	12
35	12
35	12
35	12
35	12
35	12
35	12
35	12
35	12
35	12
35	12
35	12
35	12
35	12
35	12
35	12
35	12
35	12
35	12
35	12
35	12
35	12
35	12
35	12
35	12
35	12
35	12
35	12
35	12
35	12
35	12
35	12
35	12
35	12
35	12
35	12
35	12
35	12
35	12
35	12
35	13
35	13
35	13
35	13
35	13
35	13
35	13
35	13
35	13
35	13
35	13
35	13
35	13
35	13
35	13
35	13
35	13
35	13
35	13
35	13
35	13
35	13
35	13
35	13
35	13
35	13
35	13
35	13
35	13
35	13
35	13
35	13
35	13
35	13
35	13
35	13
35	13
35	13
35	13
35	13
35	13
35	13
35	13
35	13
35	13
35	13
35	13
35	13
35	13
35	13
35	14
35	14
35	14
35	14
35	14
35	14
35	14
35	14
35	14
35	14
35	14
35	14
35	14
35	14
35	14
35	14
35	14
35	14
35	14
35	14
35	14
35	14
35	14
35	14
35	14
35	14
35	14
35	14
35	14
35	14
35	14
35	14
35	14
35	14
35	14
35	14
35	14
35	14
35	14
35	14
35	14
35	14
35	14
35	14
35	14
35	14
35	14
35	14
35	14
35	14
35	15
35	15
35	15
35	15
35	15
35	15
35	15
35	15
35	15
35	15
35	15
35	15
35	15
35	15
35	15
35	15
35	15
35	15
35	15
35	15
35	15
35	15
35	15
35	15
35	15
35	15
35	15
35	15
35	15
35	15
35	15
35	15
35	15
35	15
35	15
35	15
35	15
35	15
35	15
35	15
35	15
35	15
35	15
35	15
35	15
35	15
35	15
35	15
35	15
35	15
35	16
35	16
35	16
35	16
35	16
35	16
35	16
35	16
35	16
35	16
35	16
35	16
35	16
35	16
35	16
35	16
35	16
35	16
35	16
35	16
35	16
35	16
35	16
35	16
35	16
35	16
35	16
35	16
35	16
35	16
35	16
35	16
35	16
35	16
35	16
35	16
35	16
35	16
35	16
35	16
35	16
35	16
35	16
35	16
35	16
35	16
35	16
35	16
35	16
35	16
35	17
35	17
35	17
35	17
35	17
35	17
35	17
35	17
35	17
35	17
35	17
35	17
35	17
35	17
35	17
35	17
35	17
35	17
35	17
35	17
35	17
35	17
35	17
35	17
35	17
35	17
35	17
35	17
35	17
35	17
35	17
35	17
35	17
35	17
35	17
35	17
35	17
35	17
35	17
35	17
35	17
35	17
35	17
35	17
35	17
35	17
35	17
35	17
35	17
35	17
35	18
35	18
35	18
35	18
35	18
35	18
35	18
35	18
35	18
35	18
35	18
35	18
35	18
35	18
35	18
35	18
35	18
35	18
35	18
35	18
35	18
35	18
35	18
35	18
35	18
35	18
35	18
35	18
35	18
35	18
35	18
35	18
35	18
35	18
35	18
35	18
35	18
35	18
35	18
35	18
35	18
35	18
35	18
35	18
35	18
35	18
35	18
35	18
35	18
35	18
35	19
35	19
35	19
35	19
35	19
35	19
35	19
35	19
35	19
35	19
35	19
35	19
35	19
35	19
35	19
35	19
35	19
35	19
35	19
35	19
35	19
35	19
35	19
35	19
35	19
35	19
35	19
35	19
35	19
35	19
35	19
35	19
35	19
35	19
35	19
35	19
35	19
35	19
35	19
35	19
35	19
35	19
35	19
35	19
35	19
35	19
35	19
35	19
35	19
35	19
35	20
35	20
35	20
35	20
35	20
35	20
35	20
35	20
35	20
35	20
35	20
35	20
35	20
35	20
35	20
35	20
35	20
35	20
35	20
35	20
35	20
35	20
35	20
35	20
35	20
35	20
35	20
35	20
35	20
35	20
35	20
35	20
35	20
35	20
35	20
35	20
35	20
35	20
35	20
35	20
35	20
35	20
35	20
35	20
35	20
35	20
35	20
35	20
35	20
35	20
35	21
35	21
35	21
35	21
35	21
35	21
35	21
35	21
35	21
35	21
35	21
35	21
35	21
35	21
35	21
35	21
35	21
35	21
35	21
35	21
35	21
35	21
35	21
35	21
35	21
35	21
35	21
35	21
35	21
35	21
35	21
35	21
35	21
35	21
35	21
35	21
35	21
35	21
35	21
35	21
35	21
35	21
35	21
35	21
35	21
35	21
35	21
35	21
35	21
35	21
35	22
35	22
35	22
35	22
35	22
35	22
35	22
35	22
35	22
35	22
35	22
35	22
35	22
35	22
35	22
35	22
35	22
35	22
35	22
35	22
35	22
35	22
35	22
35	22
35	22
35	22
35	22
35	22
35	22
35	22
35	22
35	22
35	22
35	22
35	22
35	22
35	22
35	22
35	22
35	22
35	22
35	22
35	22
35	22
35	22
35	22
35	22
35	22
35	22
35	22
35	23
35	23
35	23
35	23
35	23
35	23
35	23
35	23
35	23
35	23
35	23
35	23
35	23
35	23
35	23
35	23
35	23
35	23
35	23
35	23
35	23
35	23
35	23
35	23
35	23
35	23
35	23
35	23
35	23
35	23
35	23
35	23
35	23
35	23
35	23
35	23
35	23
35	23
35	23
35	23
35	23
35	23
35	23
35	23
35	23
35	23
35	23
35	23
35	23
35	23
35	24
35	24
35	24
35	24
35	24
35	24
35	24
35	24
35	24
35	24
35	24
35	24
35	24
35	24
35	24
35	24
35	24
35	24
35	24
35	24
35	24
35	24
35	24
35	24
35	24
35	24
35	24
35	24
35	24
35	24
35	24
35	24
35	24
35	24
35	24
35	24
35	24
35	24
35	24
35	24
35	24
35	24
35	24
35	24
35	24
35	24
35	24
35	24
35	24
35	24
35	25
35	25
35	25
35	25
35	25
35	25
35	25
35	25
35	25
35	25
35	25
35	25
35	25
35	25
35	25
35	25
35	25
35	25
35	25
35	25
35	25
35	25
35	25
35	25
35	25
35	25
35	25
35	25
35	25
35	25
35	25
35	25
35	25
35	25
35	25
35	25
35	25
35	25
35	25
35	25
35	25
35	25
35	25
35	25
35	25
35	25
35	25
35	25
35	25
35	25
35	26
35	26
35	26
35	26
35	26
35	26
35	26
35	26
35	26
35	26
35	26
35	26
35	26
35	26
35	26
35	26
35	26
35	26
35	26
35	26
35	26
35	26
35	26
35	26
35	26
35	26
35	26
35	26
35	26
35	26
35	26
35	26
35	26
35	26
35	26
35	26
35	26
35	26
35	26
35	26
35	26
35	26
35	26
35	26
35	26
35	26
35	26
35	26
35	26
35	26
35	27
35	27
35	27
35	27
35	27
35	27
35	27
35	27
35	27
35	27
35	27
35	27
35	27
35	27
35	27
35	27
35	27
35	27
35	27
35	27
35	27
35	27
35	27
35	27
35	27
35	27
35	27
35	27
35	27
35	27
35	27
35	27
35	27
35	27
35	27
35	27
35	27
35	27
35	27
35	27
35	27
35	27
35	27
35	27
35	27
35	27
35	27
35	27
35	27
35	27
35	28
35	28
35	28
35	28
35	28
35	28
35	28
35	28
35	28
35	28
35	28
35	28
35	28
35	28
35	28
35	28
35	28
35	28
35	28
35	28
35	28
35	28
35	28
35	28
35	28
35	28
35	28
35	28
35	28
35	28
35	28
35	28
35	28
35	28
35	28
35	28
35	28
35	28
35	28
35	28
35	28
35	28
35	28
35	28
35	28
35	28
35	28
35	28
35	28
35	28
35	29
35	29
35	29
35	29
35	29
35	29
35	29
35	29
35	29
35	29
35	29
35	29
35	29
35	29
35	29
35	29
35	29
35	29
35	29
35	29
35	29
35	29
35	29
35	29
35	29
46	29
46	29
46	29
46	29
46	29
46	29
46	29
46	29
46	29
46	29
46	29
46	29
46	29
46	29
46	29
46	29
46	29
46	29
46	29
46	29
46	29
46	29
46	29
46	29
46	29
46	30
46	30
58	30
58	30
58	30
58	30
58	30
58	30
58	30
58	30
58	30
58	30
58	30
58	30
58	30
58	30
58	30
70	30
70	30
70	30
70	30
70	30
70	30
70	30
70	30
70	30
70	30
70	30
70	30
70	30
82	30
82	30
82	30
82	30
82	30
82	30
82	30
82	30
82	30
82	30
82	30
82	30
82	30
82	30
82	30
93	30
93	30
93	30
93	30
93	30
93	31
93	31
93	31
105	31
105	31
105	31
105	31
105	31
105	31
105	31
105	31
105	31
105	31
105	31
105	31
105	31
117	31
117	31
117	31
117	31
117	31
117	31
117	31
117	31
117	31
117	31
117	31
128	31
128	31
128	31
128	31
128	31
128	31
128	31
128	31
128	31
140	31
140	31
140	31
140	31
140	31
140	31
140	31
140	31
152	31
152	31
152	31
152	31
152	31
152	31
152	32
152	32
152	32
164	32
164	32
164	32
164	32
164	32
164	32
164	32
175	32
175	32
175	32
175	32
175	32
175	32
175	32
175	32
175	32
187	32
187	32
187	32
187	32
187	32
187	32
187	32
187	32
199	32
199	32
199	32
199	32
199	32
199	32
199	32
199	32
199	32
199	32
210	32
210	32
210	32
210	32
210	32
210	32
210	32
210	32
210	32
222	32
222	32
222	32
222	32
222	33
222	33
222	33
222	33
234	33
234	33
234	33
234	33
234	33
234	33
234	33
234	33
234	33
246	33
246	33
246	33
246	33
246	33
246	33
246	33
257	33
257	33
257	33
257	33
257	33
257	33
257	33
257	33
269	33
269	33
269	33
269	33
269	33
269	33
281	33
281	33
281	33
281	33
281	33
281	33
281	33
292	33
292	33
292	33
292	33
292	33
292	33
304	33
304	33
304	33
304	34
304	34
304	34
304	34
316	34
316	34
316	34
316	34
316	34
316	34
328	34
328	34
328	34
328	34
328	34
328	34
339	34
339	34
339	34
339	34
339	34
339	34
351	34
351	34
351	34
351	34
351	34
351	34
363	34
363	34
363	34
363	34
363	34
363	34
375	34
375	34
375	34
375	34
375	34
386	34
386	34
386	34
386	34
386	34
398	34
398	34
398	34
398	34
398	34
410	34
410	35
410	35
410	35
410	35
421	35
421	35
421	35
421	35
421	35
433	35
433	35
433	35
433	35
433	35
445	35
445	35
445	35
445	35
445	35
457	35
457	35
457	35
457	35
457	35
468	35
468	35
468	35
468	35
468	35
480	35
480	35
480	35
480	35
480	35
492	35
492	35
492	35
492	35
492	35
492	35
503	35
503	35
503	35
503	35
503	35
515	35
515	35
515	35
515	35
515	35
527	36
527	36
527	36
527	36
527	36
539	36
539	36
539	36
539	36
539	36
550	36
550	36
550	36
550	36
550	36
562	36
562	36
562	36
562	36
562	36
574	36
574	36
574	36
574	36
574	36
585	36
585	36
585	36
585	36
597	36
597	36
597	36
597	36
609	36
609	36
609	36
609	36
621	36
621	36
621	36
621	36
632	36
632	36
632	36
632	36
644	36
644	36
644	36
644	36
644	36
656	37
656	37
656	37
656	37
656	37
667	37
667	37
667	37
667	37
667	37
679	37
679	37
679	37
679	37
679	37
691	37
691	37
691	37
691	37
691	37
703	37
703	37
703	37
703	37
703	37
714	37
714	37
714	37
714	37
714	37
726	37
726	37
726	37
726	37
738	37
738	37
738	37
738	37
750	37
750	37
750	37
750	37
761	37
761	37
761	37
761	37
773	37
773	37
773	37
773	37
785	38
785	38
785	38
785	38
796	38
796	38
796	38
796	38
808	38
808	38
808	38
808	38
808	38
820	38
820	38
820	38
832	38
832	38
832	38
832	38
832	38
843	38
843	38
843	38
843	38
855	38
855	38
855	38
855	38
867	38
867	38
867	38
867	38
867	38
878	38
878	38
878	38
878	38
878	38
890	38
890	38
890	38
890	38
890	38
902	38
902	38
902	38
902	38
902	38
914	38
914	39
914	39
914	39
914	39
925	39
925	39
925	39
925	39
925	39
937	39
937	39
937	39
937	39
937	39
949	39
949	39
949	39
949	39
949	39
960	39
960	39
960	39
960	39
960	39
972	39
972	39
972	39
972	39
984	39
984	39
984	39
984	39
984	39
996	39
996	39
996	39
996	39
1007	39
1007	39
1007	39
1007	39
1007	39
1019	39
1019	39
1019	39
1019	39
1031	39
1031	39
1031	39
1031	39
1042	40
1042	40
1042	40
1042	40
1042	40
1054	40
1054	40
1054	40
1054	40
1066	40
1066	40
1066	40
1066	40
1066	40
1078	40
1078	40
1078	40
1078	40
1089	40
1089	40
1089	40
1089	40
1089	40
1101	40
1101	40
1101	40
1101	40
1101	40
1113	40
1113	40
1113	40
1113	40
1113	40
1125	40
1125	40
1125	40
1125	40
1136	40
1136	40
1136	40
1136	40
1136	40
1148	40
1148	40
1148	40
1148	40
1160	40
1160	40
1160	40
1160	40
1160	41
1171	41
1171	41
1171	41
1171	41
1183	41
1183	41
1183	41
1183	41
1195	41
1195	41
1195	41
1195	41
1207	41
1207	41
1207	41
1207	41
1218	41
1218	41
1218	41
1218	41
1230	41
1230	41
1230	41
1230	41
1242	41
1242	41
1242	41
1242	41
1253	41
1253	41
1253	41
1253	41
1253	41
1265	41
1265	41
1265	41
1265	41
1277	41
1277	41
1277	41
1277	41
1277	41
1289	41
1289	41
1289	41
1289	41
1300	41
1300	41
1300	41
1300	42
1300	42
1312	42
1312	42
1312	42
1312	42
1324	42
1324	42
1324	42
1324	42
1324	42
1335	42
1335	42
1335	42
1335	42
1335	42
1347	42
1347	42
1347	42
1347	42
1347	42
1359	42
1359	42
1359	42
1359	42
1371	42
1371	42
1371	42
1371	42
1371	42
1382	42
1382	42
1382	42
1382	42
1394	42
1394	42
1394	42
1394	42
1406	42
1406	42
1406	42
1406	42
1406	42
1417	42
1417	42
1417	42
1417	42
1429	42
1429	42
1429	42
1429	43
1441	43
1441	43
1441	43
1441	43
1453	43
1453	43
1453	43
1453	43
1464	43
1464	43
1464	43
1464	43
1464	43
1476	43
1476	43
1476	43
1476	43
1488	43
1488	43
1488	43
1488	43
1500	43
1500	43
1500	43
1500	43
1500	43
1511	43
1511	43
1511	43
1511	43
1523	43
1523	43
1523	43
1523	43
1535	43
1535	43
1535	43
1535	43
1535	43
1546	43
1546	43
1546	43
1546	43
1558	43
1558	43
1558	43
1558	43
1570	43
1570	43
1570	44
1570	44
1582	44
1582	44
1582	44
1582	44
1582	44
1593	44
1593	44
1593	44
1593	44
1605	44
1605	44
1605	44
1605	44
1617	44
1617	44
1617	44
1617	44
1628	44
1628	44
1628	44
1628	44
1640	44
1640	44
1640	44
1640	44
1652	44
1652	44
1652	44
1652	44
1664	44
1664	44
1664	44
1664	44
1675	44
1675	44
1675	44
1675	44
1687	44
1687	44
1687	44
1687	44
1687	44
1699	44
1699	44
1699	44
1699	44
1710	44
1710	44
1710	45
1710	45
1710	45
1722	45
1722	45
1722	45
1722	45
1722	45
1734	45
1734	45
1734	45
1734	45
1734	45
1746	45
1746	45
1746	45
1746	45
1757	45
1757	45
1757	45
1757	45
1757	45
1769	45
1769	45
1769	45
1769	45
1781	45
1781	45
1781	45
1781	45
1792	45
1792	45
1792	45
1792	45
1804	45
1804	45
1804	45
1804	45
1816	45
1816	45
1816	45
1828	45
1828	45
1828	45
1828	45
1839	45
1839	45
1839	45
1851	45
1851	45
1851	46
1851	46
1863	46
1863	46
1863	46
1863	46
1875	46
1875	46
1875	46
1875	46
1886	46
1886	46
1886	46
1886	46
1898	46
1898	46
1898	46
1910	46
1910	46
1910	46
1910	46
1921	46
1921	46
1921	46
1921	46
1933	46
1933	46
1933	46
1933	46
1945	46
1945	46
1945	46
1957	46
1957	46
1957	46
1957	46
1968	46
1968	46
1968	46
1968	46
1980	46
1980	46
1980	46
1992	46
1992	46
1992	46
1992	46
2003	46
2003	46
2003	46
2015	47
2015	47
2015	47
2027	47
2027	47
2027	47
2027	47
2039	47
2039	47
2039	47
2050	47
2050	47
2050	47
2062	47
2062	47
2062	47
2062	47
2074	47
2074	47
2074	47
2085	47
2085	47
2085	47
2085	47
2097	47
2097	47
2097	47
2109	47
2109	47
2109	47
2121	47
2121	47
2121	47
2132	47
2132	47
2132	47
2132	47
2144	47
2144	47
2144	47
2156	47
2156	47
2156	47
2167	47
2167	47
2167	47
2167	47
2179	47
2179	47
2179	47
2191	48
2191	48
2191	48
2191	48
2203	48
2203	48
2203	48
2214	48
2214	48
2214	48
2226	48
2226	48
2226	48
2238	48
2238	48
2238	48
2238	48
2250	48
2250	48
2250	48
2261	48
2261	48
2273	48
2273	48
2273	48
2285	48
2285	48
2285	48
2296	48
2296	48
2296	48
2308	48
2308	48
2320	48
2320	48
2320	48
2332	48
2332	48
2332	48
2343	48
2343	48
2343	48
2355	48
2355	48
2355	48
2367	48
2367	48
2378	48
2378	48
2378	48
2378	49
2390	49
2390	49
2402	49
2402	49
2402	49
2402	49
2414	49
2414	49
2425	49
2425	49
2425	49
2425	49
2437	49
2437	49
2437	49
2449	49
2449	49
2449	49
2460	49
2460	49
2460	49
2472	49
2472	49
2472	49
2484	49
2484	49
2484	49
2496	49
2496	49
2496	49
2496	49
2507	49
2507	49
2507	49
2519	49
2519	49
2519	49
2531	49
2531	49
2531	49
2542	49
2542	49
2542	49
2554	49
2554	49
2554	49
2566	49
2566	49
2578	49
2578	50
2578	50
2589	50
2589	50
2589	50
2601	50
2601	50
2601	50
2613	50
2613	50
2625	50
2625	50
2625	50
2636	50
2636	50
2636	50
2648	50
2648	50
2648	50
2660	50
2660	50
2660	50
2671	50
2671	50
2683	50
2683	50
2683	50
2695	50
2695	50
2695	50
2707	50
2707	50
2707	50
2718	50
2718	50
2730	50
2730	50
2730	50
2742	50
2742	50
2742	50
2753	50
2753	50
2753	50
2765	50
2765	50
2777	50
2777	50
2777	50
2789	50
2789	51
2789	51
2800	51
2800	51
2812	51
2812	51
2812	51
2824	51
2824	51
2824	51
2835	51
2835	51
2835	51
2847	51
2847	51
2859	51
2859	51
2859	51
2871	51
2871	51
2871	51
2882	51
2882	51
2894	51
2894	51
2894	51
2906	51
2906	51
2917	51
2917	51
2917	51
2929	51
2929	51
2941	51
2941	51
2941	51
2953	51
2953	51
2964	51
2964	51
2964	51
2976	51
2976	51
2988	51
2988	51
2988	51
3000	51
3000	51
3011	51
3011	51
3023	52
3023	52
3035	52
3035	52
3046	52
3046	52
3046	52
3058	52
3058	52
3070	52
3070	52
3082	52
3082	52
3093	52
3093	52
3093	52
3105	52
3105	52
3117	52
3117	52
3117	52
3128	52
3128	52
3140	52
3140	52
3140	52
3152	52
3152	52
3164	52
3164	52
3164	52
3175	52
3175	52
3187	52
3187	52
3199	52
3199	52
3199	52
3210	52
3210	52
3222	52
3222	52
3222	52
3234	52
3234	52
3246	52
3246	52
3246	52
3257	52
3257	52
3257	53
3269	53
3269	53
3281	53
3281	53
3281	53
3292	53
3292	53
3304	53
3304	53
3316	53
3316	53
3328	53
3328	53
3328	53
3339	53
3339	53
3351	53
3351	53
3363	53
3363	53
3363	53
3375	53
3375	53
3386	53
3386	53
3386	53
3398	53
3398	53
3410	53
3410	53
3421	53
3421	53
3421	53
3433	53
3433	53
3445	53
3445	53
3445	53
3457	53
3457	53
3468	53
3468	53
3480	53
3480	53
3480	53
3492	53
3492	53
3503	53
3503	53
3515	54
3515	54
3527	54
3527	54
3527	54
3539	54
3539	54
3550	54
3550	54
3562	54
3562	54
3562	54
3574	54
3574	54
3585	54
3585	54
3597	54
3597	54
3609	54
3609	54
3609	54
3621	54
3621	54
3632	54
3632	54
3644	54
3644	54
3656	54
3656	54
3667	54
3667	54
3667	54
3679	54
3679	54
3691	54
3691	54
3703	54
3703	54
3714	54
3714	54
3726	54
3726	54
3738	54
3738	54
3738	54
3750	54
3761	54
3761	54
3773	54
3773	54
3785	55
3785	55
3796	55
3796	55
3808	55
3808	55
3820	55
3820	55
3832	55
3832	55
3843	55
3843	55
3855	55
3855	55
3867	55
3867	55
3878	55
3878	55
3890	55
3890	55
3902	55
3902	55
3902	55
3914	55
3914	55
3925	55
3925	55
3937	55
3937	55
3949	55
3949	55
3960	55
3960	55
3972	55
3972	55
3984	55
3984	55
3996	55
3996	55
3996	55
4007	55
4007	55
4019	55
4019	55
4031	55
4031	55
4042	55
4042	55
4054	55
4054	55
4066	56
4066	56
4078	56
4078	56
4089	56
4089	56
4089	56
4101	56
4101	56
4113	56
4113	56
4125	56
4125	56
4136	56
4136	56
4148	56
4148	56
4160	56
4160	56
4171	56
4171	56
4183	56
4183	56
4195	56
4195	56
4207	56
4207	56
4218	56
4218	56
4230	56
4230	56
4242	56
4242	56
4253	56
4253	56
4265	56
4265	56
4277	56
4277	56
4289	56
4289	56
4300	56
4300	56
4312	56
4312	56
4324	56
4324	56
4335	56
4335	56
4347	56
4347	57
4359	57
4359	57
4371	57
4371	57
4382	57
4382	57
4394	57
4394	57
4406	57
4406	57
4417	57
4417	57
4429	57
4429	57
4441	57
4441	57
4453	57
4453	57
4464	57
4464	57
4476	57
4476	57
4488	57
4488	57
4500	57
4500	57
4511	57
4523	57
4523	57
4535	57
4535	57
4546	57
4558	57
4558	57
4570	57
4570	57
4582	57
4593	57
4593	57
4605	57
4605	57
4617	57
4617	57
4628	57
4628	57
4640	57
4640	57
4652	57
4652	57
4664	58
4664	58
4675	58
4675	58
4687	58
4699	58
4699	58
4710	58
4710	58
4722	58
4722	58
4734	58
4734	58
4746	58
4746	58
4746	58
4757	58
4757	58
4769	58
4769	58
4781	58
4781	58
4792	58
4804	58
4804	58
4816	58
4816	58
4828	58
4828	58
4839	58
4839	58
4851	58
4851	58
4863	58
4863	58
4875	58
4875	58
4886	58
4898	58
4898	58
4910	58
4910	58
4921	58
4921	58
4933	58
4933	58
4945	58
4945	58
4957	58
4957	58
4968	59
4968	59
4980	59
4992	59
4992	59
5003	59
5003	59
5015	59
5015	59
5027	59
5027	59
5039	59
5050	59
5050	59
5062	59
5062	59
5074	59
5074	59
5085	59
5085	59
5097	59
5097	59
5109	59
5109	59
5121	59
5121	59
5132	59
5144	59
5144	59
5156	59
5156	59
5167	59
5167	59
5179	59
5179	59
5191	59
5191	59
5203	59
5214	59
5214	59
5226	59
5226	59
5238	59
5238	59
5250	59
5261	59
5261	59
5273	59
5285	59
5285	59
5296	60
5296	60
5308	60
5320	60
5320	60
5332	60
5343	60
5343	60
5355	60
5355	60
5367	60
5378	60
5378	60
5390	60
5390	60
5402	60
5402	60
5414	60
5425	60
5425	60
5437	60
5437	60
5449	60
5460	60
5460	60
5472	60
5472	60
5484	60
5496	60
5496	60
5507	60
5507	60
5519	60
5519	60
5531	60
5542	60
5542	60
5554	60
5554	60
5566	60
5566	60
5578	60
5589	60
5589	60
5601	60
5613	60
5613	60
5625	60
5625	60
5636	60
5648	61
5648	61
5660	61
5660	61
5671	61
5683	61
5683	61
5695	61
5707	61
5707	61
5718	61
5718	61
5730	61
5742	61
5742	61
5753	61
5753	61
5765	61
5777	61
5777	61
5789	61
5789	61
5800	61
5812	61
5812	61
5824	61
5824	61
5835	61
5835	61
5847	61
5859	61
5859	61
5871	61
5871	61
5882	61
5894	61
5894	61
5906	61
5906	61
5917	61
5917	61
5929	61
5941	61
5941	61
5953	61
5953	61
5964	61
5976	61
5976	61
5988	61
6000	62
6000	62
6011	62
6023	62
6023	62
6035	62
6046	62
6046	62
6058	62
6070	62
6070	62
6082	62
6093	62
6093	62
6105	62
6117	62
6117	62
6128	62
6128	62
6140	62
6152	62
6152	62
6164	62
6175	62
6175	62
6187	62
6187	62
6199	62
6210	62
6210	62
6222	62
6234	62
6234	62
6246	62
6257	62
6257	62
6269	62
6269	62
6281	62
6292	62
6292	62
6304	62
6304	62
6316	62
6328	62
6328	62
6339	62
6351	62
6351	62
6363	62
6375	63
6375	63
6386	63
6398	63
6398	63
6410	63
6421	63
6421	63
6433	63
6445	63
6445	63
6457	63
6468	63
6468	63
6480	63
6492	63
6492	63
6503	63
6515	63
6515	63
6527	63
6539	63
6539	63
6550	63
6562	63
6562	63
6574	63
6574	63
6585	63
6597	63
6597	63
6609	63
6621	63
6621	63
6632	63
6644	63
6644	63
6656	63
6667	63
6667	63
6679	63
6679	63
6691	63
6703	63
6703	63
6714	63
6726	63
6726	63
6738	63
6750	63
6761	64
6761	64
6773	64
6785	64
6796	64
6796	64
6808	64
6820	64
6832	64
6832	64
6843	64
6855	64
6855	64
6867	64
6878	64
6878	64
6890	64
6902	64
6902	64
6914	64
6925	64
6925	64
6937	64
6949	64
6960	64
6960	64
6972	64
6984	64
6996	64
7007	64
7007	64
7019	64
7031	64
7042	64
7042	64
7054	64
7054	64
7066	64
7078	64
7089	64
7089	64
7101	64
7113	64
7113	64
7125	64
7136	64
7148	64
7148	64
7160	64
7171	64
7183	65
7183	65
7195	65
7207	65
7218	65
7218	65
7230	65
7242	65
7242	65
7253	65
7265	65
7277	65
7277	65
7289	65
7300	65
7300	65
7312	65
7324	65
7324	65
7335	65
7347	65
7347	65
7359	65
7359	65
7371	65
7371	65
7382	65
7394	65
7394	65
7406	65
7417	65
7417	65
7429	65
7441	65
7453	65
7453	65
7464	65
7476	65
7476	65
7488	65
7500	65
7500	65
7511	65
7523	65
7535	65
7535	65
7546	65
7558	65
7558	65
7570	65
7582	66
7593	66
7593	66
7605	66
7617	66
7628	66
7628	66
7640	66
7652	66
7664	66
7664	66
7675	66
7687	66
7687	66
7699	66
7710	66
7722	66
7734	66
7734	66
7746	66
7757	66
7769	66
7781	66
7781	66
7792	66
7804	66
7804	66
7816	66
7828	66
7828	66
7839	66
7851	66
7863	66
7875	66
7875	66
7886	66
7898	66
7910	66
7921	66
7933	66
7945	66
7957	66
7957	66
7968	66
7980	66
7992	66
8003	66
8003	66
8015	66
8027	66
8027	67
8039	67
8050	67
8062	67
8062	67
8074	67
8085	67
8097	67
8097	67
8109	67
8121	67
8132	67
8132	67
8144	67
8156	67
8156	67
8167	67
8179	67
8191	67
8191	67
8203	67
8214	67
8226	67
8226	67
8238	67
8250	67
8250	67
8261	67
8273	67
8285	67
8285	67
8296	67
8308	67
8320	67
8320	67
8332	67
8343	67
8355	67
8355	67
8367	67
8378	67
8390	67
8390	67
8402	67
8414	67
8425	67
8425	67
8437	67
8449	67
8449	67
8460	68
8472	68
8484	68
8484	68
8496	68
8507	68
8519	68
8519	68
8531	68
8542	68
8554	68
8554	68
8566	68
8578	68
8578	68
8589	68
8601	68
8613	68
8625	68
8625	68
8636	68
8648	68
8660	68
8671	68
8683	68
8695	68
8707	68
8718	68
8718	68
8730	68
8742	68
8753	68
8765	68
8765	68
8777	68
8789	68
8789	68
8800	68
8812	68
8824	68
8835	68
8835	68
8847	68
8859	68
8871	68
8882	68
8882	68
8894	68
8906	68
8917	68
8917	69
8929	69
8941	69
8953	69
8953	69
8964	69
8976	69
8988	69
8988	69
9000	69
9011	69
9023	69
9035	69
9035	69
9046	69
9058	69
9070	69
9070	69
9082	69
9093	69
9105	69
9117	69
9117	69
9128	69
9140	69
9152	69
9164	69
9164	69
9175	69
9187	69
9199	69
9199	69
9210	69
9222	69
9234	69
9246	69
9257	69
9257	69
9269	69
9281	69
9292	69
9292	69
9304	69
9316	69
9328	69
9328	69
9339	69
9351	69
9363	69
9375	69
9386	70
9398	70
9410	70
9421	70
9433	70
9445	70
9457	70
9468	70
9480	70
9480	70
9492	70
9503	70
9515	70
9515	70
9527	70
9539	70
9550	70
9562	70
9562	70
9574	70
9585	70
9597	70
9609	70
9609	70
9621	70
9632	70
9644	70
9644	70
9656	70
9667	70
9679	70
9691	70
9691	70
9703	70
9714	70
9726	70
9738	70
9738	70
9750	70
9761	70
9773	70
9773	70
9785	70
9796	70
9808	70
9808	70
9820	70
9832	70
9843	70
9843	70
9855	71
9867	71
9878	71
9890	71
9902	71
9902	71
9914	71
9925	71
9937	71
9949	71
9949	71
9960	71
9972	71
9972	71
9984	71
9996	71
10007	71
10019	71
10019	71
10031	71
10042	71
10054	71
10066	71
10066	71
10078	71
10089	71
10101	71
10113	71
10125	71
10125	71
10136	71
10160	71
10171	71
10183	71
10195	71
10207	71
10218	71
10230	71
10230	71
10242	71
10253	71
10265	71
10277	71
10277	71
10289	71
10300	71
10312	71
10324	71
10335	71
10347	71
10359	72
10371	72
10382	72
10394	72
10394	72
10406	72
10417	72
10429	72
10441	72
10441	72
10453	72
10464	72
10476	72
10488	72
10500	72
10500	72
10511	72
10523	72
10535	72
10546	72
10558	72
10558	72
10570	72
10582	72
10593	72
10605	72
10605	72
10617	72
10628	72
10640	72
10652	72
10664	72
10675	72
10675	72
10687	72
10699	72
10710	72
10710	72
10722	72
10734	72
10734	72
10746	72
10757	72
10769	72
10769	72
10781	72
10792	72
10804	72
10816	72
10828	72
10828	73
10839	73
10851	73
10863	73
10875	73
10886	73
10898	73
10910	73
10910	73
10921	73
10933	73
10945	73
10957	73
10968	73
10980	73
10992	73
11003	73
11015	73
11015	73
11027	73
11039	73
11050	73
11062	73
11074	73
11085	73
11097	73
11109	73
11121	73
11121	73
11132	73
11144	73
11156	73
11167	73
11179	73
11191	73
11191	73
11203	73
11214	73
11226	73
11238	73
11250	73
11261	73
11273	73
11285	73
11285	73
11296	73
11308	73
11320	73
11332	73
11343	73
11355	74
11367	74
11378	74
11378	74
11390	74
11402	74
11414	74
11425	74
11437	74
11449	74
11460	74
11460	74
11472	74
11484	74
11496	74
11507	74
11519	74
11519	74
11531	74
11542	74
11554	74
11566	74
11578	74
11589	74
11589	74
11601	74
11613	74
11625	74
11636	74
11648	74
11660	74
11671	74
11683	74
11695	74
11707	74
11718	74
11730	74
11742	74
11753	74
11765	74
11777	74
11777	74
11789	74
11800	74
11812	74
11824	74
11835	74
11847	74
11859	74
11871	74
11871	75
11882	75
11894	75
11906	75
11917	75
11929	75
11941	75
11953	75
11953	75
11964	75
11976	75
11988	75
12000	75
12011	75
12023	75
12035	75
12046	75
12058	75
12070	75
12070	75
12082	75
12093	75
12105	75
12117	75
12128	75
12140	75
12152	75
12164	75
12175	75
12187	75
12187	75
12199	75
12210	75
12222	75
12222	75
12234	75
12246	75
12257	75
12269	75
12269	75
12281	75
12292	75
12304	75
12316	75
12328	75
12339	75
12351	75
12363	75
12375	75
12375	75
12386	76
12398	76
12410	76
12421	76
12433	76
12457	76
12457	76
12468	76
12480	76
12492	76
12503	76
12515	76
12527	76
12539	76
12550	76
12562	76
12574	76
12585	76
12597	76
12609	76
12621	76
12632	76
12644	76
12656	76
12667	76
12679	76
12691	76
12703	76
12714	76
12726	76
12738	76
12750	76
12761	76
12773	76
12785	76
12796	76
12808	76
12820	76
12832	76
12843	76
12855	76
12867	76
12878	76
12890	76
12902	76
12914	76
12925	76
12937	76
12949	76
12960	76
12972	77
12972	77
12984	77
12996	77
13007	77
13019	77
13031	77
13042	77
13054	77
13066	77
13078	77
13089	77
13101	77
13113	77
13125	77
13136	77
13148	77
13160	77
13171	77
13183	77
13195	77
13207	77
13218	77
13230	77
13230	77
13242	77
13253	77
13265	77
13277	77
13289	77
13300	77
13312	77
13324	77
13335	77
13347	77
13359	77
13371	77
13382	77
13394	77
13406	77
13417	77
13429	77
13441	77
13453	77
13464	77
13476	77
13488	77
13488	77
13511	77
13523	77
13535	78
13546	78
13558	78
13570	78
13582	78
13593	78
13605	78
13617	78
13628	78
13640	78
13652	78
13664	78
13675	78
13675	78
13687	78
13699	78
13710	78
13722	78
13734	78
13746	78
13757	78
13769	78
13769	78
13781	78
13792	78
13804	78
13816	78
13828	78
13839	78
13851	78
13863	78
13875	78
13886	78
13898	78
13910	78
13921	78
13933	78
13945	78
13957	78
13968	78
13980	78
13992	78
14003	78
14015	78
14027	78
14039	78
14050	78
14062	78
14074	78
14085	78
14097	79
14109	79
14121	79
14132	79
14144	79
14156	79
14167	79
14179	79
14191	79
14203	79
14214	79
14226	79
14238	79
14250	79
14261	79
14273	79
14285	79
14296	79
14308	79
14320	79
14332	79
14343	79
14355	79
14367	79
14378	79
14390	79
14402	79
14414	79
14425	79
14437	79
14449	79
14460	79
14472	79
14484	79
14496	79
14507	79
14519	79
14531	79
14542	79
14554	79
14566	79
14578	79
14589	79
14601	79
14613	79
14625	79
14636	79
14648	79
14660	79
14671	79
14683	80
14695	80
14707	80
14718	80
14730	80
14742	80
14753	80
14765	80
14777	80
14789	80
14800	80
14812	80
14824	80
14835	80
14847	80
14859	80
14871	80
14882	80
14894	80
14906	80
14917	80
14929	80
14941	80
14953	80
14964	80
14976	80
14988	80
15000	80
15011	80
15023	80
15035	80
15046	80
15070	80
15082	80
15093	80
15105	80
15117	80
15128	80
15140	80
15152	80
15164	80
15175	80
15187	80
15199	80
15210	80
15222	80
15234	80
15246	80
15257	80
15269	80
15281	81
15292	81
15304	81
15316	81
15328	81
15339	81
15351	81
15363	81
15375	81
15386	81
15398	81
15410	81
15421	81
15433	81
15445	81
15457	81
15468	81
15480	81
15492	81
15503	81
15515	81
15527	81
15539	81
15550	81
15562	81
15574	81
15585	81
15597	81
15609	81
15621	81
15632	81
15644	81
15656	81
15667	81
15679	81
15691	81
15703	81
15714	81
15726	81
15738	81
15761	81
15773	81
15785	81
15796	81
15808	81
15832	81
15843	81
15855	81
15867	81
15878	81
15890	82
15902	82
15914	82
15925	82
15937	82
15949	82
15960	82
15972	82
15984	82
15996	82
16007	82
16019	82
16031	82
16042	82
16054	82
16066	82
16078	82
16089	82
16101	82
16113	82
16125	82
16136	82
16148	82
16171	82
16183	82
16195	82
16207	82
16218	82
16230	82
16242	82
16253	82
16265	82
16277	82
16289	82
16300	82
16312	82
16324	82
16335	82
16347	82
16359	82
16371	82
16394	82
16406	82
16417	82
16429	82
16441	82
16453	82
16464	82
16476	82
16488	82
16500	83
16511	83
16535	83
16546	83
16558	83
16570	83
16582	83
16605	83
16617	83
16628	83
16640	83
16652	83
16664	83
16675	83
16687	83
16699	83
16710	83
16722	83
16734	83
16746	83
16757	83
16769	83
16781	83
16792	83
16804	83
16816	83
16828	83
16839	83
16851	83
16863	83
16875	83
16898	83
16910	83
16921	83
16933	83
16945	83
16957	83
16968	83
16980	83
16992	83
17003	83
17015	83
17027	83
17039	83
17050	83
17062	83
17074	83
17085	83
17097	83
17109	83
17132	84
17144	84
17156	84
17167	84
17179	84
17191	84
17203	84
17214	84
17226	84
17238	84
17250	84
17273	84
17285	84
17296	84
17308	84
17332	84
17343	84
17355	84
17367	84
17378	84
17390	84
17402	84
17414	84
17425	84
17449	84
17460	84
17472	84
17484	84
17496	84
17507	84
17519	84
17531	84
17542	84
17554	84
17566	84
17589	84
17601	84
17613	84
17625	84
17636	84
17648	84
17660	84
17683	84
17695	84
17707	84
17718	84
17730	84
17742	84
17753	84
17765	84
17789	85
17800	85
17812	85
17824	85
17835	85
17847	85
17859	85
17871	85
17882	85
17894	85
17906	85
17917	85
17929	85
17953	85
17964	85
17976	85
17988	85
18000	85
18011	85
18023	85
18046	85
18058	85
18070	85
18082	85
18105	85
18117	85
18128	85
18140	85
18152	85
18164	85
18175	85
18187	85
18210	85
18222	85
18234	85
18246	85
18257	85
18269	85
18281	85
18292	85
18316	85
18328	85
18339	85
18351	85
18363	85
18375	85
18386	85
18410	85
18421	85
18433	85
18445	86
18457	86
18480	86
18492	86
18503	86
18515	86
18527	86
18539	86
18550	86
18574	86
18585	86
18597	86
18609	86
18621	86
18632	86
18644	86
18656	86
18667	86
18691	86
18703	86
18714	86
18726	86
18738	86
18750	86
18773	86
18785	86
18796	86
18808	86
18832	86
18843	86
18855	86
18867	86
18890	86
18902	86
18914	86
18925	86
18937	86
18949	86
18972	86
18984	86
19007	86
19019	86
19031	86
19042	86
19054	86
19066	86
19078	86
19101	86
19113	86
19125	86
19136	87
19160	87
19171	87
19183	87
19195	87
19218	87
19230	87
19242	87
19253	87
19265	87
19277	87
19300	87
19312	87
19324	87
19335	87
19347	87
19359	87
19371	87
19382	87
19394	87
19406	87
19417	87
19429	87
19441	87
19464	87
19476	87
19488	87
19500	87
19511	87
19523	87
19535	87
19558	87
19570	87
19582	87
19593	87
19605	87
19628	87
19640	87
19652	87
19664	87
19675	87
19687	87
19710	87
19722	87
19734	87
19757	87
19769	87
19781	87
19792	87
19804	87
19816	88
19828	88
19851	88
19863	88
19875	88
19898	88
19910	88
19933	88
19945	88
19957	88
19980	88
19992	88
20003	88
20015	88
20027	88
20050	88
20062	88
20074	88
20085	88
20097	88
20121	88
20132	88
20144	88
20156	88
20167	88
20179	88
20203	88
20214	88
20226	88
20238	88
20250	88
20273	88
20285	88
20296	88
20308	88
20320	88
20332	88
20355	88
20367	88
20378	88
20390	88
20414	88
20425	88
20437	88
20449	88
20460	88
20472	88
20496	88
20507	88
20519	88
20531	89
20542	89
20554	89
20578	89
20589	89
20601	89
20613	89
20636	89
20648	89
20671	89
20683	89
20707	89
20718	89
20730	89
20753	89
20765	89
20777	89
20789	89
20800	89
20812	89
20835	89
20847	89
20859	89
20882	89
20894	89
20906	89
20917	89
20929	89
20953	89
20964	89
20976	89
20988	89
21000	89
21023	89
21035	89
21046	89
21058	89
21082	89
21093	89
21105	89
21117	89
21128	89
21152	89
21164	89
21175	89
21187	89
21210	89
21222	89
21234	89
21246	89
21269	90
21281	90
21292	90
21304	90
21316	90
21339	90
21351	90
21363	90
21386	90
21398	90
21421	90
21433	90
21457	90
21468	90
21492	90
21503	90
21515	90
21527	90
21539	90
21562	90
21574	90
21585	90
21609	90
21621	90
21632	90
21644	90
21656	90
21679	90
21691	90
21703	90
21714	90
21738	90
21750	90
21761	90
21773	90
21785	90
21796	90
21820	90
21832	90
21843	90
21855	90
21867	90
21890	90
21902	90
21914	90
21925	90
21949	90
21960	90
21972	90
21984	90
21996	91
22007	91
22031	91
22042	91
22054	91
22066	91
22078	91
22101	91
22113	91
22136	91
22148	91
22171	91
22183	91
22207	91
22218	91
22242	91
22253	91
22265	91
22277	91
22289	91
22312	91
22324	91
22347	91
22359	91
22382	91
22394	91
22406	91
22417	91
22441	91
22453	91
22464	91
22476	91
22500	91
22511	91
22523	91
22535	91
22558	91
22570	91
22582	91
22593	91
22617	91
22628	91
22640	91
22664	91
22675	91
22687	91
22699	91
22710	91
22722	91
22734	91
22746	92
22757	92
22781	92
22792	92
22804	92
22816	92
22839	92
22851	92
22863	92
22886	92
22898	92
22910	92
22933	92
22945	92
22968	92
22980	92
22992	92
23003	92
23027	92
23039	92
23050	92
23074	92
23085	92
23097	92
23121	92
23132	92
23144	92
23156	92
23179	92
23191	92
23203	92
23226	92
23238	92
23250	92
23261	92
23285	92
23296	92
23308	92
23332	92
23343	92
23355	92
23378	92
23390	92
23402	92
23425	92
23437	92
23449	92
23460	92
23472	92
23496	92
23507	93
23519	93
23531	93
23554	93
23566	93
23578	93
23589	93
23613	93
23625	93
23648	93
23660	93
23671	93
23695	93
23707	93
23730	93
23742	93
23753	93
23765	93
23789	93
23800	93
23812	93
23835	93
23847	93
23859	93
23871	93
23894	93
23906	93
23917	93
23929	93
23953	93
23964	93
23976	93
23988	93
24011	93
24023	93
24035	93
24058	93
24070	93
24082	93
24093	93
24117	93
24128	93
24140	93
24152	93
24175	93
24187	93
24199	93
24210	93
24222	93
24234	93
24246	94
24257	94
24281	94
24292	94
24304	94
24316	94
24339	94
24351	94
24363	94
24375	94
24398	94
24410	94
24433	94
24445	94
24457	94
24480	94
24492	94
24503	94
24527	94
24539	94
24550	94
24562	94
24585	94
24597	94
24621	94
24632	94
24656	94
24667	94
24679	94
24691	94
24714	94
24726	94
24738	94
24761	94
24773	94
24796	94
24808	94
24832	94
24843	94
24855	94
24878	94
24890	94
24902	94
24925	94
24937	94
24949	94
24960	94
24984	94
24996	94
25007	94
25019	95
25031	95
25054	95
25066	95
25078	95
25101	95
25113	95
25125	95
25148	95
25160	95
25171	95
25195	95
25207	95
25218	95
25242	95
25253	95
25265	95
25289	95
25300	95
25312	95
25324	95
25347	95
25359	95
25371	95
25382	95
25406	95
25417	95
25429	95
25453	95
25464	95
25476	95
25488	95
25511	95
25523	95
25546	95
25558	95
25570	95
25593	95
25605	95
25617	95
25640	95
25652	95
25664	95
25675	95
25699	95
25710	95
25722	95
25734	95
25746	95
25769	95
25781	96
25792	96
25804	96
25828	96
25839	96
25851	96
25875	96
25886	96
25898	96
25910	96
25933	96
25945	96
25957	96
25980	96
25992	96
26003	96
26027	96
26039	96
26050	96
26074	96
26085	96
26097	96
26109	96
26132	96
26144	96
26156	96
26167	96
26191	96
26203	96
26214	96
26238	96
26250	96
26273	96
26285	96
26296	96
26320	96
26332	96
26355	96
26367	96
26378	96
26402	96
26414	96
26425	96
26437	96
26460	96
26472	96
26484	96
26496	96
26519	96
26531	96
26542	97
26554	97
26578	97
26589	97
26601	97
26625	97
26636	97
26648	97
26660	97
26683	97
26695	97
26707	97
26718	97
26742	97
26753	97
26765	97
26789	97
26800	97
26812	97
26835	97
26847	97
26859	97
26871	97
26894	97
26906	97
26917	97
26941	97
26953	97
26964	97
26988	97
27000	97
27011	97
27035	97
27046	97
27070	97
27082	97
27105	97
27117	97
27128	97
27152	97
27164	97
27175	97
27199	97
27210	97
27222	97
27234	97
27257	97
27269	97
27281	97
27292	97
27316	98
27328	98
27339	98
27363	98
27375	98
27386	98
27410	98
27421	98
27433	98
27445	98
27468	98
27480	98
27492	98
27515	98
27527	98
27539	98
27562	98
27574	98
27585	98
27597	98
27621	98
27632	98
27644	98
27667	98
27679	98
27691	98
27703	98
27726	98
27738	98
27761	98
27773	98
27796	98
27808	98
27832	98
27843	98
27867	98
27878	98
27890	98
27914	98
27925	98
27937	98
27960	98
27972	98
27984	98
27996	98
28019	98
28031	98
28042	98
28054	98
28078	98
28089	99
28113	99
28125	99
28136	99
28148	99
28171	99
28183	99
28195	99
28218	99
28230	99
28242	99
28265	99
28277	99
28300	99
28312	99
28324	99
28335	99
28359	99
28371	99
28394	99
28406	99
28417	99
28429	99
28453	99
28464	99
28488	99
28500	99
28511	99
28535	99
28558	99
28570	99
28593	99
28605	99
28617	99
28640	99
28652	99
28664	99
28687	99
28699	99
28710	99
28734	99
28746	99
28757	99
28769	99
28792	99
28804	99
28816	99
28839	99
28851	99
28863	99
28886	100
28898	100
28910	100
28921	100
28945	100
28957	100
28968	100
28992	100
29003	100
29027	100
29039	100
29050	100
29074	100
29085	100
29097	100
29109	100
29132	100
29144	100
29156	100
29179	100
29191	100
29203	100
29226	100
29238	100
29261	100
29273	100
29296	100
29308	100
29332	100
29343	100
29367	100
29378	100
29390	100
29414	100
29425	100
29437	100
29460	100
29472	100
29496	100
29507	100
29519	100
29542	100
29554	100
29578	100
29589	100
29601	100
29625	100
29636	100
29660	100
29671	100
29695	101
29707	101
29718	101
29742	101
29753	101
29777	101
29789	101
29800	101
29824	101
29835	101
29847	101
29871	101
29882	101
29894	101
29917	101
29929	101
29941	101
29964	101
29976	101
30000	101
30011	101
30035	101
30046	101
30070	101
30082	101
30105	101
30117	101
30128	101
30152	101
30164	101
30175	101
30199	101
30210	101
30234	101
30246	101
30269	101
30281	101
30292	101
30316	101
30328	101
30339	101
30363	101
30375	101
30398	101
30410	101
30433	101
30445	101
30468	101
30480	101
30503	101
30515	102
30527	102
30550	102
30562	102
30585	102
30597	102
30609	102
30632	102
30644	102
30667	102
30679	102
30691	102
30714	102
30726	102
30750	102
30761	102
30785	102
30796	102
30820	102
30843	102
30855	102
30878	102
30890	102
30902	102
30925	102
30937	102
30960	102
30972	102
30996	102
31019	102
31031	102
31042	102
31066	102
31078	102
31101	102
31113	102
31136	102
31148	102
31171	102
31183	102
31207	102
31218	102
31242	102
31253	102
31277	102
31289	102
31312	102
31324	102
31335	102
31347	102
31371	103
31382	103
31394	103
31406	103
31429	103
31441	103
31464	103
31476	103
31488	103
31511	103
31523	103
31546	103
31558	103
31582	103
31593	103
31617	103
31628	103
31652	103
31664	103
31675	103
31699	103
31710	103
31734	103
31757	103
31769	103
31792	103
31804	103
31816	103
31839	103
31851	103
31875	103
31898	103
31910	103
31933	103
31957	103
31968	103
31992	103
32003	103
32027	103
32039	103
32062	103
32074	103
32097	103
32109	103
32132	103
32144	103
32156	103
32179	103
32191	103
32214	103
32226	104
32250	104
32261	104
32285	104
32296	104
32308	104
32332	104
32343	104
32367	104
32378	104
32402	104
32414	104
32437	104
32449	104
32472	104
32484	104
32496	104
32519	104
32531	104
32554	104
32566	104
32589	104
32601	104
32625	104
32636	104
32660	104
32683	104
32707	104
32718	104
32742	104
32753	104
32777	104
32789	104
32812	104
32824	104
32847	104
32859	104
32882	104
32894	104
32917	104
32929	104
32953	104
32964	104
32988	104
33000	104
33023	104
33035	104
33058	104
33070	104
33093	104
33105	105
33128	105
33140	105
33164	105
33175	105
33199	105
33210	105
33234	105
33246	105
33269	105
33281	105
33304	105
33316	105
33339	105
33351	105
33375	105
33398	105
33421	105
33433	105
33457	105
33480	105
33503	105
33515	105
33527	105
33550	105
33562	105
33585	105
33597	105
33621	105
33632	105
33656	105
33667	105
33691	105
33703	105
33726	105
33738	105
33761	105
33773	105
33785	105
33808	105
33820	105
33843	105
33855	105
33878	105
33890	105
33914	105
33925	105
33949	105
33960	105
33972	105
33996	106
34007	106
34031	106
34042	106
34066	106
34078	106
34101	106
34113	106
34136	106
34160	106
34183	106
34207	106
34230	106
34242	106
34265	106
34277	106
34300	106
34312	106
34335	106
34359	106
34371	106
34394	106
34417	106
34429	106
34453	106
34464	106
34488	106
34500	106
34523	106
34535	106
34558	106
34570	106
34593	106
34605	106
34628	106
34640	106
34664	106
34675	106
34699	106
34710	106
34722	106
34734	106
34757	106
34769	106
34792	106
34804	106
34828	106
34839	106
34863	106
34875	106
34898	107
34921	107
34933	107
34957	107
34980	107
34992	107
35015	107
35027	107
35050	107
35062	107
35085	107
35109	107
35121	107
35144	107
35156	107
35179	107
35191	107
35214	107
35226	107
35250	107
35273	107
35285	107
35308	107
35320	107
35343	107
35355	107
35378	107
35402	107
35414	107
35437	107
35449	107
35472	107
35484	107
35507	107
35519	107
35542	107
35554	107
35578	107
35589	107
35613	107
35625	107
35648	107
35671	107
35695	107
35707	107
35730	107
35742	107
35765	107
35777	107
35800	107
35824	108
35835	108
35859	108
35871	108
35894	108
35906	108
35929	108
35941	108
35964	108
35976	108
36000	108
36011	108
36035	108
36058	108
36070	108
36093	108
36105	108
36128	108
36140	108
36164	108
36175	108
36199	108
36210	108
36222	108
36246	108
36257	108
36269	108
36292	108
36304	108
36328	108
36351	108
36363	108
36386	108
36398	108
36421	108
36445	108
36457	108
36480	108
36503	108
36515	108
36539	108
36550	108
36574	108
36597	108
36621	108
36644	108
36656	108
36679	108
36691	108
36714	108
36726	109
36750	109
36773	109
36796	109
36808	109
36832	109
36855	109
36867	109
36890	109
36914	109
36925	109
36949	109
36960	109
36984	109
36996	109
37019	109
37031	109
37054	109
37066	109
37089	109
37113	109
37125	109
37148	109
37171	109
37183	109
37207	109
37218	109
37242	109
37265	109
37277	109
37300	109
37312	109
37335	109
37359	109
37371	109
37394	109
37406	109
37429	109
37441	109
37464	109
37488	109
37500	109
37523	109
37546	109
37558	109
37582	109
37605	109
37617	109
37640	109
37652	109
37675	110
37699	110
37710	110
37722	110
37746	110
37757	110
37781	110
37792	110
37816	110
37839	110
37851	110
37875	110
37886	110
37910	110
37921	110
37945	110
37968	110
37980	110
38003	110
38027	110
38039	110
38062	110
38074	110
38097	110
38109	110
38132	110
38156	110
38167	110
38191	110
38203	110
38226	110
38250	110
38261	110
38285	110
38308	110
38332	110
38343	110
38367	110
38390	110
38402	110
38425	110
38449	110
38460	110
38484	110
38496	110
38519	110
38531	110
38554	110
38566	110
38589	110
38613	111
38625	111
38648	111
38660	111
38683	111
38695	111
38718	111
38742	111
38753	111
38777	111
38789	111
38812	111
38824	111
38847	111
38871	111
38882	111
38906	111
38917	111
38941	111
38953	111
38976	111
39000	111
39023	111
39035	111
39058	111
39082	111
39105	111
39117	111
39140	111
39164	111
39175	111
39199	111
39210	111
39234	111
39246	111
39269	111
39281	111
39304	111
39328	111
39339	111
39363	111
39375	111
39398	111
39410	111
39433	111
39457	111
39468	111
39492	111
39503	111
39527	111
39550	112
39562	112
39585	112
39597	112
39621	112
39644	112
39656	112
39679	112
39691	112
39714	112
39738	112
39750	112
39773	112
39796	112
39820	112
39843	112
39867	112
39878	112
39902	112
39914	112
39937	112
39960	112
39972	112
39996	112
40007	112
40031	112
40042	112
40066	112
40089	112
40101	112
40125	112
40148	112
40160	112
40183	112
40195	112
40218	112
40242	112
40253	112
40277	112
40300	112
40312	112
40335	112
40347	112
40371	112
40394	112
40406	112
40429	112
40453	112
40464	112
40488	112
40511	113
40535	113
40558	113
40582	113
40593	113
40617	113
40640	113
40652	113
40675	113
40687	113
40710	113
40734	113
40746	113
40769	113
40781	113
40804	113
40816	113
40839	113
40863	113
40875	113
40898	113
40921	113
40933	113
40957	113
40968	113
40992	113
41015	113
41027	113
41050	113
41074	113
41085	113
41109	113
41121	113
41144	113
41156	113
41179	113
41203	113
41214	113
41238	113
41261	113
41285	113
41308	113
41332	113
41343	113
41367	113
41390	113
41402	113
41425	113
41449	113
41460	113
41484	114
41507	114
41519	114
41542	114
41566	114
41578	114
41601	114
41625	114
41648	114
41660	114
41683	114
41707	114
41718	114
41742	114
41765	114
41789	114
41800	114
41824	114
41835	114
41859	114
41882	114
41894	114
41917	114
41941	114
41953	114
41976	114
42000	114
42011	114
42035	114
42058	114
42082	114
42105	114
42117	114
42140	114
42164	114
42175	114
42199	114
42222	114
42234	114
42257	114
42281	114
42292	114
42316	114
42339	114
42351	114
42375	114
42398	114
42421	114
42433	114
42457	114
42480	115
42503	115
42515	115
42539	115
42562	115
42574	115
42597	115
42621	115
42632	115
42656	115
42679	115
42691	115
42714	115
42738	115
42761	115
42773	115
42796	115
42820	115
42843	115
42867	115
42890	115
42902	115
42925	115
42949	115
42972	115
42996	115
43019	115
43042	115
43054	115
43078	115
43101	115
43113	115
43136	115
43160	115
43183	115
43207	115
43230	115
43242	115
43265	115
43289	115
43300	115
43324	115
43347	115
43359	115
43371	115
43394	115
43417	115
43429	115
43453	115
43476	115
43488	116
43511	116
43535	116
43546	116
43570	116
43593	116
43617	116
43628	116
43652	116
43675	116
43699	116
43710	116
43734	116
43757	116
43781	116
43804	116
43816	116
43839	116
43863	116
43886	116
43910	116
43933	116
43957	116
43980	116
44003	116
44015	116
44039	116
44062	116
44085	116
44097	116
44121	116
44144	116
44156	116
44179	116
44203	116
44226	116
44238	116
44261	116
44285	116
44296	116
44320	116
44343	116
44367	116
44378	116
44402	116
44425	116
44449	116
44460	116
44484	116
44507	116
44531	117
44542	117
44566	117
44589	117
44601	117
44625	117
44648	117
44683	117
44707	117
44730	117
44742	117
44765	117
44789	117
44800	117
44824	117
44847	117
44871	117
44894	117
44906	117
44929	117
44953	117
44976	117
44988	117
45011	117
45035	117
45058	117
45070	117
45093	117
45117	117
45140	117
45152	117
45175	117
45199	117
45222	117
45246	117
45269	117
45281	117
45304	117
45316	117
45339	117
45363	117
45386	117
45421	117
45445	117
45468	117
45492	117
45503	117
45527	117
45550	117
45574	117
45585	118
45609	118
45632	118
45656	118
45667	118
45691	118
45714	118
45738	118
45750	118
45773	118
45796	118
45808	118
45832	118
45855	118
45867	118
45890	118
45914	118
45937	118
45949	118
45972	118
45996	118
46007	118
46031	118
46054	118
46066	118
46089	118
46113	118
46136	118
46171	118
46195	118
46218	118
46242	118
46265	118
46277	118
46300	118
46324	118
46347	118
46371	118
46394	118
46417	118
46441	118
46453	118
46476	118
46500	118
46523	118
46535	118
46558	118
46582	118
46605	118
46617	118
46640	119
46664	119
46687	119
46699	119
46722	119
46734	119
46757	119
46769	119
46792	119
46816	119
46839	119
46863	119
46875	119
46898	119
46921	119
46945	119
46968	119
46992	119
47015	119
47039	119
47050	119
47074	119
47097	119
47121	119
47144	119
47167	119
47179	119
47203	119
47226	119
47250	119
47273	119
47296	119
47320	119
47332	119
47355	119
47378	119
47402	119
47425	119
47449	119
47460	119
47484	119
47507	119
47519	119
47542	119
47566	119
47589	119
47613	119
47636	119
47660	119
47683	119
47707	120
47730	120
47742	120
47765	120
47789	120
47812	120
47835	120
47847	120
47871	120
47894	120
47917	120
47929	120
47953	120
47976	120
48000	120
48023	120
48046	120
48058	120
48082	120
48105	120
48128	120
48152	120
48164	120
48187	120
48210	120
48222	120
48246	120
48257	120
48281	120
48304	120
48316	120
48339	120
48363	120
48386	120
48410	120
48433	120
48457	120
48480	120
48503	120
48527	120
48539	120
48562	120
48585	120
48621	120
48644	120
48656	120
48679	120
48703	120
48726	120
48750	120
48773	121
48796	121
48820	121
48843	121
48867	121
48890	121
48914	121
48937	121
48949	121
48972	121
48996	121
49019	121
49031	121
49054	121
49078	121
49101	121
49125	121
49148	121
49171	121
49195	121
49218	121
49242	121
49253	121
49277	121
49300	121
49324	121
49347	121
49371	121
49394	121
49406	121
49429	121
49453	121
49476	121
49500	121
49523	121
49546	121
49570	121
49593	121
49605	121
49628	121
49652	121
49675	121
49699	121
49722	121
49734	121
49757	121
49781	121
49792	121
49816	121
49839	121
49863	122
49886	122
49910	122
49921	122
49945	122
49968	122
49992	122
50015	122
50039	122
50062	122
50074	122
50097	122
50121	122
50144	122
50167	122
50191	122
50214	122
50238	122
50250	122
50285	122
50308	122
50332	122
50355	122
50378	122
50402	122
50414	122
50437	122
50460	122
50484	122
50507	122
50519	122
50542	122
50566	122
50589	122
50613	122
50636	122
50660	122
50683	122
50707	122
50718	122
50742	122
50765	122
50789	122
50812	122
50835	122
50859	122
50882	122
50894	122
50917	122
50941	122
50964	123
50988	123
51011	123
51035	123
51058	123
51093	123
51117	123
51128	123
51152	123
51175	123
51199	123
51222	123
51246	123
51257	123
51281	123
51304	123
51328	123
51351	123
51375	123
51398	123
51410	123
51433	123
51457	123
51480	123
51503	123
51527	123
51550	123
51574	123
51585	123
51609	123
51632	123
51656	123
51679	123
51703	123
51726	123
51750	123
51773	123
51796	123
51820	123
51843	123
51867	123
51890	123
51914	123
51937	123
51960	123
51984	123
52007	123
52019	123
52042	123
52066	123
52089	124
52113	124
52136	124
52160	124
52183	124
52207	124
52230	124
52253	124
52277	124
52300	124
52324	124
52335	124
52359	124
52382	124
52406	124
52429	124
52453	124
52476	124
52500	124
52523	124
52558	124
52582	124
52605	124
52628	124
52652	124
52675	124
52699	124
52722	124
52734	124
52757	124
52781	124
52804	124
52828	124
52851	124
52875	124
52898	124
52910	124
52933	124
52957	124
52980	124
53003	124
53027	124
53050	124
53074	124
53097	124
53109	124
53132	124
53156	124
53179	124
53203	124
53226	125
53250	125
53273	125
53296	125
53320	125
53343	125
53367	125
53390	125
53414	125
53437	125
53460	125
53484	125
53507	125
53531	125
53554	125
53578	125
53601	125
53625	125
53648	125
53671	125
53695	125
53718	125
53742	125
53765	125
53789	125
53812	125
53835	125
53847	125
53871	125
53894	125
53917	125
53941	125
53964	125
53988	125
54011	125
54035	125
54058	125
54082	125
54105	125
54128	125
54152	125
54175	125
54199	125
54222	125
54246	125
54269	125
54292	125
54316	125
54339	125
54363	125
54386	126
54410	126
54433	126
54457	126
54480	126
54503	126
54527	126
54550	126
54574	126
54597	126
54621	126
54644	126
54667	126
54691	126
54703	126
54726	126
54750	126
54785	126
54808	126
54832	126
54855	126
54878	126
54902	126
54925	126
54949	126
54972	126
55007	126
55031	126
55054	126
55078	126
55101	126
55125	126
55148	126
55171	126
55195	126
55218	126
55242	126
55265	126
55289	126
55312	126
55335	126
55359	126
55371	126
55394	126
55417	126
55441	126
55464	126
55488	126
55511	126
55535	126
55558	127
55582	127
55605	127
55628	127
55652	127
55675	127
55699	127
55722	127
55746	127
55769	127
55792	127
55816	127
55839	127
55863	127
55898	127
55921	127
55945	127
55980	127
56003	127
56027	127
56050	127
56074	127
56097	127
56121	127
56144	127
56167	127
56179	127
56214	127
56238	127
56250	127
56273	127
56296	127
56320	127
56343	127
56367	127
56390	127
56414	127
56437	127
56460	127
56484	127
56507	127
56531	127
56554	127
56578	127
56601	127
56625	127
56660	127
56683	127
56707	127
56742	127
56765	128
56777	128
56800	128
56835	128
56859	128
56882	128
56906	128
56929	128
56953	128
56976	128
57000	128
57023	128
57046	128
57070	128
57093	128
57117	128
57140	128
57164	128
57187	128
57210	128
57234	128
57257	128
57281	128
57304	128
57328	128
57351	128
57386	128
57410	128
57445	128
57468	128
57492	128
57515	128
57539	128
57562	128
57585	128
57621	128
57632	128
57656	128
57679	128
57714	128
57738	128
57750	128
57773	128
57796	128
57820	128
57843	128
57867	128
57890	128
57914	128
57937	128
57960	129
57984	129
58007	129
58031	129
58054	129
58078	129
58101	129
58125	129
58160	129
58183	129
58218	129
58242	129
58265	129
58289	129
58312	129
58335	129
58371	129
58394	129
58417	129
58441	129
58464	129
58488	129
58511	129
58535	129
58558	129
58582	129
58605	129
58628	129
58652	129
58675	129
58699	129
58710	129
58734	129
58757	129
58781	129
58804	129
58828	129
58851	129
58875	129
58898	129
58921	129
58957	129
58980	129
59003	129
59027	129
59050	129
59074	129
59097	129
59132	129
59156	129
59179	130
59203	130
59226	130
59250	130
59273	130
59296	130
59320	130
59355	130
59378	130
59402	130
59425	130
59449	130
59472	130
59496	130
59519	130
59542	130
59566	130
59589	130
59613	130
59636	130
59660	130
59695	130
59718	130
59742	130
59765	130
59789	130
59812	130
59835	130
59859	130
59882	130
59906	130
59929	130
59953	130
59988	130
60011	130
60035	130
60058	130
60082	130
60105	130
60128	130
60152	130
60175	130
60199	130
60222	130
60234	130
60257	130
60281	130
60304	130
60328	130
60351	130
60375	131
60398	131
60433	131
60457	131
60480	131
60503	131
60527	131
60550	131
60585	131
60609	131
60632	131
60667	131
60679	131
60714	131
60738	131
60761	131
60785	131
60820	131
60843	131
60867	131
60890	131
60914	131
60937	131
60960	131
60984	131
61007	131
61031	131
61054	131
61089	131
61113	131
61136	131
61160	131
61183	131
61207	131
61242	131
61265	131
61289	131
61312	131
61335	131
61359	131
61382	131
61406	131
61429	131
61453	131
61488	131
61511	131
61535	131
61558	131
61582	131
61605	131
61640	132
61664	132
61687	132
61710	132
61734	132
61746	132
61769	132
61792	132
61816	132
61851	132
61875	132
61898	132
61921	132
61945	132
61968	132
61992	132
62015	132
62039	132
62062	132
62085	132
62109	132
62144	132
62167	132
62191	132
62214	132
62238	132
62261	132
62296	132
62320	132
62343	132
62367	132
62390	132
62425	132
62449	132
62472	132
62496	132
62519	132
62542	132
62566	132
62589	132
62613	132
62636	132
62660	132
62683	132
62707	132
62730	132
62753	132
62789	132
62812	132
62835	132
62859	133
62882	133
62906	133
62929	133
62953	133
62976	133
63011	133
63035	133
63058	133
63093	133
63117	133
63140	133
63164	133
63187	133
63210	133
63234	133
63257	133
63281	133
63304	133
63339	133
63363	133
63386	133
63410	133
63433	133
63457	133
63480	133
63503	133
63527	133
63550	133
63574	133
63597	133
63621	133
63656	133
63679	133
63703	133
63726	133
63750	133
63785	133
63808	133
63832	133
63867	133
63890	133
63914	133
63937	133
63960	133
63984	133
64007	133
64031	133
64054	133
64078	133
64113	134
64136	134
64160	134
64183	134
64207	134
64230	134
64253	134
64277	134
64312	134
64335	134
64359	134
64382	134
64406	134
64429	134
64453	134
64488	134
64511	134
64535	134
64570	134
64593	134
64628	134
64652	134
64675	134
64699	134
64722	134
64746	134
64769	134
64792	134
64816	134
64839	134
64875	134
64898	134
64921	134
64945	134
64968	134
64992	134
65015	134
65039	134
65062	134
65085	134
65121	134
65144	134
65167	134
65191	134
65214	134
65238	134
65261	134
65296	134
65320	134
65355	134
65378	135
65402	135
65425	135
65449	135
65472	135
65507	135
65531	135
65554	135
65578	135
65601	135
65625	135
65660	135
65683	135
65707	135
65730	135
65753	135
65789	135
65812	135
65835	135
65859	135
65882	135
65906	135
65929	135
65953	135
65988	135
66011	135
66035	135
66070	135
66093	135
66117	135
66140	135
66164	135
66199	135
66222	135
66246	135
66269	135
66292	135
66316	135
66351	135
66375	135
66398	135
66433	135
66457	135
66480	135
66503	135
66539	135
66562	135
66585	135
66609	135
66632	135
66656	136
66679	136
66714	136
66738	136
66761	136
66796	136
66820	136
66855	136
66878	136
66902	136
66925	136
66960	136
66984	136
67019	136
67042	136
67066	136
67089	136
67113	136
67148	136
67171	136
67207	136
67230	136
67253	136
67277	136
67300	136
67324	136
67347	136
67371	136
67394	136
67417	136
67441	136
67476	136
67500	136
67523	136
67546	136
67570	136
67593	136
67628	136
67652	136
67675	136
67699	136
67734	136
67757	136
67781	136
67804	136
67839	136
67863	136
67898	136
67921	136
67957	136
67980	137
68015	137
68039	137
68062	137
68085	137
68121	137
68144	137
68167	137
68191	137
68214	137
68250	137
68273	137
68296	137
68320	137
68355	137
68378	137
68402	137
68425	137
68449	137
68484	137
68507	137
68531	137
68554	137
68589	137
68613	137
68636	137
68671	137
68707	137
68730	137
68753	137
68789	137
68812	137
68835	137
68871	137
68894	137
68917	137
68941	137
68964	137
69000	137
69023	137
69046	137
69070	137
69093	137
69128	137
69152	137
69175	137
69199	137
69234	137
69257	137
69281	137
69304	138
69328	138
69363	138
69386	138
69421	138
69457	138
69480	138
69515	138
69539	138
69562	138
69585	138
69621	138
69644	138
69667	138
69691	138
69726	138
69750	138
69773	138
69796	138
69820	138
69843	138
69867	138
69902	138
69925	138
69949	138
69972	138
69996	138
70031	138
70054	138
70078	138
70113	138
70136	138
70171	138
70207	138
70242	138
70265	138
70289	138
70324	138
70347	138
70382	138
70406	138
70429	138
70464	138
70488	138
70511	138
70546	138
70570	138
70593	138
70617	138
70652	138
70675	139
70699	139
70722	139
70746	139
70769	139
70792	139
70816	139
70851	139
70875	139
70898	139
70933	139
70957	139
70992	139
71015	139
71039	139
71062	139
71097	139
71121	139
71144	139
71179	139
71203	139
71226	139
71250	139
71285	139
71308	139
71332	139
71367	139
71390	139
71414	139
71437	139
71472	139
71496	139
71519	139
71542	139
71566	139
71601	139
71625	139
71660	139
71683	139
71718	139
71742	139
71765	139
71800	139
71824	139
71847	139
71871	139
71906	139
71929	139
71953	139
71988	139
72011	140
72035	140
72070	140
72093	140
72117	140
72152	140
72175	140
72199	140
72222	140
72246	140
72269	140
72292	140
72328	140
72351	140
72375	140
72410	140
72433	140
72468	140
72492	140
72527	140
72550	140
72585	140
72609	140
72644	140
72667	140
72691	140
72726	140
72750	140
72785	140
72808	140
72843	140
72867	140
72902	140
72925	140
72949	140
72972	140
72996	140
73031	140
73054	140
73078	140
73113	140
73136	140
73160	140
73195	140
73218	140
73242	140
73277	140
73300	140
73324	140
73347	140
73382	141
73406	141
73429	141
73464	141
73488	141
73511	141
73546	141
73570	141
73605	141
73628	141
73652	141
73687	141
73710	141
73734	141
73757	141
73781	141
73804	141
73839	141
73863	141
73886	141
73921	141
73945	141
73968	141
74003	141
74027	141
74062	141
74085	141
74109	141
74144	141
74167	141
74191	141
74226	141
74250	141
74285	141
74308	141
74343	141
74367	141
74402	141
74425	141
74449	141
74484	141
74507	141
74531	141
74554	141
74589	141
74613	141
74636	141
74671	141
74695	141
74718	141
74753	142
74777	142
74812	142
74835	142
74859	142
74882	142
74917	142
74941	142
74964	142
75000	142
75023	142
75058	142
75082	142
75117	142
75140	142
75175	142
75199	142
75222	142
75246	142
75269	142
75304	142
75328	142
75351	142
75386	142
75410	142
75433	142
75457	142
75492	142
75515	142
75539	142
75574	142
75597	142
75621	142
75656	142
75679	142
75703	142
75738	142
75761	142
75796	142
75832	142
75855	142
75878	142
75914	142
75937	142
75972	142
75996	142
76019	142
76042	142
76078	142
76101	142
76125	143
76160	143
76183	143
76218	143
76242	143
76265	143
76300	143
76324	143
76359	143
76382	143
76406	143
76441	143
76464	143
76500	143
76523	143
76558	143
76593	143
76617	143
76652	143
76675	143
76699	143
76734	143
76757	143
76781	143
76816	143
76839	143
76863	143
76898	143
76921	143
76945	143
76968	143
77003	143
77027	143
77062	143
77085	143
77109	143
77132	143
77167	143
77191	143
77214	143
77250	143
77273	143
77308	143
77332	143
77367	143
77390	143
77425	143
77449	143
77472	143
77507	143
77531	144
77554	144
77589	144
77613	144
77636	144
77671	144
77707	144
77730	144
77753	144
77789	144
77812	144
77835	144
77871	144
77894	144
77917	144
77953	144
77976	144
78011	144
78035	144
78070	144
78093	144
78128	144
78152	144
78187	144
78210	144
78246	144
78269	144
78292	144
78328	144
78351	144
78386	144
78410	144
78445	144
78468	144
78503	144
78527	144
78562	144
78585	144
78621	144
78644	144
78667	144
78703	144
78726	144
78761	144
78785	144
78820	144
78855	144
78878	144
78914	144
78937	144
78972	145
79007	145
79031	145
79054	145
79089	145
79113	145
79148	145
79183	145
79207	145
79242	145
79265	145
79289	145
79324	145
79347	145
79371	145
79394	145
79417	145
79453	145
79476	145
79500	145
79535	145
79558	145
79582	145
79617	145
79640	145
79675	145
79699	145
79734	145
79757	145
79792	145
79816	145
79851	145
79875	145
79910	145
79945	145
79980	145
80003	145
80039	145
80062	145
80097	145
80121	145
80144	145
80179	145
80203	145
80238	145
80261	145
80285	145
80320	145
80343	145
80378	145
80402	146
80437	146
80460	146
80496	146
80519	146
80554	146
80578	146
80613	146
80636	146
80671	146
80707	146
80742	146
80765	146
80800	146
80824	146
80859	146
80882	146
80917	146
80941	146
80976	146
81000	146
81035	146
81058	146
81093	146
81117	146
81152	146
81175	146
81199	146
81234	146
81269	146
81292	146
81316	146
81351	146
81375	146
81410	146
81457	146
81480	146
81515	146
81539	146
81562	146
81597	146
81621	146
81656	146
81679	146
81714	146
81738	146
81761	146
81785	146
81820	146
81843	146
81867	147
81902	147
81925	147
81960	147
81984	147
82007	147
82042	147
82066	147
82089	147
82125	147
82160	147
82195	147
82230	147
82265	147
82289	147
82324	147
82359	147
82382	147
82417	147
82441	147
82476	147
82500	147
82535	147
82558	147
82593	147
82617	147
82652	147
82675	147
82699	147
82722	147
82757	147
82781	147
82804	147
82839	147
82863	147
82898	147
82933	147
82968	147
82992	147
83027	147
83050	147
83085	147
83109	147
83144	147
83167	147
83203	147
83226	147
83261	147
83285	147
83320	147
83343	148
83378	148
83402	148
83437	148
83460	148
83496	148
83519	148
83542	148
83578	148
83601	148
83636	148
83660	148
83695	148
83730	148
83753	148
83789	148
83812	148
83835	148
83871	148
83894	148
83929	148
83953	148
83988	148
84011	148
84035	148
84070	148
84093	148
84128	148
84152	148
84187	148
84210	148
84234	148
84257	148
84281	148
84316	148
84339	148
84375	148
84398	148
84433	148
84468	148
84503	148
84527	148
84562	148
84585	148
84621	148
84656	148
84679	148
84714	148
84750	148
84773	148
84808	149
84843	149
84878	149
84902	149
84937	149
84960	149
84984	149
85019	149
85042	149
85078	149
85101	149
85136	149
85171	149
85195	149
85230	149
85253	149
85289	149
85312	149
85347	149
85371	149
85406	149
85429	149
85464	149
85488	149
85523	149
85546	149
85582	149
85617	149
85640	149
85675	149
85699	149
85722	149
85746	149
85781	149
85804	149
85839	149
85863	149
85886	149
85921	149
85945	149
85980	149
86003	149
86039	149
86062	149
86097	149
86121	149
86156	149
86179	149
86214	149
86238	149
86273	150
86308	150
86332	150
86367	150
86390	150
86425	150
86449	150
86484	150
86507	150
86542	150
86566	150
86601	150
86625	150
86660	150
86683	150
86718	150
86742	150
86777	150
86800	150
86835	150
86859	150
86894	150
86917	150
86953	150
86976	150
87011	150
87046	150
87082	150
87105	150
87140	150
87175	150
87199	150
87222	150
87257	150
87281	150
87316	150
87339	150
87375	150
87398	150
87433	150
87457	150
87492	150
87515	150
87550	150
87574	150
87609	150
87632	150
87667	150
87691	150
87714	150
87750	151
87785	151
87820	151
87855	151
87878	151
87914	151
87937	151
87972	151
87996	151
88019	151
88054	151
88078	151
88113	151
88136	151
88171	151
88195	151
88230	151
88253	151
88289	151
88312	151
88347	151
88371	151
88406	151
88429	151
88464	151
88488	151
88523	151
88558	151
88593	151
88628	151
88652	151
88687	151
88710	151
88746	151
88769	151
88804	151
88828	151
88863	151
88886	151
88921	151
88945	151
88980	151
89003	151
89039	151
89074	151
89097	151
89121	151
89156	151
89179	151
89214	151
89250	152
89285	152
89308	152
89343	152
89378	152
89402	152
89437	152
89472	152
89496	152
89531	152
89554	152
89589	152
89625	152
89648	152
89683	152
89718	152
89742	152
89777	152
89800	152
89835	152
89859	152
89894	152
89917	152
89953	152
89976	152
90011	152
90046	152
90070	152
90105	152
90140	152
90164	152
90199	152
90222	152
90257	152
90281	152
90316	152
90339	152
90375	152
90410	152
90433	152
90468	152
90503	152
90527	152
90562	152
90585	152
90621	152
90644	152
90679	152
90714	152
90738	152
90773	153
90808	153
90843	153
90878	153
90902	153
90937	153
90972	153
91007	153
91042	153
91066	153
91101	153
91125	153
91160	153
91195	153
91230	153
91253	153
91289	153
91324	153
91347	153
91371	153
91394	153
91429	153
91453	153
91488	153
91511	153
91546	153
91582	153
91605	153
91640	153
91675	153
91699	153
91734	153
91769	153
91792	153
91828	153
91863	153
91886	153
91933	153
91968	153
91992	153
92027	153
92050	153
92085	153
92121	153
92144	153
92179	153
92203	153
92238	153
92261	153
92296	153
92332	154
92355	154
92390	154
92414	154
92449	154
92472	154
92507	154
92542	154
92566	154
92601	154
92636	154
92671	154
92707	154
92742	154
92777	154
92800	154
92835	154
92871	154
92894	154
92929	154
92964	154
92988	154
93023	154
93046	154
93082	154
93117	154
93140	154
93175	154
93210	154
93246	154
93269	154
93304	154
93328	154
93363	154
93410	154
93445	154
93480	154
93515	154
93539	154
93574	154
93609	154
93632	154
93667	154
93691	154
93726	154
93750	154
93785	154
93808	154
93843	154
93867	154
93902	155
93937	155
93960	155
93996	155
94019	155
94054	155
94078	155
94113	155
94148	155
94183	155
94230	155
94253	155
94289	155
94324	155
94359	155
94394	155
94417	155
94453	155
94476	155
94511	155
94546	155
94570	155
94605	155
94628	155
94664	155
94699	155
94722	155
94746	155
94781	155
94804	155
94839	155
94863	155
94898	155
94933	155
94968	155
95003	155
95039	155
95062	155
95097	155
95132	155
95167	155
95191	155
95226	155
95261	155
95285	155
95320	155
95355	155
95390	155
95414	155
95449	155
95472	156
95507	156
95542	156
95566	156
95601	156
95636	156
95671	156
95707	156
95742	156
95765	156
95800	156
95835	156
95859	156
95894	156
95917	156
95953	156
95988	156
96011	156
96046	156
96082	156
96105	156
96140	156
96175	156
96199	156
96222	156
96257	156
96281	156
96316	156
96339	156
96375	156
96410	156
96445	156
96480	156
96503	156
96539	156
96574	156
96609	156
96644	156
96679	156
96703	156
96738	156
96773	156
96808	156
96843	156
96878	156
96902	156
96937	156
96972	156
96996	156
97031	156
97054	157
97089	157
97125	157
97148	157
97183	157
97218	157
97253	157
97289	157
97312	157
97347	157
97382	157
97406	157
97441	157
97476	157
97500	157
97535	157
97570	157
97605	157
97640	157
97664	157
97699	157
97722	157
97757	157
97781	157
97816	157
97851	157
97875	157
97910	157
97945	157
97980	157
98003	157
98039	157
98074	157
98097	157
98132	157
98167	157
98191	157
98226	157
98261	157
98296	157
98332	157
98367	157
98390	157
98425	157
98460	157
98484	157
98519	157
98542	157
98578	157
98613	157
98636	158
98671	158
98707	158
98730	158
98765	158
98800	158
98824	158
98859	158
98894	158
98917	158
98953	158
98988	158
99011	158
99058	158
99093	158
99117	158
99152	158
99187	158
99210	158
99246	158
99269	158
99304	158
99339	158
99363	158
99398	158
99433	158
99457	158
99492	158
99527	158
99562	158
99585	158
99621	158
99656	158
99679	158
99714	158
99750	158
99785	158
99820	158
99855	158
99890	158
99925	158
99949	158
99984	158
100019	158
100042	158
100078	158
100113	158
100136	158
100171	158
100207	158
100230	159
100265	159
100300	159
100335	159
100359	159
100394	159
100429	159
100464	159
100488	159
100535	159
100570	159
100605	159
100628	159
100664	159
100699	159
100722	159
100757	159
100792	159
100816	159
100851	159
100886	159
100910	159
100945	159
100980	159
101003	159
101039	159
101074	159
101097	159
101132	159
101167	159
101191	159
101226	159
101261	159
101296	159
101332	159
101367	159
101390	159
101425	159
101460	159
101496	159
101519	159
101554	159
101589	159
101613	159
101648	159
101683	159
101718	159
101753	159
101777	159
101812	159
101847	160
101871	160
101906	160
101929	160
101964	160
102000	160
102035	160
102070	160
102105	160
102140	160
102164	160
102199	160
102234	160
102269	160
102292	160
102328	160
102363	160
102398	160
102433	160
102468	160
102492	160
102527	160
102562	160
102597	160
102621	160
102656	160
102691	160
102714	160
102750	160
102785	160
102820	160
102855	160
102890	160
102925	160
102960	160
102996	160
103031	160
103066	160
103089	160
103125	160
103160	160
103195	160
103230	160
103265	160
103289	160
103324	160
103347	160
103382	160
103406	160
103441	160
103476	161
103500	161
103535	161
103570	161
103593	161
103628	161
103664	161
103699	161
103734	161
103769	161
103792	161
103828	161
103863	161
103898	161
103933	161
103968	161
104003	161
104039	161
104074	161
104097	161
104132	161
104167	161
104203	161
104226	161
104261	161
104296	161
104320	161
104355	161
104390	161
104425	161
104449	161
104484	161
104519	161
104554	161
104578	161
104613	161
104660	161
104695	161
104730	161
104765	161
104789	161
104824	161
104859	161
104894	161
104929	161
104953	161
104988	161
105023	161
105058	161
105082	161
105117	162
105152	162
105187	162
105222	162
105257	162
105281	162
105316	162
105351	162
105386	162
105421	162
105468	162
105503	162
105527	162
105562	162
105597	162
105621	162
105656	162
105691	162
105726	162
105750	162
105785	162
105808	162
105843	162
105878	162
105902	162
105937	162
105960	162
105996	162
106031	162
106054	162
106089	162
106125	162
106171	162
106207	162
106242	162
106277	162
106300	162
106335	162
106382	162
106406	162
106441	162
106476	162
106511	162
106535	162
106570	162
106605	162
106628	162
106664	162
106699	162
106722	162
106746	163
106781	163
106816	163
106839	163
106875	163
106910	163
106945	163
106980	163
107015	163
107050	163
107085	163
107121	163
107144	163
107179	163
107214	163
107250	163
107285	163
107308	163
107343	163
107378	163
107414	163
107449	163
107472	163
107507	163
107531	163
107566	163
107601	163
107636	163
107671	163
107707	163
107742	163
107765	163
107800	163
107835	163
107871	163
107894	163
107929	163
107964	163
107988	163
108023	163
108058	163
108093	163
108117	163
108152	163
108187	163
108210	163
108234	163
108269	163
108292	163
108328	163
108363	164
108398	164
108433	164
108468	164
108492	164
108527	164
108562	164
108597	164
108632	164
108667	164
108703	164
108726	164
108761	164
108808	164
108843	164
108867	164
108902	164
108937	164
108972	164
108996	164
109031	164
109054	164
109089	164
109125	164
109160	164
109195	164
109230	164
109253	164
109289	164
109324	164
109359	164
109382	164
109417	164
109453	164
109488	164
109511	164
109546	164
109582	164
109617	164
109652	164
109687	164
109710	164
109746	164
109769	164
109804	164
109839	164
109863	164
109898	164
109933	164
109957	164
109992	165
110027	165
110062	165
110085	165
110121	165
110156	165
110179	165
110214	165
110250	165
110285	165
110320	165
110355	165
110390	165
110425	165
110449	165
110484	165
110507	165
110542	165
110566	165
110601	165
110636	165
110671	165
110695	165
110730	165
110765	165
110789	165
110824	165
110859	165
110882	165
110917	165
110953	165
110988	165
111023	165
111058	165
111093	165
111128	165
111152	165
111187	165
111222	165
111246	165
111281	165
111304	165
111339	165
111375	165
111398	165
111433	165
111468	165
111492	165
111527	165
111562	165
111585	166
111621	166
111656	166
111691	166
111714	166
111750	166
111785	166
111832	166
111867	166
111890	166
111925	166
111960	166
111984	166
112019	166
112054	166
112078	166
112113	166
112148	166
112171	166
112207	166
112242	166
112277	166
112300	166
112335	166
112371	166
112406	166
112429	166
112464	166
112500	166
112535	166
112570	166
112605	166
112640	166
112675	166
112710	166
112734	166
112769	166
112792	166
112828	166
112863	166
112886	166
112921	166
112957	166
112980	166
113015	166
113050	166
113074	166
113109	166
113144	166
113167	166
113203	167
113238	167
113273	167
113308	167
113343	167
113378	167
113402	167
113437	167
113472	167
113507	167
113531	167
113566	167
113601	167
113625	167
113660	167
113695	167
113730	167
113765	167
113789	167
113824	167
113859	167
113882	167
113917	167
113941	167
113976	167
114011	167
114046	167
114082	167
114117	167
114140	167
114175	167
114210	167
114246	167
114269	167
114304	167
114339	167
114375	167
114410	167
114433	167
114468	167
114503	167
114539	167
114574	167
114597	167
114632	167
114656	167
114691	167
114726	167
114761	167
114796	167
114832	168
114867	168
114890	168
114925	168
114960	168
114996	168
115031	168
115066	168
115089	168
115125	168
115160	168
115195	168
115230	168
115265	168
115289	168
115324	168
115347	168
115371	168
115406	168
115441	168
115464	168
115500	168
115523	168
115558	168
115593	168
115628	168
115652	168
115687	168
115722	168
115757	168
115792	168
115816	168
115851	168
115886	168
115921	168
115957	168
115992	168
116027	168
116050	168
116085	168
116121	168
116144	168
116179	168
116214	168
116238	168
116273	168
116308	168
116332	168
116367	168
116402	168
116425	169
116460	169
116496	169
116531	169
116554	169
116589	169
116625	169
116660	169
116695	169
116730	169
116765	169
116789	169
116824	169
116859	169
116894	169
116917	169
116953	169
116988	169
117011	169
117046	169
117082	169
117105	169
117140	169
117175	169
117199	169
117234	169
117269	169
117304	169
117328	169
117363	169
117398	169
117445	169
117480	169
117515	169
117539	169
117574	169
117609	169
117632	169
117667	169
117691	169
117726	169
117761	169
117785	169
117820	169
117843	169
117878	169
117914	169
117937	169
117972	169
117996	169
118031	170
118054	170
118089	170
118125	170
118160	170
118195	170
118230	170
118265	170
118300	170
118324	170
118371	170
118394	170
118429	170
118464	170
118488	170
118523	170
118558	170
118582	170
118617	170
118640	170
118675	170
118699	170
118734	170
118757	170
118781	170
118816	170
118851	170
118875	170
118910	170
118945	170
118980	170
119015	170
119039	170
119074	170
119109	170
119144	170
119167	170
119203	170
119238	170
119261	170
119296	170
119332	170
119367	170
119390	170
119425	170
119460	170
119484	170
119519	170
119542	170
119578	170
119613	171
119636	171
119671	171
119707	171
119742	171
119777	171
119800	171
119835	171
119871	171
119894	171
119929	171
119953	171
119988	171
120023	171
120046	171
120082	171
120105	171
120140	171
120175	171
120199	171
120222	171
120246	171
120281	171
120316	171
120339	171
120375	171
120410	171
120433	171
120468	171
120503	171
120539	171
120562	171
120597	171
120632	171
120667	171
120703	171
120726	171
120761	171
120796	171
120832	171
120867	171
120890	171
120925	171
120960	171
120984	171
121019	171
121042	171
121078	171
121101	171
121136	171
121171	172
121207	172
121230	172
121265	172
121300	172
121324	172
121359	172
121382	172
121417	172
121453	172
121476	172
121511	172
121546	172
121582	172
121605	172
121640	172
121675	172
121699	172
121722	172
121757	172
121781	172
121816	172
121839	172
121875	172
121910	172
121933	172
121968	172
122003	172
122027	172
122062	172
122085	172
122121	172
122156	172
122179	172
122214	172
122238	172
122273	172
122308	172
122343	172
122378	172
122402	172
122437	172
122460	172
122496	172
122519	172
122554	172
122578	172
122613	172
122648	172
122671	172
122707	173
122730	173
122765	173
122800	173
122824	173
122847	173
122882	173
122917	173
122941	173
122976	173
123011	173
123035	173
123070	173
123105	173
123140	173
123164	173
123199	173
123222	173
123257	173
123281	173
123316	173
123339	173
123375	173
123398	173
123433	173
123457	173
123492	173
123527	173
123550	173
123585	173
123609	173
123644	173
123667	173
123703	173
123738	173
123773	173
123808	173
123843	173
123867	173
123902	173
123925	173
123960	173
123984	173
124019	173
124054	173
124078	173
124113	173
124136	173
124171	173
124195	173
124230	174
124265	174
124289	174
124324	174
124347	174
124382	174
124417	174
124441	174
124476	174
124511	174
124546	174
124582	174
124605	174
124640	174
124664	174
124699	174
124722	174
124757	174
124781	174
124816	174
124839	174
124875	174
124898	174
124933	174
124957	174
124992	174
125027	174
125050	174
125085	174
125109	174
125144	174
125167	174
125203	174
125226	174
125261	174
125296	174
125332	174
125355	174
125390	174
125425	174
125449	174
125484	174
125507	174
125542	174
125566	174
125601	174
125636	174
125660	174
125695	174
125730	174
125753	175
125789	175
125824	175
125847	175
125871	175
125906	175
125929	175
125964	175
126000	175
126023	175
126058	175
126093	175
126128	175
126152	175
126187	175
126222	175
126246	175
126281	175
126304	175
126339	175
126363	175
126398	175
126433	175
126468	175
126492	175
126527	175
126562	175
126585	175
126621	175
126644	175
126679	175
126703	175
126738	175
126773	175
126808	175
126832	175
126867	175
126902	175
126925	175
126960	175
126996	175
127031	175
127066	175
127089	175
127125	175
127160	175
127195	175
127218	175
127253	175
127277	175
127312	176
127335	176
127359	176
127394	176
127417	176
127453	176
127476	176
127511	176
127535	176
127570	176
127605	176
127628	176
127664	176
127687	176
127722	176
127757	176
127792	176
127816	176
127851	176
127886	176
127921	176
127957	176
127992	176
128015	176
128050	176
128074	176
128109	176
128132	176
128167	176
128191	176
128226	176
128250	176
128285	176
128308	176
128343	176
128378	176
128402	176
128437	176
128460	176
128496	176
128519	176
128554	176
128578	176
128613	176
128648	176
128683	176
128718	176
128753	176
128777	176
128812	176
128835	177
128871	177
128906	177
128929	177
128964	177
128988	177
129023	177
129046	177
129082	177
129117	177
129140	177
129175	177
129199	177
129234	177
129269	177
129304	177
129328	177
129363	177
129398	177
129433	177
129468	177
129503	177
129527	177
129562	177
129597	177
129621	177
129656	177
129679	177
129714	177
129738	177
129773	177
129796	177
129832	177
129855	177
129890	177
129914	177
129949	177
129972	177
130007	177
130031	177
130066	177
130089	177
130125	177
130160	177
130207	177
130230	177
130265	177
130289	177
130324	177
130359	177
130394	178
130429	178
130453	178
130488	178
130511	178
130546	178
130570	178
130605	178
130628	178
130664	178
130687	178
130722	178
130746	178
130769	178
130804	178
130828	178
130863	178
130886	178
130921	178
130957	178
130992	178
131015	178
131050	178
131085	178
131109	178
131144	178
131179	178
131203	178
131238	178
131261	178
131296	178
131332	178
131367	178
131390	178
131425	178
131449	178
131484	178
131507	178
131542	178
131566	178
131601	178
131636	178
131671	178
131707	178
131730	178
131765	178
131800	178
131824	178
131859	178
131882	178
131917	179
131953	179
131976	179
132011	179
132035	179
132070	179
132105	179
132128	179
132164	179
132187	179
132222	179
132246	179
132269	179
132292	179
132328	179
132363	179
132386	179
132421	179
132457	179
132492	179
132515	179
132550	179
132585	179
132621	179
132656	179
132679	179
132714	179
132738	179
132773	179
132808	179
132843	179
132878	179
132902	179
132937	179
132960	179
132996	179
133019	179
133054	179
133078	179
133113	179
133136	179
133171	179
133207	179
133242	179
133265	179
133300	179
133324	179
133359	179
133394	179
133417	179
133453	180
133476	180
133511	180
133546	180
133582	180
133605	180
133640	180
133675	180
133699	180
133734	180
133757	180
133781	180
133816	180
133851	180
133875	180
133910	180
133933	180
133968	180
134003	180
134027	180
134062	180
134097	180
134121	180
134156	180
134179	180
134214	180
134250	180
134285	180
134320	180
134343	180
134378	180
134414	180
134437	180
134472	180
134496	180
134531	180
134554	180
134589	180
134625	180
134648	180
134683	180
134707	180
134742	180
134777	180
134800	180
134835	180
134859	180
134894	180
134917	180
134953	180
134976	181
135011	181
135046	181
135082	181
135117	181
135140	181
135175	181
135210	181
135234	181
135257	181
135292	181
135316	181
135351	181
135386	181
135410	181
135445	181
135468	181
135503	181
135527	181
135562	181
135585	181
135621	181
135656	181
135679	181
135714	181
135738	181
135773	181
135808	181
135843	181
135878	181
135914	181
135937	181
135972	181
135996	181
136031	181
136054	181
136089	181
136125	181
136148	181
136183	181
136218	181
136242	181
136277	181
136312	181
136335	181
136371	181
136406	181
136429	181
136464	181
136488	181
136523	182
136570	182
136593	182
136628	182
136664	182
136687	182
136722	182
136746	182
136781	182
136804	182
136839	182
136875	182
136898	182
136933	182
136957	182
136992	182
137015	182
137050	182
137074	182
137109	182
137132	182
137167	182
137203	182
137226	182
137261	182
137296	182
137332	182
137367	182
137390	182
137425	182
137449	182
137484	182
137519	182
137542	182
137578	182
137601	182
137636	182
137671	182
137695	182
137730	182
137765	182
137789	182
137824	182
137847	182
137882	182
137906	182
137941	182
137976	182
138000	182
138035	182
138070	183
138105	183
138128	183
138164	183
138199	183
138222	183
138257	183
138292	183
138316	183
138351	183
138386	183
138410	183
138445	183
138480	183
138515	183
138539	183
138574	183
138597	183
138632	183
138656	183
138691	183
138726	183
138750	183
138785	183
138820	183
138855	183
138890	183
138914	183
138949	183
138984	183
139019	183
139054	183
139078	183
139113	183
139148	183
139183	183
139207	183
139242	183
139277	183
139300	183
139335	183
139359	183
139382	183
139417	183
139441	183
139476	183
139500	183
139535	183
139558	183
139593	183
139628	184
139652	184
139687	184
139722	184
139757	184
139781	184
139816	184
139839	184
139875	184
139910	184
139957	184
139980	184
140015	184
140039	184
140074	184
140109	184
140132	184
140167	184
140191	184
140226	184
140261	184
140285	184
140320	184
140343	184
140378	184
140414	184
140437	184
140472	184
140496	184
140531	184
140566	184
140589	184
140625	184
140660	184
140695	184
140730	184
140765	184
140789	184
140824	184
140859	184
140882	184
140917	184
140953	184
140976	184
141011	184
141035	184
141070	184
141105	184
141128	184
141164	184
141199	185
141222	185
141257	185
141292	185
141316	185
141351	185
141386	185
141421	185
141457	185
141492	185
141515	185
141550	185
141585	185
141609	185
141644	185
141667	185
141703	185
141726	185
141761	185
141785	185
141820	185
141843	185
141878	185
141902	185
141937	185
141960	185
141984	185
142019	185
142042	185
142078	185
142113	185
142148	185
142183	185
142218	185
142253	185
142277	185
142312	185
142347	185
142382	185
142406	185
142441	185
142464	185
142500	185
142535	185
142558	185
142593	185
142617	185
142652	185
142687	185
142710	185
142734	186
142757	186
142792	186
142816	186
142851	186
142886	186
142921	186
142957	186
142980	186
143015	186
143039	186
143074	186
143109	186
143144	186
143167	186
143203	186
143238	186
143261	186
143296	186
143332	186
143355	186
143390	186
143425	186
143449	186
143484	186
143507	186
143542	186
143566	186
143601	186
143636	186
143660	186
143695	186
143730	186
143765	186
143789	186
143824	186
143847	186
143882	186
143906	186
143941	186
143964	186
144000	186
144035	186
144058	186
144093	186
144117	186
144152	186
144175	186
144210	186
144234	186
144257	187
144281	187
144316	187
144339	187
144375	187
144398	187
144433	187
144468	187
144503	187
144527	187
144562	187
144597	187
144632	187
144656	187
144691	187
144714	187
144750	187
144785	187
144820	187
144855	187
144878	187
144914	187
144937	187
144972	187
144996	187
145031	187
145054	187
145089	187
145113	187
145148	187
145183	187
145207	187
145242	187
145277	187
145300	187
145335	187
145359	187
145394	187
145417	187
145453	187
145488	187
145511	187
145546	187
145582	187
145605	187
145640	187
145675	187
145699	187
145722	187
145757	187
145781	188
145804	188
145839	188
145875	188
145898	188
145933	188
145957	188
145992	188
146015	188
146050	188
146074	188
146109	188
146132	188
146167	188
146191	188
146226	188
146261	188
146285	188
146320	188
146355	188
146390	188
146414	188
146449	188
146472	188
146496	188
146531	188
146554	188
146589	188
146613	188
146648	188
146671	188
146707	188
146730	188
146765	188
146789	188
146824	188
146847	188
146882	188
146906	188
146929	188
146964	188
147000	188
147035	188
147058	188
147093	188
147128	188
147152	188
147187	188
147210	188
147246	188
147269	189
147292	189
147328	189
147363	189
147386	189
147421	189
147445	189
147480	189
147503	189
147539	189
147562	189
147597	189
147621	189
147656	189
147679	189
147714	189
147750	189
147785	189
147820	189
147855	189
147878	189
147914	189
147937	189
147972	189
147996	189
148031	189
148054	189
148089	189
148113	189
148148	189
148171	189
148207	189
148230	189
148265	189
148289	189
148324	189
148347	189
148382	189
148417	189
148441	189
148476	189
148500	189
148535	189
148570	189
148605	189
148628	189
148664	189
148699	189
148722	189
148746	189
148781	190
148804	190
148839	190
148863	190
148898	190
148921	190
148957	190
148980	190
149015	190
149039	190
149074	190
149097	190
149121	190
149156	190
149179	190
149214	190
149250	190
149273	190
149308	190
149343	190
149378	190
149402	190
149437	190
149460	190
149496	190
149531	190
149554	190
149589	190
149613	190
149648	190
149683	190
149718	190
149742	190
149777	190
149800	190
149835	190
149859	190
149894	190
149917	190
149953	190
149988	190
150011	190
150046	190
150082	190
150117	190
150140	190
150175	190
150199	190
150234	190
150269	190
150292	191
150328	191
150351	191
150386	191
150421	191
150457	191
150480	191
150515	191
150539	191
150574	191
150597	191
150632	191
150656	191
150691	191
150714	191
150750	191
150785	191
150820	191
150843	191
150878	191
150902	191
150937	191
150972	191
151007	191
151042	191
151066	191
151101	191
151125	191
151160	191
151195	191
151218	191
151253	191
151289	191
151312	191
151335	191
151359	191
151394	191
151417	191
151453	191
151476	191
151511	191
151535	191
151570	191
151593	191
151628	191
151664	191
151687	191
151722	191
151757	191
151792	191
151816	192
151851	192
151886	192
151921	192
151957	192
151992	192
152015	192
152050	192
152085	192
152109	192
152144	192
152167	192
152203	192
152238	192
152261	192
152296	192
152320	192
152355	192
152390	192
152414	192
152449	192
152472	192
152507	192
152542	192
152566	192
152601	192
152636	192
152671	192
152707	192
152742	192
152765	192
152800	192
152824	192
152859	192
152882	192
152917	192
152941	192
152976	192
153011	192
153035	192
153070	192
153093	192
153128	192
153164	192
153187	192
153222	192
153246	192
153281	192
153304	192
153339	192
153375	193
153410	193
153445	193
153480	193
153515	193
153539	193
153574	193
153597	193
153632	193
153656	193
153691	193
153726	193
153750	193
153785	193
153808	193
153832	193
153867	193
153902	193
153925	193
153960	193
153984	193
154019	193
154042	193
154078	193
154113	193
154148	193
154183	193
154218	193
154253	193
154289	193
154312	193
154347	193
154382	193
154417	193
154453	193
154476	193
154511	193
154546	193
154570	193
154605	193
154628	193
154664	193
154699	193
154722	193
154746	193
154769	193
154804	193
154828	193
154863	193
154898	193
154933	194
154968	194
154992	194
155027	194
155050	194
155085	194
155121	194
155156	194
155179	194
155214	194
155238	194
155273	194
155296	194
155332	194
155367	194
155390	194
155425	194
155449	194
155484	194
155507	194
155542	194
155566	194
155601	194
155625	194
155660	194
155695	194
155730	194
155753	194
155789	194
155812	194
155847	194
155882	194
155906	194
155941	194
155964	194
156000	194
156023	194
156058	194
156082	194
156117	194
156152	194
156175	194
156210	194
156234	194
156257	194
156281	194
156316	194
156351	194
156375	194
156410	194
156445	195
156480	195
156503	195
156539	195
156574	195
156609	195
156644	195
156667	195
156703	195
156738	195
156773	195
156808	195
156832	195
156867	195
156902	195
156925	195
156960	195
156984	195
157019	195
157042	195
157078	195
157113	195
157136	195
157171	195
157207	195
157230	195
157265	195
157300	195
157324	195
157359	195
157382	195
157417	195
157441	195
157476	195
157500	195
157535	195
157570	195
157593	195
157628	195
157652	195
157687	195
157710	195
157746	195
157769	195
157792	195
157828	195
157851	195
157886	195
157910	195
157945	195
157968	196
158003	196
158039	196
158062	196
158097	196
158121	196
158156	196
158179	196
158214	196
158238	196
158273	196
158308	196
158343	196
158367	196
158402	196
158437	196
158460	196
158496	196
158519	196
158542	196
158578	196
158613	196
158636	196
158671	196
158695	196
158730	196
158765	196
158789	196
158824	196
158847	196
158882	196
158917	196
158941	196
158976	196
159000	196
159035	196
159082	196
159105	196
159140	196
159175	196
159199	196
159234	196
159257	196
159281	196
159316	196
timepoint: 183.51999999999998