0	0
0	0
0	0
0	0
0	0
0	0
0	0
0	0
0	0
0	0
0	0
0	0
0	0
0	0
0	0
0	0
0	0
0	0
0	0
0	0
0	0
0	0
0	0
0	0
0	0
0	0
0	0
0	0
0	0
0	0
0	0
0	0
0	0
0	0
0	0
0	0
0	0
0	0
0	0
0	0
0	0
0	0
0	0
0	0
0	0
0	0
0	0
0	0
0	0
0	0
0	1
0	1
0	1
0	1
0	1
0	1
0	1
0	1
0	1
0	1
0	1
0	1
0	1
0	1
0	1
0	1
0	1
0	1
0	1
0	1
0	1
0	1
0	1
0	1
0	1
0	1
0	1
0	1
0	1
0	1
0	1
0	1
0	1
0	1
0	1
0	1
0	1
0	1
0	1
0	1
0	1
0	1
0	1
0	1
0	1
0	1
0	1
0	1
0	1
0	1
0	2
0	2
0	2
0	2
0	2
0	2
0	2
0	2
0	2
0	2
0	2
0	2
0	2
0	2
0	2
0	2
0	2
0	2
0	2
0	2
0	2
0	2
0	2
0	2
0	2
0	2
0	2
0	2
0	2
0	2
0	2
0	2
0	2
0	2
0	2
0	2
0	2
0	2
0	2
0	2
0	2
0	2
0	2
0	2
0	2
0	2
0	2
0	2
0	2
0	2
0	3
0	3
0	3
0	3
0	3
0	3
0	3
0	3
0	3
0	3
0	3
0	3
0	3
0	3
0	3
0	3
0	3
0	3
0	3
0	3
0	3
0	3
0	3
0	3
0	3
0	3
0	3
0	3
0	3
0	3
0	3
0	3
0	3
0	3
0	3
0	3
0	3
0	3
0	3
0	3
0	3
0	3
0	3
0	3
0	3
0	3
0	3
0	3
0	3
0	3
0	4
0	4
0	4
0	4
0	4
0	4
0	4
0	4
0	4
0	4
0	4
0	4
0	4
0	4
0	4
0	4
0	4
0	4
0	4
0	4
0	4
0	4
0	4
0	4
0	4
0	4
0	4
0	4
0	4
0	4
0	4
0	4
0	4
0	4
11	4
11	4
11	4
11	4
11	4
11	4
11	4
11	4
11	4
11	4
11	4
23	4
23	4
23	4
23	4
23	4
23	5
23	5
23	5
23	5
23	5
23	5
23	5
23	5
23	5
23	5
23	5
23	5
23	5
23	5
23	5
23	5
23	5
23	5
23	5
23	5
23	5
23	5
23	5
23	5
23	5
23	5
23	5
23	5
23	5
23	5
23	5
11	5
11	5
11	5
11	5
11	5
11	5
11	5
11	5
11	5
11	5
11	5
11	5
11	5
11	5
11	5
11	5
11	5
11	5
11	5
11	6
11	6
11	6
11	6
11	6
11	6
11	6
11	6
11	6
11	6
11	6
11	6
11	6
11	6
11	6
23	6
23	6
23	6
23	6
23	6
23	6
23	6
23	6
23	6
23	6
23	6
23	6
23	6
23	6
23	6
23	6
23	6
23	6
23	6
35	6
35	6
35	6
35	6
35	6
35	6
35	6
23	6
23	6
23	6
23	6
23	6
23	6
23	6
23	6
23	6
23	7
23	7
23	7
23	7
23	7
23	7
23	7
23	7
23	7
23	7
23	7
23	7
11	7
11	7
11	7
11	7
11	7
11	7
11	7
11	7
11	7
11	7
11	7
11	7
11	7
11	7
11	7
11	7
11	7
11	7
11	7
11	7
11	7
11	7
11	7
11	7
23	7
23	7
23	7
23	7
23	7
23	7
23	7
23	7
23	7
23	7
23	7
23	7
23	7
23	7
23	8
23	8
23	8
23	8
23	8
23	8
23	8
23	8
23	8
23	8
23	8
23	8
23	8
23	8
23	8
23	8
23	8
23	8
23	8
23	8
23	8
23	8
23	8
23	8
23	8
23	8
23	8
23	8
23	8
23	8
23	8
23	8
23	8
23	8
23	8
23	8
23	8
23	8
23	8
23	8
23	8
11	8
11	8
11	8
11	8
11	8
11	8
11	8
11	8
11	8
11	9
11	9
23	9
23	9
23	9
23	9
23	9
23	9
23	9
23	9
23	9
23	9
23	9
23	9
23	9
23	9
23	9
23	9
23	9
23	9
23	9
23	9
23	9
23	9
23	9
23	9
23	9
23	9
23	9
23	9
23	9
23	9
23	9
23	9
23	9
23	9
23	9
23	9
23	9
23	9
23	9
23	9
23	9
23	9
23	9
23	9
23	9
23	9
23	9
23	9
23	10
23	10
23	10
23	10
23	10
23	10
23	10
23	10
23	10
23	10
23	10
23	10
23	10
23	10
23	10
23	10
23	10
23	10
23	10
23	10
23	10
23	10
23	10
23	10
23	10
23	10
23	10
23	10
23	10
23	10
23	10
23	10
23	10
23	10
23	10
23	10
23	10
23	10
23	10
23	10
23	10
23	10
23	10
23	10
23	10
23	10
23	10
23	10
23	10
23	10
23	11
23	11
23	11
23	11
23	11
23	11
23	11
23	11
23	11
23	11
23	11
23	11
23	11
23	11
23	11
23	11
23	11
23	11
23	11
23	11
23	11
23	11
23	11
23	11
23	11
23	11
23	11
23	11
23	11
23	11
23	11
23	11
23	11
23	11
23	11
23	11
23	11
23	11
23	11
23	11
23	11
23	11
23	11
23	11
23	11
23	11
23	11
23	11
23	11
23	11
23	12
23	12
23	12
23	12
23	12
23	12
23	12
23	12
23	12
23	12
23	12
23	12
23	12
23	12
23	12
23	12
23	12
23	12
23	12
23	12
23	12
23	12
23	12
23	12
23	12
23	12
23	12
23	12
23	12
23	12
23	12
23	12
23	12
23	12
23	12
23	12
23	12
23	12
23	12
23	12
23	12
23	12
23	12
23	12
23	12
23	12
23	12
23	12
23	12
23	12
23	13
23	13
23	13
23	13
23	13
23	13
23	13
23	13
23	13
23	13
23	13
23	13
23	13
23	13
23	13
23	13
23	13
23	13
23	13
23	13
23	13
23	13
23	13
23	13
23	13
23	13
23	13
23	13
23	13
23	13
23	13
23	13
23	13
23	13
23	13
23	13
23	13
23	13
23	13
23	13
23	13
23	13
23	13
23	13
23	13
23	13
23	13
23	13
23	13
23	13
23	14
23	14
23	14
23	14
23	14
23	14
23	14
23	14
23	14
23	14
23	14
23	14
23	14
23	14
23	14
23	14
23	14
23	14
23	14
23	14
23	14
23	14
23	14
23	14
23	14
23	14
23	14
23	14
23	14
23	14
23	14
23	14
23	14
23	14
23	14
23	14
23	14
23	14
23	14
23	14
23	14
23	14
23	14
23	14
23	14
23	14
23	14
23	14
23	14
23	14
23	15
23	15
23	15
23	15
23	15
23	15
23	15
23	15
23	15
23	15
23	15
23	15
23	15
23	15
23	15
23	15
23	15
23	15
23	15
23	15
23	15
23	15
23	15
23	15
23	15
23	15
23	15
23	15
23	15
23	15
23	15
23	15
23	15
23	15
23	15
23	15
23	15
23	15
23	15
23	15
23	15
23	15
23	15
23	15
23	15
23	15
23	15
23	15
23	15
23	15
23	16
23	16
23	16
23	16
23	16
23	16
23	16
23	16
23	16
23	16
23	16
23	16
23	16
23	16
23	16
23	16
23	16
23	16
23	16
23	16
23	16
23	16
23	16
23	16
23	16
23	16
23	16
23	16
23	16
23	16
23	16
23	16
23	16
23	16
23	16
23	16
23	16
23	16
23	16
23	16
23	16
23	16
23	16
23	16
23	16
23	16
23	16
23	16
23	16
23	16
23	17
23	17
23	17
23	17
23	17
23	17
23	17
23	17
23	17
23	17
23	17
23	17
23	17
23	17
23	17
23	17
23	17
23	17
23	17
23	17
23	17
23	17
23	17
23	17
23	17
23	17
23	17
23	17
23	17
23	17
23	17
23	17
23	17
23	17
23	17
23	17
23	17
23	17
23	17
23	17
23	17
23	17
23	17
23	17
23	17
23	17
23	17
23	17
23	17
23	17
23	18
23	18
23	18
23	18
23	18
23	18
23	18
23	18
23	18
23	18
23	18
23	18
23	18
23	18
23	18
23	18
23	18
23	18
23	18
23	18
23	18
23	18
23	18
23	18
23	18
23	18
23	18
23	18
23	18
23	18
23	18
23	18
23	18
23	18
23	18
23	18
23	18
23	18
23	18
23	18
23	18
23	18
23	18
23	18
23	18
23	18
23	18
23	18
23	18
23	18
23	19
23	19
23	19
23	19
23	19
23	19
23	19
23	19
23	19
23	19
23	19
23	19
23	19
23	19
23	19
23	19
23	19
23	19
23	19
23	19
23	19
23	19
23	19
23	19
23	19
23	19
23	19
23	19
23	19
23	19
23	19
23	19
23	19
23	19
23	19
23	19
23	19
23	19
23	19
23	19
23	19
23	19
23	19
23	19
23	19
23	19
23	19
23	19
23	19
23	19
23	20
23	20
23	20
23	20
23	20
23	20
23	20
23	20
23	20
23	20
23	20
23	20
23	20
23	20
23	20
23	20
23	20
23	20
23	20
23	20
23	20
23	20
23	20
23	20
23	20
23	20
23	20
23	20
23	20
23	20
23	20
23	20
23	20
23	20
23	20
23	20
23	20
23	20
23	20
23	20
23	20
23	20
23	20
23	20
23	20
23	20
23	20
23	20
23	20
23	20
23	21
23	21
23	21
23	21
23	21
23	21
23	21
23	21
23	21
23	21
23	21
23	21
23	21
23	21
23	21
23	21
23	21
23	21
23	21
23	21
23	21
23	21
23	21
23	21
23	21
23	21
23	21
23	21
23	21
23	21
23	21
23	21
23	21
23	21
23	21
23	21
23	21
23	21
23	21
23	21
23	21
23	21
23	21
23	21
23	21
23	21
23	21
23	21
23	21
23	21
23	22
23	22
23	22
23	22
23	22
23	22
23	22
23	22
23	22
23	22
23	22
23	22
23	22
23	22
23	22
23	22
23	22
23	22
23	22
23	22
23	22
23	22
23	22
23	22
23	22
23	22
23	22
23	22
23	22
23	22
23	22
23	22
23	22
23	22
23	22
23	22
23	22
23	22
23	22
23	22
23	22
23	22
23	22
23	22
23	22
23	22
23	22
23	22
23	22
23	22
23	23
23	23
23	23
23	23
23	23
23	23
23	23
23	23
23	23
23	23
23	23
23	23
23	23
23	23
23	23
23	23
23	23
23	23
23	23
23	23
23	23
23	23
23	23
23	23
23	23
23	23
23	23
23	23
23	23
23	23
23	23
23	23
23	23
23	23
23	23
23	23
23	23
23	23
23	23
23	23
23	23
23	23
23	23
23	23
23	23
23	23
23	23
23	23
23	23
23	23
23	24
23	24
23	24
23	24
23	24
23	24
23	24
23	24
23	24
23	24
23	24
23	24
23	24
23	24
23	24
23	24
23	24
23	24
23	24
23	24
23	24
23	24
23	24
23	24
23	24
23	24
23	24
23	24
23	24
23	24
23	24
23	24
23	24
23	24
23	24
23	24
23	24
23	24
23	24
23	24
23	24
23	24
23	24
23	24
23	24
23	24
23	24
23	24
23	24
23	24
23	25
23	25
23	25
23	25
23	25
23	25
23	25
23	25
23	25
23	25
23	25
23	25
23	25
23	25
23	25
23	25
23	25
23	25
23	25
23	25
23	25
23	25
23	25
23	25
23	25
23	25
23	25
23	25
23	25
23	25
23	25
23	25
23	25
23	25
23	25
23	25
23	25
23	25
23	25
23	25
23	25
23	25
23	25
23	25
23	25
23	25
23	25
23	25
23	25
23	25
23	26
23	26
23	26
23	26
23	26
23	26
23	26
23	26
23	26
23	26
23	26
23	26
23	26
23	26
23	26
23	26
23	26
23	26
23	26
23	26
23	26
23	26
23	26
23	26
23	26
23	26
23	26
23	26
23	26
23	26
23	26
23	26
23	26
23	26
23	26
23	26
23	26
23	26
23	26
23	26
23	26
23	26
23	26
23	26
23	26
23	26
23	26
23	26
23	26
23	26
23	27
23	27
23	27
23	27
23	27
23	27
23	27
23	27
23	27
23	27
23	27
23	27
23	27
23	27
23	27
23	27
23	27
23	27
23	27
23	27
23	27
23	27
23	27
23	27
23	27
23	27
23	27
23	27
23	27
23	27
23	27
23	27
23	27
23	27
23	27
23	27
23	27
23	27
23	27
23	27
23	27
23	27
23	27
23	27
23	27
23	27
23	27
23	27
23	27
23	27
23	28
23	28
23	28
23	28
23	28
23	28
23	28
23	28
23	28
23	28
23	28
23	28
23	28
23	28
23	28
23	28
23	28
23	28
23	28
23	28
23	28
23	28
23	28
23	28
23	28
23	28
23	28
23	28
23	28
23	28
23	28
23	28
23	28
23	28
23	28
23	28
23	28
23	28
23	28
23	28
23	28
23	28
23	28
23	28
23	28
23	28
23	28
23	28
23	28
23	28
23	29
23	29
23	29
23	29
23	29
23	29
23	29
23	29
23	29
23	29
23	29
35	29
35	29
35	29
35	29
35	29
35	29
35	29
35	29
35	29
35	29
35	29
35	29
35	29
35	29
35	29
35	29
35	29
35	29
35	29
35	29
35	29
35	29
35	29
35	29
35	29
35	29
35	29
35	29
35	29
35	29
35	29
35	29
35	29
46	29
46	29
46	29
46	29
46	29
46	29
46	30
46	30
46	30
46	30
46	30
46	30
46	30
46	30
46	30
46	30
46	30
46	30
46	30
46	30
58	30
58	30
58	30
58	30
58	30
58	30
58	30
58	30
58	30
58	30
58	30
58	30
58	30
58	30
70	30
70	30
70	30
70	30
70	30
70	30
70	30
70	30
70	30
70	30
70	30
70	30
70	30
70	30
70	30
70	30
82	30
82	30
82	30
82	30
82	30
82	30
82	31
82	31
82	31
82	31
93	31
93	31
93	31
93	31
93	31
93	31
93	31
93	31
93	31
93	31
93	31
93	31
105	31
105	31
105	31
105	31
105	31
105	31
105	31
105	31
105	31
105	31
105	31
117	31
117	31
117	31
117	31
117	31
117	31
117	31
117	31
117	31
128	31
128	31
128	31
128	31
128	31
128	31
128	31
128	31
140	31
140	31
140	31
140	31
140	31
140	31
140	32
140	32
140	32
140	32
152	32
152	32
152	32
152	32
152	32
152	32
152	32
152	32
152	32
164	32
164	32
164	32
164	32
164	32
164	32
164	32
164	32
175	32
175	32
175	32
175	32
175	32
175	32
175	32
175	32
175	32
187	32
187	32
187	32
187	32
187	32
187	32
187	32
187	32
199	32
199	32
199	32
199	32
199	32
199	32
199	32
210	32
210	32
210	32
210	32
210	32
210	33
210	33
222	33
222	33
222	33
222	33
222	33
222	33
222	33
234	33
234	33
234	33
234	33
234	33
234	33
234	33
246	33
246	33
246	33
246	33
246	33
246	33
257	33
257	33
257	33
257	33
257	33
257	33
257	33
269	33
269	33
269	33
269	33
269	33
269	33
269	33
281	33
281	33
281	33
281	33
281	33
281	33
292	33
292	33
292	33
292	33
292	33
292	33
292	33
304	33
304	34
304	34
304	34
304	34
304	34
316	34
316	34
316	34
316	34
316	34
316	34
316	34
328	34
328	34
328	34
328	34
328	34
328	34
339	34
339	34
339	34
339	34
339	34
339	34
351	34
351	34
351	34
351	34
351	34
351	34
363	34
363	34
363	34
363	34
363	34
363	34
375	34
375	34
375	34
375	34
375	34
386	34
386	34
386	34
386	34
386	34
386	34
398	34
398	34
398	34
398	35
398	35
410	35
410	35
410	35
410	35
410	35
410	35
421	35
421	35
421	35
421	35
421	35
433	35
433	35
433	35
433	35
433	35
433	35
445	35
445	35
445	35
445	35
445	35
445	35
457	35
457	35
457	35
457	35
457	35
457	35
457	35
468	35
468	35
468	35
468	35
468	35
468	35
480	35
480	35
480	35
480	35
480	35
480	35
480	35
492	35
492	35
492	35
492	35
492	35
492	36
503	36
503	36
503	36
503	36
503	36
503	36
515	36
515	36
515	36
515	36
515	36
515	36
527	36
527	36
527	36
527	36
527	36
539	36
539	36
539	36
539	36
539	36
539	36
550	36
550	36
550	36
550	36
550	36
562	36
562	36
562	36
562	36
562	36
574	36
574	36
574	36
574	36
574	36
585	36
585	36
585	36
585	36
585	36
597	36
597	36
597	36
597	36
597	36
609	36
609	37
609	37
609	37
609	37
621	37
621	37
621	37
621	37
621	37
632	37
632	37
632	37
632	37
632	37
644	37
644	37
644	37
644	37
644	37
656	37
656	37
656	37
656	37
667	37
667	37
667	37
667	37
667	37
679	37
679	37
679	37
679	37
691	37
691	37
691	37
691	37
703	37
703	37
703	37
703	37
703	37
714	37
714	37
714	37
714	37
726	37
726	37
726	37
726	37
726	37
738	38
738	38
738	38
738	38
750	38
750	38
750	38
750	38
750	38
761	38
761	38
761	38
761	38
761	38
773	38
773	38
773	38
773	38
785	38
785	38
785	38
785	38
785	38
796	38
796	38
796	38
796	38
796	38
808	38
808	38
808	38
808	38
808	38
820	38
820	38
820	38
820	38
832	38
832	38
832	38
832	38
843	38
843	38
843	38
843	38
855	38
855	38
855	38
855	38
867	38
867	39
867	39
867	39
878	39
878	39
878	39
878	39
890	39
890	39
890	39
890	39
890	39
902	39
902	39
902	39
902	39
902	39
914	39
914	39
914	39
914	39
914	39
925	39
925	39
925	39
925	39
925	39
925	39
937	39
937	39
937	39
937	39
937	39
949	39
949	39
949	39
949	39
949	39
960	39
960	39
960	39
960	39
972	39
972	39
972	39
972	39
972	39
984	39
984	39
984	39
984	40
996	40
996	40
996	40
996	40
1007	40
1007	40
1007	40
1007	40
1019	40
1019	40
1019	40
1019	40
1031	40
1031	40
1031	40
1031	40
1042	40
1042	40
1042	40
1042	40
1054	40
1054	40
1054	40
1054	40
1066	40
1066	40
1066	40
1066	40
1078	40
1078	40
1078	40
1078	40
1089	40
1089	40
1089	40
1089	40
1089	40
1101	40
1101	40
1101	40
1101	40
1101	40
1113	40
1113	40
1113	40
1113	40
1113	40
1125	40
1125	40
1125	41
1125	41
1136	41
1136	41
1136	41
1136	41
1136	41
1136	41
1148	41
1148	41
1148	41
1148	41
1160	41
1160	41
1160	41
1160	41
1160	41
1171	41
1171	41
1171	41
1171	41
1171	41
1183	41
1183	41
1183	41
1183	41
1195	41
1195	41
1195	41
1195	41
1195	41
1207	41
1207	41
1207	41
1207	41
1218	41
1218	41
1218	41
1218	41
1218	41
1230	41
1230	41
1230	41
1230	41
1230	41
1242	41
1242	41
1242	41
1242	41
1253	41
1253	42
1253	42
1253	42
1253	42
1265	42
1265	42
1265	42
1265	42
1265	42
1277	42
1277	42
1277	42
1277	42
1277	42
1289	42
1289	42
1289	42
1289	42
1289	42
1300	42
1300	42
1300	42
1300	42
1300	42
1312	42
1312	42
1312	42
1312	42
1312	42
1324	42
1324	42
1324	42
1324	42
1324	42
1335	42
1335	42
1335	42
1335	42
1335	42
1347	42
1347	42
1347	42
1347	42
1347	42
1359	42
1359	42
1359	42
1359	42
1371	42
1371	42
1371	43
1371	43
1371	43
1382	43
1382	43
1382	43
1382	43
1394	43
1394	43
1394	43
1394	43
1406	43
1406	43
1406	43
1406	43
1417	43
1417	43
1417	43
1417	43
1417	43
1429	43
1429	43
1429	43
1429	43
1441	43
1441	43
1441	43
1441	43
1453	43
1453	43
1453	43
1453	43
1464	43
1464	43
1464	43
1464	43
1464	43
1476	43
1476	43
1476	43
1476	43
1476	43
1488	43
1488	43
1488	43
1488	43
1488	43
1500	43
1500	43
1500	43
1500	44
1511	44
1511	44
1511	44
1511	44
1511	44
1523	44
1523	44
1523	44
1523	44
1523	44
1535	44
1535	44
1535	44
1535	44
1535	44
1546	44
1546	44
1546	44
1546	44
1558	44
1558	44
1558	44
1558	44
1558	44
1570	44
1570	44
1570	44
1570	44
1582	44
1582	44
1582	44
1582	44
1593	44
1593	44
1593	44
1593	44
1593	44
1605	44
1605	44
1605	44
1605	44
1617	44
1617	44
1617	44
1617	44
1628	44
1628	44
1628	44
1628	44
1640	45
1640	45
1640	45
1640	45
1640	45
1652	45
1652	45
1652	45
1652	45
1664	45
1664	45
1664	45
1664	45
1664	45
1675	45
1675	45
1675	45
1675	45
1687	45
1687	45
1687	45
1687	45
1687	45
1699	45
1699	45
1699	45
1699	45
1710	45
1710	45
1710	45
1710	45
1710	45
1722	45
1722	45
1722	45
1722	45
1734	45
1734	45
1734	45
1734	45
1746	45
1746	45
1746	45
1746	45
1757	45
1757	45
1757	45
1769	45
1769	45
1769	45
1769	46
1781	46
1781	46
1781	46
1781	46
1792	46
1792	46
1792	46
1804	46
1804	46
1804	46
1804	46
1816	46
1816	46
1816	46
1828	46
1828	46
1828	46
1828	46
1839	46
1839	46
1839	46
1851	46
1851	46
1851	46
1851	46
1863	46
1863	46
1863	46
1863	46
1875	46
1875	46
1875	46
1886	46
1886	46
1886	46
1886	46
1898	46
1898	46
1898	46
1898	46
1910	46
1910	46
1910	46
1910	46
1921	46
1921	46
1921	46
1921	46
1933	46
1933	47
1933	47
1933	47
1945	47
1945	47
1945	47
1957	47
1957	47
1957	47
1957	47
1968	47
1968	47
1968	47
1968	47
1980	47
1980	47
1980	47
1980	47
1992	47
1992	47
1992	47
1992	47
2003	47
2003	47
2003	47
2003	47
2015	47
2015	47
2015	47
2015	47
2027	47
2027	47
2027	47
2039	47
2039	47
2039	47
2039	47
2050	47
2050	47
2050	47
2062	47
2062	47
2062	47
2074	47
2074	47
2074	47
2074	47
2085	47
2085	47
2085	47
2097	48
2097	48
2097	48
2109	48
2109	48
2109	48
2109	48
2121	48
2121	48
2121	48
2132	48
2132	48
2132	48
2132	48
2144	48
2144	48
2144	48
2156	48
2156	48
2156	48
2156	48
2167	48
2167	48
2167	48
2179	48
2179	48
2179	48
2191	48
2191	48
2191	48
2191	48
2203	48
2203	48
2203	48
2214	48
2214	48
2214	48
2226	48
2226	48
2226	48
2238	48
2238	48
2238	48
2250	48
2250	48
2250	48
2261	48
2261	48
2261	48
2273	48
2273	49
2273	49
2285	49
2285	49
2285	49
2296	49
2296	49
2296	49
2308	49
2308	49
2308	49
2320	49
2320	49
2320	49
2332	49
2332	49
2332	49
2332	49
2343	49
2343	49
2343	49
2355	49
2355	49
2355	49
2367	49
2367	49
2367	49
2378	49
2378	49
2378	49
2390	49
2390	49
2390	49
2402	49
2402	49
2402	49
2414	49
2414	49
2414	49
2425	49
2425	49
2425	49
2437	49
2437	49
2437	49
2449	49
2449	49
2449	49
2460	49
2460	49
2460	50
2472	50
2472	50
2472	50
2484	50
2484	50
2484	50
2496	50
2496	50
2496	50
2507	50
2507	50
2519	50
2519	50
2519	50
2531	50
2531	50
2542	50
2542	50
2542	50
2554	50
2554	50
2566	50
2566	50
2566	50
2578	50
2578	50
2589	50
2589	50
2589	50
2601	50
2601	50
2613	50
2613	50
2613	50
2625	50
2625	50
2625	50
2636	50
2636	50
2636	50
2648	50
2648	50
2660	50
2660	50
2660	50
2671	50
2671	50
2671	50
2683	50
2683	51
2683	51
2695	51
2695	51
2707	51
2707	51
2707	51
2718	51
2718	51
2718	51
2730	51
2730	51
2730	51
2742	51
2742	51
2742	51
2753	51
2753	51
2753	51
2765	51
2765	51
2765	51
2777	51
2777	51
2777	51
2789	51
2789	51
2800	51
2800	51
2800	51
2812	51
2812	51
2812	51
2824	51
2824	51
2835	51
2835	51
2835	51
2847	51
2847	51
2859	51
2859	51
2859	51
2871	51
2871	51
2871	51
2882	51
2882	51
2894	51
2894	51
2894	52
2906	52
2906	52
2906	52
2917	52
2917	52
2929	52
2929	52
2929	52
2941	52
2941	52
2953	52
2953	52
2953	52
2964	52
2964	52
2976	52
2976	52
2976	52
2988	52
2988	52
2988	52
3000	52
3000	52
3011	52
3011	52
3011	52
3023	52
3023	52
3035	52
3035	52
3046	52
3046	52
3046	52
3058	52
3058	52
3058	52
3070	52
3070	52
3082	52
3082	52
3082	52
3093	52
3093	52
3105	52
3105	52
3105	52
3117	52
3117	52
3128	52
3128	53
3128	53
3140	53
3140	53
3152	53
3152	53
3152	53
3164	53
3164	53
3175	53
3175	53
3175	53
3187	53
3187	53
3199	53
3199	53
3199	53
3210	53
3210	53
3222	53
3222	53
3234	53
3234	53
3234	53
3246	53
3246	53
3257	53
3257	53
3269	53
3269	53
3281	53
3281	53
3292	53
3292	53
3304	53
3304	53
3316	53
3316	53
3328	53
3328	53
3339	53
3339	53
3339	53
3351	53
3351	53
3363	53
3363	53
3375	53
3375	53
3386	53
3386	54
3386	54
3398	54
3398	54
3410	54
3410	54
3421	54
3421	54
3421	54
3433	54
3433	54
3445	54
3445	54
3457	54
3457	54
3457	54
3468	54
3468	54
3480	54
3480	54
3480	54
3492	54
3492	54
3503	54
3503	54
3503	54
3515	54
3515	54
3527	54
3527	54
3539	54
3539	54
3539	54
3550	54
3550	54
3562	54
3562	54
3574	54
3574	54
3585	54
3585	54
3585	54
3597	54
3597	54
3609	54
3609	54
3621	54
3621	54
3632	54
3632	54
3632	55
3644	55
3644	55
3656	55
3656	55
3667	55
3667	55
3667	55
3679	55
3679	55
3691	55
3691	55
3703	55
3703	55
3714	55
3714	55
3714	55
3726	55
3726	55
3738	55
3738	55
3750	55
3750	55
3761	55
3761	55
3773	55
3773	55
3785	55
3785	55
3796	55
3796	55
3796	55
3808	55
3808	55
3820	55
3820	55
3832	55
3832	55
3843	55
3843	55
3843	55
3855	55
3855	55
3867	55
3867	55
3878	55
3878	55
3890	55
3890	55
3902	55
3902	56
3914	56
3914	56
3925	56
3925	56
3925	56
3937	56
3937	56
3949	56
3949	56
3960	56
3960	56
3972	56
3972	56
3984	56
3984	56
3996	56
3996	56
4007	56
4007	56
4019	56
4019	56
4031	56
4042	56
4042	56
4054	56
4054	56
4066	56
4066	56
4078	56
4078	56
4089	56
4101	56
4101	56
4113	56
4113	56
4125	56
4125	56
4136	56
4136	56
4148	56
4148	56
4148	56
4160	56
4160	56
4171	56
4171	56
4183	56
4183	56
4195	56
4195	57
4207	57
4207	57
4218	57
4218	57
4230	57
4230	57
4242	57
4242	57
4253	57
4253	57
4265	57
4265	57
4277	57
4277	57
4277	57
4289	57
4289	57
4300	57
4300	57
4312	57
4312	57
4324	57
4324	57
4335	57
4335	57
4347	57
4347	57
4359	57
4359	57
4371	57
4371	57
4382	57
4382	57
4394	57
4394	57
4406	57
4406	57
4417	57
4417	57
4429	57
4429	57
4441	57
4441	57
4453	57
4453	57
4464	57
4464	57
4476	57
4476	57
4488	58
4488	58
4500	58
4511	58
4511	58
4523	58
4523	58
4535	58
4535	58
4546	58
4546	58
4558	58
4558	58
4570	58
4570	58
4582	58
4582	58
4593	58
4593	58
4605	58
4605	58
4617	58
4617	58
4628	58
4628	58
4640	58
4652	58
4652	58
4664	58
4664	58
4675	58
4675	58
4687	58
4687	58
4699	58
4699	58
4710	58
4710	58
4722	58
4722	58
4734	58
4734	58
4746	58
4746	58
4757	58
4769	58
4769	58
4781	58
4781	58
4792	58
4804	59
4804	59
4816	59
4828	59
4828	59
4839	59
4839	59
4851	59
4863	59
4863	59
4875	59
4875	59
4886	59
4886	59
4898	59
4898	59
4910	59
4910	59
4921	59
4921	59
4933	59
4945	59
4945	59
4957	59
4957	59
4968	59
4968	59
4980	59
4980	59
4992	59
4992	59
5003	59
5003	59
5015	59
5015	59
5027	59
5027	59
5039	59
5039	59
5050	59
5050	59
5062	59
5074	59
5074	59
5085	59
5085	59
5097	59
5097	59
5109	59
5109	59
5121	60
5132	60
5132	60
5144	60
5144	60
5156	60
5156	60
5167	60
5167	60
5179	60
5179	60
5191	60
5191	60
5203	60
5214	60
5214	60
5226	60
5226	60
5238	60
5238	60
5250	60
5250	60
5261	60
5273	60
5273	60
5285	60
5285	60
5296	60
5308	60
5308	60
5320	60
5320	60
5332	60
5332	60
5343	60
5343	60
5355	60
5355	60
5367	60
5367	60
5378	60
5390	60
5390	60
5402	60
5402	60
5414	60
5414	60
5425	60
5437	60
5437	60
5449	61
5449	61
5460	61
5460	61
5472	61
5484	61
5484	61
5496	61
5496	61
5507	61
5519	61
5519	61
5531	61
5542	61
5542	61
5554	61
5566	61
5566	61
5578	61
5589	61
5589	61
5601	61
5601	61
5613	61
5625	61
5625	61
5636	61
5636	61
5648	61
5660	61
5660	61
5671	61
5671	61
5683	61
5683	61
5695	61
5707	61
5707	61
5718	61
5718	61
5730	61
5742	61
5742	61
5753	61
5765	61
5765	61
5777	61
5777	61
5789	61
5789	61
5800	62
5812	62
5812	62
5824	62
5824	62
5835	62
5847	62
5847	62
5859	62
5871	62
5871	62
5882	62
5882	62
5894	62
5906	62
5906	62
5917	62
5929	62
5929	62
5941	62
5953	62
5953	62
5964	62
5964	62
5976	62
5988	62
5988	62
6000	62
6011	62
6011	62
6023	62
6023	62
6035	62
6046	62
6046	62
6058	62
6058	62
6070	62
6082	62
6082	62
6093	62
6093	62
6105	62
6117	62
6117	62
6128	62
6128	62
6140	62
6152	62
6152	62
6164	63
6164	63
6175	63
6187	63
6187	63
6199	63
6199	63
6210	63
6222	63
6222	63
6234	63
6246	63
6246	63
6257	63
6269	63
6269	63
6281	63
6292	63
6292	63
6304	63
6316	63
6316	63
6328	63
6339	63
6339	63
6351	63
6363	63
6363	63
6375	63
6386	63
6386	63
6398	63
6410	63
6410	63
6421	63
6433	63
6433	63
6445	63
6457	63
6457	63
6468	63
6480	63
6480	63
6492	63
6503	63
6503	63
6515	63
6527	63
6527	63
6539	63
6539	64
6550	64
6562	64
6562	64
6574	64
6585	64
6585	64
6597	64
6609	64
6609	64
6621	64
6632	64
6632	64
6644	64
6656	64
6656	64
6667	64
6679	64
6679	64
6691	64
6703	64
6714	64
6714	64
6726	64
6738	64
6738	64
6750	64
6761	64
6761	64
6773	64
6785	64
6785	64
6796	64
6808	64
6808	64
6820	64
6832	64
6832	64
6843	64
6855	64
6855	64
6867	64
6878	64
6878	64
6890	64
6902	64
6902	64
6914	64
6914	64
6925	64
6937	65
6937	65
6949	65
6960	65
6972	65
6972	65
6984	65
6996	65
6996	65
7007	65
7019	65
7031	65
7031	65
7042	65
7054	65
7066	65
7066	65
7078	65
7089	65
7101	65
7101	65
7113	65
7125	65
7136	65
7136	65
7148	65
7160	65
7160	65
7171	65
7183	65
7183	65
7195	65
7207	65
7218	65
7230	65
7230	65
7242	65
7253	65
7265	65
7277	65
7277	65
7289	65
7300	65
7300	65
7312	65
7324	65
7324	65
7335	65
7347	65
7347	65
7359	66
7371	66
7382	66
7382	66
7394	66
7406	66
7417	66
7417	66
7429	66
7441	66
7453	66
7464	66
7464	66
7476	66
7488	66
7488	66
7500	66
7511	66
7523	66
7523	66
7535	66
7546	66
7546	66
7558	66
7570	66
7570	66
7582	66
7593	66
7593	66
7605	66
7617	66
7617	66
7628	66
7628	66
7640	66
7652	66
7652	66
7664	66
7675	66
7675	66
7687	66
7699	66
7710	66
7710	66
7722	66
7734	66
7734	66
7746	66
7757	66
7757	66
7769	67
7781	67
7792	67
7792	67
7804	67
7816	67
7816	67
7828	67
7839	67
7851	67
7851	67
7863	67
7875	67
7875	67
7886	67
7898	67
7910	67
7910	67
7921	67
7933	67
7933	67
7945	67
7957	67
7968	67
7980	67
7980	67
7992	67
8003	67
8015	67
8027	67
8027	67
8039	67
8050	67
8050	67
8062	67
8074	67
8074	67
8085	67
8097	67
8109	67
8121	67
8121	67
8132	67
8144	67
8156	67
8167	67
8179	67
8191	67
8203	67
8203	67
8214	68
8226	68
8238	68
8250	68
8250	68
8261	68
8273	68
8285	68
8285	68
8296	68
8308	68
8308	68
8320	68
8332	68
8343	68
8355	68
8355	68
8367	68
8378	68
8378	68
8390	68
8402	68
8414	68
8414	68
8425	68
8437	68
8449	68
8449	68
8460	68
8472	68
8484	68
8484	68
8496	68
8507	68
8519	68
8519	68
8531	68
8542	68
8542	68
8554	68
8566	68
8578	68
8578	68
8589	68
8601	68
8613	68
8613	68
8625	68
8636	68
8648	68
8660	69
8660	69
8671	69
8683	69
8695	69
8695	69
8707	69
8718	69
8718	69
8730	69
8742	69
8753	69
8765	69
8765	69
8777	69
8789	69
8800	69
8800	69
8812	69
8824	69
8835	69
8835	69
8847	69
8859	69
8871	69
8882	69
8882	69
8894	69
8906	69
8917	69
8929	69
8941	69
8953	69
8964	69
8976	69
8988	69
8988	69
9000	69
9011	69
9023	69
9023	69
9035	69
9046	69
9058	69
9058	69
9070	69
9082	69
9093	69
9105	69
9117	69
9117	70
9128	70
9140	70
9152	70
9152	70
9164	70
9175	70
9187	70
9187	70
9199	70
9210	70
9222	70
9234	70
9234	70
9246	70
9257	70
9269	70
9269	70
9281	70
9292	70
9304	70
9316	70
9316	70
9328	70
9339	70
9351	70
9363	70
9363	70
9375	70
9386	70
9398	70
9410	70
9410	70
9421	70
9433	70
9445	70
9445	70
9457	70
9468	70
9480	70
9492	70
9503	70
9503	70
9515	70
9527	70
9539	70
9550	70
9550	70
9562	70
9574	70
9585	71
9585	71
9597	71
9609	71
9621	71
9632	71
9644	71
9656	71
9667	71
9679	71
9691	71
9703	71
9714	71
9726	71
9738	71
9750	71
9750	71
9761	71
9773	71
9785	71
9796	71
9796	71
9808	71
9820	71
9832	71
9843	71
9843	71
9855	71
9867	71
9878	71
9890	71
9890	71
9902	71
9914	71
9925	71
9937	71
9937	71
9949	71
9960	71
9972	71
9984	71
9984	71
9996	71
10007	71
10019	71
10019	71
10031	71
10042	71
10054	71
10066	71
10066	72
10078	72
10089	72
10101	72
10101	72
10113	72
10125	72
10136	72
10148	72
10160	72
10160	72
10171	72
10183	72
10195	72
10207	72
10207	72
10218	72
10230	72
10242	72
10242	72
10253	72
10265	72
10277	72
10289	72
10289	72
10300	72
10312	72
10324	72
10335	72
10335	72
10347	72
10359	72
10371	72
10382	72
10394	72
10406	72
10417	72
10429	72
10441	72
10453	72
10464	72
10476	72
10488	72
10500	72
10511	72
10523	72
10523	72
10535	72
10546	72
10558	72
10570	73
10582	73
10593	73
10605	73
10617	73
10628	73
10640	73
10640	73
10652	73
10664	73
10675	73
10687	73
10699	73
10699	73
10710	73
10722	73
10734	73
10746	73
10757	73
10769	73
10769	73
10781	73
10792	73
10804	73
10816	73
10828	73
10828	73
10839	73
10851	73
10863	73
10875	73
10886	73
10886	73
10898	73
10910	73
10921	73
10933	73
10945	73
10957	73
10957	73
10968	73
10980	73
10980	73
10992	73
11003	73
11015	73
11015	73
11027	73
11039	73
11050	73
11062	74
11074	74
11074	74
11085	74
11097	74
11109	74
11121	74
11132	74
11144	74
11156	74
11167	74
11179	74
11191	74
11191	74
11203	74
11214	74
11226	74
11238	74
11250	74
11261	74
11273	74
11285	74
11285	74
11296	74
11308	74
11320	74
11332	74
11343	74
11355	74
11367	74
11378	74
11390	74
11402	74
11414	74
11414	74
11425	74
11437	74
11449	74
11460	74
11472	74
11484	74
11496	74
11496	74
11507	74
11519	74
11531	74
11542	74
11554	74
11566	74
11578	74
11589	75
11601	75
11613	75
11613	75
11625	75
11636	75
11648	75
11660	75
11671	75
11683	75
11695	75
11707	75
11707	75
11718	75
11730	75
11742	75
11753	75
11765	75
11777	75
11777	75
11789	75
11800	75
11812	75
11824	75
11835	75
11847	75
11859	75
11871	75
11882	75
11894	75
11894	75
11906	75
11917	75
11941	75
11941	75
11964	75
11964	75
11976	75
11988	75
12000	75
12011	75
12023	75
12035	75
12046	75
12058	75
12070	75
12082	75
12082	75
12093	75
12105	75
12117	76
12128	76
12140	76
12152	76
12164	76
12175	76
12175	76
12187	76
12199	76
12210	76
12222	76
12234	76
12246	76
12257	76
12269	76
12281	76
12292	76
12304	76
12304	76
12316	76
12328	76
12339	76
12351	76
12363	76
12375	76
12386	76
12398	76
12410	76
12421	76
12433	76
12445	76
12445	76
12457	76
12468	76
12480	76
12492	76
12492	76
12503	76
12515	76
12527	76
12539	76
12550	76
12550	76
12562	76
12574	76
12585	76
12597	76
12609	76
12621	76
12632	76
12644	77
12656	77
12667	77
12679	77
12691	77
12703	77
12714	77
12726	77
12738	77
12750	77
12761	77
12773	77
12785	77
12796	77
12808	77
12820	77
12832	77
12843	77
12855	77
12867	77
12878	77
12890	77
12902	77
12914	77
12925	77
12937	77
12949	77
12960	77
12972	77
12984	77
12996	77
13007	77
13019	77
13031	77
13042	77
13054	77
13066	77
13078	77
13089	77
13101	77
13113	77
13125	77
13136	77
13148	77
13160	77
13171	77
13183	77
13195	77
13207	77
13218	77
13230	78
13242	78
13253	78
13265	78
13265	78
13277	78
13289	78
13300	78
13312	78
13324	78
13335	78
13347	78
13359	78
13371	78
13382	78
13394	78
13406	78
13417	78
13429	78
13441	78
13453	78
13464	78
13476	78
13488	78
13500	78
13511	78
13523	78
13535	78
13546	78
13558	78
13570	78
13582	78
13593	78
13605	78
13617	78
13628	78
13640	78
13652	78
13664	78
13675	78
13687	78
13699	78
13710	78
13722	78
13734	78
13746	78
13757	78
13769	78
13781	78
13792	78
13804	79
13816	79
13828	79
13839	79
13851	79
13863	79
13875	79
13886	79
13898	79
13910	79
13921	79
13933	79
13945	79
13957	79
13968	79
13968	79
13980	79
13992	79
14003	79
14015	79
14027	79
14039	79
14050	79
14062	79
14074	79
14085	79
14097	79
14109	79
14121	79
14132	79
14144	79
14156	79
14167	79
14179	79
14191	79
14203	79
14214	79
14226	79
14238	79
14250	79
14261	79
14273	79
14285	79
14296	79
14308	79
14320	79
14332	79
14343	79
14355	79
14367	79
14378	80
14390	80
14402	80
14414	80
14425	80
14437	80
14449	80
14460	80
14472	80
14484	80
14496	80
14507	80
14519	80
14531	80
14542	80
14554	80
14566	80
14578	80
14601	80
14613	80
14625	80
14636	80
14648	80
14660	80
14671	80
14683	80
14695	80
14707	80
14718	80
14730	80
14742	80
14753	80
14753	80
14765	80
14777	80
14789	80
14800	80
14812	80
14824	80
14835	80
14847	80
14859	80
14871	80
14882	80
14894	80
14906	80
14917	80
14929	80
14941	80
14964	80
14964	81
14988	81
15000	81
15011	81
15023	81
15035	81
15046	81
15058	81
15070	81
15082	81
15093	81
15105	81
15117	81
15128	81
15140	81
15152	81
15164	81
15175	81
15187	81
15199	81
15210	81
15222	81
15234	81
15246	81
15257	81
15269	81
15281	81
15304	81
15316	81
15328	81
15339	81
15351	81
15363	81
15375	81
15386	81
15398	81
15410	81
15421	81
15433	81
15445	81
15457	81
15468	81
15480	81
15492	81
15503	81
15515	81
15527	81
15539	81
15550	81
15562	81
15574	82
15585	82
15597	82
15609	82
15621	82
15632	82
15644	82
15656	82
15667	82
15679	82
15691	82
15714	82
15726	82
15738	82
15750	82
15761	82
15773	82
15785	82
15796	82
15808	82
15820	82
15832	82
15843	82
15855	82
15867	82
15878	82
15890	82
15902	82
15914	82
15925	82
15937	82
15949	82
15960	82
15972	82
15984	82
16007	82
16019	82
16031	82
16042	82
16054	82
16078	82
16089	82
16101	82
16113	82
16125	82
16136	82
16148	82
16160	82
16171	82
16183	82
16207	83
16218	83
16230	83
16242	83
16253	83
16265	83
16277	83
16289	83
16300	83
16312	83
16324	83
16335	83
16347	83
16359	83
16371	83
16382	83
16394	83
16406	83
16417	83
16429	83
16441	83
16453	83
16464	83
16476	83
16488	83
16500	83
16523	83
16535	83
16546	83
16558	83
16570	83
16582	83
16593	83
16605	83
16617	83
16628	83
16640	83
16652	83
16664	83
16675	83
16687	83
16699	83
16722	83
16734	83
16746	83
16757	83
16769	83
16781	83
16804	83
16816	83
16828	84
16839	84
16863	84
16875	84
16886	84
16898	84
16910	84
16921	84
16933	84
16945	84
16957	84
16968	84
16980	84
16992	84
17003	84
17015	84
17027	84
17039	84
17050	84
17062	84
17074	84
17097	84
17109	84
17121	84
17132	84
17144	84
17156	84
17167	84
17179	84
17191	84
17203	84
17214	84
17226	84
17238	84
17250	84
17261	84
17285	84
17296	84
17308	84
17320	84
17332	84
17343	84
17355	84
17367	84
17378	84
17390	84
17402	84
17414	84
17425	84
17437	84
17449	85
17460	85
17472	85
17496	85
17507	85
17519	85
17531	85
17542	85
17566	85
17578	85
17589	85
17601	85
17613	85
17636	85
17648	85
17660	85
17671	85
17683	85
17695	85
17707	85
17718	85
17742	85
17753	85
17765	85
17777	85
17789	85
17800	85
17812	85
17824	85
17835	85
17859	85
17871	85
17882	85
17894	85
17906	85
17917	85
17941	85
17953	85
17964	85
17976	85
17988	85
18000	85
18011	85
18035	85
18046	85
18058	85
18070	85
18082	85
18093	85
18105	85
18117	86
18128	86
18140	86
18152	86
18164	86
18175	86
18199	86
18210	86
18222	86
18234	86
18246	86
18257	86
18269	86
18292	86
18304	86
18316	86
18328	86
18351	86
18363	86
18375	86
18386	86
18398	86
18410	86
18421	86
18445	86
18457	86
18468	86
18480	86
18492	86
18503	86
18515	86
18539	86
18550	86
18562	86
18574	86
18585	86
18597	86
18621	86
18632	86
18644	86
18656	86
18667	86
18691	86
18703	86
18714	86
18726	86
18738	86
18761	86
18773	86
18785	86
18796	87
18808	87
18820	87
18832	87
18843	87
18867	87
18878	87
18890	87
18902	87
18914	87
18925	87
18937	87
18949	87
18972	87
18984	87
18996	87
19007	87
19019	87
19042	87
19054	87
19066	87
19089	87
19101	87
19113	87
19125	87
19136	87
19160	87
19171	87
19183	87
19195	87
19207	87
19230	87
19242	87
19253	87
19277	87
19289	87
19300	87
19312	87
19324	87
19335	87
19359	87
19371	87
19382	87
19394	87
19417	87
19429	87
19441	87
19453	87
19476	87
19488	87
19500	88
19511	88
19523	88
19535	88
19558	88
19570	88
19582	88
19593	88
19605	88
19617	88
19628	88
19640	88
19652	88
19664	88
19675	88
19699	88
19710	88
19722	88
19734	88
19746	88
19757	88
19781	88
19792	88
19804	88
19816	88
19828	88
19839	88
19863	88
19875	88
19886	88
19898	88
19921	88
19933	88
19945	88
19957	88
19968	88
19992	88
20003	88
20015	88
20039	88
20050	88
20062	88
20074	88
20085	88
20097	88
20121	88
20132	88
20144	88
20167	88
20179	88
20203	89
20214	89
20226	89
20250	89
20261	89
20273	89
20285	89
20296	89
20320	89
20332	89
20343	89
20355	89
20367	89
20390	89
20402	89
20414	89
20425	89
20437	89
20449	89
20472	89
20484	89
20496	89
20507	89
20519	89
20542	89
20554	89
20566	89
20578	89
20589	89
20613	89
20625	89
20636	89
20648	89
20671	89
20683	89
20695	89
20707	89
20718	89
20742	89
20753	89
20765	89
20777	89
20789	89
20812	89
20824	89
20835	89
20847	89
20871	89
20882	89
20894	89
20917	90
20929	90
20953	90
20964	90
20976	90
21000	90
21011	90
21023	90
21035	90
21058	90
21070	90
21082	90
21093	90
21117	90
21128	90
21140	90
21152	90
21175	90
21187	90
21199	90
21210	90
21222	90
21246	90
21257	90
21269	90
21281	90
21304	90
21316	90
21328	90
21339	90
21351	90
21375	90
21386	90
21398	90
21410	90
21433	90
21445	90
21457	90
21468	90
21492	90
21503	90
21515	90
21539	90
21550	90
21562	90
21574	90
21585	90
21609	90
21621	90
21644	90
21656	91
21679	91
21691	91
21714	91
21726	91
21750	91
21761	91
21773	91
21785	91
21796	91
21820	91
21832	91
21843	91
21867	91
21878	91
21890	91
21902	91
21925	91
21937	91
21949	91
21960	91
21984	91
21996	91
22007	91
22019	91
22031	91
22054	91
22066	91
22078	91
22089	91
22101	91
22113	91
22136	91
22148	91
22160	91
22183	91
22195	91
22207	91
22218	91
22230	91
22242	91
22265	91
22277	91
22289	91
22300	91
22324	91
22335	91
22347	91
22359	91
22382	91
22394	92
22417	92
22441	92
22453	92
22476	92
22488	92
22500	92
22523	92
22535	92
22546	92
22558	92
22582	92
22593	92
22617	92
22628	92
22652	92
22664	92
22675	92
22687	92
22710	92
22722	92
22734	92
22746	92
22769	92
22781	92
22792	92
22816	92
22828	92
22839	92
22851	92
22875	92
22886	92
22898	92
22921	92
22933	92
22945	92
22957	92
22968	92
22980	92
22992	92
23003	92
23027	92
23039	92
23050	92
23062	92
23085	92
23097	92
23109	92
23132	92
23144	92
23156	93
23179	93
23191	93
23214	93
23226	93
23238	93
23261	93
23273	93
23285	93
23296	93
23320	93
23332	93
23343	93
23367	93
23378	93
23402	93
23414	93
23425	93
23437	93
23460	93
23472	93
23484	93
23507	93
23519	93
23531	93
23554	93
23566	93
23578	93
23601	93
23613	93
23625	93
23636	93
23660	93
23671	93
23683	93
23707	93
23718	93
23730	93
23742	93
23765	93
23777	93
23789	93
23800	93
23824	93
23835	93
23847	93
23871	93
23882	93
23894	93
23917	93
23929	94
23953	94
23964	94
23988	94
24000	94
24011	94
24035	94
24046	94
24058	94
24082	94
24093	94
24105	94
24128	94
24140	94
24152	94
24164	94
24187	94
24199	94
24210	94
24234	94
24246	94
24257	94
24269	94
24292	94
24304	94
24316	94
24339	94
24351	94
24363	94
24386	94
24398	94
24410	94
24433	94
24445	94
24457	94
24468	94
24480	94
24492	94
24503	94
24527	94
24539	94
24550	94
24562	94
24585	94
24597	94
24609	94
24632	94
24644	94
24656	94
24679	94
24691	95
24714	95
24726	95
24738	95
24761	95
24773	95
24785	95
24808	95
24820	95
24843	95
24855	95
24878	95
24890	95
24914	95
24925	95
24937	95
24949	95
24972	95
24984	95
25007	95
25019	95
25042	95
25054	95
25078	95
25089	95
25101	95
25125	95
25136	95
25148	95
25171	95
25183	95
25195	95
25218	95
25230	95
25242	95
25253	95
25277	95
25289	95
25300	95
25324	95
25335	95
25347	95
25359	95
25382	95
25394	95
25417	95
25429	95
25441	95
25464	95
25476	95
25488	96
25511	96
25523	96
25535	96
25558	96
25570	96
25582	96
25593	96
25617	96
25628	96
25640	96
25664	96
25675	96
25687	96
25699	96
25722	96
25734	96
25746	96
25769	96
25781	96
25804	96
25816	96
25828	96
25851	96
25863	96
25886	96
25898	96
25910	96
25933	96
25945	96
25957	96
25968	96
25980	96
26003	96
26015	96
26027	96
26039	96
26062	96
26074	96
26085	96
26109	96
26121	96
26132	96
26156	96
26167	96
26179	96
26203	96
26214	96
26226	96
26250	96
26261	97
26273	97
26296	97
26308	97
26320	97
26343	97
26355	97
26367	97
26390	97
26402	97
26414	97
26437	97
26449	97
26460	97
26472	97
26496	97
26507	97
26531	97
26542	97
26566	97
26578	97
26601	97
26613	97
26625	97
26648	97
26660	97
26671	97
26695	97
26707	97
26718	97
26730	97
26753	97
26765	97
26777	97
26789	97
26812	97
26824	97
26835	97
26859	97
26871	97
26882	97
26906	97
26917	97
26929	97
26941	97
26964	97
26976	97
26988	97
27011	97
27023	97
27035	98
27058	98
27070	98
27082	98
27105	98
27117	98
27128	98
27152	98
27164	98
27175	98
27187	98
27210	98
27222	98
27246	98
27257	98
27269	98
27292	98
27316	98
27328	98
27351	98
27363	98
27375	98
27398	98
27410	98
27421	98
27445	98
27457	98
27468	98
27492	98
27503	98
27515	98
27527	98
27550	98
27562	98
27574	98
27597	98
27609	98
27621	98
27644	98
27656	98
27667	98
27679	98
27703	98
27714	98
27726	98
27750	98
27761	98
27773	98
27796	98
27808	98
27820	99
27843	99
27855	99
27867	99
27890	99
27902	99
27914	99
27937	99
27949	99
27960	99
27984	99
27996	99
28007	99
28031	99
28054	99
28066	99
28089	99
28101	99
28125	99
28136	99
28148	99
28171	99
28183	99
28195	99
28218	99
28230	99
28242	99
28253	99
28277	99
28289	99
28300	99
28324	99
28335	99
28347	99
28371	99
28382	99
28394	99
28417	99
28429	99
28453	99
28464	99
28476	99
28500	99
28511	99
28523	99
28546	99
28558	99
28570	99
28593	99
28605	99
28628	100
28640	100
28652	100
28675	100
28687	100
28699	100
28722	100
28734	100
28757	100
28769	100
28792	100
28804	100
28828	100
28839	100
28863	100
28875	100
28898	100
28910	100
28921	100
28945	100
28957	100
28968	100
28980	100
29003	100
29015	100
29027	100
29050	100
29062	100
29074	100
29097	100
29109	100
29121	100
29144	100
29156	100
29167	100
29191	100
29203	100
29214	100
29238	100
29250	100
29261	100
29285	100
29296	100
29320	100
29332	100
29343	100
29355	100
29378	100
29390	100
29402	100
29425	101
29437	101
29460	101
29472	101
29484	101
29507	101
29519	101
29542	101
29554	101
29578	101
29601	101
29613	101
29636	101
29648	101
29660	101
29683	101
29695	101
29707	101
29730	101
29742	101
29765	101
29777	101
29800	101
29812	101
29824	101
29847	101
29859	101
29882	101
29894	101
29906	101
29929	101
29941	101
29964	101
29976	101
30000	101
30011	101
30035	101
30046	101
30058	101
30082	101
30093	101
30105	101
30128	101
30140	101
30152	101
30175	101
30187	101
30199	101
30222	101
30234	101
30257	102
30269	102
30292	102
30304	102
30328	102
30339	102
30363	102
30375	102
30398	102
30410	102
30421	102
30445	102
30457	102
30480	102
30492	102
30515	102
30527	102
30539	102
30562	102
30574	102
30597	102
30609	102
30621	102
30644	102
30656	102
30679	102
30703	102
30714	102
30726	102
30750	102
30761	102
30785	102
30796	102
30820	102
30832	102
30843	102
30867	102
30878	102
30902	102
30914	102
30925	102
30949	102
30960	102
30984	102
30996	102
31019	102
31031	102
31054	102
31078	102
31089	102
31113	103
31125	103
31148	103
31160	103
31171	103
31195	103
31218	103
31230	103
31253	103
31277	103
31289	103
31300	103
31324	103
31335	103
31359	103
31371	103
31394	103
31406	103
31429	103
31441	103
31464	103
31476	103
31500	103
31511	103
31535	103
31546	103
31570	103
31582	103
31593	103
31605	103
31628	103
31640	103
31652	103
31675	103
31687	103
31699	103
31722	103
31734	103
31757	103
31769	103
31792	103
31804	103
31816	103
31839	103
31851	103
31875	103
31886	103
31910	103
31921	103
31945	103
31957	104
31980	104
32003	104
32015	104
32039	104
32050	104
32062	104
32085	104
32097	104
32121	104
32144	104
32156	104
32179	104
32203	104
32226	104
32238	104
32261	104
32273	104
32296	104
32308	104
32332	104
32343	104
32367	104
32378	104
32402	104
32414	104
32425	104
32449	104
32460	104
32484	104
32496	104
32519	104
32531	104
32554	104
32566	104
32589	104
32601	104
32625	104
32636	104
32660	104
32671	104
32683	104
32707	104
32718	104
32742	104
32753	104
32777	104
32789	104
32812	104
32824	104
32835	105
32859	105
32882	105
32894	105
32917	105
32941	105
32964	105
32976	105
33000	105
33011	105
33035	105
33046	105
33070	105
33082	105
33105	105
33117	105
33140	105
33152	105
33175	105
33187	105
33210	105
33222	105
33246	105
33257	105
33281	105
33292	105
33316	105
33328	105
33351	105
33363	105
33386	105
33398	105
33421	105
33433	105
33457	105
33468	105
33492	105
33515	105
33527	105
33550	105
33562	105
33574	105
33597	105
33621	105
33632	105
33656	105
33679	105
33703	105
33726	105
33750	105
33761	106
33785	106
33796	106
33808	106
33832	106
33855	106
33867	106
33890	106
33902	106
33925	106
33937	106
33960	106
33972	106
33996	106
34007	106
34019	106
34042	106
34054	106
34078	106
34089	106
34113	106
34125	106
34148	106
34160	106
34183	106
34195	106
34218	106
34230	106
34242	106
34265	106
34277	106
34300	106
34312	106
34335	106
34347	106
34371	106
34394	106
34417	106
34441	106
34464	106
34476	106
34500	106
34511	106
34535	106
34546	106
34570	106
34593	106
34617	106
34628	106
34652	106
34664	107
34687	107
34699	107
34722	107
34746	107
34757	107
34781	107
34792	107
34816	107
34828	107
34851	107
34863	107
34886	107
34898	107
34921	107
34933	107
34957	107
34968	107
34980	107
35003	107
35015	107
35039	107
35050	107
35074	107
35085	107
35109	107
35121	107
35144	107
35167	107
35179	107
35203	107
35226	107
35238	107
35261	107
35273	107
35296	107
35308	107
35332	107
35355	107
35367	107
35390	107
35414	107
35425	107
35449	107
35460	107
35484	107
35496	107
35519	107
35542	107
35554	107
35578	108
35589	108
35613	108
35636	108
35648	108
35671	108
35683	108
35707	108
35718	108
35742	108
35753	108
35777	108
35789	108
35812	108
35824	108
35847	108
35871	108
35882	108
35906	108
35929	108
35953	108
35964	108
35988	108
36011	108
36023	108
36046	108
36058	108
36082	108
36093	108
36117	108
36140	108
36152	108
36175	108
36187	108
36210	108
36222	108
36246	108
36269	108
36281	108
36304	108
36316	108
36339	108
36351	108
36375	108
36398	108
36410	108
36433	108
36445	108
36468	108
36480	108
36492	109
36515	109
36527	109
36550	109
36562	109
36585	109
36597	109
36621	109
36644	109
36656	109
36679	109
36703	109
36726	109
36738	109
36761	109
36773	109
36796	109
36820	109
36832	109
36855	109
36878	109
36902	109
36925	109
36937	109
36960	109
36972	109
36996	109
37019	109
37031	109
37054	109
37078	109
37101	109
37113	109
37136	109
37160	109
37171	109
37195	109
37218	109
37230	109
37253	109
37265	109
37289	109
37300	109
37324	109
37335	109
37359	109
37382	109
37394	109
37417	109
37441	109
37464	110
37476	110
37500	110
37523	110
37535	110
37558	110
37570	110
37593	110
37617	110
37628	110
37652	110
37664	110
37687	110
37710	110
37722	110
37746	110
37769	110
37781	110
37804	110
37828	110
37839	110
37863	110
37886	110
37898	110
37921	110
37945	110
37957	110
37980	110
37992	110
38015	110
38027	110
38050	110
38062	110
38085	110
38109	110
38121	110
38144	110
38156	110
38179	110
38203	110
38214	110
38238	110
38261	110
38273	110
38296	110
38320	110
38332	110
38355	110
38367	110
38390	110
38414	111
38425	111
38449	111
38460	111
38484	111
38507	111
38531	111
38542	111
38566	111
38589	111
38613	111
38625	111
38648	111
38671	111
38683	111
38707	111
38730	111
38742	111
38765	111
38777	111
38800	111
38812	111
38835	111
38859	111
38871	111
38894	111
38906	111
38929	111
38953	111
38964	111
38988	111
39011	111
39023	111
39046	111
39070	111
39082	111
39105	111
39117	111
39140	111
39164	111
39175	111
39199	111
39210	111
39234	111
39257	111
39281	111
39304	111
39316	111
39339	111
39363	111
39386	112
39398	112
39421	112
39445	112
39457	112
39480	112
39492	112
39515	112
39527	112
39550	112
39574	112
39585	112
39609	112
39632	112
39644	112
39667	112
39679	112
39703	112
39726	112
39738	112
39761	112
39785	112
39796	112
39820	112
39843	112
39855	112
39878	112
39902	112
39914	112
39937	112
39949	112
39972	112
39996	112
40019	112
40042	112
40066	112
40089	112
40101	112
40125	112
40148	112
40160	112
40183	112
40207	112
40218	112
40242	112
40253	112
40277	112
40300	112
40312	112
40335	112
40359	113
40371	113
40394	113
40417	113
40429	113
40453	113
40476	113
40488	113
40511	113
40535	113
40546	113
40570	113
40593	113
40605	113
40628	113
40652	113
40664	113
40687	113
40710	113
40722	113
40746	113
40769	113
40792	113
40816	113
40839	113
40851	113
40875	113
40898	113
40910	113
40933	113
40957	113
40968	113
40992	113
41015	113
41027	113
41050	113
41062	113
41085	113
41109	113
41121	113
41144	113
41167	113
41179	113
41203	113
41226	113
41238	113
41261	113
41285	113
41296	113
41320	113
41343	114
41355	114
41378	114
41390	114
41414	114
41437	114
41449	114
41472	114
41496	114
41519	114
41542	114
41554	114
41578	114
41601	114
41625	114
41648	114
41660	114
41683	114
41707	114
41730	114
41742	114
41765	114
41789	114
41800	114
41824	114
41847	114
41859	114
41882	114
41906	114
41929	114
41953	114
41964	114
41988	114
42011	114
42023	114
42046	114
42070	114
42082	114
42105	114
42128	114
42140	114
42164	114
42187	114
42199	114
42222	114
42246	114
42269	114
42281	114
42304	114
42328	114
42351	115
42375	115
42386	115
42410	115
42433	115
42457	115
42468	115
42492	115
42515	115
42527	115
42550	115
42574	115
42597	115
42609	115
42632	115
42656	115
42679	115
42703	115
42714	115
42738	115
42761	115
42785	115
42796	115
42820	115
42843	115
42855	115
42878	115
42902	115
42914	115
42937	115
42960	115
42984	115
42996	115
43019	115
43042	115
43066	115
43089	115
43113	115
43136	115
43160	115
43171	115
43195	115
43218	115
43242	115
43265	115
43289	115
43312	115
43324	115
43347	115
43371	115
43394	116
43417	116
43441	116
43464	116
43476	116
43500	116
43523	116
43546	116
43558	116
43582	116
43605	116
43617	116
43628	116
43652	116
43675	116
43699	116
43710	116
43734	116
43757	116
43769	116
43792	116
43816	116
43839	116
43851	116
43875	116
43898	116
43921	116
43933	116
43957	116
43980	116
44003	116
44027	116
44050	116
44062	116
44085	116
44109	116
44132	116
44156	116
44179	116
44203	116
44226	116
44250	116
44273	116
44285	116
44308	116
44332	116
44355	116
44378	116
44390	116
44414	116
44437	117
44449	117
44472	117
44496	117
44519	117
44531	117
44554	117
44578	117
44601	117
44625	117
44636	117
44660	117
44683	117
44707	117
44718	117
44742	117
44765	117
44789	117
44800	117
44824	117
44847	117
44871	117
44894	117
44917	117
44941	117
44964	117
44988	117
45011	117
45035	117
45046	117
45070	117
45093	117
45117	117
45140	117
45164	117
45175	117
45199	117
45222	117
45246	117
45257	117
45281	117
45304	117
45328	117
45351	117
45363	117
45386	117
45410	117
45433	117
45457	117
45468	117
45492	118
45515	118
45539	118
45562	118
45574	118
45597	118
45621	118
45644	118
45667	118
45703	118
45726	118
45750	118
45773	118
45785	118
45808	118
45832	118
45855	118
45878	118
45890	118
45914	118
45937	118
45960	118
45972	118
45996	118
46019	118
46031	118
46054	118
46078	118
46089	118
46113	118
46136	118
46160	118
46183	118
46195	118
46218	118
46242	118
46265	118
46277	118
46300	118
46324	118
46347	118
46359	118
46394	118
46417	118
46441	118
46464	118
46488	118
46511	118
46535	118
46558	118
46582	119
46605	119
46628	119
46652	119
46675	119
46687	119
46710	119
46734	119
46757	119
46781	119
46792	119
46816	119
46839	119
46863	119
46875	119
46898	119
46921	119
46945	119
46968	119
46980	119
46992	119
47015	119
47039	119
47062	119
47074	119
47097	119
47121	119
47144	119
47167	119
47191	119
47214	119
47238	119
47261	119
47285	119
47296	119
47320	119
47343	119
47367	119
47390	119
47414	119
47437	119
47449	119
47472	119
47496	119
47519	119
47542	119
47566	119
47589	119
47613	119
47636	119
47648	120
47671	120
47695	120
47718	120
47742	120
47753	120
47777	120
47800	120
47824	120
47847	120
47859	120
47882	120
47906	120
47929	120
47964	120
47976	120
48000	120
48023	120
48046	120
48070	120
48093	120
48117	120
48128	120
48152	120
48175	120
48199	120
48222	120
48234	120
48257	120
48281	120
48304	120
48328	120
48351	120
48363	120
48386	120
48410	120
48433	120
48457	120
48468	120
48492	120
48503	120
48527	120
48550	120
48574	120
48597	120
48609	120
48632	120
48656	120
48679	120
48703	120
48726	121
48750	121
48773	121
48796	121
48820	121
48843	121
48867	121
48890	121
48914	121
48937	121
48960	121
48984	121
49007	121
49031	121
49054	121
49078	121
49101	121
49125	121
49148	121
49171	121
49195	121
49207	121
49230	121
49253	121
49277	121
49300	121
49312	121
49335	121
49359	121
49382	121
49406	121
49429	121
49453	121
49476	121
49500	121
49523	121
49546	121
49570	121
49582	121
49605	121
49628	121
49652	121
49675	121
49699	121
49722	121
49746	121
49769	121
49792	121
49816	121
49839	121
49851	122
49875	122
49898	122
49921	122
49945	122
49968	122
49980	122
50003	122
50027	122
50050	122
50074	122
50097	122
50109	122
50132	122
50156	122
50179	122
50203	122
50226	122
50250	122
50273	122
50296	122
50308	122
50332	122
50355	122
50378	122
50402	122
50425	122
50449	122
50460	122
50484	122
50507	122
50542	122
50566	122
50589	122
50613	122
50636	122
50660	122
50683	122
50707	122
50718	122
50742	122
50765	122
50789	122
50812	122
50835	122
50859	122
50871	122
50894	122
50917	122
50941	122
50964	123
50988	123
51011	123
51035	123
51058	123
51082	123
51093	123
51117	123
51140	123
51164	123
51187	123
51210	123
51234	123
51257	123
51281	123
51304	123
51328	123
51363	123
51375	123
51398	123
51421	123
51445	123
51468	123
51492	123
51515	123
51527	123
51550	123
51574	123
51597	123
51621	123
51644	123
51667	123
51691	123
51703	123
51726	123
51750	123
51773	123
51796	123
51820	123
51843	123
51867	123
51890	123
51914	123
51925	123
51949	123
51972	123
51996	123
52031	123
52054	123
52078	123
52101	124
52125	124
52148	124
52171	124
52195	124
52218	124
52242	124
52265	124
52277	124
52300	124
52324	124
52347	124
52371	124
52394	124
52417	124
52441	124
52464	124
52488	124
52511	124
52535	124
52558	124
52582	124
52605	124
52628	124
52652	124
52675	124
52699	124
52710	124
52746	124
52769	124
52792	124
52816	124
52839	124
52863	124
52886	124
52910	124
52933	124
52957	124
52980	124
53003	124
53027	124
53050	124
53062	124
53085	124
53109	124
53132	124
53156	124
53179	124
53203	124
53226	124
53250	125
53273	125
53296	125
53320	125
53332	125
53355	125
53378	125
53402	125
53425	125
53449	125
53472	125
53496	125
53519	125
53542	125
53566	125
53589	125
53613	125
53636	125
53660	125
53683	125
53707	125
53730	125
53753	125
53777	125
53800	125
53824	125
53847	125
53871	125
53894	125
53917	125
53941	125
53964	125
53988	125
54011	125
54035	125
54058	125
54082	125
54105	125
54128	125
54152	125
54164	125
54187	125
54210	125
54234	125
54257	125
54292	125
54316	125
54339	125
54363	125
54386	125
54410	126
54433	126
54457	126
54480	126
54503	126
54527	126
54550	126
54574	126
54597	126
54621	126
54644	126
54667	126
54691	126
54714	126
54738	126
54761	126
54785	126
54808	126
54832	126
54855	126
54878	126
54902	126
54925	126
54949	126
54972	126
54996	126
55019	126
55042	126
55066	126
55089	126
55113	126
55136	126
55160	126
55183	126
55218	126
55242	126
55265	126
55289	126
55312	126
55335	126
55359	126
55382	126
55406	126
55441	126
55464	126
55488	126
55511	126
55535	126
55558	126
55582	126
55593	127
55617	127
55640	127
55664	127
55687	127
55710	127
55734	127
55757	127
55781	127
55804	127
55828	127
55851	127
55875	127
55898	127
55921	127
55945	127
55968	127
55992	127
56015	127
56039	127
56062	127
56085	127
56109	127
56144	127
56167	127
56191	127
56226	127
56250	127
56273	127
56296	127
56320	127
56343	127
56367	127
56390	127
56414	127
56437	127
56460	127
56484	127
56507	127
56531	127
56554	127
56578	127
56601	127
56625	127
56648	127
56671	127
56695	127
56718	127
56742	127
56765	127
56789	128
56812	128
56835	128
56859	128
56882	128
56906	128
56941	128
56964	128
56988	128
57011	128
57035	128
57058	128
57082	128
57105	128
57140	128
57152	128
57175	128
57199	128
57234	128
57257	128
57281	128
57304	128
57328	128
57351	128
57375	128
57398	128
57421	128
57445	128
57468	128
57492	128
57515	128
57539	128
57562	128
57585	128
57609	128
57644	128
57667	128
57703	128
57726	128
57750	128
57773	128
57796	128
57820	128
57855	128
57878	128
57902	128
57925	128
57949	128
57972	128
57996	128
58019	129
58042	129
58066	129
58078	129
58101	129
58125	129
58160	129
58183	129
58207	129
58218	129
58242	129
58265	129
58289	129
58312	129
58335	129
58359	129
58394	129
58417	129
58453	129
58476	129
58500	129
58523	129
58546	129
58582	129
58605	129
58628	129
58652	129
58675	129
58699	129
58734	129
58757	129
58781	129
58804	129
58828	129
58851	129
58875	129
58898	129
58921	129
58945	129
58968	129
58980	129
59003	129
59027	129
59050	129
59074	129
59097	129
59121	129
59144	129
59179	129
59203	129
59226	130
59250	130
59273	130
59296	130
59320	130
59355	130
59378	130
59402	130
59425	130
59449	130
59472	130
59496	130
59519	130
59554	130
59578	130
59601	130
59625	130
59648	130
59671	130
59695	130
59718	130
59742	130
59765	130
59789	130
59812	130
59835	130
59871	130
59894	130
59917	130
59941	130
59976	130
60000	130
60023	130
60046	130
60070	130
60093	130
60117	130
60140	130
60164	130
60187	130
60210	130
60234	130
60269	130
60292	130
60316	130
60339	130
60363	130
60386	130
60410	130
60433	130
60457	131
60480	131
60492	131
60515	131
60539	131
60562	131
60585	131
60609	131
60632	131
60667	131
60691	131
60714	131
60738	131
60773	131
60796	131
60820	131
60843	131
60878	131
60902	131
60925	131
60949	131
60972	131
60996	131
61031	131
61054	131
61089	131
61113	131
61136	131
61160	131
61183	131
61207	131
61230	131
61253	131
61277	131
61300	131
61324	131
61347	131
61382	131
61406	131
61429	131
61453	131
61488	131
61511	131
61535	131
61558	131
61582	131
61605	131
61628	131
61652	131
61675	131
61699	132
61734	132
61757	132
61781	132
61804	132
61839	132
61863	132
61886	132
61910	132
61933	132
61957	132
61980	132
62003	132
62027	132
62050	132
62074	132
62097	132
62121	132
62144	132
62167	132
62191	132
62214	132
62250	132
62273	132
62296	132
62320	132
62343	132
62367	132
62390	132
62414	132
62437	132
62460	132
62496	132
62519	132
62542	132
62578	132
62601	132
62625	132
62648	132
62671	132
62695	132
62730	132
62742	132
62765	132
62789	132
62824	132
62847	132
62871	132
62894	132
62917	132
62941	133
62964	133
62988	133
63023	133
63046	133
63070	133
63093	133
63117	133
63140	133
63164	133
63187	133
63210	133
63246	133
63269	133
63304	133
63328	133
63351	133
63386	133
63410	133
63433	133
63457	133
63480	133
63503	133
63527	133
63550	133
63574	133
63597	133
63621	133
63644	133
63679	133
63703	133
63726	133
63750	133
63773	133
63796	133
63820	133
63843	133
63867	133
63902	133
63925	133
63949	133
63972	133
63996	133
64019	133
64054	133
64078	133
64113	133
64136	133
64160	133
64183	133
64207	134
64230	134
64253	134
64277	134
64300	134
64335	134
64359	134
64382	134
64406	134
64429	134
64453	134
64476	134
64511	134
64535	134
64558	134
64582	134
64605	134
64628	134
64664	134
64687	134
64710	134
64734	134
64769	134
64792	134
64828	134
64851	134
64875	134
64898	134
64933	134
64957	134
64980	134
65003	134
65027	134
65050	134
65074	134
65097	134
65132	134
65156	134
65179	134
65203	134
65226	134
65250	134
65273	134
65308	134
65332	134
65355	134
65378	134
65402	134
65425	134
65449	134
65472	135
65496	135
65531	135
65554	135
65589	135
65613	135
65636	135
65660	135
65683	135
65718	135
65742	135
65765	135
65789	135
65812	135
65835	135
65871	135
65894	135
65917	135
65941	135
65976	135
66000	135
66023	135
66046	135
66070	135
66093	135
66117	135
66140	135
66175	135
66199	135
66222	135
66246	135
66269	135
66304	135
66328	135
66351	135
66386	135
66410	135
66433	135
66457	135
66480	135
66515	135
66539	135
66562	135
66585	135
66609	135
66644	135
66667	135
66691	135
66726	135
66750	135
66773	136
66796	136
66832	136
66855	136
66878	136
66902	136
66925	136
66949	136
66984	136
67007	136
67031	136
67066	136
67089	136
67125	136
67148	136
67171	136
67195	136
67230	136
67265	136
67289	136
67312	136
67335	136
67371	136
67394	136
67417	136
67453	136
67476	136
67500	136
67523	136
67558	136
67582	136
67605	136
67628	136
67652	136
67675	136
67699	136
67722	136
67746	136
67769	136
67804	136
67828	136
67851	136
67875	136
67910	136
67933	136
67957	136
67980	136
68015	136
68039	136
68062	136
68085	137
68121	137
68144	137
68179	137
68214	137
68238	137
68261	137
68296	137
68320	137
68343	137
68367	137
68402	137
68425	137
68449	137
68472	137
68507	137
68531	137
68554	137
68578	137
68601	137
68636	137
68660	137
68683	137
68707	137
68742	137
68765	137
68789	137
68812	137
68847	137
68871	137
68906	137
68929	137
68964	137
68988	137
69023	137
69046	137
69070	137
69105	137
69128	137
69152	137
69175	137
69199	137
69234	137
69257	137
69281	137
69304	137
69339	137
69363	137
69386	137
69421	137
69445	138
69468	138
69492	138
69527	138
69550	138
69574	138
69597	138
69632	138
69667	138
69691	138
69726	138
69750	138
69785	138
69808	138
69832	138
69855	138
69890	138
69914	138
69937	138
69960	138
69996	138
70019	138
70042	138
70066	138
70089	138
70113	138
70148	138
70171	138
70195	138
70218	138
70242	138
70277	138
70300	138
70324	138
70347	138
70382	138
70417	138
70441	138
70476	138
70511	138
70535	138
70558	138
70593	138
70617	138
70652	138
70675	138
70699	138
70734	138
70757	138
70781	138
70816	139
70839	139
70863	139
70886	139
70921	139
70945	139
70968	139
70992	139
71015	139
71039	139
71062	139
71097	139
71121	139
71144	139
71179	139
71203	139
71238	139
71261	139
71285	139
71320	139
71343	139
71378	139
71402	139
71425	139
71449	139
71484	139
71507	139
71531	139
71566	139
71589	139
71613	139
71648	139
71671	139
71695	139
71718	139
71753	139
71777	139
71800	139
71824	139
71859	139
71882	139
71906	139
71941	139
71976	139
72000	139
72023	139
72058	139
72082	139
72105	139
72128	139
72164	140
72187	140
72210	140
72246	140
72269	140
72292	140
72328	140
72351	140
72375	140
72410	140
72433	140
72457	140
72480	140
72503	140
72527	140
72550	140
72585	140
72609	140
72632	140
72667	140
72703	140
72726	140
72761	140
72785	140
72808	140
72843	140
72878	140
72902	140
72925	140
72960	140
72984	140
73019	140
73042	140
73078	140
73101	140
73136	140
73160	140
73183	140
73218	140
73242	140
73265	140
73289	140
73312	140
73347	140
73371	140
73394	140
73429	140
73453	140
73488	140
73511	140
73535	141
73570	141
73593	141
73617	141
73652	141
73675	141
73699	141
73722	141
73757	141
73781	141
73816	141
73839	141
73875	141
73898	141
73921	141
73957	141
73980	141
74003	141
74027	141
74050	141
74074	141
74109	141
74132	141
74156	141
74191	141
74214	141
74250	141
74273	141
74296	141
74332	141
74355	141
74378	141
74414	141
74437	141
74460	141
74496	141
74519	141
74554	141
74589	141
74613	141
74648	141
74671	141
74695	141
74730	141
74753	141
74777	141
74800	141
74835	141
74859	141
74894	141
74917	142
74941	142
74964	142
75000	142
75023	142
75058	142
75082	142
75105	142
75128	142
75164	142
75187	142
75210	142
75246	142
75269	142
75304	142
75339	142
75363	142
75398	142
75421	142
75445	142
75480	142
75503	142
75527	142
75550	142
75574	142
75609	142
75632	142
75656	142
75691	142
75714	142
75738	142
75761	142
75796	142
75820	142
75843	142
75878	142
75902	142
75925	142
75960	142
75984	142
76019	142
76054	142
76078	142
76113	142
76136	142
76171	142
76195	142
76218	142
76253	142
76277	142
76300	143
76335	143
76359	143
76394	143
76417	143
76441	143
76476	143
76500	143
76535	143
76558	143
76582	143
76617	143
76640	143
76675	143
76699	143
76722	143
76757	143
76792	143
76828	143
76851	143
76886	143
76910	143
76945	143
76968	143
76992	143
77015	143
77050	143
77074	143
77109	143
77132	143
77156	143
77179	143
77214	143
77238	143
77261	143
77296	143
77320	143
77343	143
77378	143
77402	143
77425	143
77449	143
77484	143
77507	143
77542	143
77578	143
77601	143
77636	143
77660	143
77683	143
77718	144
77742	144
77765	144
77800	144
77824	144
77847	144
77882	144
77906	144
77941	144
77964	144
78000	144
78023	144
78046	144
78082	144
78105	144
78128	144
78164	144
78187	144
78210	144
78246	144
78269	144
78304	144
78339	144
78363	144
78398	144
78421	144
78457	144
78480	144
78503	144
78539	144
78562	144
78597	144
78621	144
78656	144
78679	144
78714	144
78738	144
78773	144
78796	144
78832	144
78855	144
78890	144
78914	144
78937	144
78972	144
78996	144
79031	144
79066	144
79089	144
79125	144
79148	145
79183	145
79207	145
79242	145
79277	145
79300	145
79324	145
79359	145
79382	145
79417	145
79453	145
79476	145
79511	145
79535	145
79558	145
79593	145
79617	145
79640	145
79664	145
79687	145
79722	145
79746	145
79769	145
79804	145
79828	145
79851	145
79886	145
79910	145
79945	145
79968	145
80003	145
80027	145
80062	145
80085	145
80121	145
80144	145
80179	145
80214	145
80250	145
80273	145
80308	145
80332	145
80367	145
80390	145
80414	145
80449	145
80472	145
80507	145
80531	145
80566	145
80589	146
80625	146
80648	146
80683	146
80707	146
80742	146
80765	146
80789	146
80824	146
80847	146
80882	146
80917	146
80953	146
80988	146
81011	146
81046	146
81070	146
81105	146
81128	146
81164	146
81187	146
81222	146
81246	146
81269	146
81304	146
81328	146
81363	146
81386	146
81421	146
81445	146
81480	146
81503	146
81539	146
81562	146
81597	146
81621	146
81656	146
81691	146
81726	146
81761	146
81785	146
81808	146
81843	146
81867	146
81902	146
81925	146
81949	146
81984	146
82007	146
82031	146
82066	147
82089	147
82113	147
82148	147
82171	147
82207	147
82230	147
82253	147
82289	147
82312	147
82335	147
82371	147
82406	147
82441	147
82476	147
82511	147
82535	147
82570	147
82605	147
82640	147
82664	147
82687	147
82722	147
82757	147
82781	147
82816	147
82839	147
82863	147
82898	147
82933	147
82957	147
82980	147
83003	147
83027	147
83062	147
83085	147
83121	147
83144	147
83179	147
83214	147
83238	147
83273	147
83296	147
83332	147
83367	147
83390	147
83425	147
83449	147
83484	147
83507	147
83542	148
83566	148
83601	148
83625	148
83660	148
83683	148
83718	148
83742	148
83765	148
83800	148
83824	148
83859	148
83882	148
83917	148
83953	148
83976	148
84011	148
84035	148
84070	148
84093	148
84117	148
84152	148
84175	148
84210	148
84234	148
84269	148
84292	148
84328	148
84351	148
84375	148
84410	148
84433	148
84468	148
84492	148
84515	148
84539	148
84574	148
84597	148
84632	148
84656	148
84691	148
84726	148
84750	148
84785	148
84808	148
84843	148
84878	148
84914	148
84937	148
84972	148
84996	149
85031	149
85066	149
85101	149
85125	149
85160	149
85183	149
85218	149
85242	149
85277	149
85300	149
85335	149
85359	149
85394	149
85417	149
85453	149
85488	149
85511	149
85546	149
85570	149
85605	149
85628	149
85664	149
85687	149
85722	149
85746	149
85781	149
85804	149
85839	149
85863	149
85898	149
85933	149
85957	149
85980	149
86003	149
86039	149
86062	149
86097	149
86121	149
86144	149
86179	149
86203	149
86238	149
86261	149
86296	149
86320	149
86355	149
86378	149
86414	149
86437	149
86472	150
86496	150
86531	150
86566	150
86601	150
86625	150
86660	150
86683	150
86718	150
86742	150
86765	150
86800	150
86824	150
86859	150
86882	150
86917	150
86941	150
86976	150
87000	150
87035	150
87070	150
87093	150
87128	150
87152	150
87187	150
87210	150
87246	150
87269	150
87304	150
87339	150
87375	150
87410	150
87433	150
87468	150
87492	150
87515	150
87550	150
87574	150
87609	150
87632	150
87667	150
87691	150
87726	150
87750	150
87785	150
87808	150
87843	150
87867	150
87902	150
87925	150
87960	151
87984	151
88019	151
88054	151
88089	151
88125	151
88148	151
88183	151
88207	151
88230	151
88265	151
88289	151
88324	151
88347	151
88382	151
88406	151
88441	151
88464	151
88500	151
88523	151
88558	151
88582	151
88617	151
88652	151
88675	151
88710	151
88734	151
88769	151
88804	151
88839	151
88875	151
88898	151
88933	151
88957	151
88992	151
89015	151
89050	151
89074	151
89109	151
89132	151
89167	151
89203	151
89226	151
89261	151
89285	151
89320	151
89343	151
89378	151
89402	151
89437	151
89460	152
89496	152
89531	152
89566	152
89601	152
89625	152
89660	152
89695	152
89718	152
89753	152
89777	152
89812	152
89847	152
89871	152
89906	152
89941	152
89964	152
90000	152
90035	152
90058	152
90093	152
90117	152
90140	152
90175	152
90199	152
90234	152
90269	152
90292	152
90328	152
90363	152
90398	152
90421	152
90457	152
90480	152
90515	152
90539	152
90574	152
90609	152
90632	152
90667	152
90703	152
90726	152
90761	152
90796	152
90820	152
90855	152
90878	152
90914	152
90937	152
90972	152
91007	153
91042	153
91078	153
91101	153
91136	153
91171	153
91207	153
91242	153
91277	153
91300	153
91335	153
91359	153
91394	153
91429	153
91464	153
91500	153
91523	153
91558	153
91582	153
91617	153
91640	153
91664	153
91699	153
91734	153
91757	153
91792	153
91816	153
91851	153
91886	153
91910	153
91945	153
91980	153
92015	153
92039	153
92074	153
92109	153
92132	153
92179	153
92214	153
92250	153
92273	153
92308	153
92332	153
92367	153
92402	153
92425	153
92460	153
92484	153
92519	153
92554	153
92578	154
92613	154
92636	154
92671	154
92707	154
92730	154
92765	154
92789	154
92824	154
92859	154
92882	154
92929	154
92964	154
93000	154
93023	154
93058	154
93093	154
93117	154
93152	154
93187	154
93210	154
93246	154
93281	154
93304	154
93339	154
93375	154
93398	154
93433	154
93468	154
93503	154
93539	154
93562	154
93597	154
93632	154
93667	154
93703	154
93738	154
93773	154
93808	154
93832	154
93867	154
93902	154
93925	154
93960	154
93996	154
94019	154
94054	154
94078	154
94113	154
94136	154
94171	155
94207	155
94230	155
94265	155
94289	155
94324	155
94347	155
94382	155
94429	155
94464	155
94500	155
94535	155
94558	155
94593	155
94628	155
94664	155
94699	155
94722	155
94757	155
94792	155
94816	155
94851	155
94875	155
94910	155
94945	155
94968	155
94992	155
95027	155
95050	155
95085	155
95121	155
95144	155
95179	155
95214	155
95250	155
95285	155
95320	155
95343	155
95378	155
95414	155
95449	155
95472	155
95507	155
95542	155
95578	155
95613	155
95636	155
95671	155
95707	155
95730	155
95765	156
95800	156
95824	156
95859	156
95894	156
95929	156
95964	156
96000	156
96023	156
96058	156
96093	156
96117	156
96152	156
96187	156
96210	156
96246	156
96281	156
96316	156
96339	156
96375	156
96410	156
96433	156
96468	156
96492	156
96515	156
96550	156
96574	156
96609	156
96644	156
96679	156
96714	156
96750	156
96773	156
96808	156
96843	156
96878	156
96914	156
96949	156
96972	156
97007	156
97042	156
97078	156
97113	156
97148	156
97183	156
97207	156
97242	156
97265	156
97300	156
97335	156
97359	157
97394	157
97429	157
97464	157
97500	157
97523	157
97558	157
97593	157
97628	157
97652	157
97687	157
97722	157
97746	157
97781	157
97816	157
97851	157
97886	157
97921	157
97945	157
97980	157
98003	157
98039	157
98062	157
98097	157
98132	157
98167	157
98191	157
98226	157
98261	157
98296	157
98320	157
98355	157
98390	157
98414	157
98449	157
98484	157
98519	157
98554	157
98589	157
98625	157
98648	157
98683	157
98718	157
98742	157
98777	157
98800	157
98835	157
98871	157
98894	157
98929	157
98964	158
98988	158
99023	158
99058	158
99082	158
99117	158
99152	158
99175	158
99210	158
99246	158
99281	158
99316	158
99351	158
99386	158
99410	158
99445	158
99480	158
99503	158
99539	158
99562	158
99597	158
99632	158
99656	158
99691	158
99726	158
99750	158
99785	158
99820	158
99843	158
99878	158
99914	158
99949	158
99972	158
100007	158
100042	158
100089	158
100125	158
100148	158
100183	158
100218	158
100253	158
100277	158
100312	158
100347	158
100371	158
100406	158
100441	158
100476	158
100500	158
100535	158
100570	159
100605	159
100628	159
100664	159
100699	159
100722	159
100757	159
100804	159
100839	159
100875	159
100898	159
100933	159
100968	159
100992	159
101027	159
101050	159
101085	159
101121	159
101144	159
101179	159
101214	159
101238	159
101273	159
101308	159
101332	159
101367	159
101390	159
101425	159
101460	159
101484	159
101519	159
101554	159
101589	159
101625	159
101660	159
101695	159
101718	159
101753	159
101789	159
101812	159
101847	159
101882	159
101917	159
101953	159
101976	159
102011	159
102046	159
102082	159
102105	159
102140	159
102164	160
102199	160
102234	160
102269	160
102304	160
102339	160
102375	160
102398	160
102433	160
102468	160
102503	160
102539	160
102562	160
102597	160
102632	160
102667	160
102703	160
102738	160
102761	160
102796	160
102832	160
102867	160
102890	160
102925	160
102960	160
102996	160
103019	160
103066	160
103101	160
103125	160
103160	160
103195	160
103230	160
103265	160
103300	160
103335	160
103371	160
103394	160
103429	160
103464	160
103500	160
103535	160
103570	160
103593	160
103617	160
103652	160
103675	160
103710	160
103746	160
103769	160
103804	161
103839	161
103863	161
103898	161
103933	161
103968	161
104003	161
104039	161
104062	161
104097	161
104132	161
104167	161
104214	161
104250	161
104273	161
104308	161
104343	161
104378	161
104402	161
104437	161
104472	161
104496	161
104531	161
104566	161
104601	161
104625	161
104660	161
104695	161
104730	161
104753	161
104789	161
104824	161
104859	161
104894	161
104929	161
104964	161
105000	161
105035	161
105070	161
105105	161
105128	161
105164	161
105199	161
105234	161
105257	161
105292	161
105328	161
105363	161
105386	161
105421	161
105457	162
105492	162
105527	162
105550	162
105585	162
105621	162
105656	162
105703	162
105738	162
105773	162
105796	162
105832	162
105867	162
105902	162
105925	162
105960	162
105996	162
106019	162
106054	162
106078	162
106113	162
106148	162
106171	162
106207	162
106230	162
106265	162
106300	162
106324	162
106359	162
106394	162
106441	162
106476	162
106511	162
106546	162
106582	162
106617	162
106652	162
106687	162
106710	162
106746	162
106781	162
106816	162
106839	162
106875	162
106910	162
106945	162
106968	162
106992	162
107027	162
107050	162
107085	163
107121	163
107156	163
107191	163
107226	163
107261	163
107285	163
107320	163
107355	163
107390	163
107425	163
107460	163
107484	163
107519	163
107554	163
107589	163
107625	163
107660	163
107683	163
107718	163
107753	163
107777	163
107812	163
107847	163
107871	163
107906	163
107941	163
107976	163
108011	163
108046	163
108082	163
108105	163
108140	163
108175	163
108199	163
108234	163
108269	163
108304	163
108328	163
108363	163
108398	163
108433	163
108457	163
108480	163
108515	163
108539	163
108574	163
108609	163
108632	163
108667	163
108703	164
108738	164
108773	164
108808	164
108832	164
108878	164
108914	164
108937	164
108972	164
109007	164
109042	164
109078	164
109113	164
109148	164
109183	164
109207	164
109242	164
109265	164
109300	164
109335	164
109371	164
109394	164
109429	164
109464	164
109500	164
109535	164
109558	164
109593	164
109628	164
109664	164
109687	164
109722	164
109757	164
109792	164
109828	164
109863	164
109886	164
109921	164
109957	164
109980	164
110015	164
110039	164
110074	164
110109	164
110144	164
110167	164
110203	164
110238	164
110273	164
110296	164
110332	165
110367	165
110390	165
110425	165
110460	165
110496	165
110519	165
110554	165
110589	165
110625	165
110660	165
110695	165
110718	165
110753	165
110777	165
110812	165
110847	165
110871	165
110906	165
110929	165
110964	165
111000	165
111035	165
111058	165
111093	165
111117	165
111152	165
111187	165
111210	165
111246	165
111281	165
111316	165
111351	165
111386	165
111421	165
111457	165
111480	165
111515	165
111539	165
111574	165
111609	165
111632	165
111667	165
111703	165
111726	165
111761	165
111796	165
111832	165
111855	165
111890	165
111925	166
111949	166
111984	166
112019	166
112054	166
112089	166
112125	166
112160	166
112195	166
112218	166
112253	166
112289	166
112312	166
112347	166
112382	166
112406	166
112441	166
112476	166
112511	166
112535	166
112570	166
112605	166
112628	166
112664	166
112699	166
112734	166
112757	166
112804	166
112839	166
112863	166
112898	166
112933	166
112957	166
112992	166
113015	166
113050	166
113085	166
113109	166
113144	166
113179	166
113203	166
113238	166
113261	166
113296	166
113332	166
113355	166
113390	166
113414	166
113449	166
113484	166
113519	167
113554	167
113589	167
113613	167
113648	167
113683	167
113707	167
113742	167
113777	167
113812	167
113835	167
113871	167
113906	167
113941	167
113964	167
114000	167
114035	167
114070	167
114093	167
114128	167
114152	167
114187	167
114222	167
114257	167
114281	167
114316	167
114351	167
114386	167
114421	167
114457	167
114480	167
114515	167
114550	167
114574	167
114609	167
114644	167
114679	167
114714	167
114750	167
114773	167
114808	167
114843	167
114867	167
114902	167
114925	167
114960	167
114996	167
115031	167
115066	167
115101	167
115136	168
115160	168
115195	168
115230	168
115265	168
115300	168
115324	168
115359	168
115394	168
115429	168
115464	168
115488	168
115523	168
115558	168
115582	168
115605	168
115640	168
115664	168
115699	168
115722	168
115757	168
115781	168
115816	168
115851	168
115875	168
115910	168
115945	168
115980	168
116015	168
116039	168
116074	168
116097	168
116132	168
116179	168
116214	168
116250	168
116273	168
116308	168
116332	168
116367	168
116402	168
116425	168
116460	168
116496	168
116519	168
116554	168
116589	168
116613	168
116648	168
116683	168
116707	169
116742	169
116777	169
116800	169
116835	169
116871	169
116906	169
116941	169
116976	169
117011	169
117035	169
117070	169
117105	169
117128	169
117164	169
117199	169
117222	169
117257	169
117292	169
117316	169
117351	169
117386	169
117421	169
117445	169
117480	169
117515	169
117550	169
117574	169
117609	169
117644	169
117679	169
117714	169
117750	169
117785	169
117808	169
117843	169
117878	169
117902	169
117937	169
117960	169
117996	169
118019	169
118054	169
118078	169
118113	169
118148	169
118171	169
118207	169
118230	169
118265	169
118289	170
118324	170
118347	170
118382	170
118417	170
118464	170
118500	170
118523	170
118558	170
118593	170
118628	170
118652	170
118687	170
118722	170
118746	170
118781	170
118816	170
118839	170
118875	170
118898	170
118933	170
118957	170
118992	170
119015	170
119039	170
119074	170
119109	170
119132	170
119167	170
119203	170
119238	170
119273	170
119296	170
119332	170
119367	170
119402	170
119425	170
119460	170
119496	170
119519	170
119554	170
119589	170
119625	170
119648	170
119683	170
119707	170
119742	170
119777	170
119800	170
119835	170
119859	171
119894	171
119929	171
119964	171
120000	171
120023	171
120058	171
120093	171
120117	171
120152	171
120175	171
120210	171
120246	171
120269	171
120304	171
120328	171
120363	171
120398	171
120421	171
120457	171
120480	171
120503	171
120527	171
120562	171
120585	171
120621	171
120656	171
120679	171
120714	171
120750	171
120785	171
120808	171
120843	171
120878	171
120914	171
120937	171
120972	171
121007	171
121042	171
121078	171
121101	171
121136	171
121171	171
121195	171
121230	171
121253	171
121289	171
121312	171
121347	171
121382	171
121406	172
121441	172
121476	172
121511	172
121535	172
121570	172
121605	172
121628	172
121664	172
121687	172
121722	172
121757	172
121792	172
121816	172
121851	172
121886	172
121910	172
121945	172
121980	172
122003	172
122027	172
122062	172
122085	172
122121	172
122156	172
122179	172
122214	172
122250	172
122273	172
122308	172
122332	172
122367	172
122402	172
122425	172
122460	172
122484	172
122519	172
122554	172
122589	172
122625	172
122648	172
122683	172
122707	172
122742	172
122765	172
122800	172
122824	172
122859	172
122882	172
122917	172
122941	173
122976	173
123000	173
123035	173
123070	173
123093	173
123128	173
123152	173
123187	173
123210	173
123246	173
123281	173
123316	173
123351	173
123375	173
123410	173
123433	173
123468	173
123492	173
123527	173
123550	173
123585	173
123609	173
123644	173
123667	173
123703	173
123738	173
123761	173
123796	173
123820	173
123855	173
123890	173
123914	173
123949	173
123972	173
124007	173
124042	173
124078	173
124113	173
124148	173
124171	173
124207	173
124230	173
124265	173
124289	173
124324	173
124359	173
124382	173
124417	173
124441	173
124476	174
124511	174
124535	174
124570	174
124593	174
124628	174
124664	174
124687	174
124722	174
124746	174
124781	174
124816	174
124851	174
124886	174
124921	174
124945	174
124980	174
125003	174
125027	174
125062	174
125097	174
125121	174
125156	174
125179	174
125214	174
125238	174
125273	174
125296	174
125332	174
125355	174
125390	174
125414	174
125449	174
125472	174
125507	174
125542	174
125578	174
125613	174
125636	174
125671	174
125695	174
125730	174
125765	174
125789	174
125824	174
125847	174
125882	174
125917	174
125941	174
125976	174
126011	175
126035	175
126070	175
126105	175
126128	175
126164	175
126187	175
126222	175
126246	175
126281	175
126316	175
126351	175
126386	175
126410	175
126445	175
126480	175
126503	175
126539	175
126562	175
126597	175
126632	175
126667	175
126691	175
126726	175
126761	175
126785	175
126820	175
126855	175
126878	175
126914	175
126937	175
126972	175
126996	175
127031	175
127066	175
127101	175
127136	175
127160	175
127195	175
127230	175
127265	175
127300	175
127324	175
127359	175
127394	175
127417	175
127453	175
127488	175
127523	175
127546	175
127582	176
127605	176
127628	176
127652	176
127687	176
127722	176
127746	176
127781	176
127804	176
127839	176
127875	176
127898	176
127933	176
127968	176
128003	176
128027	176
128062	176
128085	176
128121	176
128156	176
128203	176
128238	176
128261	176
128296	176
128332	176
128355	176
128390	176
128414	176
128449	176
128484	176
128507	176
128542	176
128566	176
128601	176
128636	176
128660	176
128695	176
128718	176
128753	176
128789	176
128812	176
128847	176
128882	176
128917	176
128953	176
128988	176
129011	176
129046	176
129082	176
129105	176
129140	177
129164	177
129199	177
129234	177
129257	177
129292	177
129316	177
129351	177
129386	177
129410	177
129445	177
129468	177
129503	177
129539	177
129562	177
129597	177
129632	177
129667	177
129703	177
129738	177
129773	177
129796	177
129832	177
129867	177
129890	177
129925	177
129949	177
129984	177
130019	177
130042	177
130066	177
130101	177
130136	177
130160	177
130195	177
130218	177
130253	177
130277	177
130312	177
130335	177
130371	177
130417	177
130453	177
130488	177
130523	177
130546	177
130582	177
130617	177
130652	177
130687	177
130710	178
130746	178
130781	178
130804	178
130839	178
130863	178
130898	178
130933	178
130957	178
130980	178
131015	178
131039	178
131074	178
131097	178
131132	178
131167	178
131203	178
131238	178
131261	178
131296	178
131320	178
131355	178
131390	178
131425	178
131449	178
131484	178
131519	178
131542	178
131578	178
131613	178
131636	178
131671	178
131695	178
131730	178
131753	178
131789	178
131812	178
131847	178
131882	178
131917	178
131953	178
131976	178
132011	178
132046	178
132070	178
132105	178
132140	178
132164	178
132199	178
132222	178
132257	179
132292	179
132316	179
132351	179
132386	179
132410	179
132445	179
132468	179
132492	179
132527	179
132550	179
132585	179
132621	179
132644	179
132679	179
132714	179
132750	179
132785	179
132808	179
132843	179
132878	179
132914	179
132949	179
132972	179
133007	179
133042	179
133078	179
133113	179
133148	179
133183	179
133207	179
133242	179
133265	179
133300	179
133324	179
133359	179
133394	179
133417	179
133453	179
133488	179
133523	179
133546	179
133582	179
133617	179
133640	179
133675	179
133699	179
133734	179
133769	179
133792	179
133828	180
133863	180
133898	180
133921	180
133957	180
133980	180
134003	180
134039	180
134074	180
134097	180
134132	180
134156	180
134191	180
134226	180
134250	180
134285	180
134320	180
134343	180
134378	180
134414	180
134437	180
134472	180
134496	180
134531	180
134566	180
134601	180
134636	180
134671	180
134695	180
134730	180
134753	180
134789	180
134812	180
134847	180
134882	180
134906	180
134941	180
134976	180
135000	180
135035	180
135070	180
135093	180
135128	180
135164	180
135187	180
135222	180
135257	180
135292	180
135328	180
135363	180
135386	181
135421	181
135457	181
135480	181
135515	181
135539	181
135574	181
135597	181
135632	181
135656	181
135691	181
135714	181
135750	181
135785	181
135808	181
135843	181
135878	181
135902	181
135937	181
135960	181
135996	181
136031	181
136066	181
136101	181
136136	181
136160	181
136195	181
136218	181
136253	181
136277	181
136312	181
136347	181
136371	181
136406	181
136429	181
136464	181
136500	181
136523	181
136558	181
136582	181
136617	181
136652	181
136675	181
136710	181
136746	181
136781	181
136816	181
136851	181
136886	181
136910	181
136945	182
136968	182
137003	182
137027	182
137062	182
137097	182
137121	182
137156	182
137179	182
137214	182
137250	182
137273	182
137308	182
137332	182
137367	182
137402	182
137425	182
137460	182
137484	182
137519	182
137554	182
137589	182
137625	182
137660	182
137683	182
137718	182
137753	182
137777	182
137812	182
137847	182
137871	182
137906	182
137941	182
137964	182
138000	182
138035	182
138058	182
138093	182
138117	182
138152	182
138187	182
138210	182
138246	182
138281	182
138304	182
138339	182
138375	182
138410	182
138433	182
138468	182
138503	183
138527	183
138562	183
138585	183
138621	183
138656	183
138691	183
138714	183
138750	183
138785	183
138808	183
138843	183
138878	183
138902	183
138937	183
138960	183
138996	183
139031	183
139066	183
139101	183
139136	183
139160	183
139195	183
139230	183
139265	183
139300	183
139324	183
139359	183
139394	183
139429	183
139464	183
139488	183
139523	183
139558	183
139582	183
139605	183
139640	183
139664	183
139699	183
139722	183
139757	183
139781	183
139816	183
139851	183
139875	183
139910	183
139945	183
139968	183
140003	183
140039	183
140074	184
140097	184
140132	184
140167	184
140203	184
140238	184
140273	184
140296	184
140332	184
140367	184
140390	184
140425	184
140449	184
140484	184
140507	184
140542	184
140578	184
140601	184
140636	184
140671	184
140695	184
140730	184
140753	184
140789	184
140812	184
140847	184
140882	184
140917	184
140953	184
140988	184
141023	184
141046	184
141082	184
141105	184
141140	184
141175	184
141199	184
141234	184
141269	184
141292	184
141328	184
141351	184
141386	184
141421	184
141445	184
141480	184
141515	184
141550	184
141574	184
141609	184
141644	185
141679	185
141714	185
141750	185
141785	185
141808	185
141843	185
141878	185
141902	185
141937	185
141972	185
141996	185
142031	185
142054	185
142089	185
142113	185
142148	185
142183	185
142207	185
142230	185
142265	185
142300	185
142324	185
142359	185
142394	185
142429	185
142464	185
142500	185
142535	185
142558	185
142593	185
142628	185
142664	185
142687	185
142722	185
142757	185
142781	185
142816	185
142839	185
142875	185
142910	185
142933	185
142957	185
142992	185
143015	185
143039	185
143074	185
143097	185
143132	185
143167	185
143203	186
143238	186
143261	186
143296	186
143332	186
143355	186
143390	186
143425	186
143449	186
143484	186
143519	186
143542	186
143578	186
143613	186
143636	186
143671	186
143707	186
143730	186
143765	186
143789	186
143824	186
143847	186
143882	186
143917	186
143953	186
143988	186
144011	186
144046	186
144082	186
144105	186
144140	186
144164	186
144199	186
144234	186
144257	186
144292	186
144316	186
144351	186
144386	186
144410	186
144445	186
144468	186
144492	186
144527	186
144550	186
144585	186
144609	186
144644	186
144679	186
144714	186
144738	187
144773	187
144808	187
144832	187
144878	187
144902	187
144937	187
144960	187
144996	187
145031	187
145066	187
145101	187
145136	187
145160	187
145195	187
145218	187
145253	187
145277	187
145312	187
145335	187
145371	187
145394	187
145429	187
145464	187
145500	187
145523	187
145558	187
145582	187
145617	187
145652	187
145675	187
145710	187
145734	187
145769	187
145804	187
145839	187
145863	187
145898	187
145921	187
145957	187
145980	187
146003	187
146039	187
146074	187
146097	187
146132	187
146156	187
146191	187
146214	187
146250	187
146285	188
146308	188
146343	188
146378	188
146402	188
146437	188
146460	188
146496	188
146531	188
146566	188
146601	188
146625	188
146660	188
146683	188
146718	188
146742	188
146777	188
146800	188
146835	188
146871	188
146894	188
146929	188
146953	188
146988	188
147011	188
147046	188
147070	188
147105	188
147128	188
147164	188
147187	188
147222	188
147257	188
147292	188
147328	188
147351	188
147386	188
147421	188
147445	188
147480	188
147503	188
147527	188
147562	188
147585	188
147621	188
147644	188
147679	188
147703	188
147738	188
147773	188
147796	189
147832	189
147855	189
147890	189
147914	189
147949	189
147984	189
148007	189
148042	189
148078	189
148113	189
148148	189
148171	189
148207	189
148230	189
148265	189
148289	189
148324	189
148359	189
148382	189
148417	189
148441	189
148476	189
148500	189
148535	189
148570	189
148593	189
148628	189
148664	189
148687	189
148722	189
148757	189
148781	189
148828	189
148851	189
148886	189
148921	189
148945	189
148980	189
149003	189
149039	189
149062	189
149097	189
149121	189
149156	189
149191	189
149214	189
149250	189
149273	189
149308	189
149332	190
149367	190
149390	190
149425	190
149449	190
149484	190
149519	190
149554	190
149589	190
149613	190
149648	190
149683	190
149707	190
149742	190
149765	190
149800	190
149835	190
149859	190
149894	190
149929	190
149953	190
149988	190
150023	190
150046	190
150082	190
150105	190
150140	190
150164	190
150199	190
150222	190
150257	190
150292	190
150328	190
150351	190
150386	190
150421	190
150445	190
150480	190
150515	190
150539	190
150574	190
150597	190
150632	190
150667	190
150703	190
150726	190
150761	190
150796	190
150820	190
150855	190
150878	191
150914	191
150937	191
150972	191
151007	191
151042	191
151078	191
151101	191
151136	191
151171	191
151207	191
151242	191
151277	191
151300	191
151335	191
151359	191
151394	191
151429	191
151464	191
151500	191
151523	191
151558	191
151582	191
151617	191
151640	191
151664	191
151699	191
151722	191
151757	191
151792	191
151816	191
151851	191
151875	191
151910	191
151945	191
151980	191
152003	191
152039	191
152074	191
152097	191
152132	191
152167	191
152214	191
152238	191
152273	191
152296	191
152332	191
152367	191
152390	191
152425	191
152449	192
152484	192
152519	192
152542	192
152578	192
152601	192
152636	192
152671	192
152695	192
152730	192
152765	192
152789	192
152824	192
152847	192
152882	192
152917	192
152953	192
152988	192
153023	192
153046	192
153082	192
153117	192
153152	192
153175	192
153210	192
153234	192
153269	192
153304	192
153328	192
153363	192
153398	192
153421	192
153457	192
153492	192
153527	192
153550	192
153585	192
153609	192
153644	192
153691	192
153726	192
153761	192
153785	192
153820	192
153855	192
153878	192
153914	192
153937	192
153972	192
154007	192
154031	193
154066	193
154089	193
154125	193
154148	193
154183	193
154207	193
154242	193
154265	193
154300	193
154324	193
154359	193
154394	193
154441	193
154476	193
154511	193
154535	193
154570	193
154605	193
154640	193
154664	193
154699	193
154734	193
154757	193
154792	193
154828	193
154851	193
154886	193
154910	193
154945	193
154968	193
154992	193
155027	193
155050	193
155085	193
155121	193
155144	193
155179	193
155214	193
155250	193
155285	193
155308	193
155343	193
155378	193
155414	193
155437	193
155472	193
155507	193
155531	193
155566	193
155601	194
155625	194
155660	194
155695	194
155718	194
155753	194
155777	194
155812	194
155847	194
155871	194
155906	194
155941	194
155976	194
156011	194
156035	194
156070	194
156093	194
156128	194
156164	194
156187	194
156222	194
156246	194
156281	194
156316	194
156339	194
156375	194
156398	194
156433	194
156457	194
156492	194
156515	194
156539	194
156574	194
156597	194
156632	194
156667	194
156703	194
156726	194
156761	194
156796	194
156820	194
156855	194
156902	194
156925	194
156960	194
156984	194
157019	194
157054	194
157089	194
157125	194
157148	195
157183	195
157218	195
157242	195
157277	195
157300	195
157335	195
157371	195
157394	195
157429	195
157464	195
157488	195
157523	195
157558	195
157582	195
157617	195
157652	195
157675	195
157710	195
157746	195
157769	195
157804	195
157839	195
157863	195
157898	195
157933	195
157957	195
157992	195
158015	195
158039	195
158074	195
158109	195
158132	195
158167	195
158191	195
158226	195
158261	195
158285	195
158320	195
158343	195
158378	195
158414	195
158437	195
158472	195
158496	195
158531	195
158566	195
158601	195
158636	195
158660	195
158695	196
158718	196
158753	196
158777	196
158812	196
158835	196
158871	196
158906	196
158929	196
158964	196
158988	196
159023	196
159058	196
159082	196
159117	196
159140	196
159175	196
159199	196
159234	196
159269	196
159304	196
159339	196
timepoint: 183.46