0	0
0	0
0	0
0	0
0	0
0	0
0	0
0	0
0	0
0	0
0	0
0	0
0	0
0	0
0	0
0	0
0	0
0	0
0	0
0	0
0	0
0	0
0	0
0	0
0	0
0	0
0	0
0	0
0	0
0	0
0	0
0	0
0	0
0	0
0	0
0	0
0	0
0	0
0	0
0	0
0	0
0	0
0	0
0	0
0	0
0	0
0	0
0	0
0	0
0	0
0	1
0	1
0	1
0	1
0	1
0	1
0	1
0	1
0	1
0	1
0	1
0	1
0	1
0	1
0	1
0	1
0	1
0	1
0	1
0	1
0	1
0	1
0	1
0	1
0	1
0	1
0	1
0	1
0	1
0	1
0	1
0	1
0	1
0	1
0	1
0	1
0	1
0	1
0	1
0	1
0	1
0	1
0	1
0	1
0	1
0	1
0	1
0	1
0	1
0	1
0	2
0	2
0	2
0	2
0	2
0	2
0	2
0	2
0	2
0	2
0	2
0	2
0	2
0	2
0	2
0	2
0	2
0	2
0	2
0	2
0	2
0	2
0	2
0	2
0	2
0	2
0	2
0	2
0	2
0	2
0	2
0	2
0	2
0	2
0	2
0	2
0	2
0	2
0	2
0	2
0	2
0	2
0	2
0	2
0	2
0	2
0	2
0	2
0	2
0	2
0	3
0	3
0	3
0	3
0	3
0	3
0	3
0	3
0	3
0	3
0	3
0	3
0	3
0	3
0	3
0	3
0	3
0	3
0	3
0	3
0	3
0	3
0	3
0	3
0	3
0	3
0	3
0	3
0	3
0	3
0	3
0	3
0	3
0	3
0	3
0	3
0	3
0	3
0	3
0	3
0	3
0	3
0	3
0	3
0	3
0	3
0	3
0	3
0	3
0	3
0	4
0	4
0	4
0	4
0	4
0	4
0	4
0	4
0	4
0	4
0	4
0	4
0	4
0	4
0	4
0	4
0	4
0	4
0	4
0	4
0	4
0	4
0	4
0	4
0	4
0	4
0	4
0	4
0	4
0	4
0	4
0	4
0	4
0	4
0	4
0	4
0	4
0	4
0	4
0	4
0	4
0	4
0	4
0	4
0	4
0	4
0	4
0	4
0	4
0	4
0	5
0	5
0	5
0	5
0	5
0	5
0	5
0	5
0	5
0	5
0	5
0	5
0	5
0	5
0	5
0	5
0	5
0	5
0	5
0	5
0	5
0	5
0	5
0	5
0	5
0	5
0	5
0	5
0	5
0	5
0	5
0	5
0	5
0	5
0	5
0	5
0	5
0	5
0	5
0	5
0	5
0	5
0	5
0	5
0	5
0	5
0	5
0	5
0	5
0	5
0	6
0	6
0	6
0	6
0	6
0	6
0	6
0	6
0	6
0	6
0	6
0	6
0	6
0	6
0	6
0	6
0	6
0	6
0	6
0	6
0	6
0	6
0	6
0	6
0	6
0	6
0	6
0	6
0	6
0	6
0	6
0	6
0	6
0	6
0	6
0	6
0	6
0	6
0	6
0	6
0	6
0	6
0	6
0	6
0	6
0	6
0	6
0	6
0	6
0	6
0	7
0	7
0	7
0	7
0	7
0	7
0	7
0	7
0	7
0	7
0	7
0	7
0	7
0	7
0	7
0	7
0	7
11	7
11	7
11	7
11	7
11	7
11	7
11	7
11	7
11	7
11	7
23	7
23	7
23	7
23	7
23	7
23	7
23	7
23	7
23	7
23	7
23	7
23	7
23	7
23	7
23	7
23	7
23	7
23	7
23	7
23	7
23	7
23	7
23	7
23	8
23	8
23	8
23	8
23	8
23	8
23	8
23	8
23	8
23	8
23	8
11	8
11	8
11	8
11	8
11	8
11	8
11	8
11	8
11	8
11	8
11	8
11	8
11	8
11	8
11	8
11	8
11	8
11	8
11	8
11	8
11	8
11	8
11	8
11	8
11	8
11	8
11	8
11	8
11	8
23	8
23	8
23	8
23	8
23	8
23	8
23	8
23	8
23	8
23	8
23	9
23	9
23	9
23	9
35	9
35	9
35	9
35	9
35	9
35	9
35	9
35	9
35	9
35	9
35	9
35	9
35	9
35	9
35	9
35	9
35	9
35	9
35	9
35	9
35	9
35	9
35	9
23	9
23	9
23	9
23	9
23	9
23	9
23	9
23	9
23	9
23	9
23	9
23	9
23	9
23	9
23	9
23	9
23	9
23	9
23	9
23	9
23	9
23	9
23	9
23	10
23	10
23	10
23	10
23	10
23	10
23	10
23	10
23	10
23	10
23	10
23	10
23	10
23	10
23	10
23	10
23	10
23	10
23	10
23	10
23	10
23	10
23	10
35	10
35	10
35	10
35	10
35	10
35	10
35	10
35	10
35	10
35	10
35	10
35	10
35	10
35	10
35	10
35	10
35	10
35	10
35	10
35	10
35	10
35	10
35	10
35	10
35	10
35	10
35	10
35	11
35	11
35	11
35	11
35	11
23	11
23	11
23	11
23	11
23	11
23	11
23	11
23	11
23	11
23	11
23	11
23	11
23	11
23	11
23	11
23	11
23	11
23	11
23	11
23	11
23	11
23	11
23	11
23	11
23	11
23	11
23	11
23	11
23	11
23	11
23	11
23	11
23	11
23	11
23	11
23	11
23	11
23	11
23	11
23	11
23	11
23	11
23	11
23	11
35	11
35	12
35	12
35	12
35	12
35	12
35	12
35	12
35	12
35	12
35	12
35	12
35	12
35	12
35	12
35	12
35	12
35	12
35	12
35	12
35	12
35	12
35	12
35	12
35	12
35	12
35	12
35	12
35	12
35	12
35	12
35	12
35	12
35	12
23	12
23	12
23	12
23	12
23	12
23	12
23	12
23	12
23	12
23	12
23	12
23	12
23	12
23	12
23	12
23	12
23	12
23	13
23	13
23	13
23	13
23	13
23	13
23	13
23	13
23	13
23	13
23	13
35	13
35	13
35	13
35	13
35	13
35	13
35	13
35	13
35	13
35	13
35	13
35	13
35	13
35	13
35	13
35	13
35	13
35	13
35	13
35	13
35	13
35	13
35	13
35	13
35	13
35	13
23	13
23	13
23	13
23	13
23	13
23	13
23	13
23	13
23	13
23	13
23	13
23	13
23	13
23	14
23	14
23	14
23	14
23	14
23	14
23	14
23	14
23	14
23	14
23	14
23	14
23	14
23	14
23	14
23	14
23	14
23	14
23	14
23	14
23	14
23	14
23	14
23	14
23	14
23	14
23	14
23	14
23	14
23	14
35	14
35	14
35	14
35	14
35	14
35	14
35	14
35	14
35	14
35	14
35	14
35	14
35	14
35	14
35	14
35	14
35	14
35	14
35	14
35	14
35	15
35	15
35	15
35	15
35	15
35	15
35	15
35	15
35	15
35	15
35	15
35	15
35	15
35	15
35	15
23	15
23	15
23	15
23	15
23	15
23	15
23	15
23	15
23	15
23	15
23	15
23	15
23	15
23	15
23	15
23	15
23	15
23	15
23	15
23	15
23	15
23	15
23	15
23	15
23	15
23	15
23	15
23	15
23	15
23	15
23	15
23	15
23	15
23	15
23	15
23	16
23	16
23	16
23	16
23	16
23	16
23	16
35	16
35	16
35	16
35	16
35	16
35	16
35	16
35	16
35	16
35	16
35	16
35	16
35	16
35	16
35	16
35	16
35	16
35	16
35	16
35	16
35	16
35	16
35	16
35	16
35	16
35	16
35	16
35	16
35	16
35	16
35	16
35	16
35	16
35	16
23	16
23	16
23	16
23	16
23	16
23	16
23	16
23	16
23	16
23	17
23	17
23	17
23	17
23	17
23	17
23	17
23	17
23	17
23	17
23	17
23	17
23	17
23	17
23	17
23	17
23	17
23	17
23	17
23	17
23	17
23	17
23	17
23	17
23	17
23	17
23	17
23	17
23	17
23	17
23	17
23	17
23	17
23	17
35	17
35	17
35	17
35	17
35	17
35	17
35	17
35	17
35	17
35	17
35	17
35	17
35	17
35	17
35	17
35	17
35	18
35	18
35	18
35	18
35	18
35	18
35	18
35	18
35	18
35	18
35	18
35	18
35	18
35	18
35	18
35	18
35	18
35	18
23	18
23	18
23	18
23	18
23	18
23	18
23	18
23	18
23	18
23	18
23	18
23	18
23	18
23	18
23	18
23	18
23	18
23	18
23	18
23	18
23	18
23	18
23	18
23	18
23	18
23	18
23	18
23	18
23	18
23	18
23	18
23	18
23	19
23	19
23	19
23	19
23	19
23	19
23	19
23	19
23	19
23	19
23	19
23	19
35	19
35	19
35	19
35	19
35	19
35	19
35	19
35	19
35	19
35	19
35	19
35	19
35	19
35	19
35	19
35	19
35	19
35	19
35	19
35	19
35	19
35	19
35	19
35	19
35	19
35	19
35	19
35	19
35	19
35	19
35	19
35	19
35	19
23	19
23	19
23	19
23	19
23	19
23	20
23	20
23	20
23	20
23	20
23	20
23	20
23	20
23	20
23	20
23	20
23	20
23	20
23	20
23	20
23	20
23	20
23	20
23	20
23	20
23	20
23	20
23	20
23	20
23	20
23	20
23	20
23	20
23	20
23	20
23	20
23	20
23	20
23	20
23	20
23	20
23	20
23	20
23	20
35	20
35	20
35	20
35	20
35	20
35	20
35	20
35	20
35	20
35	20
35	20
35	21
35	21
35	21
35	21
35	21
35	21
35	21
35	21
35	21
35	21
35	21
35	21
35	21
35	21
35	21
35	21
35	21
35	21
35	21
35	21
35	21
23	21
23	21
23	21
23	21
23	21
23	21
23	21
23	21
23	21
23	21
23	21
23	21
23	21
23	21
23	21
23	21
23	21
23	21
23	21
23	21
23	21
23	21
23	21
23	21
23	21
23	21
23	21
23	21
23	21
23	22
23	22
23	22
23	22
23	22
23	22
23	22
23	22
23	22
23	22
23	22
23	22
23	22
23	22
23	22
23	22
23	22
35	22
35	22
35	22
35	22
35	22
35	22
35	22
35	22
35	22
35	22
35	22
35	22
35	22
35	22
35	22
35	22
35	22
35	22
35	22
35	22
35	22
35	22
35	22
35	22
35	22
35	22
35	22
35	22
35	22
35	22
23	22
23	22
23	22
23	23
23	23
23	23
23	23
23	23
23	23
23	23
23	23
23	23
23	23
23	23
23	23
23	23
23	23
23	23
23	23
23	23
23	23
23	23
23	23
23	23
23	23
23	23
23	23
23	23
23	23
23	23
23	23
23	23
23	23
23	23
23	23
23	23
23	23
23	23
23	23
23	23
23	23
23	23
23	23
23	23
23	23
23	23
23	23
23	23
23	23
35	23
35	23
35	23
35	23
35	24
35	24
35	24
35	24
35	24
35	24
35	24
35	24
35	24
35	24
35	24
35	24
35	24
35	24
35	24
35	24
35	24
35	24
35	24
35	24
35	24
35	24
35	24
35	24
23	24
23	24
23	24
23	24
23	24
23	24
23	24
23	24
23	24
23	24
23	24
23	24
23	24
23	24
23	24
23	24
23	24
23	24
23	24
23	24
23	24
23	24
23	24
23	24
23	24
23	24
23	25
23	25
23	25
23	25
23	25
23	25
23	25
23	25
23	25
23	25
23	25
23	25
23	25
23	25
23	25
23	25
23	25
23	25
23	25
23	25
23	25
23	25
23	25
23	25
23	25
35	25
35	25
35	25
35	25
35	25
35	25
35	25
35	25
35	25
35	25
35	25
35	25
35	25
35	25
35	25
35	25
35	25
35	25
35	25
35	25
35	25
35	25
35	25
23	25
23	25
23	26
23	26
23	26
23	26
23	26
23	26
23	26
23	26
23	26
23	26
23	26
23	26
23	26
23	26
23	26
23	26
23	26
23	26
23	26
23	26
23	26
23	26
23	26
23	26
23	26
23	26
23	26
23	26
23	26
23	26
23	26
23	26
23	26
23	26
23	26
23	26
23	26
23	26
23	26
23	26
23	26
23	26
23	26
23	26
23	26
23	26
23	26
23	26
23	26
23	26
23	27
23	27
23	27
23	27
23	27
23	27
23	27
23	27
23	27
23	27
23	27
23	27
23	27
23	27
23	27
23	27
23	27
23	27
23	27
23	27
23	27
23	27
23	27
23	27
23	27
23	27
23	27
23	27
23	27
23	27
23	27
23	27
23	27
23	27
23	27
23	27
23	27
23	27
23	27
23	27
23	27
23	27
23	27
23	27
23	27
23	27
23	27
23	27
23	27
23	27
23	28
23	28
23	28
23	28
23	28
23	28
23	28
23	28
23	28
23	28
23	28
23	28
23	28
23	28
23	28
23	28
23	28
23	28
23	28
23	28
23	28
23	28
23	28
23	28
23	28
23	28
23	28
23	28
23	28
23	28
23	28
23	28
23	28
23	28
23	28
23	28
23	28
23	28
23	28
23	28
23	28
23	28
23	28
23	28
23	28
23	28
23	28
23	28
23	28
23	28
23	29
23	29
23	29
23	29
23	29
23	29
23	29
23	29
23	29
23	29
23	29
23	29
35	29
35	29
35	29
35	29
35	29
35	29
35	29
35	29
35	29
35	29
35	29
35	29
35	29
35	29
35	29
35	29
35	29
35	29
35	29
35	29
35	29
35	29
35	29
35	29
35	29
35	29
35	29
35	29
35	29
35	29
35	29
35	29
35	29
35	29
35	29
35	29
35	29
35	29
35	30
35	30
35	30
35	30
35	30
35	30
35	30
35	30
35	30
35	30
35	30
35	30
35	30
35	30
35	30
35	30
35	30
35	30
35	30
35	30
35	30
35	30
35	30
35	30
35	30
35	30
35	30
35	30
35	30
46	30
46	30
46	30
46	30
46	30
46	30
46	30
46	30
46	30
46	30
46	30
46	30
46	30
46	30
46	30
46	30
46	30
46	30
46	30
46	30
46	30
46	31
46	31
46	31
46	31
46	31
46	31
46	31
46	31
46	31
46	31
46	31
46	31
46	31
58	31
58	31
58	31
58	31
58	31
58	31
58	31
58	31
58	31
58	31
58	31
58	31
58	31
58	31
58	31
70	31
70	31
70	31
70	31
70	31
70	31
70	31
70	31
70	31
70	31
70	31
70	31
70	31
70	31
70	31
70	31
82	31
82	31
82	31
82	31
82	31
82	31
82	32
82	32
82	32
82	32
82	32
93	32
93	32
93	32
93	32
93	32
93	32
93	32
93	32
93	32
93	32
93	32
93	32
93	32
105	32
105	32
105	32
105	32
105	32
105	32
105	32
105	32
105	32
105	32
105	32
105	32
117	32
117	32
117	32
117	32
117	32
117	32
117	32
117	32
117	32
128	32
128	32
128	32
128	32
128	32
128	32
128	32
128	32
140	32
140	32
140	32
140	33
140	33
140	33
140	33
140	33
140	33
152	33
152	33
152	33
152	33
152	33
152	33
152	33
164	33
164	33
164	33
164	33
164	33
164	33
164	33
164	33
164	33
175	33
175	33
175	33
175	33
175	33
175	33
175	33
175	33
187	33
187	33
187	33
187	33
187	33
187	33
187	33
187	33
199	33
199	33
199	33
199	33
199	33
199	33
199	33
199	33
210	33
210	33
210	33
210	33
210	34
210	34
210	34
210	34
222	34
222	34
222	34
222	34
222	34
222	34
222	34
222	34
234	34
234	34
234	34
234	34
234	34
234	34
234	34
234	34
246	34
246	34
246	34
246	34
246	34
246	34
257	34
257	34
257	34
257	34
257	34
257	34
257	34
269	34
269	34
269	34
269	34
269	34
269	34
281	34
281	34
281	34
281	34
281	34
281	34
281	34
292	34
292	34
292	34
292	34
292	35
292	35
304	35
304	35
304	35
304	35
304	35
304	35
316	35
316	35
316	35
316	35
316	35
316	35
316	35
328	35
328	35
328	35
328	35
328	35
328	35
339	35
339	35
339	35
339	35
339	35
339	35
351	35
351	35
351	35
351	35
351	35
351	35
351	35
363	35
363	35
363	35
363	35
363	35
363	35
375	35
375	35
375	35
375	35
375	35
375	35
386	35
386	35
386	35
386	35
386	36
398	36
398	36
398	36
398	36
398	36
398	36
410	36
410	36
410	36
410	36
410	36
421	36
421	36
421	36
421	36
421	36
421	36
433	36
433	36
433	36
433	36
433	36
445	36
445	36
445	36
445	36
445	36
445	36
457	36
457	36
457	36
457	36
457	36
468	36
468	36
468	36
468	36
468	36
480	36
480	36
480	36
480	36
480	36
492	36
492	36
492	36
492	36
492	36
492	36
503	37
503	37
503	37
503	37
503	37
515	37
515	37
515	37
515	37
515	37
527	37
527	37
527	37
527	37
527	37
539	37
539	37
539	37
539	37
539	37
550	37
550	37
550	37
550	37
562	37
562	37
562	37
562	37
562	37
574	37
574	37
574	37
574	37
574	37
585	37
585	37
585	37
585	37
585	37
597	37
597	37
597	37
597	37
609	37
609	37
609	37
609	37
609	37
621	37
621	37
621	38
621	38
621	38
632	38
632	38
632	38
632	38
632	38
644	38
644	38
644	38
644	38
644	38
656	38
656	38
656	38
656	38
656	38
667	38
667	38
667	38
667	38
667	38
679	38
679	38
679	38
679	38
679	38
691	38
691	38
691	38
691	38
691	38
703	38
703	38
703	38
703	38
703	38
714	38
714	38
714	38
714	38
714	38
726	38
726	38
726	38
726	38
726	38
738	38
738	38
738	39
738	39
750	39
750	39
750	39
750	39
750	39
761	39
761	39
761	39
761	39
761	39
773	39
773	39
773	39
773	39
785	39
785	39
785	39
785	39
785	39
796	39
796	39
796	39
796	39
808	39
808	39
808	39
808	39
808	39
820	39
820	39
820	39
820	39
832	39
832	39
832	39
832	39
832	39
843	39
843	39
843	39
843	39
855	39
855	39
855	39
855	39
867	39
867	39
867	39
867	40
878	40
878	40
878	40
878	40
890	40
890	40
890	40
890	40
902	40
902	40
902	40
902	40
914	40
914	40
914	40
914	40
925	40
925	40
925	40
925	40
937	40
937	40
937	40
937	40
937	40
949	40
949	40
949	40
949	40
960	40
960	40
960	40
960	40
972	40
972	40
972	40
972	40
972	40
984	40
984	40
984	40
984	40
996	40
996	40
996	40
996	40
1007	40
1007	40
1007	40
1007	41
1007	41
1019	41
1019	41
1019	41
1019	41
1031	41
1031	41
1031	41
1031	41
1042	41
1042	41
1042	41
1042	41
1042	41
1054	41
1054	41
1054	41
1054	41
1066	41
1066	41
1066	41
1066	41
1078	41
1078	41
1078	41
1078	41
1089	41
1089	41
1089	41
1089	41
1101	41
1101	41
1101	41
1101	41
1101	41
1113	41
1113	41
1113	41
1113	41
1125	41
1125	41
1125	41
1125	41
1136	41
1136	41
1136	41
1136	41
1148	41
1148	41
1148	42
1148	42
1160	42
1160	42
1160	42
1160	42
1160	42
1171	42
1171	42
1171	42
1171	42
1183	42
1183	42
1183	42
1183	42
1195	42
1195	42
1195	42
1195	42
1207	42
1207	42
1207	42
1207	42
1218	42
1218	42
1218	42
1218	42
1230	42
1230	42
1230	42
1242	42
1242	42
1242	42
1242	42
1253	42
1253	42
1253	42
1253	42
1265	42
1265	42
1265	42
1265	42
1277	42
1277	42
1277	42
1277	42
1289	42
1289	42
1289	42
1289	42
1300	43
1300	43
1300	43
1300	43
1312	43
1312	43
1312	43
1312	43
1324	43
1324	43
1324	43
1335	43
1335	43
1335	43
1335	43
1335	43
1347	43
1347	43
1347	43
1359	43
1359	43
1359	43
1359	43
1371	43
1371	43
1371	43
1371	43
1382	43
1382	43
1382	43
1382	43
1394	43
1394	43
1394	43
1394	43
1406	43
1406	43
1406	43
1406	43
1417	43
1417	43
1417	43
1417	43
1429	43
1429	43
1429	43
1429	43
1429	43
1441	43
1441	43
1441	44
1441	44
1453	44
1453	44
1453	44
1453	44
1464	44
1464	44
1464	44
1464	44
1476	44
1476	44
1476	44
1476	44
1488	44
1488	44
1488	44
1488	44
1500	44
1500	44
1500	44
1500	44
1511	44
1511	44
1511	44
1523	44
1523	44
1523	44
1523	44
1535	44
1535	44
1535	44
1535	44
1546	44
1546	44
1546	44
1546	44
1558	44
1558	44
1558	44
1570	44
1570	44
1570	44
1570	44
1582	44
1582	44
1582	44
1582	44
1593	44
1593	44
1593	45
1605	45
1605	45
1605	45
1617	45
1617	45
1617	45
1617	45
1628	45
1628	45
1628	45
1640	45
1640	45
1640	45
1652	45
1652	45
1652	45
1664	45
1664	45
1664	45
1664	45
1675	45
1675	45
1675	45
1687	45
1687	45
1687	45
1687	45
1699	45
1699	45
1699	45
1710	45
1710	45
1710	45
1710	45
1722	45
1722	45
1722	45
1734	45
1734	45
1734	45
1734	45
1746	45
1746	45
1746	45
1746	45
1757	45
1757	45
1757	45
1769	45
1769	46
1769	46
1769	46
1781	46
1781	46
1781	46
1792	46
1792	46
1792	46
1804	46
1804	46
1804	46
1816	46
1816	46
1816	46
1828	46
1828	46
1828	46
1839	46
1839	46
1839	46
1851	46
1851	46
1851	46
1863	46
1863	46
1863	46
1863	46
1875	46
1875	46
1875	46
1886	46
1886	46
1886	46
1886	46
1898	46
1898	46
1898	46
1910	46
1910	46
1910	46
1921	46
1921	46
1921	46
1921	46
1933	46
1933	46
1933	46
1945	46
1945	46
1945	47
1957	47
1957	47
1957	47
1968	47
1968	47
1968	47
1980	47
1980	47
1980	47
1992	47
1992	47
1992	47
2003	47
2003	47
2003	47
2015	47
2015	47
2015	47
2027	47
2027	47
2027	47
2039	47
2039	47
2039	47
2050	47
2050	47
2050	47
2062	47
2062	47
2062	47
2074	47
2074	47
2074	47
2085	47
2085	47
2085	47
2085	47
2097	47
2097	47
2097	47
2109	47
2109	47
2109	47
2121	47
2121	47
2121	47
2132	47
2132	47
2132	47
2144	48
2144	48
2144	48
2144	48
2156	48
2156	48
2156	48
2167	48
2167	48
2167	48
2167	48
2179	48
2179	48
2179	48
2191	48
2191	48
2191	48
2191	48
2203	48
2203	48
2203	48
2203	48
2214	48
2214	48
2214	48
2226	48
2226	48
2226	48
2238	48
2238	48
2238	48
2238	48
2250	48
2250	48
2250	48
2261	48
2261	48
2273	48
2273	48
2273	48
2285	48
2285	48
2285	48
2296	48
2296	48
2296	48
2308	48
2308	48
2308	48
2320	48
2320	49
2320	49
2332	49
2332	49
2332	49
2343	49
2343	49
2343	49
2355	49
2355	49
2355	49
2367	49
2367	49
2367	49
2378	49
2378	49
2378	49
2390	49
2390	49
2390	49
2402	49
2402	49
2402	49
2414	49
2414	49
2425	49
2425	49
2425	49
2437	49
2437	49
2437	49
2449	49
2449	49
2460	49
2460	49
2460	49
2472	49
2472	49
2472	49
2484	49
2484	49
2496	49
2496	49
2496	49
2507	49
2507	49
2507	49
2519	49
2519	49
2519	49
2531	50
2531	50
2542	50
2542	50
2542	50
2554	50
2554	50
2566	50
2566	50
2578	50
2578	50
2578	50
2589	50
2589	50
2601	50
2601	50
2601	50
2613	50
2613	50
2613	50
2625	50
2625	50
2625	50
2636	50
2636	50
2648	50
2648	50
2648	50
2660	50
2660	50
2660	50
2671	50
2671	50
2683	50
2683	50
2695	50
2695	50
2695	50
2707	50
2707	50
2718	50
2718	50
2730	50
2730	50
2742	50
2742	50
2753	50
2753	50
2765	50
2765	50
2777	51
2777	51
2789	51
2789	51
2789	51
2800	51
2800	51
2812	51
2812	51
2824	51
2824	51
2835	51
2835	51
2835	51
2847	51
2847	51
2847	51
2859	51
2859	51
2871	51
2871	51
2871	51
2882	51
2882	51
2894	51
2894	51
2906	51
2906	51
2906	51
2917	51
2917	51
2929	51
2929	51
2929	51
2941	51
2941	51
2953	51
2953	51
2953	51
2964	51
2964	51
2976	51
2976	51
2976	51
2988	51
2988	51
3000	51
3000	51
3000	51
3011	51
3011	52
3023	52
3023	52
3035	52
3035	52
3046	52
3046	52
3046	52
3058	52
3058	52
3070	52
3070	52
3082	52
3082	52
3082	52
3093	52
3093	52
3105	52
3105	52
3105	52
3117	52
3117	52
3128	52
3128	52
3140	52
3140	52
3140	52
3152	52
3152	52
3164	52
3164	52
3175	52
3175	52
3187	52
3187	52
3187	52
3199	52
3199	52
3210	52
3210	52
3222	52
3222	52
3234	52
3234	52
3246	52
3246	52
3257	52
3257	52
3257	52
3269	52
3269	53
3281	53
3281	53
3292	53
3292	53
3292	53
3304	53
3304	53
3316	53
3316	53
3328	53
3328	53
3339	53
3339	53
3351	53
3351	53
3351	53
3363	53
3363	53
3375	53
3375	53
3386	53
3386	53
3398	53
3398	53
3398	53
3410	53
3410	53
3421	53
3421	53
3433	53
3433	53
3445	53
3445	53
3457	53
3457	53
3468	53
3480	53
3480	53
3492	53
3492	53
3503	53
3503	53
3515	53
3527	53
3527	53
3539	53
3539	53
3550	53
3550	53
3562	54
3562	54
3574	54
3574	54
3585	54
3585	54
3597	54
3597	54
3609	54
3609	54
3621	54
3621	54
3632	54
3632	54
3644	54
3644	54
3656	54
3656	54
3667	54
3667	54
3679	54
3679	54
3691	54
3691	54
3703	54
3703	54
3714	54
3714	54
3726	54
3726	54
3726	54
3738	54
3738	54
3750	54
3750	54
3761	54
3761	54
3773	54
3773	54
3785	54
3785	54
3796	54
3796	54
3808	54
3808	54
3820	54
3820	54
3832	54
3832	54
3843	54
3843	55
3855	55
3855	55
3867	55
3867	55
3878	55
3878	55
3890	55
3890	55
3902	55
3902	55
3914	55
3914	55
3925	55
3925	55
3937	55
3937	55
3949	55
3949	55
3960	55
3960	55
3972	55
3972	55
3984	55
3984	55
3996	55
3996	55
4007	55
4007	55
4019	55
4019	55
4031	55
4031	55
4042	55
4042	55
4054	55
4054	55
4066	55
4066	55
4078	55
4089	55
4089	55
4101	55
4101	55
4113	55
4113	55
4125	55
4125	55
4136	55
4136	55
4148	56
4148	56
4148	56
4160	56
4160	56
4171	56
4183	56
4183	56
4195	56
4195	56
4207	56
4218	56
4218	56
4230	56
4242	56
4242	56
4253	56
4265	56
4265	56
4277	56
4277	56
4289	56
4300	56
4300	56
4312	56
4312	56
4324	56
4335	56
4335	56
4347	56
4347	56
4359	56
4359	56
4371	56
4371	56
4382	56
4382	56
4394	56
4394	56
4406	56
4406	56
4417	56
4429	56
4429	56
4441	56
4441	56
4453	56
4453	56
4464	56
4464	56
4476	57
4476	57
4488	57
4488	57
4500	57
4500	57
4511	57
4511	57
4523	57
4523	57
4535	57
4546	57
4546	57
4558	57
4558	57
4570	57
4570	57
4582	57
4582	57
4593	57
4593	57
4605	57
4605	57
4617	57
4617	57
4628	57
4628	57
4640	57
4640	57
4652	57
4652	57
4664	57
4664	57
4675	57
4675	57
4687	57
4687	57
4699	57
4699	57
4710	57
4722	57
4722	57
4734	57
4734	57
4746	57
4757	57
4757	57
4769	57
4769	57
4781	57
4781	58
4792	58
4792	58
4804	58
4804	58
4816	58
4816	58
4828	58
4828	58
4839	58
4839	58
4851	58
4851	58
4863	58
4875	58
4875	58
4886	58
4886	58
4898	58
4898	58
4910	58
4910	58
4921	58
4933	58
4933	58
4945	58
4945	58
4957	58
4968	58
4980	58
4980	58
4992	58
5003	58
5015	58
5015	58
5027	58
5039	58
5039	58
5050	58
5062	58
5062	58
5074	58
5085	58
5085	58
5097	58
5097	58
5109	58
5109	58
5121	58
5121	58
5132	59
5144	59
5144	59
5156	59
5156	59
5167	59
5179	59
5191	59
5191	59
5203	59
5214	59
5214	59
5226	59
5226	59
5238	59
5250	59
5250	59
5261	59
5261	59
5273	59
5285	59
5285	59
5296	59
5296	59
5308	59
5320	59
5320	59
5332	59
5332	59
5343	59
5343	59
5355	59
5367	59
5367	59
5378	59
5378	59
5390	59
5402	59
5402	59
5414	59
5414	59
5425	59
5425	59
5437	59
5449	59
5449	59
5460	59
5460	59
5472	59
5484	59
5484	60
5496	60
5507	60
5507	60
5519	60
5519	60
5531	60
5531	60
5542	60
5542	60
5554	60
5554	60
5566	60
5566	60
5578	60
5578	60
5589	60
5589	60
5601	60
5601	60
5613	60
5625	60
5625	60
5636	60
5636	60
5648	60
5660	60
5660	60
5671	60
5683	60
5683	60
5695	60
5695	60
5707	60
5718	60
5718	60
5730	60
5742	60
5742	60
5753	60
5765	60
5777	60
5777	60
5789	60
5800	60
5800	60
5812	60
5824	60
5824	60
5835	60
5835	61
5847	61
5859	61
5859	61
5871	61
5882	61
5882	61
5894	61
5906	61
5906	61
5917	61
5929	61
5929	61
5941	61
5953	61
5953	61
5964	61
5976	61
5976	61
5988	61
6000	61
6000	61
6011	61
6011	61
6023	61
6035	61
6035	61
6046	61
6058	61
6058	61
6070	61
6082	61
6082	61
6093	61
6105	61
6105	61
6117	61
6128	61
6128	61
6140	61
6152	61
6152	61
6164	61
6175	61
6175	61
6187	61
6199	61
6199	61
6210	61
6210	61
6222	62
6234	62
6246	62
6246	62
6257	62
6257	62
6269	62
6281	62
6281	62
6292	62
6304	62
6304	62
6316	62
6316	62
6328	62
6339	62
6339	62
6351	62
6363	62
6363	62
6375	62
6386	62
6386	62
6398	62
6410	62
6410	62
6421	62
6433	62
6433	62
6445	62
6457	62
6457	62
6468	62
6480	62
6492	62
6492	62
6503	62
6515	62
6527	62
6527	62
6539	62
6550	62
6550	62
6562	62
6574	62
6585	62
6585	62
6597	62
6609	62
6609	62
6621	63
6632	63
6632	63
6644	63
6656	63
6656	63
6667	63
6679	63
6679	63
6691	63
6703	63
6703	63
6714	63
6726	63
6726	63
6738	63
6750	63
6750	63
6761	63
6773	63
6773	63
6785	63
6796	63
6796	63
6808	63
6820	63
6820	63
6832	63
6843	63
6855	63
6855	63
6867	63
6878	63
6878	63
6890	63
6902	63
6902	63
6914	63
6925	63
6925	63
6937	63
6949	63
6949	63
6960	63
6972	63
6984	63
6984	63
6996	63
7007	63
7019	63
7019	64
7031	64
7031	64
7042	64
7054	64
7054	64
7066	64
7066	64
7078	64
7078	64
7089	64
7101	64
7101	64
7113	64
7125	64
7125	64
7136	64
7148	64
7148	64
7160	64
7171	64
7183	64
7183	64
7195	64
7207	64
7207	64
7218	64
7230	64
7242	64
7242	64
7253	64
7265	64
7277	64
7289	64
7289	64
7300	64
7312	64
7324	64
7324	64
7335	64
7347	64
7347	64
7359	64
7371	64
7382	64
7382	64
7394	64
7406	64
7417	64
7417	64
7429	65
7441	65
7453	65
7464	65
7476	65
7476	65
7488	65
7500	65
7511	65
7511	65
7523	65
7535	65
7535	65
7546	65
7558	65
7570	65
7570	65
7582	65
7593	65
7605	65
7617	65
7628	65
7628	65
7640	65
7652	65
7664	65
7675	65
7675	65
7687	65
7699	65
7710	65
7710	65
7722	65
7734	65
7746	65
7746	65
7757	65
7769	65
7781	65
7781	65
7792	65
7804	65
7804	65
7816	65
7828	65
7828	65
7839	65
7851	65
7851	65
7863	65
7875	66
7886	66
7886	66
7898	66
7910	66
7921	66
7921	66
7933	66
7945	66
7945	66
7957	66
7968	66
7980	66
7992	66
7992	66
8003	66
8015	66
8027	66
8027	66
8039	66
8050	66
8062	66
8062	66
8074	66
8085	66
8097	66
8109	66
8109	66
8121	66
8132	66
8144	66
8144	66
8156	66
8167	66
8179	66
8179	66
8191	66
8203	66
8214	66
8214	66
8226	66
8238	66
8250	66
8250	66
8261	66
8273	66
8285	66
8285	66
8296	66
8308	66
8320	67
8320	67
8332	67
8343	67
8355	67
8367	67
8378	67
8378	67
8390	67
8402	67
8414	67
8425	67
8425	67
8437	67
8449	67
8460	67
8460	67
8472	67
8484	67
8496	67
8507	67
8507	67
8519	67
8531	67
8531	67
8542	67
8554	67
8554	67
8566	67
8578	67
8589	67
8589	67
8601	67
8613	67
8613	67
8625	67
8636	67
8648	67
8660	67
8660	67
8671	67
8683	67
8695	67
8695	67
8707	67
8718	67
8730	67
8730	67
8742	67
8753	67
8765	68
8777	68
8777	68
8789	68
8800	68
8812	68
8824	68
8824	68
8835	68
8847	68
8859	68
8871	68
8871	68
8882	68
8894	68
8906	68
8906	68
8917	68
8929	68
8941	68
8953	68
8953	68
8964	68
8976	68
8988	68
9000	68
9000	68
9011	68
9023	68
9035	68
9035	68
9046	68
9058	68
9070	68
9082	68
9093	68
9105	68
9105	68
9117	68
9128	68
9140	68
9152	68
9164	68
9175	68
9187	68
9187	68
9199	68
9210	68
9222	68
9234	68
9234	69
9246	69
9257	69
9269	69
9281	69
9281	69
9292	69
9304	69
9316	69
9316	69
9328	69
9339	69
9351	69
9351	69
9363	69
9375	69
9386	69
9398	69
9410	69
9410	69
9421	69
9433	69
9445	69
9457	69
9457	69
9468	69
9480	69
9492	69
9503	69
9503	69
9515	69
9527	69
9539	69
9550	69
9550	69
9562	69
9574	69
9585	69
9597	69
9609	69
9621	69
9621	69
9632	69
9644	69
9656	69
9667	69
9667	69
9679	69
9691	69
9703	69
9714	70
9714	70
9726	70
9738	70
9750	70
9761	70
9761	70
9773	70
9785	70
9796	70
9808	70
9820	70
9832	70
9832	70
9843	70
9855	70
9867	70
9878	70
9890	70
9902	70
9914	70
9925	70
9937	70
9949	70
9960	70
9972	70
9972	70
9984	70
9996	70
10007	70
10019	70
10031	70
10031	70
10042	70
10054	70
10066	70
10078	70
10078	70
10089	70
10101	70
10113	70
10113	70
10125	70
10136	70
10148	70
10160	70
10171	70
10183	70
10195	70
10195	70
10207	71
10218	71
10230	71
10242	71
10242	71
10253	71
10265	71
10277	71
10289	71
10300	71
10300	71
10312	71
10324	71
10335	71
10347	71
10359	71
10371	71
10382	71
10382	71
10394	71
10406	71
10417	71
10429	71
10429	71
10441	71
10453	71
10464	71
10476	71
10488	71
10500	71
10500	71
10511	71
10523	71
10535	71
10546	71
10558	71
10570	71
10582	71
10593	71
10605	71
10617	71
10628	71
10640	71
10652	71
10664	71
10664	71
10675	71
10687	71
10699	71
10710	71
10722	72
10734	72
10746	72
10757	72
10757	72
10769	72
10781	72
10792	72
10804	72
10816	72
10816	72
10828	72
10839	72
10851	72
10863	72
10875	72
10875	72
10886	72
10898	72
10910	72
10921	72
10933	72
10945	72
10957	72
10957	72
10968	72
10980	72
10992	72
11003	72
11015	72
11027	72
11027	72
11039	72
11050	72
11062	72
11074	72
11085	72
11097	72
11109	72
11121	72
11121	72
11132	72
11144	72
11156	72
11167	72
11179	72
11191	72
11203	72
11203	72
11214	72
11226	73
11238	73
11250	73
11261	73
11273	73
11273	73
11285	73
11296	73
11308	73
11320	73
11332	73
11343	73
11355	73
11367	73
11378	73
11390	73
11402	73
11414	73
11425	73
11437	73
11449	73
11460	73
11472	73
11484	73
11496	73
11507	73
11507	73
11519	73
11531	73
11542	73
11554	73
11566	73
11578	73
11578	73
11589	73
11601	73
11613	73
11625	73
11636	73
11648	73
11648	73
11660	73
11671	73
11683	73
11695	73
11707	73
11718	73
11730	73
11742	73
11742	73
11753	74
11765	74
11777	74
11789	74
11800	74
11812	74
11824	74
11835	74
11835	74
11847	74
11859	74
11871	74
11882	74
11894	74
11906	74
11917	74
11917	74
11929	74
11941	74
11953	74
11964	74
11976	74
11988	74
11988	74
12000	74
12011	74
12023	74
12035	74
12046	74
12058	74
12070	74
12082	74
12093	74
12105	74
12117	74
12128	74
12140	74
12152	74
12164	74
12175	74
12187	74
12199	74
12210	74
12222	74
12222	74
12234	74
12246	74
12257	74
12269	74
12281	74
12292	75
12304	75
12316	75
12328	75
12339	75
12351	75
12363	75
12363	75
12375	75
12386	75
12398	75
12410	75
12421	75
12433	75
12445	75
12457	75
12468	75
12480	75
12492	75
12503	75
12515	75
12527	75
12539	75
12539	75
12550	75
12562	75
12574	75
12585	75
12597	75
12609	75
12621	75
12632	75
12644	75
12656	75
12667	75
12667	75
12679	75
12691	75
12703	75
12714	75
12726	75
12738	75
12738	75
12750	75
12761	75
12773	75
12785	75
12796	75
12808	75
12820	75
12832	76
12843	76
12855	76
12867	76
12878	76
12890	76
12902	76
12914	76
12925	76
12937	76
12949	76
12960	76
12972	76
12984	76
12984	76
12996	76
13007	76
13019	76
13031	76
13042	76
13054	76
13066	76
13078	76
13089	76
13101	76
13113	76
13125	76
13136	76
13136	76
13148	76
13160	76
13171	76
13183	76
13195	76
13207	76
13218	76
13230	76
13242	76
13253	76
13265	76
13277	76
13289	76
13300	76
13312	76
13324	76
13335	76
13347	76
13359	76
13371	76
13382	76
13394	77
13406	77
13417	77
13429	77
13429	77
13441	77
13453	77
13464	77
13476	77
13488	77
13500	77
13511	77
13523	77
13535	77
13546	77
13558	77
13570	77
13582	77
13593	77
13605	77
13617	77
13628	77
13640	77
13652	77
13664	77
13675	77
13687	77
13699	77
13710	77
13722	77
13734	77
13746	77
13757	77
13769	77
13781	77
13792	77
13804	77
13816	77
13828	77
13839	77
13851	77
13863	77
13875	77
13886	77
13898	77
13910	77
13921	77
13933	77
13945	77
13957	77
13968	78
13980	78
13992	78
14015	78
14027	78
14039	78
14050	78
14062	78
14074	78
14085	78
14097	78
14109	78
14121	78
14132	78
14144	78
14156	78
14156	78
14167	78
14179	78
14191	78
14203	78
14214	78
14214	78
14226	78
14238	78
14250	78
14261	78
14273	78
14285	78
14296	78
14308	78
14320	78
14332	78
14343	78
14355	78
14367	78
14378	78
14390	78
14402	78
14414	78
14425	78
14437	78
14449	78
14460	78
14472	78
14484	78
14496	78
14507	78
14519	78
14531	78
14542	79
14554	79
14566	79
14578	79
14589	79
14601	79
14613	79
14625	79
14636	79
14648	79
14660	79
14671	79
14683	79
14707	79
14718	79
14730	79
14742	79
14753	79
14777	79
14789	79
14800	79
14812	79
14824	79
14835	79
14847	79
14859	79
14871	79
14882	79
14894	79
14906	79
14917	79
14929	79
14941	79
14953	79
14964	79
14976	79
14988	79
15000	79
15011	79
15023	79
15046	79
15058	79
15070	79
15082	79
15093	79
15105	79
15117	79
15128	79
15140	79
15152	79
15164	80
15175	80
15187	80
15199	80
15210	80
15222	80
15234	80
15246	80
15257	80
15269	80
15281	80
15292	80
15304	80
15316	80
15328	80
15339	80
15351	80
15363	80
15375	80
15386	80
15398	80
15410	80
15421	80
15433	80
15445	80
15457	80
15480	80
15492	80
15503	80
15515	80
15539	80
15550	80
15562	80
15574	80
15585	80
15597	80
15609	80
15621	80
15632	80
15644	80
15656	80
15679	80
15691	80
15703	80
15714	80
15726	80
15738	80
15750	80
15761	80
15773	80
15785	81
15796	81
15808	81
15820	81
15832	81
15843	81
15855	81
15867	81
15878	81
15890	81
15902	81
15914	81
15925	81
15949	81
15960	81
15972	81
15984	81
15996	81
16007	81
16019	81
16031	81
16042	81
16054	81
16066	81
16078	81
16101	81
16113	81
16125	81
16136	81
16148	81
16160	81
16171	81
16183	81
16195	81
16207	81
16230	81
16242	81
16253	81
16277	81
16289	81
16300	81
16312	81
16324	81
16347	81
16359	81
16371	81
16382	81
16394	81
16406	81
16417	81
16429	82
16441	82
16453	82
16464	82
16476	82
16488	82
16500	82
16511	82
16523	82
16546	82
16558	82
16570	82
16582	82
16593	82
16605	82
16617	82
16628	82
16640	82
16652	82
16664	82
16675	82
16687	82
16699	82
16710	82
16722	82
16734	82
16746	82
16757	82
16769	82
16781	82
16792	82
16804	82
16816	82
16828	82
16839	82
16851	82
16863	82
16875	82
16886	82
16898	82
16910	82
16921	82
16945	82
16957	82
16968	82
16980	82
17003	82
17015	82
17039	82
17050	82
17062	83
17074	83
17085	83
17097	83
17109	83
17121	83
17132	83
17156	83
17167	83
17179	83
17203	83
17214	83
17226	83
17238	83
17250	83
17261	83
17273	83
17285	83
17296	83
17308	83
17332	83
17343	83
17355	83
17367	83
17378	83
17390	83
17402	83
17414	83
17425	83
17437	83
17449	83
17460	83
17472	83
17496	83
17507	83
17519	83
17531	83
17542	83
17542	83
17554	83
17566	83
17578	83
17589	83
17601	83
17613	83
17625	83
17636	83
17648	83
17660	83
17683	83
17695	84
17707	84
17718	84
17730	84
17742	84
17765	84
17777	84
17789	84
17800	84
17812	84
17824	84
17847	84
17859	84
17871	84
17882	84
17894	84
17906	84
17917	84
17929	84
17953	84
17964	84
17976	84
17988	84
18000	84
18011	84
18023	84
18035	84
18058	84
18070	84
18082	84
18093	84
18105	84
18117	84
18128	84
18152	84
18164	84
18175	84
18187	84
18199	84
18210	84
18222	84
18234	84
18257	84
18269	84
18281	84
18292	84
18304	84
18316	84
18328	84
18339	84
18351	85
18363	85
18375	85
18386	85
18398	85
18421	85
18433	85
18445	85
18457	85
18468	85
18480	85
18503	85
18515	85
18527	85
18539	85
18562	85
18574	85
18585	85
18597	85
18609	85
18621	85
18632	85
18644	85
18667	85
18679	85
18691	85
18703	85
18714	85
18726	85
18738	85
18750	85
18761	85
18785	85
18796	85
18808	85
18820	85
18832	85
18843	85
18855	85
18867	85
18890	85
18902	85
18914	85
18925	85
18937	85
18949	85
18960	85
18972	85
18996	85
19007	85
19019	86
19031	86
19042	86
19054	86
19066	86
19066	86
19078	86
19089	86
19101	86
19125	86
19136	86
19148	86
19160	86
19171	86
19183	86
19195	86
19218	86
19230	86
19242	86
19253	86
19265	86
19289	86
19300	86
19312	86
19324	86
19335	86
19359	86
19371	86
19382	86
19394	86
19406	86
19429	86
19441	86
19453	86
19476	86
19488	86
19500	86
19511	86
19523	86
19535	86
19558	86
19570	86
19582	86
19593	86
19617	86
19628	86
19640	86
19652	86
19675	86
19687	86
19699	87
19710	87
19722	87
19734	87
19757	87
19769	87
19781	87
19792	87
19804	87
19816	87
19828	87
19839	87
19851	87
19863	87
19886	87
19898	87
19910	87
19921	87
19933	87
19945	87
19968	87
19980	87
19992	87
20003	87
20015	87
20039	87
20050	87
20062	87
20074	87
20085	87
20109	87
20121	87
20132	87
20144	87
20156	87
20167	87
20179	87
20203	87
20214	87
20226	87
20238	87
20250	87
20261	87
20273	87
20296	87
20308	87
20320	87
20332	87
20355	87
20367	87
20378	88
20390	88
20414	88
20425	88
20437	88
20449	88
20460	88
20472	88
20496	88
20507	88
20519	88
20531	88
20542	88
20554	88
20566	88
20578	88
20589	88
20601	88
20613	88
20636	88
20648	88
20660	88
20671	88
20683	88
20695	88
20718	88
20730	88
20742	88
20753	88
20765	88
20777	88
20789	88
20812	88
20824	88
20835	88
20847	88
20859	88
20882	88
20894	88
20906	88
20917	88
20929	88
20941	88
20964	88
20976	88
20988	88
21000	88
21011	88
21023	88
21046	88
21058	89
21070	89
21082	89
21105	89
21117	89
21128	89
21152	89
21164	89
21175	89
21187	89
21210	89
21222	89
21234	89
21246	89
21257	89
21281	89
21292	89
21304	89
21316	89
21328	89
21339	89
21351	89
21363	89
21375	89
21398	89
21410	89
21421	89
21433	89
21445	89
21468	89
21480	89
21492	89
21503	89
21515	89
21527	89
21550	89
21562	89
21574	89
21585	89
21597	89
21621	89
21632	89
21644	89
21656	89
21667	89
21679	89
21703	89
21714	89
21726	89
21738	89
21750	90
21761	90
21785	90
21796	90
21808	90
21820	90
21843	90
21855	90
21867	90
21890	90
21902	90
21914	90
21937	90
21949	90
21960	90
21972	90
21996	90
22007	90
22019	90
22031	90
22042	90
22066	90
22078	90
22089	90
22101	90
22113	90
22125	90
22136	90
22160	90
22171	90
22183	90
22195	90
22207	90
22230	90
22242	90
22253	90
22265	90
22277	90
22289	90
22312	90
22324	90
22335	90
22347	90
22371	90
22382	90
22394	90
22406	90
22417	90
22429	90
22453	90
22464	91
22476	91
22488	91
22500	91
22523	91
22535	91
22546	91
22558	91
22582	91
22593	91
22617	91
22628	91
22640	91
22664	91
22675	91
22687	91
22710	91
22722	91
22734	91
22746	91
22769	91
22781	91
22792	91
22804	91
22816	91
22828	91
22851	91
22863	91
22875	91
22886	91
22898	91
22921	91
22933	91
22945	91
22957	91
22980	91
22992	91
23003	91
23015	91
23027	91
23050	91
23062	91
23074	91
23085	91
23109	91
23121	91
23132	91
23144	91
23156	91
23179	91
23191	92
23203	92
23226	92
23238	92
23250	92
23261	92
23273	92
23296	92
23308	92
23320	92
23343	92
23355	92
23367	92
23390	92
23402	92
23425	92
23437	92
23449	92
23472	92
23484	92
23496	92
23507	92
23531	92
23542	92
23554	92
23566	92
23578	92
23589	92
23613	92
23625	92
23636	92
23648	92
23671	92
23683	92
23695	92
23707	92
23718	92
23742	92
23753	92
23765	92
23777	92
23789	92
23812	92
23824	92
23835	92
23859	92
23871	92
23882	92
23894	92
23906	92
23929	93
23941	93
23953	93
23964	93
23976	93
23988	93
24011	93
24023	93
24035	93
24046	93
24070	93
24082	93
24093	93
24117	93
24128	93
24152	93
24164	93
24175	93
24199	93
24210	93
24222	93
24246	93
24257	93
24269	93
24281	93
24304	93
24316	93
24328	93
24351	93
24363	93
24375	93
24386	93
24410	93
24421	93
24433	93
24445	93
24468	93
24480	93
24492	93
24515	93
24527	93
24539	93
24562	93
24574	93
24585	93
24609	93
24621	93
24632	93
24644	93
24667	93
24679	94
24691	94
24703	94
24714	94
24738	94
24750	94
24761	94
24773	94
24796	94
24808	94
24820	94
24843	94
24855	94
24867	94
24890	94
24902	94
24925	94
24937	94
24949	94
24960	94
24984	94
24996	94
25007	94
25031	94
25042	94
25054	94
25078	94
25089	94
25101	94
25113	94
25136	94
25148	94
25160	94
25171	94
25195	94
25207	94
25218	94
25242	94
25253	94
25277	94
25289	94
25300	94
25324	94
25335	94
25347	94
25371	94
25382	94
25394	94
25406	94
25429	94
25441	95
25453	95
25464	95
25488	95
25500	95
25511	95
25523	95
25546	95
25558	95
25570	95
25593	95
25605	95
25628	95
25640	95
25664	95
25675	95
25687	95
25710	95
25722	95
25734	95
25757	95
25769	95
25781	95
25804	95
25816	95
25839	95
25851	95
25875	95
25886	95
25898	95
25910	95
25933	95
25945	95
25957	95
25980	95
25992	95
26015	95
26027	95
26050	95
26062	95
26074	95
26085	95
26109	95
26121	95
26132	95
26156	95
26167	95
26179	95
26191	95
26203	95
26214	96
26226	96
26238	96
26261	96
26273	96
26285	96
26308	96
26320	96
26332	96
26343	96
26367	96
26378	96
26390	96
26414	96
26425	96
26437	96
26460	96
26472	96
26484	96
26496	96
26519	96
26531	96
26542	96
26566	96
26578	96
26601	96
26613	96
26625	96
26648	96
26660	96
26671	96
26695	96
26707	96
26730	96
26742	96
26765	96
26777	96
26800	96
26812	96
26835	96
26847	96
26859	96
26871	96
26894	96
26906	96
26917	96
26941	96
26953	96
26964	96
26976	96
27000	97
27011	97
27023	97
27046	97
27058	97
27070	97
27082	97
27105	97
27117	97
27128	97
27140	97
27164	97
27175	97
27187	97
27210	97
27222	97
27234	97
27257	97
27269	97
27281	97
27292	97
27316	97
27328	97
27339	97
27351	97
27375	97
27386	97
27398	97
27421	97
27433	97
27445	97
27468	97
27480	97
27503	97
27527	97
27539	97
27562	97
27574	97
27585	97
27609	97
27621	97
27632	97
27656	97
27667	97
27679	97
27703	97
27714	97
27726	97
27750	97
27761	97
27773	98
27796	98
27808	98
27820	98
27832	98
27855	98
27867	98
27878	98
27902	98
27914	98
27925	98
27937	98
27960	98
27972	98
27984	98
28007	98
28019	98
28031	98
28054	98
28066	98
28078	98
28101	98
28113	98
28125	98
28148	98
28160	98
28171	98
28195	98
28207	98
28230	98
28253	98
28265	98
28289	98
28300	98
28324	98
28335	98
28347	98
28371	98
28382	98
28394	98
28417	98
28429	98
28441	98
28464	98
28476	98
28488	98
28500	98
28523	98
28535	98
28546	98
28570	99
28582	99
28593	99
28605	99
28628	99
28640	99
28652	99
28664	99
28687	99
28699	99
28710	99
28734	99
28746	99
28757	99
28781	99
28792	99
28804	99
28816	99
28828	99
28851	99
28863	99
28875	99
28898	99
28910	99
28921	99
28945	99
28957	99
28980	99
28992	99
29015	99
29039	99
29050	99
29074	99
29085	99
29097	99
29121	99
29132	99
29144	99
29167	99
29191	99
29203	99
29226	99
29238	99
29250	99
29261	99
29285	99
29296	99
29320	99
29332	99
29343	99
29355	100
29378	100
29390	100
29402	100
29414	100
29437	100
29449	100
29460	100
29484	100
29496	100
29519	100
29531	100
29542	100
29554	100
29566	100
29578	100
29589	100
29601	100
29625	100
29636	100
29660	100
29671	100
29683	100
29707	100
29718	100
29730	100
29753	100
29765	100
29789	100
29800	100
29824	100
29835	100
29847	100
29871	100
29882	100
29894	100
29917	100
29929	100
29953	100
29964	100
29988	100
30000	100
30011	100
30035	100
30046	100
30058	100
30082	100
30093	100
30105	100
30128	100
30140	101
30164	101
30175	101
30187	101
30210	101
30222	101
30234	101
30257	101
30269	101
30281	101
30304	101
30316	101
30328	101
30339	101
30363	101
30375	101
30386	101
30410	101
30421	101
30433	101
30457	101
30468	101
30492	101
30503	101
30527	101
30539	101
30562	101
30574	101
30585	101
30609	101
30621	101
30632	101
30656	101
30667	101
30679	101
30703	101
30714	101
30726	101
30750	101
30761	101
30773	101
30796	101
30808	101
30820	101
30843	101
30855	101
30867	101
30890	101
30902	101
30914	101
30937	102
30949	102
30972	102
30984	102
30996	102
31019	102
31031	102
31042	102
31054	102
31066	102
31078	102
31089	102
31113	102
31125	102
31136	102
31160	102
31171	102
31195	102
31207	102
31218	102
31242	102
31253	102
31277	102
31289	102
31312	102
31324	102
31347	102
31359	102
31371	102
31394	102
31406	102
31429	102
31441	102
31464	102
31476	102
31500	102
31511	102
31523	102
31546	102
31558	102
31582	102
31593	102
31617	102
31628	102
31652	102
31664	102
31687	102
31699	102
31722	102
31734	102
31757	103
31769	103
31781	103
31804	103
31816	103
31828	103
31839	103
31863	103
31875	103
31886	103
31910	103
31921	103
31945	103
31957	103
31968	103
31992	103
32003	103
32027	103
32039	103
32062	103
32074	103
32085	103
32109	103
32121	103
32144	103
32156	103
32167	103
32191	103
32203	103
32214	103
32238	103
32250	103
32261	103
32285	103
32296	103
32320	103
32332	103
32355	103
32367	103
32390	103
32402	103
32414	103
32437	103
32449	103
32472	103
32484	103
32507	103
32519	103
32531	103
32542	103
32566	104
32578	104
32589	104
32601	104
32625	104
32636	104
32660	104
32671	104
32683	104
32707	104
32718	104
32730	104
32753	104
32765	104
32789	104
32800	104
32812	104
32835	104
32847	104
32871	104
32882	104
32894	104
32917	104
32929	104
32953	104
32964	104
32976	104
33000	104
33011	104
33023	104
33046	104
33058	104
33082	104
33093	104
33117	104
33128	104
33152	104
33164	104
33187	104
33199	104
33222	104
33234	104
33257	104
33269	104
33281	104
33304	104
33316	104
33328	104
33351	104
33363	104
33375	105
33398	105
33410	105
33421	105
33445	105
33457	105
33480	105
33492	105
33503	105
33527	105
33539	105
33550	105
33574	105
33585	105
33609	105
33621	105
33632	105
33656	105
33667	105
33679	105
33703	105
33714	105
33738	105
33750	105
33761	105
33785	105
33796	105
33820	105
33832	105
33855	105
33867	105
33890	105
33914	105
33925	105
33949	105
33960	105
33984	105
33996	105
34007	105
34031	105
34042	105
34054	105
34078	105
34089	105
34101	105
34125	105
34136	105
34160	105
34171	105
34195	105
34207	106
34218	106
34242	106
34253	106
34265	106
34289	106
34300	106
34312	106
34335	106
34347	106
34371	106
34382	106
34406	106
34417	106
34429	106
34453	106
34464	106
34488	106
34500	106
34511	106
34535	106
34546	106
34570	106
34582	106
34605	106
34628	106
34640	106
34664	106
34687	106
34699	106
34722	106
34734	106
34746	106
34769	106
34781	106
34804	106
34816	106
34828	106
34851	106
34863	106
34875	106
34898	106
34910	106
34933	106
34945	106
34968	106
34980	106
34992	106
35015	106
35027	106
35050	107
35062	107
35085	107
35097	107
35121	107
35132	107
35144	107
35167	107
35179	107
35203	107
35214	107
35238	107
35250	107
35261	107
35285	107
35296	107
35320	107
35332	107
35355	107
35378	107
35390	107
35414	107
35437	107
35449	107
35472	107
35484	107
35496	107
35519	107
35531	107
35554	107
35566	107
35578	107
35601	107
35613	107
35636	107
35648	107
35671	107
35683	107
35695	107
35718	107
35730	107
35753	107
35765	107
35777	107
35800	107
35812	107
35835	107
35847	107
35871	107
35882	107
35906	108
35917	108
35929	108
35953	108
35964	108
35976	108
36000	108
36011	108
36035	108
36046	108
36070	108
36082	108
36105	108
36128	108
36140	108
36164	108
36175	108
36199	108
36210	108
36234	108
36246	108
36269	108
36281	108
36304	108
36316	108
36339	108
36351	108
36375	108
36386	108
36410	108
36421	108
36445	108
36457	108
36480	108
36492	108
36515	108
36527	108
36550	108
36562	108
36585	108
36597	108
36621	108
36632	108
36656	108
36667	108
36679	108
36703	108
36714	108
36738	108
36750	108
36773	109
36785	109
36808	109
36820	109
36843	109
36855	109
36878	109
36890	109
36914	109
36937	109
36949	109
36972	109
36984	109
37007	109
37019	109
37042	109
37054	109
37078	109
37089	109
37113	109
37125	109
37136	109
37160	109
37171	109
37195	109
37218	109
37230	109
37253	109
37265	109
37289	109
37300	109
37324	109
37335	109
37359	109
37382	109
37394	109
37406	109
37429	109
37441	109
37464	109
37476	109
37500	109
37511	109
37535	109
37546	109
37570	109
37582	109
37605	109
37628	109
37640	109
37664	110
37687	110
37699	110
37722	110
37734	110
37757	110
37769	110
37792	110
37816	110
37828	110
37851	110
37875	110
37886	110
37898	110
37921	110
37945	110
37957	110
37980	110
38003	110
38015	110
38039	110
38050	110
38074	110
38085	110
38109	110
38132	110
38144	110
38156	110
38179	110
38191	110
38203	110
38214	110
38238	110
38250	110
38273	110
38285	110
38308	110
38320	110
38343	110
38355	110
38378	110
38390	110
38414	110
38425	110
38449	110
38460	110
38484	110
38507	110
38519	110
38542	110
38554	111
38578	111
38601	111
38613	111
38636	111
38648	111
38671	111
38683	111
38707	111
38730	111
38753	111
38765	111
38789	111
38812	111
38835	111
38847	111
38859	111
38882	111
38906	111
38917	111
38941	111
38953	111
38976	111
38988	111
39011	111
39023	111
39046	111
39058	111
39082	111
39093	111
39117	111
39128	111
39152	111
39164	111
39187	111
39199	111
39222	111
39246	111
39257	111
39281	111
39292	111
39316	111
39328	111
39351	111
39363	111
39386	111
39398	111
39421	111
39433	111
39457	111
39480	112
39503	112
39527	112
39539	112
39562	112
39585	112
39597	112
39621	112
39632	112
39656	112
39679	112
39691	112
39714	112
39726	112
39750	112
39761	112
39785	112
39796	112
39820	112
39843	112
39855	112
39878	112
39890	112
39914	112
39925	112
39949	112
39960	112
39984	112
40007	112
40019	112
40042	112
40054	112
40078	112
40101	112
40113	112
40136	112
40148	112
40171	112
40183	112
40207	112
40230	112
40253	112
40277	112
40300	112
40324	112
40335	112
40359	112
40371	112
40394	112
40406	112
40429	113
40453	113
40464	113
40488	113
40500	113
40523	113
40535	113
40558	113
40570	113
40593	113
40605	113
40628	113
40640	113
40664	113
40675	113
40699	113
40710	113
40734	113
40757	113
40769	113
40781	113
40804	113
40816	113
40839	113
40851	113
40875	113
40886	113
40910	113
40933	113
40945	113
40968	113
40992	113
41015	113
41039	113
41062	113
41085	113
41097	113
41121	113
41132	113
41156	113
41179	113
41203	113
41226	113
41238	113
41261	113
41273	113
41296	113
41320	113
41332	113
41355	113
41367	114
41390	114
41402	114
41425	114
41437	114
41460	114
41484	114
41496	114
41519	114
41531	114
41554	114
41566	114
41578	114
41601	114
41613	114
41636	114
41648	114
41671	114
41695	114
41707	114
41730	114
41753	114
41765	114
41789	114
41812	114
41835	114
41847	114
41871	114
41882	114
41906	114
41929	114
41953	114
41964	114
41988	114
42000	114
42023	114
42046	114
42058	114
42082	114
42093	114
42117	114
42140	114
42164	114
42175	114
42199	114
42210	114
42234	114
42257	114
42269	114
42292	114
42304	115
42328	115
42339	115
42363	115
42375	115
42398	115
42421	115
42433	115
42457	115
42480	115
42492	115
42515	115
42539	115
42562	115
42574	115
42597	115
42621	115
42632	115
42656	115
42667	115
42691	115
42714	115
42726	115
42750	115
42761	115
42785	115
42808	115
42820	115
42843	115
42855	115
42878	115
42890	115
42914	115
42937	115
42949	115
42972	115
42996	115
43007	115
43031	115
43042	115
43054	115
43066	115
43089	115
43101	115
43125	115
43148	115
43160	115
43183	115
43195	115
43218	115
43242	116
43265	116
43277	116
43300	116
43324	116
43335	116
43359	116
43382	116
43394	116
43417	116
43441	116
43464	116
43488	116
43500	116
43523	116
43535	116
43558	116
43582	116
43605	116
43617	116
43640	116
43664	116
43687	116
43699	116
43722	116
43746	116
43757	116
43781	116
43792	116
43816	116
43828	116
43851	116
43863	116
43886	116
43910	116
43921	116
43945	116
43968	116
43980	116
44003	116
44027	116
44039	116
44062	116
44085	116
44097	116
44121	116
44144	116
44156	116
44179	116
44203	116
44214	117
44238	117
44250	117
44273	117
44296	117
44308	117
44332	117
44355	117
44367	117
44390	117
44414	117
44437	117
44449	117
44472	117
44496	117
44507	117
44531	117
44542	117
44566	117
44578	117
44601	117
44613	117
44636	117
44648	117
44671	117
44695	117
44707	117
44730	117
44742	117
44765	117
44789	117
44800	117
44824	117
44847	117
44859	117
44882	117
44906	117
44917	117
44941	117
44953	117
44976	117
45000	117
45011	117
45035	117
45058	117
45070	117
45093	117
45117	117
45140	117
45164	117
45175	118
45199	118
45222	118
45234	118
45257	118
45281	118
45292	118
45316	118
45328	118
45351	118
45363	118
45386	118
45410	118
45421	118
45445	118
45468	118
45480	118
45503	118
45527	118
45539	118
45562	118
45585	118
45597	118
45621	118
45644	118
45656	118
45679	118
45691	118
45714	118
45738	118
45750	118
45773	118
45796	118
45808	118
45832	118
45855	118
45878	118
45902	118
45925	118
45949	118
45960	118
45984	118
46007	118
46019	118
46042	118
46054	118
46078	118
46101	118
46113	118
46136	118
46160	119
46171	119
46195	119
46207	119
46230	119
46253	119
46265	119
46289	119
46300	119
46324	119
46347	119
46371	119
46382	119
46406	119
46417	119
46441	119
46464	119
46476	119
46500	119
46523	119
46535	119
46558	119
46582	119
46605	119
46628	119
46652	119
46675	119
46699	119
46710	119
46734	119
46757	119
46769	119
46792	119
46816	119
46828	119
46851	119
46863	119
46886	119
46910	119
46933	119
46945	119
46968	119
46992	119
47003	119
47027	119
47050	119
47062	119
47085	119
47109	119
47132	119
47144	120
47167	120
47191	120
47203	120
47226	120
47250	120
47261	120
47285	120
47308	120
47332	120
47355	120
47378	120
47402	120
47425	120
47437	120
47460	120
47484	120
47507	120
47519	120
47542	120
47566	120
47578	120
47601	120
47613	120
47636	120
47660	120
47683	120
47695	120
47718	120
47742	120
47753	120
47777	120
47789	120
47812	120
47835	120
47859	120
47871	120
47894	120
47917	120
47929	120
47953	120
47976	120
47988	120
48011	120
48035	120
48046	120
48070	120
48093	120
48117	120
48140	120
48164	121
48187	121
48199	121
48222	121
48246	121
48269	121
48281	121
48304	121
48328	121
48351	121
48363	121
48386	121
48410	121
48433	121
48457	121
48468	121
48492	121
48515	121
48539	121
48562	121
48574	121
48597	121
48621	121
48644	121
48656	121
48679	121
48703	121
48714	121
48738	121
48761	121
48773	121
48796	121
48820	121
48843	121
48867	121
48878	121
48902	121
48925	121
48949	121
48972	121
48984	121
49007	121
49031	121
49054	121
49066	121
49089	121
49113	121
49136	121
49148	121
49171	121
49195	122
49218	122
49242	122
49253	122
49277	122
49300	122
49324	122
49347	122
49359	122
49382	122
49406	122
49417	122
49441	122
49464	122
49488	122
49500	122
49523	122
49546	122
49570	122
49582	122
49605	122
49628	122
49652	122
49675	122
49699	122
49722	122
49746	122
49757	122
49781	122
49804	122
49839	122
49851	122
49875	122
49898	122
49921	122
49945	122
49968	122
49980	122
50003	122
50027	122
50050	122
50074	122
50097	122
50121	122
50132	122
50156	122
50179	122
50191	122
50214	122
50226	122
50250	123
50273	123
50296	123
50308	123
50332	123
50355	123
50378	123
50390	123
50414	123
50437	123
50460	123
50484	123
50496	123
50519	123
50542	123
50566	123
50589	123
50613	123
50625	123
50648	123
50671	123
50695	123
50718	123
50742	123
50765	123
50789	123
50812	123
50835	123
50859	123
50882	123
50894	123
50917	123
50941	123
50964	123
50988	123
51000	123
51023	123
51046	123
51070	123
51093	123
51105	123
51128	123
51152	123
51175	123
51199	123
51210	123
51234	123
51257	123
51281	123
51304	123
51316	124
51339	124
51363	124
51386	124
51410	124
51421	124
51445	124
51480	124
51503	124
51527	124
51550	124
51574	124
51597	124
51621	124
51632	124
51656	124
51679	124
51703	124
51726	124
51750	124
51761	124
51785	124
51808	124
51832	124
51855	124
51878	124
51890	124
51914	124
51937	124
51960	124
51984	124
52007	124
52019	124
52042	124
52066	124
52089	124
52113	124
52136	124
52148	124
52171	124
52195	124
52218	124
52253	124
52277	124
52300	124
52324	124
52347	124
52371	124
52394	124
52406	124
52429	125
52453	125
52476	125
52500	125
52523	125
52546	125
52558	125
52582	125
52605	125
52617	125
52640	125
52664	125
52687	125
52710	125
52722	125
52746	125
52769	125
52792	125
52804	125
52828	125
52851	125
52875	125
52898	125
52910	125
52933	125
52968	125
52992	125
53015	125
53050	125
53074	125
53097	125
53109	125
53132	125
53156	125
53179	125
53214	125
53238	125
53250	125
53273	125
53296	125
53320	125
53343	125
53367	125
53378	125
53402	125
53425	125
53449	125
53472	125
53496	125
53519	125
53531	126
53554	126
53566	126
53589	126
53601	126
53625	126
53648	126
53671	126
53695	126
53718	126
53742	126
53765	126
53789	126
53812	126
53835	126
53859	126
53871	126
53894	126
53917	126
53941	126
53964	126
53988	126
54011	126
54035	126
54058	126
54082	126
54105	126
54117	126
54140	126
54164	126
54187	126
54210	126
54234	126
54257	126
54281	126
54304	126
54316	126
54339	126
54363	126
54386	126
54410	126
54433	126
54445	126
54480	126
54503	126
54527	126
54550	126
54574	126
54597	126
54609	126
54632	127
54656	127
54679	127
54703	127
54726	127
54750	127
54761	127
54785	127
54808	127
54832	127
54855	127
54878	127
54902	127
54914	127
54937	127
54960	127
54984	127
55007	127
55031	127
55042	127
55066	127
55078	127
55101	127
55125	127
55148	127
55160	127
55183	127
55207	127
55230	127
55253	127
55277	127
55300	127
55324	127
55347	127
55371	127
55394	127
55417	127
55441	127
55464	127
55488	127
55511	127
55535	127
55558	127
55582	127
55605	127
55628	127
55652	127
55675	127
55699	127
55722	127
55746	128
55769	128
55792	128
55804	128
55828	128
55851	128
55875	128
55898	128
55921	128
55945	128
55968	128
55980	128
56003	128
56039	128
56050	128
56074	128
56097	128
56121	128
56144	128
56167	128
56191	128
56214	128
56238	128
56261	128
56273	128
56296	128
56320	128
56343	128
56367	128
56390	128
56414	128
56437	128
56460	128
56484	128
56507	128
56531	128
56554	128
56566	128
56589	128
56613	128
56625	128
56648	128
56671	128
56695	128
56718	128
56742	128
56765	128
56789	128
56800	128
56824	128
56847	129
56871	129
56894	129
56917	129
56941	129
56964	129
56976	129
57000	129
57023	129
57046	129
57070	129
57093	129
57117	129
57140	129
57164	129
57187	129
57210	129
57234	129
57257	129
57281	129
57304	129
57328	129
57339	129
57363	129
57386	129
57410	129
57433	129
57457	129
57480	129
57503	129
57527	129
57539	129
57562	129
57585	129
57609	129
57632	129
57656	129
57679	129
57703	129
57726	129
57750	129
57773	129
57796	129
57820	129
57843	129
57867	129
57890	129
57914	129
57937	129
57960	129
57984	130
58007	130
58031	130
58054	130
58078	130
58089	130
58113	130
58136	130
58160	130
58183	130
58207	130
58230	130
58242	130
58265	130
58289	130
58312	130
58335	130
58359	130
58382	130
58406	130
58429	130
58441	130
58464	130
58488	130
58511	130
58535	130
58558	130
58582	130
58605	130
58640	130
58664	130
58687	130
58710	130
58734	130
58757	130
58781	130
58804	130
58828	130
58839	130
58863	130
58886	130
58910	130
58933	130
58957	130
58980	130
59003	130
59027	130
59050	130
59074	130
59097	130
59121	131
59144	131
59156	131
59179	131
59203	131
59226	131
59250	131
59273	131
59296	131
59320	131
59355	131
59378	131
59402	131
59425	131
59449	131
59472	131
59496	131
59519	131
59542	131
59566	131
59589	131
59613	131
59625	131
59648	131
59671	131
59695	131
59718	131
59742	131
59765	131
59789	131
59812	131
59835	131
59859	131
59882	131
59906	131
59917	131
59941	131
59964	131
59988	131
60011	131
60035	131
60058	131
60082	131
60105	131
60128	131
60152	131
60175	131
60199	131
60222	131
60246	131
60269	132
60292	132
60316	132
60339	132
60363	132
60386	132
60410	132
60433	132
60457	132
60480	132
60503	132
60539	132
60550	132
60585	132
60609	132
60632	132
60656	132
60667	132
60691	132
60714	132
60738	132
60761	132
60785	132
60808	132
60832	132
60855	132
60890	132
60914	132
60937	132
60960	132
60984	132
61007	132
61031	132
61054	132
61078	132
61101	132
61125	132
61148	132
61171	132
61195	132
61218	132
61242	132
61265	132
61289	132
61312	132
61335	132
61359	132
61382	132
61406	132
61429	132
61453	133
61476	133
61500	133
61523	133
61546	133
61570	133
61593	133
61617	133
61640	133
61664	133
61687	133
61710	133
61734	133
61757	133
61792	133
61816	133
61839	133
61863	133
61886	133
61910	133
61933	133
61957	133
61980	133
62015	133
62039	133
62062	133
62085	133
62109	133
62132	133
62156	133
62179	133
62191	133
62214	133
62238	133
62261	133
62285	133
62308	133
62332	133
62355	133
62378	133
62402	133
62425	133
62449	133
62472	133
62496	133
62519	133
62542	133
62566	133
62601	133
62625	133
62636	134
62660	134
62695	134
62718	134
62742	134
62777	134
62800	134
62824	134
62847	134
62871	134
62894	134
62917	134
62941	134
62964	134
62988	134
63011	134
63035	134
63058	134
63082	134
63105	134
63128	134
63152	134
63175	134
63199	134
63222	134
63246	134
63269	134
63292	134
63316	134
63339	134
63363	134
63386	134
63410	134
63433	134
63457	134
63480	134
63515	134
63539	134
63562	134
63585	134
63609	134
63632	134
63656	134
63691	134
63714	134
63738	134
63750	134
63785	134
63808	134
63832	134
63855	135
63878	135
63902	135
63925	135
63949	135
63972	135
63996	135
64019	135
64042	135
64066	135
64089	135
64113	135
64136	135
64160	135
64183	135
64218	135
64242	135
64277	135
64300	135
64335	135
64359	135
64371	135
64406	135
64429	135
64453	135
64476	135
64500	135
64523	135
64546	135
64570	135
64593	135
64617	135
64628	135
64652	135
64675	135
64699	135
64722	135
64757	135
64769	135
64792	135
64816	135
64839	135
64863	135
64886	135
64910	135
64933	135
64957	135
64992	135
65015	135
65050	135
65074	136
65097	136
65121	136
65144	136
65179	136
65203	136
65226	136
65250	136
65273	136
65296	136
65320	136
65343	136
65367	136
65390	136
65414	136
65437	136
65460	136
65484	136
65507	136
65531	136
65554	136
65566	136
65589	136
65613	136
65636	136
65660	136
65683	136
65718	136
65742	136
65765	136
65789	136
65824	136
65847	136
65871	136
65894	136
65917	136
65941	136
65964	136
66000	136
66023	136
66046	136
66070	136
66093	136
66117	136
66140	136
66164	136
66187	136
66222	136
66246	136
66269	136
66292	137
66316	137
66339	137
66363	137
66386	137
66410	137
66433	137
66457	137
66480	137
66503	137
66539	137
66562	137
66585	137
66609	137
66632	137
66656	137
66679	137
66703	137
66726	137
66750	137
66773	137
66796	137
66832	137
66855	137
66878	137
66902	137
66925	137
66949	137
66972	137
66996	137
67019	137
67042	137
67054	137
67078	137
67101	137
67125	137
67148	137
67171	137
67195	137
67218	137
67253	137
67277	137
67300	137
67324	137
67347	137
67371	137
67406	137
67429	137
67464	137
67488	137
67511	138
67535	138
67558	138
67582	138
67617	138
67640	138
67664	138
67699	138
67722	138
67746	138
67769	138
67792	138
67816	138
67839	138
67863	138
67886	138
67910	138
67933	138
67968	138
67992	138
68015	138
68039	138
68062	138
68085	138
68121	138
68144	138
68167	138
68191	138
68214	138
68238	138
68261	138
68285	138
68308	138
68343	138
68367	138
68390	138
68414	138
68437	138
68460	138
68496	138
68519	138
68542	138
68554	138
68578	138
68601	138
68625	138
68648	138
68671	138
68707	138
68730	138
68753	139
68777	139
68800	139
68824	139
68847	139
68871	139
68894	139
68917	139
68941	139
68976	139
69000	139
69023	139
69046	139
69070	139
69093	139
69128	139
69152	139
69175	139
69210	139
69234	139
69257	139
69281	139
69304	139
69328	139
69351	139
69375	139
69398	139
69421	139
69445	139
69468	139
69492	139
69527	139
69550	139
69574	139
69597	139
69621	139
69644	139
69667	139
69691	139
69714	139
69750	139
69773	139
69796	139
69820	139
69843	139
69878	139
69902	139
69937	139
69960	139
69984	139
70007	140
70031	140
70054	140
70078	140
70101	140
70125	140
70148	140
70183	140
70207	140
70230	140
70253	140
70277	140
70300	140
70324	140
70347	140
70371	140
70394	140
70417	140
70441	140
70476	140
70500	140
70523	140
70546	140
70570	140
70593	140
70628	140
70652	140
70687	140
70710	140
70734	140
70757	140
70781	140
70804	140
70828	140
70851	140
70886	140
70910	140
70933	140
70957	140
70980	140
71003	140
71027	140
71062	140
71085	140
71109	140
71132	140
71156	140
71179	140
71214	140
71238	140
71261	141
71285	141
71308	141
71343	141
71367	141
71402	141
71425	141
71449	141
71484	141
71507	141
71531	141
71554	141
71578	141
71601	141
71625	141
71648	141
71683	141
71707	141
71730	141
71753	141
71777	141
71800	141
71824	141
71847	141
71882	141
71906	141
71929	141
71953	141
71976	141
72000	141
72023	141
72046	141
72070	141
72105	141
72128	141
72152	141
72187	141
72210	141
72234	141
72257	141
72281	141
72316	141
72339	141
72363	141
72386	141
72410	141
72433	141
72468	141
72492	141
72515	141
72539	142
72562	142
72597	142
72621	142
72644	142
72667	142
72691	142
72714	142
72738	142
72761	142
72796	142
72820	142
72843	142
72878	142
72902	142
72925	142
72960	142
72984	142
73007	142
73031	142
73054	142
73089	142
73113	142
73136	142
73160	142
73183	142
73218	142
73242	142
73265	142
73300	142
73324	142
73347	142
73371	142
73406	142
73429	142
73453	142
73476	142
73500	142
73523	142
73546	142
73582	142
73605	142
73628	142
73664	142
73687	142
73710	142
73746	142
73769	142
73792	142
73828	142
73851	143
73875	143
73910	143
73933	143
73957	143
73980	143
74015	143
74039	143
74062	143
74097	143
74121	143
74144	143
74167	143
74191	143
74214	143
74238	143
74261	143
74285	143
74308	143
74332	143
74355	143
74390	143
74414	143
74437	143
74460	143
74496	143
74519	143
74542	143
74566	143
74601	143
74625	143
74648	143
74671	143
74707	143
74730	143
74765	143
74800	143
74824	143
74847	143
74882	143
74906	143
74929	143
74953	143
74976	143
75011	143
75035	143
75058	143
75082	143
75117	143
75140	143
75164	144
75187	144
75210	144
75246	144
75269	144
75292	144
75316	144
75351	144
75375	144
75398	144
75421	144
75445	144
75480	144
75515	144
75539	144
75574	144
75597	144
75621	144
75644	144
75679	144
75703	144
75726	144
75750	144
75785	144
75808	144
75832	144
75855	144
75890	144
75914	144
75937	144
75960	144
75984	144
76019	144
76042	144
76066	144
76101	144
76125	144
76148	144
76171	144
76207	144
76230	144
76265	144
76300	144
76324	144
76359	144
76382	144
76406	144
76429	144
76464	144
76488	144
76511	145
76535	145
76570	145
76593	145
76617	145
76640	145
76664	145
76687	145
76710	145
76746	145
76769	145
76792	145
76816	145
76839	145
76875	145
76898	145
76921	145
76945	145
76980	145
77015	145
77050	145
77074	145
77109	145
77132	145
77156	145
77191	145
77226	145
77250	145
77273	145
77308	145
77332	145
77355	145
77378	145
77402	145
77437	145
77460	145
77484	145
77519	145
77542	145
77554	145
77578	145
77601	145
77636	145
77660	145
77683	145
77707	145
77742	145
77765	145
77800	145
77824	145
77859	146
77882	146
77906	146
77941	146
77964	146
77988	146
78011	146
78046	146
78070	146
78093	146
78128	146
78152	146
78175	146
78210	146
78234	146
78257	146
78281	146
78304	146
78339	146
78363	146
78386	146
78410	146
78445	146
78468	146
78503	146
78527	146
78562	146
78585	146
78609	146
78644	146
78667	146
78691	146
78714	146
78750	146
78773	146
78796	146
78832	146
78855	146
78878	146
78902	146
78937	146
78960	146
78984	146
79019	146
79042	146
79066	146
79078	146
79113	146
79136	146
79160	146
79195	147
79218	147
79242	147
79277	147
79312	147
79335	147
79359	147
79394	147
79417	147
79453	147
79488	147
79511	147
79535	147
79558	147
79593	147
79628	147
79652	147
79687	147
79710	147
79734	147
79769	147
79792	147
79816	147
79839	147
79863	147
79898	147
79921	147
79945	147
79980	147
80003	147
80039	147
80062	147
80085	147
80121	147
80144	147
80167	147
80191	147
80226	147
80250	147
80273	147
80308	147
80332	147
80355	147
80390	147
80414	147
80449	147
80472	147
80496	147
80531	147
80554	147
80578	148
80601	148
80625	148
80660	148
80683	148
80707	148
80742	148
80765	148
80789	148
80824	148
80847	148
80871	148
80906	148
80929	148
80953	148
80988	148
81011	148
81035	148
81070	148
81093	148
81128	148
81164	148
81187	148
81222	148
81246	148
81269	148
81304	148
81328	148
81351	148
81375	148
81410	148
81433	148
81457	148
81492	148
81515	148
81539	148
81562	148
81597	148
81621	148
81656	148
81679	148
81703	148
81726	148
81761	148
81785	148
81808	148
81843	148
81878	148
81902	148
81937	148
81960	149
81996	149
82019	149
82042	149
82066	149
82101	149
82125	149
82148	149
82183	149
82207	149
82230	149
82253	149
82289	149
82312	149
82335	149
82371	149
82394	149
82417	149
82453	149
82476	149
82500	149
82535	149
82558	149
82593	149
82628	149
82652	149
82687	149
82710	149
82746	149
82769	149
82804	149
82828	149
82851	149
82875	149
82910	149
82933	149
82968	149
82992	149
83015	149
83050	149
83074	149
83109	149
83132	149
83156	149
83191	149
83214	149
83250	149
83273	149
83308	149
83332	149
83367	150
83402	150
83425	150
83460	150
83484	150
83519	150
83542	150
83566	150
83589	150
83625	150
83648	150
83683	150
83707	150
83730	150
83753	150
83789	150
83812	150
83847	150
83871	150
83894	150
83917	150
83953	150
83976	150
84000	150
84035	150
84058	150
84093	150
84117	150
84152	150
84175	150
84210	150
84234	150
84269	150
84292	150
84328	150
84351	150
84375	150
84410	150
84433	150
84457	150
84492	150
84515	150
84550	150
84574	150
84609	150
84632	150
84656	150
84691	150
84714	150
84738	150
84773	151
84796	151
84832	151
84855	151
84890	151
84914	151
84949	151
84972	151
85007	151
85031	151
85066	151
85089	151
85125	151
85148	151
85171	151
85207	151
85242	151
85265	151
85300	151
85324	151
85359	151
85382	151
85406	151
85441	151
85464	151
85500	151
85523	151
85546	151
85582	151
85617	151
85640	151
85675	151
85699	151
85734	151
85757	151
85792	151
85828	151
85851	151
85886	151
85910	151
85945	151
85968	151
86003	151
86039	151
86062	151
86085	151
86121	151
86144	151
86167	151
86191	151
86214	152
86250	152
86273	152
86308	152
86332	152
86355	152
86390	152
86414	152
86437	152
86472	152
86496	152
86531	152
86554	152
86589	152
86625	152
86648	152
86671	152
86707	152
86742	152
86777	152
86812	152
86835	152
86859	152
86894	152
86917	152
86953	152
86976	152
87011	152
87035	152
87070	152
87093	152
87117	152
87152	152
87175	152
87210	152
87234	152
87269	152
87292	152
87316	152
87351	152
87375	152
87410	152
87433	152
87468	152
87503	152
87539	152
87574	152
87597	152
87621	152
87656	152
87679	153
87714	153
87738	153
87773	153
87796	153
87832	153
87855	153
87878	153
87914	153
87937	153
87972	153
87996	153
88031	153
88054	153
88089	153
88113	153
88136	153
88171	153
88207	153
88242	153
88277	153
88312	153
88335	153
88359	153
88394	153
88417	153
88453	153
88476	153
88500	153
88535	153
88558	153
88593	153
88617	153
88640	153
88664	153
88699	153
88722	153
88757	153
88781	153
88804	153
88828	153
88863	153
88886	153
88921	153
88945	153
88980	153
89015	153
89050	153
89085	153
89109	153
89144	154
89179	154
89214	154
89238	154
89273	154
89296	154
89332	154
89355	154
89390	154
89414	154
89437	154
89472	154
89507	154
89531	154
89554	154
89578	154
89601	154
89625	154
89660	154
89695	154
89718	154
89753	154
89789	154
89812	154
89847	154
89871	154
89906	154
89941	154
89964	154
90000	154
90023	154
90058	154
90082	154
90117	154
90140	154
90175	154
90199	154
90234	154
90257	154
90292	154
90316	154
90339	154
90375	154
90398	154
90421	154
90457	154
90492	154
90515	154
90550	154
90585	154
90609	155
90644	155
90667	155
90691	155
90726	155
90750	155
90785	155
90808	155
90843	155
90867	155
90890	155
90925	155
90949	155
90984	155
91007	155
91031	155
91054	155
91078	155
91113	155
91136	155
91171	155
91195	155
91230	155
91253	155
91289	155
91324	155
91347	155
91382	155
91406	155
91441	155
91476	155
91511	155
91535	155
91570	155
91593	155
91628	155
91664	155
91699	155
91722	155
91757	155
91781	155
91816	155
91839	155
91863	155
91898	155
91933	155
91957	155
91992	155
92015	155
92050	155
92074	156
92109	156
92144	156
92167	156
92203	156
92226	156
92250	156
92285	156
92320	156
92343	156
92378	156
92402	156
92437	156
92460	156
92496	156
92519	156
92554	156
92578	156
92601	156
92625	156
92660	156
92683	156
92718	156
92742	156
92777	156
92800	156
92835	156
92859	156
92894	156
92917	156
92941	156
92976	156
93000	156
93035	156
93058	156
93093	156
93128	156
93164	156
93187	156
93222	156
93246	156
93281	156
93304	156
93328	156
93363	156
93386	156
93421	156
93445	156
93480	156
93503	156
93539	157
93562	157
93597	157
93621	157
93656	157
93679	157
93714	157
93738	157
93773	157
93796	157
93832	157
93867	157
93902	157
93937	157
93960	157
93996	157
94019	157
94054	157
94078	157
94113	157
94136	157
94171	157
94195	157
94230	157
94253	157
94289	157
94312	157
94347	157
94371	157
94406	157
94429	157
94453	157
94488	157
94511	157
94546	157
94582	157
94605	157
94640	157
94675	157
94710	157
94734	157
94769	157
94792	157
94828	157
94851	157
94875	157
94910	157
94945	157
94968	157
94992	157
95027	158
95050	158
95085	158
95121	158
95144	158
95167	158
95203	158
95238	158
95261	158
95296	158
95320	158
95355	158
95390	158
95425	158
95460	158
95484	158
95519	158
95542	158
95578	158
95601	158
95625	158
95660	158
95695	158
95718	158
95753	158
95777	158
95812	158
95835	158
95871	158
95894	158
95929	158
95953	158
95988	158
96011	158
96046	158
96082	158
96105	158
96140	158
96175	158
96210	158
96234	158
96269	158
96304	158
96328	158
96363	158
96386	158
96421	158
96457	158
96480	158
96515	158
96550	159
96574	159
96609	159
96632	159
96667	159
96691	159
96726	159
96750	159
96785	159
96808	159
96843	159
96878	159
96914	159
96937	159
96972	159
96996	159
97031	159
97066	159
97089	159
97125	159
97148	159
97183	159
97207	159
97242	159
97277	159
97300	159
97335	159
97371	159
97394	159
97429	159
97453	159
97488	159
97511	159
97546	159
97570	159
97605	159
97640	159
97675	159
97710	159
97734	159
97769	159
97804	159
97839	159
97875	159
97898	159
97933	159
97968	159
97992	159
98027	159
98062	159
98097	160
98121	160
98156	160
98179	160
98203	160
98238	160
98261	160
98296	160
98320	160
98355	160
98390	160
98414	160
98449	160
98484	160
98507	160
98542	160
98578	160
98613	160
98636	160
98671	160
98695	160
98742	160
98777	160
98812	160
98835	160
98871	160
98906	160
98929	160
98964	160
98988	160
99023	160
99058	160
99082	160
99117	160
99140	160
99175	160
99199	160
99234	160
99269	160
99292	160
99328	160
99351	160
99386	160
99410	160
99445	160
99480	160
99515	160
99550	160
99585	160
99609	160
99644	161
99679	161
99703	161
99738	161
99773	161
99796	161
99832	161
99855	161
99890	161
99925	161
99949	161
99984	161
100019	161
100042	161
100078	161
100113	161
100136	161
100171	161
100207	161
100242	161
100277	161
100312	161
100347	161
100382	161
100406	161
100441	161
100476	161
100500	161
100535	161
100570	161
100593	161
100628	161
100652	161
100675	161
100710	161
100746	161
100769	161
100804	161
100828	161
100863	161
100886	161
100921	161
100957	161
100992	161
101039	161
101074	161
101097	161
101132	161
101167	161
101203	161
101238	162
101261	162
101296	162
101332	162
101355	162
101390	162
101414	162
101449	162
101484	162
101507	162
101531	162
101566	162
101589	162
101613	162
101648	162
101671	162
101707	162
101742	162
101777	162
101812	162
101835	162
101871	162
101906	162
101941	162
101964	162
102000	162
102035	162
102058	162
102093	162
102128	162
102152	162
102187	162
102222	162
102246	162
102281	162
102304	162
102339	162
102375	162
102398	162
102433	162
102468	162
102503	162
102539	162
102562	162
102597	162
102632	162
102656	162
102691	162
102726	162
102750	162
102785	163
102820	163
102843	163
102878	163
102914	163
102937	163
102972	163
103007	163
103031	163
103054	163
103078	163
103113	163
103148	163
103171	163
103207	163
103242	163
103277	163
103312	163
103335	163
103371	163
103406	163
103441	163
103476	163
103511	163
103535	163
103570	163
103605	163
103640	163
103675	163
103710	163
103734	163
103769	163
103804	163
103828	163
103851	163
103886	163
103921	163
103945	163
103980	163
104015	163
104050	163
104074	163
104109	163
104144	163
104167	163
104203	163
104238	163
104261	163
104296	163
104332	163
104355	164
104390	164
104425	164
104460	164
104484	164
104519	164
104554	164
104578	164
104601	164
104636	164
104671	164
104695	164
104730	164
104753	164
104789	164
104824	164
104859	164
104882	164
104917	164
104953	164
104976	164
105011	164
105046	164
105070	164
105105	164
105140	164
105175	164
105210	164
105246	164
105281	164
105304	164
105339	164
105363	164
105398	164
105433	164
105457	164
105492	164
105515	164
105550	164
105585	164
105621	164
105644	164
105679	164
105703	164
105738	164
105773	164
105808	164
105832	164
105878	164
105914	164
105949	165
105972	165
106007	165
106042	165
106066	165
106101	165
106125	165
106160	165
106195	165
106218	165
106253	165
106277	165
106312	165
106347	165
106371	165
106406	165
106429	165
106464	165
106500	165
106535	165
106558	165
106593	165
106628	165
106664	165
106699	165
106734	165
106769	165
106792	165
106828	165
106851	165
106886	165
106921	165
106957	165
106980	165
107015	165
107039	165
107074	165
107109	165
107144	165
107167	165
107203	165
107238	165
107261	165
107296	165
107332	165
107367	165
107414	165
107437	165
107472	165
107507	165
107542	166
107566	166
107601	166
107625	166
107660	166
107695	166
107718	166
107753	166
107789	166
107812	166
107847	166
107882	166
107917	166
107941	166
107976	166
108000	166
108035	166
108070	166
108105	166
108140	166
108175	166
108210	166
108234	166
108269	166
108304	166
108339	166
108363	166
108398	166
108433	166
108468	166
108492	166
108527	166
108562	166
108597	166
108621	166
108656	166
108691	166
108714	166
108750	166
108773	166
108808	166
108843	166
108878	166
108914	166
108949	166
108972	166
109007	166
109042	166
109078	166
109101	166
109136	167
109171	167
109195	167
109230	167
109265	167
109300	167
109335	167
109359	167
109394	167
109429	167
109453	167
109488	167
109523	167
109546	167
109582	167
109617	167
109652	167
109687	167
109722	167
109757	167
109792	167
109828	167
109863	167
109898	167
109921	167
109957	167
109992	167
110027	167
110062	167
110097	167
110132	167
110156	167
110191	167
110214	167
110238	167
110273	167
110308	167
110343	167
110367	167
110402	167
110437	167
110472	167
110496	167
110531	167
110566	167
110601	167
110636	167
110660	167
110695	167
110742	167
110777	168
110812	168
110847	168
110871	168
110906	168
110941	168
110976	168
111000	168
111035	168
111070	168
111093	168
111128	168
111164	168
111187	168
111222	168
111257	168
111281	168
111316	168
111351	168
111386	168
111410	168
111445	168
111480	168
111527	168
111562	168
111585	168
111621	168
111656	168
111691	168
111714	168
111750	168
111785	168
111820	168
111843	168
111878	168
111914	168
111937	168
111972	168
112007	168
112042	168
112078	168
112113	168
112136	168
112171	168
112207	168
112242	168
112289	168
112324	168
112359	168
112382	168
112417	169
112453	169
112476	169
112511	169
112546	169
112582	169
112605	169
112640	169
112664	169
112699	169
112734	169
112769	169
112792	169
112828	169
112851	169
112886	169
112921	169
112957	169
112992	169
113039	169
113074	169
113097	169
113132	169
113167	169
113203	169
113238	169
113273	169
113308	169
113332	169
113367	169
113402	169
113425	169
113460	169
113496	169
113531	169
113554	169
113578	169
113601	169
113636	169
113671	169
113707	169
113742	169
113777	169
113812	169
113835	169
113871	169
113906	169
113941	169
113976	169
114000	169
114035	170
114070	170
114093	170
114128	170
114164	170
114199	170
114234	170
114257	170
114292	170
114316	170
114351	170
114386	170
114410	170
114445	170
114480	170
114515	170
114550	170
114585	170
114609	170
114644	170
114679	170
114714	170
114738	170
114773	170
114808	170
114832	170
114867	170
114902	170
114937	170
114960	170
114996	170
115031	170
115054	170
115078	170
115113	170
115136	170
115171	170
115207	170
115242	170
115277	170
115312	170
115347	170
115371	170
115406	170
115453	170
115488	170
115511	170
115546	170
115582	170
115617	170
115652	171
115687	171
115722	171
115757	171
115781	171
115816	171
115839	171
115875	171
115910	171
115933	171
115968	171
116003	171
116039	171
116074	171
116097	171
116132	171
116167	171
116191	171
116226	171
116261	171
116296	171
116320	171
116355	171
116390	171
116425	171
116460	171
116484	171
116519	171
116554	171
116578	171
116601	171
116636	171
116671	171
116695	171
116730	171
116765	171
116789	171
116824	171
116859	171
116894	171
116917	171
116953	171
116988	171
117023	171
117046	171
117082	171
117117	171
117152	171
117187	171
117222	171
117257	172
117281	172
117316	172
117339	172
117375	172
117410	172
117445	172
117468	172
117503	172
117539	172
117562	172
117597	172
117632	172
117667	172
117691	172
117726	172
117761	172
117796	172
117832	172
117867	172
117902	172
117937	172
117972	172
117996	172
118031	172
118066	172
118089	172
118125	172
118148	172
118183	172
118218	172
118242	172
118277	172
118312	172
118335	172
118371	172
118406	172
118429	172
118464	172
118500	172
118523	172
118558	172
118593	172
118628	172
118675	172
118699	172
118734	172
118769	172
118792	172
118828	172
118863	173
118886	173
118921	173
118957	173
118980	173
119015	173
119050	173
119074	173
119109	173
119144	173
119179	173
119203	173
119238	173
119273	173
119308	173
119343	173
119378	173
119414	173
119449	173
119484	173
119507	173
119542	173
119578	173
119601	173
119636	173
119671	173
119707	173
119730	173
119765	173
119789	173
119824	173
119859	173
119894	173
119917	173
119953	173
119988	173
120011	173
120046	173
120082	173
120117	173
120152	173
120187	173
120222	173
120257	173
120281	173
120316	173
120351	173
120375	173
120410	173
120445	173
120480	174
120515	174
120539	174
120574	174
120609	174
120644	174
120667	174
120703	174
120726	174
120761	174
120796	174
120820	174
120855	174
120890	174
120925	174
120960	174
120996	174
121019	174
121054	174
121089	174
121125	174
121148	174
121183	174
121218	174
121253	174
121289	174
121312	174
121347	174
121382	174
121406	174
121441	174
121476	174
121500	174
121535	174
121570	174
121605	174
121640	174
121675	174
121710	174
121734	174
121769	174
121804	174
121839	174
121875	174
121910	174
121945	174
121968	174
122015	174
122039	174
122074	174
122109	175
122144	175
122167	175
122191	175
122226	175
122250	175
122285	175
122320	175
122343	175
122378	175
122414	175
122449	175
122472	175
122507	175
122542	175
122578	175
122613	175
122648	175
122671	175
122707	175
122753	175
122789	175
122824	175
122847	175
122882	175
122917	175
122941	175
122976	175
123011	175
123035	175
123070	175
123105	175
123128	175
123164	175
123199	175
123222	175
123257	175
123292	175
123316	175
123351	175
123386	175
123410	175
123445	175
123480	175
123527	175
123562	175
123597	175
123621	175
123656	175
123691	175
123714	176
123750	176
123785	176
123808	176
123843	176
123878	176
123902	176
123937	176
123972	176
124007	176
124031	176
124066	176
124101	176
124136	176
124160	176
124195	176
124242	176
124277	176
124312	176
124347	176
124382	176
124406	176
124441	176
124476	176
124500	176
124535	176
124570	176
124593	176
124628	176
124652	176
124687	176
124722	176
124746	176
124781	176
124804	176
124839	176
124863	176
124898	176
124933	176
124968	176
125003	176
125039	176
125074	176
125109	176
125144	176
125179	176
125214	176
125238	176
125273	176
125308	176
125332	177
125367	177
125390	177
125425	177
125460	177
125484	177
125519	177
125542	177
125566	177
125601	177
125625	177
125660	177
125695	177
125718	177
125753	177
125789	177
125824	177
125859	177
125882	177
125917	177
125953	177
125988	177
126011	177
126046	177
126082	177
126105	177
126140	177
126175	177
126210	177
126234	177
126269	177
126292	177
126328	177
126351	177
126386	177
126421	177
126445	177
126480	177
126515	177
126550	177
126585	177
126621	177
126644	177
126679	177
126714	177
126738	177
126773	177
126808	177
126832	177
126867	177
126890	178
126925	178
126960	178
126984	178
127019	178
127042	178
127066	178
127101	178
127125	178
127160	178
127195	178
127218	178
127253	178
127289	178
127324	178
127347	178
127382	178
127417	178
127453	178
127488	178
127511	178
127546	178
127582	178
127617	178
127652	178
127687	178
127710	178
127746	178
127781	178
127804	178
127828	178
127863	178
127886	178
127921	178
127957	178
127980	178
128015	178
128050	178
128085	178
128109	178
128144	178
128179	178
128203	178
128238	178
128261	178
128296	178
128332	178
128367	178
128390	178
128425	178
128460	179
128496	179
128519	179
128554	179
128578	179
128601	179
128636	179
128671	179
128695	179
128730	179
128753	179
128789	179
128824	179
128847	179
128882	179
128917	179
128941	179
128976	179
129011	179
129035	179
129070	179
129105	179
129140	179
129175	179
129199	179
129234	179
129269	179
129292	179
129328	179
129351	179
129375	179
129410	179
129445	179
129468	179
129503	179
129527	179
129562	179
129597	179
129621	179
129656	179
129679	179
129714	179
129750	179
129773	179
129808	179
129832	179
129867	179
129902	179
129937	179
129972	179
129996	180
130031	180
130054	180
130089	180
130113	180
130148	180
130171	180
130207	180
130230	180
130265	180
130289	180
130324	180
130359	180
130382	180
130417	180
130441	180
130476	180
130511	180
130535	180
130570	180
130605	180
130640	180
130675	180
130710	180
130734	180
130769	180
130804	180
130828	180
130863	180
130886	180
130921	180
130957	180
130980	180
131015	180
131039	180
131074	180
131109	180
131132	180
131167	180
131203	180
131226	180
131261	180
131285	180
131320	180
131355	180
131390	180
131425	180
131460	180
131496	180
131519	180
131554	181
131578	181
131613	181
131636	181
131671	181
131695	181
131730	181
131753	181
131789	181
131812	181
131847	181
131882	181
131906	181
131929	181
131964	181
131988	181
132023	181
132058	181
132082	181
132117	181
132152	181
132187	181
132210	181
132246	181
132281	181
132304	181
132339	181
132375	181
132398	181
132433	181
132457	181
132492	181
132527	181
132562	181
132585	181
132621	181
132644	181
132679	181
132703	181
132738	181
132761	181
132796	181
132832	181
132867	181
132890	181
132925	181
132960	181
132996	181
133019	181
133054	181
133089	182
133113	182
133148	182
133183	182
133207	182
133242	182
133277	182
133312	182
133335	182
133371	182
133406	182
133429	182
133464	182
133488	182
133523	182
133546	182
133582	182
133617	182
133652	182
133687	182
133710	182
133746	182
133781	182
133816	182
133851	182
133875	182
133910	182
133933	182
133968	182
134003	182
134039	182
134062	182
134097	182
134132	182
134156	182
134179	182
134203	182
134238	182
134261	182
134296	182
134320	182
134355	182
134378	182
134414	182
134449	182
134472	182
134507	182
134531	182
134566	182
134601	182
134636	183
134660	183
134695	183
134730	183
134765	183
134800	183
134835	183
134859	183
134894	183
134929	183
134953	183
134988	183
135011	183
135046	183
135082	183
135105	183
135140	183
135164	183
135199	183
135234	183
135257	183
135292	183
135328	183
135351	183
135386	183
135410	183
135445	183
135480	183
135527	183
135562	183
135585	183
135621	183
135656	183
135679	183
135714	183
135750	183
135773	183
135808	183
135832	183
135867	183
135902	183
135925	183
135960	183
135996	183
136019	183
136054	183
136089	183
136125	183
136148	183
136183	183
136218	184
136253	184
136289	184
136324	184
136359	184
136382	184
136417	184
136453	184
136476	184
136500	184
136535	184
136570	184
136593	184
136617	184
136652	184
136675	184
136710	184
136746	184
136769	184
136792	184
136828	184
136851	184
136886	184
136910	184
136945	184
136980	184
137027	184
137062	184
137085	184
137121	184
137156	184
137191	184
137226	184
137250	184
137285	184
137320	184
137343	184
137378	184
137402	184
137437	184
137460	184
137496	184
137531	184
137554	184
137578	184
137601	184
137636	184
137660	184
137695	184
137730	184
137765	185
137800	185
137824	185
137859	185
137894	185
137929	185
137953	185
137988	185
138023	185
138046	185
138082	185
138117	185
138152	185
138175	185
138210	185
138246	185
138269	185
138304	185
138328	185
138363	185
138386	185
138421	185
138445	185
138480	185
138515	185
138550	185
138585	185
138609	185
138644	185
138679	185
138703	185
138738	185
138761	185
138796	185
138820	185
138855	185
138878	185
138914	185
138949	185
138972	185
139007	185
139031	185
139054	185
139078	185
139113	185
139136	185
139171	185
139195	185
139230	185
139265	185
139300	186
139324	186
139359	186
139394	186
139429	186
139464	186
139488	186
139523	186
139558	186
139582	186
139617	186
139652	186
139687	186
139722	186
139746	186
139781	186
139804	186
139839	186
139863	186
139898	186
139933	186
139957	186
139992	186
140027	186
140062	186
140085	186
140121	186
140156	186
140179	186
140214	186
140238	186
140273	186
140308	186
140343	186
140367	186
140402	186
140437	186
140472	186
140496	186
140531	186
140554	186
140578	186
140613	186
140636	186
140671	186
140707	186
140730	186
140765	186
140800	186
140824	186
140859	187
140894	187
140917	187
140953	187
140976	187
141011	187
141035	187
141070	187
141105	187
141140	187
141175	187
141199	187
141234	187
141269	187
141292	187
141316	187
141351	187
141375	187
141410	187
141445	187
141468	187
141503	187
141527	187
141562	187
141585	187
141621	187
141656	187
141679	187
141714	187
141738	187
141773	187
141808	187
141832	187
141867	187
141902	187
141937	187
141972	187
142007	187
142031	187
142066	187
142089	187
142125	187
142148	187
142183	187
142218	187
142242	187
142277	187
142300	187
142335	187
142371	187
142394	188
142429	188
142464	188
142488	188
142523	188
142558	188
142582	188
142628	188
142664	188
142699	188
142722	188
142757	188
142792	188
142816	188
142851	188
142875	188
142910	188
142945	188
142968	188
143003	188
143027	188
143062	188
143097	188
143121	188
143156	188
143191	188
143214	188
143250	188
143273	188
143308	188
143343	188
143378	188
143414	188
143449	188
143472	188
143507	188
143542	188
143566	188
143601	188
143625	188
143660	188
143683	188
143718	188
143742	188
143777	188
143800	188
143835	188
143871	188
143894	188
143929	188
143953	189
143988	189
144011	189
144046	189
144082	189
144117	189
144152	189
144175	189
144210	189
144246	189
144269	189
144304	189
144339	189
144363	189
144398	189
144433	189
144457	189
144492	189
144527	189
144562	189
144585	189
144621	189
144656	189
144679	189
144714	189
144738	189
144773	189
144808	189
144832	189
144867	189
144902	189
144937	189
144972	189
144996	189
145031	189
145066	189
145101	189
145125	189
145160	189
145195	189
145218	189
145253	189
145289	189
145324	189
145347	189
145382	189
145417	189
145441	189
145476	189
145500	189
145535	190
145570	190
145593	190
145628	190
145664	190
145699	190
145734	190
145757	190
145792	190
145828	190
145863	190
145898	190
145921	190
145957	190
145992	190
146027	190
146062	190
146085	190
146121	190
146156	190
146179	190
146203	190
146226	190
146261	190
146296	190
146320	190
146355	190
146378	190
146414	190
146449	190
146472	190
146507	190
146542	190
146578	190
146613	190
146636	190
146671	190
146707	190
146742	190
146777	190
146812	190
146847	190
146871	190
146906	190
146941	190
146964	190
147000	190
147035	190
147070	190
147093	190
147128	191
147152	191
147187	191
147222	191
147257	191
147281	191
147316	191
147351	191
147375	191
147410	191
147445	191
147480	191
147515	191
147550	191
147585	191
147621	191
147644	191
147679	191
147714	191
147738	191
147773	191
147808	191
147832	191
147867	191
147902	191
147925	191
147960	191
147996	191
148019	191
148054	191
148089	191
148125	191
148148	191
148183	191
148218	191
148253	191
148289	191
148324	191
148359	191
148382	191
148417	191
148453	191
148476	191
148511	191
148546	191
148570	191
148605	191
148628	191
148652	191
148687	191
148722	192
148746	192
148781	192
148804	192
148839	192
148875	192
148898	192
148933	192
148968	192
149003	192
149039	192
149074	192
149109	192
149144	192
149179	192
149214	192
149250	192
149273	192
149308	192
149343	192
149367	192
149402	192
149425	192
149460	192
149496	192
149519	192
149554	192
149578	192
149601	192
149636	192
149660	192
149695	192
149730	192
149765	192
149800	192
149824	192
149859	192
149894	192
149917	192
149953	192
149988	192
150011	192
150046	192
150082	192
150105	192
150140	192
150175	192
150199	192
150234	192
150269	192
150292	193
150328	193
150351	193
150386	193
150410	193
150445	193
150480	193
150515	193
150539	193
150574	193
150609	193
150632	193
150667	193
150703	193
150726	193
150761	193
150785	193
150820	193
150855	193
150878	193
150914	193
150949	193
150972	193
151007	193
151031	193
151054	193
151089	193
151113	193
151148	193
151171	193
151207	193
151242	193
151277	193
151312	193
151335	193
151371	193
151406	193
151441	193
151476	193
151511	193
151535	193
151570	193
151605	193
151640	193
151675	193
151710	193
151734	193
151769	193
151792	193
151828	193
151851	194
151886	194
151921	194
151945	194
151980	194
152015	194
152039	194
152074	194
152109	194
152132	194
152167	194
152191	194
152226	194
152261	194
152285	194
152320	194
152355	194
152378	194
152414	194
152449	194
152472	194
152507	194
152542	194
152566	194
152589	194
152613	194
152648	194
152683	194
152707	194
152742	194
152765	194
152800	194
152835	194
152859	194
152894	194
152917	194
152953	194
152988	194
153011	194
153046	194
153082	194
153117	194
153152	194
153175	194
153210	194
153246	194
153281	194
153304	194
153328	194
153363	194
153398	195
153421	195
153457	195
153480	195
153515	195
153550	195
153574	195
153609	195
153644	195
153667	195
153703	195
153738	195
153761	195
153796	195
153832	195
153867	195
153902	195
153937	195
153960	195
153996	195
154031	195
154054	195
154089	195
154113	195
154148	195
154171	195
154207	195
154230	195
154265	195
154300	195
154324	195
154359	195
154394	195
154417	195
154453	195
154476	195
154511	195
154535	195
154570	195
154605	195
154640	195
154675	195
154710	195
154746	195
154769	195
154804	195
154828	195
154863	195
154886	195
154921	195
154945	196
154980	196
155015	196
155039	196
155074	196
155109	196
155132	196
155167	196
155203	196
155226	196
155261	196
155285	196
155320	196
155355	196
155390	196
155425	196
155460	196
155496	196
155519	196
155554	196
155578	196
155613	196
155636	196
155671	196
155707	196
155730	196
155765	196
155800	196
155824	196
155859	196
155894	196
155917	196
155953	196
155976	196
156011	196
156046	196
156070	196
156105	196
156140	196
156175	196
156210	196
156246	196
156269	196
156304	196
156339	196
156363	196
156398	196
156433	196
156457	196
156492	196
156527	197
156562	197
156585	197
156621	197
156656	197
156679	197
156714	197
156738	197
156773	197
156808	197
156832	197
156867	197
156902	197
156937	197
156972	197
156996	197
157031	197
157066	197
157089	197
157125	197
157160	197
157183	197
157218	197
157253	197
157289	197
157312	197
157347	197
157382	197
157406	197
157441	197
157476	197
157500	197
157535	197
157570	197
157593	197
157628	197
157664	197
157699	197
157734	197
157757	197
157792	197
157839	197
157863	197
157898	197
157933	197
157968	197
158003	197
158027	197
158062	197
158097	197
158132	198
158156	198
158179	198
158214	198
158238	198
158273	198
158296	198
158332	198
158355	198
158390	198
158425	198
158449	198
158484	198
158519	198
158554	198
158589	198
158613	198
158648	198
158683	198
158718	198
158753	198
158789	198
158824	198
158847	198
158882	198
158917	198
158941	198
158976	198
159000	198
159035	198
159070	198
159093	198
timepoint: 183.28