0	0
0	0
0	0
0	0
0	0
0	0
0	0
0	0
0	0
0	0
0	0
0	0
0	0
0	0
0	0
0	0
0	0
0	0
0	0
0	0
0	0
0	0
0	0
0	0
0	0
0	0
0	0
0	0
0	0
0	0
0	0
0	0
0	0
0	0
0	0
0	0
0	0
0	0
0	0
0	0
0	0
0	0
0	0
0	0
0	0
0	0
0	0
0	0
0	0
0	0
0	1
0	1
0	1
0	1
0	1
0	1
0	1
0	1
0	1
0	1
0	1
0	1
0	1
0	1
0	1
0	1
0	1
0	1
0	1
0	1
0	1
0	1
0	1
0	1
0	1
0	1
0	1
0	1
0	1
0	1
0	1
0	1
0	1
0	1
0	1
0	1
0	1
0	1
0	1
0	1
0	1
0	1
0	1
0	1
0	1
0	1
0	1
0	1
0	1
0	1
0	2
0	2
0	2
0	2
0	2
0	2
0	2
0	2
0	2
0	2
0	2
0	2
0	2
0	2
0	2
0	2
0	2
0	2
0	2
0	2
0	2
0	2
0	2
0	2
0	2
0	2
0	2
0	2
0	2
0	2
0	2
0	2
0	2
0	2
0	2
0	2
0	2
0	2
0	2
0	2
0	2
0	2
0	2
0	2
0	2
0	2
0	2
0	2
0	2
0	2
0	3
0	3
0	3
0	3
0	3
0	3
0	3
0	3
0	3
0	3
0	3
0	3
0	3
0	3
0	3
0	3
0	3
0	3
0	3
0	3
0	3
0	3
0	3
0	3
0	3
0	3
0	3
0	3
0	3
0	3
0	3
0	3
0	3
0	3
0	3
0	3
0	3
0	3
0	3
0	3
0	3
0	3
0	3
0	3
0	3
0	3
0	3
0	3
0	3
0	3
0	4
0	4
0	4
0	4
0	4
0	4
0	4
0	4
0	4
0	4
0	4
0	4
0	4
0	4
0	4
0	4
0	4
0	4
0	4
0	4
0	4
0	4
0	4
0	4
0	4
0	4
0	4
0	4
0	4
0	4
0	4
0	4
0	4
0	4
0	4
0	4
0	4
0	4
0	4
0	4
0	4
0	4
0	4
0	4
0	4
0	4
0	4
0	4
0	4
0	4
0	5
0	5
0	5
0	5
0	5
0	5
0	5
0	5
0	5
0	5
0	5
0	5
0	5
0	5
0	5
0	5
0	5
0	5
0	5
0	5
0	5
0	5
0	5
0	5
0	5
0	5
0	5
0	5
0	5
0	5
0	5
0	5
0	5
0	5
0	5
0	5
0	5
0	5
0	5
0	5
0	5
0	5
0	5
0	5
0	5
0	5
0	5
0	5
0	5
0	5
0	6
0	6
0	6
11	6
11	6
11	6
11	6
11	6
11	6
11	6
11	6
11	6
23	6
23	6
23	6
23	6
23	6
23	6
23	6
23	6
23	6
23	6
23	6
23	6
23	6
23	6
23	6
23	6
23	6
23	6
23	6
23	6
23	6
23	6
23	6
23	6
23	6
23	6
23	6
23	6
23	6
23	6
23	6
23	6
23	6
23	6
11	6
11	6
11	6
11	6
11	7
11	7
11	7
11	7
11	7
11	7
11	7
11	7
11	7
11	7
11	7
11	7
11	7
11	7
11	7
11	7
11	7
11	7
11	7
11	7
11	7
11	7
11	7
23	7
23	7
23	7
23	7
23	7
23	7
23	7
23	7
23	7
23	7
23	7
23	7
23	7
35	7
35	7
35	7
35	7
35	7
35	7
35	7
35	7
35	7
35	7
35	7
35	7
35	7
35	7
35	8
35	8
35	8
35	8
35	8
35	8
35	8
35	8
35	8
35	8
35	8
35	8
35	8
23	8
23	8
23	8
23	8
23	8
23	8
23	8
23	8
23	8
23	8
23	8
23	8
23	8
23	8
23	8
23	8
23	8
23	8
23	8
23	8
23	8
23	8
23	8
23	8
23	8
23	8
23	8
23	8
23	8
23	8
23	8
23	8
23	8
23	8
23	8
23	8
23	8
23	9
23	9
35	9
35	9
35	9
35	9
35	9
35	9
35	9
35	9
35	9
35	9
35	9
35	9
35	9
35	9
35	9
35	9
35	9
35	9
35	9
35	9
35	9
35	9
35	9
35	9
35	9
35	9
35	9
35	9
35	9
35	9
35	9
35	9
35	9
35	9
35	9
35	9
35	9
35	9
35	9
35	9
35	9
35	9
23	9
23	9
23	9
23	9
23	9
23	9
23	10
23	10
23	10
23	10
23	10
23	10
23	10
23	10
23	10
23	10
23	10
23	10
23	10
23	10
23	10
23	10
23	10
23	10
23	10
23	10
23	10
23	10
23	10
23	10
35	10
35	10
35	10
35	10
35	10
35	10
35	10
35	10
35	10
35	10
35	10
35	10
35	10
35	10
35	10
35	10
35	10
35	10
35	10
35	10
35	10
35	10
35	10
35	10
35	10
35	10
35	11
35	11
35	11
35	11
35	11
35	11
35	11
35	11
35	11
35	11
35	11
35	11
35	11
35	11
35	11
35	11
35	11
35	11
35	11
35	11
35	11
35	11
23	11
23	11
23	11
23	11
23	11
23	11
23	11
23	11
23	11
23	11
23	11
23	11
23	11
23	11
23	11
23	11
23	11
23	11
23	11
23	11
23	11
35	11
35	11
35	11
35	11
35	11
35	11
35	11
35	12
35	12
35	12
35	12
35	12
35	12
35	12
35	12
35	12
35	12
35	12
35	12
35	12
35	12
35	12
35	12
35	12
35	12
35	12
35	12
35	12
35	12
35	12
35	12
35	12
35	12
35	12
35	12
35	12
35	12
23	12
23	12
23	12
23	12
23	12
23	12
23	12
23	12
23	12
23	12
23	12
23	12
23	12
23	12
23	12
23	12
35	12
35	12
35	12
35	12
35	13
35	13
35	13
35	13
35	13
35	13
35	13
35	13
35	13
35	13
35	13
35	13
35	13
35	13
35	13
35	13
35	13
35	13
35	13
35	13
35	13
35	13
35	13
35	13
35	13
35	13
35	13
35	13
35	13
35	13
35	13
35	13
35	13
35	13
35	13
35	13
35	13
35	13
35	13
35	13
35	13
35	13
35	13
35	13
35	13
35	13
35	13
35	13
35	13
35	13
35	14
35	14
35	14
35	14
35	14
35	14
35	14
35	14
35	14
35	14
35	14
35	14
35	14
35	14
35	14
35	14
35	14
35	14
35	14
35	14
35	14
35	14
35	14
35	14
35	14
35	14
35	14
35	14
35	14
35	14
35	14
35	14
35	14
35	14
35	14
35	14
35	14
35	14
35	14
35	14
35	14
35	14
35	14
35	14
35	14
35	14
35	14
35	14
35	14
35	14
35	15
35	15
35	15
35	15
35	15
35	15
35	15
35	15
35	15
35	15
35	15
35	15
35	15
35	15
35	15
35	15
35	15
35	15
35	15
35	15
35	15
35	15
35	15
35	15
35	15
35	15
35	15
35	15
35	15
35	15
35	15
35	15
35	15
35	15
35	15
35	15
35	15
35	15
35	15
35	15
35	15
35	15
35	15
35	15
35	15
35	15
35	15
35	15
35	15
35	15
35	16
35	16
35	16
35	16
35	16
35	16
35	16
35	16
35	16
35	16
35	16
35	16
35	16
35	16
35	16
35	16
35	16
35	16
35	16
35	16
35	16
35	16
35	16
35	16
35	16
35	16
35	16
35	16
35	16
35	16
35	16
35	16
35	16
35	16
35	16
35	16
35	16
35	16
35	16
35	16
35	16
35	16
35	16
35	16
35	16
35	16
35	16
35	16
35	16
35	16
35	17
35	17
35	17
35	17
35	17
35	17
35	17
35	17
35	17
35	17
35	17
35	17
35	17
35	17
35	17
35	17
35	17
35	17
35	17
35	17
35	17
35	17
35	17
35	17
35	17
35	17
35	17
35	17
35	17
35	17
35	17
35	17
35	17
35	17
35	17
35	17
35	17
35	17
35	17
35	17
35	17
35	17
35	17
35	17
35	17
35	17
35	17
35	17
35	17
35	17
35	18
35	18
35	18
35	18
35	18
35	18
35	18
35	18
35	18
35	18
35	18
35	18
35	18
35	18
35	18
35	18
35	18
35	18
35	18
35	18
35	18
35	18
35	18
35	18
35	18
35	18
35	18
35	18
35	18
35	18
35	18
35	18
35	18
35	18
35	18
35	18
35	18
35	18
35	18
35	18
35	18
35	18
35	18
35	18
35	18
35	18
35	18
35	18
35	18
35	18
35	19
35	19
35	19
35	19
35	19
35	19
35	19
35	19
35	19
35	19
35	19
35	19
35	19
35	19
35	19
35	19
35	19
35	19
35	19
35	19
35	19
35	19
35	19
35	19
35	19
35	19
35	19
35	19
35	19
35	19
35	19
35	19
35	19
35	19
35	19
35	19
35	19
35	19
35	19
35	19
35	19
35	19
35	19
35	19
35	19
35	19
35	19
35	19
35	19
35	19
35	20
35	20
35	20
35	20
35	20
35	20
35	20
35	20
35	20
35	20
35	20
35	20
35	20
35	20
35	20
35	20
35	20
35	20
35	20
35	20
35	20
35	20
35	20
35	20
35	20
35	20
35	20
35	20
35	20
35	20
35	20
35	20
35	20
35	20
35	20
35	20
35	20
35	20
35	20
35	20
35	20
35	20
35	20
35	20
35	20
35	20
35	20
35	20
35	20
35	20
35	21
35	21
35	21
35	21
35	21
35	21
35	21
35	21
35	21
35	21
35	21
35	21
35	21
35	21
35	21
35	21
35	21
35	21
35	21
35	21
35	21
35	21
35	21
35	21
35	21
35	21
35	21
35	21
35	21
35	21
35	21
35	21
35	21
35	21
35	21
35	21
35	21
35	21
35	21
35	21
35	21
35	21
35	21
35	21
35	21
35	21
35	21
35	21
35	21
35	21
35	22
35	22
35	22
35	22
35	22
35	22
35	22
35	22
35	22
35	22
35	22
35	22
35	22
35	22
35	22
35	22
35	22
35	22
35	22
35	22
35	22
35	22
35	22
35	22
35	22
35	22
35	22
35	22
35	22
35	22
35	22
35	22
35	22
35	22
35	22
35	22
35	22
35	22
35	22
35	22
35	22
35	22
35	22
35	22
35	22
35	22
35	22
35	22
35	22
35	22
35	23
35	23
35	23
35	23
35	23
35	23
35	23
35	23
35	23
35	23
35	23
35	23
35	23
35	23
35	23
35	23
35	23
35	23
35	23
35	23
35	23
35	23
35	23
35	23
35	23
35	23
35	23
35	23
35	23
35	23
35	23
35	23
35	23
35	23
35	23
35	23
35	23
35	23
35	23
35	23
35	23
35	23
35	23
35	23
35	23
35	23
35	23
35	23
35	23
35	23
35	24
35	24
35	24
35	24
35	24
35	24
35	24
35	24
35	24
35	24
35	24
35	24
35	24
35	24
35	24
35	24
35	24
35	24
35	24
35	24
35	24
35	24
35	24
35	24
35	24
35	24
35	24
35	24
35	24
35	24
35	24
35	24
35	24
35	24
35	24
35	24
35	24
35	24
35	24
35	24
35	24
35	24
35	24
35	24
35	24
35	24
35	24
35	24
35	24
35	24
35	25
35	25
35	25
35	25
35	25
35	25
35	25
35	25
35	25
35	25
35	25
35	25
35	25
35	25
35	25
35	25
35	25
35	25
35	25
35	25
35	25
35	25
35	25
35	25
35	25
35	25
35	25
35	25
35	25
35	25
35	25
35	25
35	25
35	25
35	25
35	25
35	25
35	25
35	25
35	25
35	25
35	25
35	25
35	25
35	25
35	25
35	25
35	25
35	25
35	25
35	26
35	26
35	26
35	26
35	26
35	26
35	26
35	26
35	26
35	26
35	26
35	26
35	26
35	26
35	26
35	26
35	26
35	26
35	26
35	26
35	26
35	26
35	26
35	26
35	26
35	26
35	26
35	26
35	26
35	26
35	26
35	26
35	26
35	26
35	26
35	26
35	26
35	26
35	26
35	26
35	26
35	26
35	26
35	26
35	26
35	26
35	26
35	26
35	26
35	26
35	27
35	27
35	27
35	27
35	27
35	27
35	27
35	27
35	27
35	27
35	27
35	27
35	27
35	27
35	27
35	27
35	27
35	27
35	27
35	27
35	27
35	27
35	27
35	27
35	27
35	27
35	27
35	27
35	27
35	27
35	27
35	27
35	27
35	27
35	27
35	27
35	27
35	27
35	27
35	27
35	27
35	27
35	27
35	27
35	27
35	27
35	27
35	27
35	27
35	27
35	28
35	28
35	28
35	28
35	28
35	28
35	28
35	28
35	28
35	28
35	28
35	28
35	28
35	28
35	28
35	28
35	28
35	28
35	28
35	28
35	28
35	28
35	28
35	28
35	28
35	28
35	28
35	28
35	28
35	28
35	28
35	28
35	28
35	28
35	28
35	28
35	28
35	28
35	28
35	28
35	28
35	28
46	28
46	28
46	28
46	28
46	28
46	28
46	28
46	28
46	29
46	29
46	29
46	29
46	29
46	29
46	29
46	29
46	29
46	29
46	29
46	29
46	29
46	29
46	29
46	29
46	29
46	29
46	29
46	29
58	29
58	29
58	29
58	29
58	29
58	29
58	29
58	29
58	29
58	29
58	29
58	29
58	29
58	29
70	29
70	29
70	29
70	29
70	29
70	29
70	29
70	29
70	29
70	29
70	29
70	29
70	29
82	29
82	29
82	29
82	30
82	30
82	30
82	30
82	30
82	30
82	30
82	30
82	30
82	30
82	30
93	30
93	30
93	30
93	30
93	30
93	30
93	30
93	30
93	30
93	30
93	30
105	30
105	30
105	30
105	30
105	30
105	30
105	30
105	30
105	30
105	30
105	30
105	30
117	30
117	30
117	30
117	30
117	30
117	30
117	30
117	30
117	30
117	30
128	30
128	30
128	30
128	30
128	30
128	30
128	31
128	31
128	31
128	31
140	31
140	31
140	31
140	31
140	31
140	31
140	31
140	31
152	31
152	31
152	31
152	31
152	31
152	31
152	31
152	31
152	31
164	31
164	31
164	31
164	31
164	31
164	31
164	31
164	31
175	31
175	31
175	31
175	31
175	31
175	31
175	31
175	31
187	31
187	31
187	31
187	31
187	31
187	31
187	31
187	31
187	31
199	31
199	31
199	31
199	31
199	32
199	32
199	32
210	32
210	32
210	32
210	32
210	32
210	32
210	32
210	32
222	32
222	32
222	32
222	32
222	32
222	32
234	32
234	32
234	32
234	32
234	32
234	32
234	32
234	32
246	32
246	32
246	32
246	32
246	32
246	32
257	32
257	32
257	32
257	32
257	32
257	32
257	32
269	32
269	32
269	32
269	32
269	32
269	32
269	32
281	32
281	32
281	32
281	32
281	32
281	33
292	33
292	33
292	33
292	33
292	33
292	33
304	33
304	33
304	33
304	33
304	33
304	33
304	33
316	33
316	33
316	33
316	33
316	33
316	33
328	33
328	33
328	33
328	33
328	33
328	33
339	33
339	33
339	33
339	33
339	33
339	33
351	33
351	33
351	33
351	33
351	33
351	33
363	33
363	33
363	33
363	33
363	33
375	33
375	33
375	33
375	33
375	33
386	33
386	33
386	34
386	34
386	34
398	34
398	34
398	34
398	34
398	34
410	34
410	34
410	34
410	34
410	34
421	34
421	34
421	34
421	34
421	34
433	34
433	34
433	34
433	34
433	34
445	34
445	34
445	34
445	34
445	34
445	34
457	34
457	34
457	34
457	34
457	34
468	34
468	34
468	34
468	34
468	34
480	34
480	34
480	34
480	34
480	34
492	34
492	34
492	34
492	34
492	34
503	34
503	35
503	35
503	35
503	35
515	35
515	35
515	35
515	35
515	35
527	35
527	35
527	35
527	35
527	35
539	35
539	35
539	35
539	35
539	35
550	35
550	35
550	35
550	35
550	35
562	35
562	35
562	35
562	35
562	35
574	35
574	35
574	35
574	35
574	35
585	35
585	35
585	35
585	35
585	35
597	35
597	35
597	35
597	35
597	35
609	35
609	35
609	35
609	35
609	35
621	35
621	36
621	36
621	36
621	36
632	36
632	36
632	36
632	36
644	36
644	36
644	36
644	36
644	36
656	36
656	36
656	36
656	36
667	36
667	36
667	36
667	36
667	36
679	36
679	36
679	36
679	36
691	36
691	36
691	36
691	36
703	36
703	36
703	36
703	36
714	36
714	36
714	36
714	36
726	36
726	36
726	36
726	36
738	36
738	36
738	36
738	36
750	36
750	36
750	36
750	36
761	37
761	37
761	37
761	37
773	37
773	37
773	37
785	37
785	37
785	37
785	37
796	37
796	37
796	37
796	37
808	37
808	37
808	37
808	37
820	37
820	37
820	37
820	37
832	37
832	37
832	37
832	37
843	37
843	37
843	37
843	37
855	37
855	37
855	37
855	37
867	37
867	37
867	37
867	37
878	37
878	37
878	37
878	37
890	37
890	37
890	37
890	37
902	37
902	37
902	37
914	38
914	38
914	38
914	38
925	38
925	38
925	38
937	38
937	38
937	38
949	38
949	38
949	38
949	38
960	38
960	38
960	38
972	38
972	38
972	38
984	38
984	38
984	38
984	38
996	38
996	38
996	38
996	38
1007	38
1007	38
1007	38
1007	38
1019	38
1019	38
1019	38
1019	38
1031	38
1031	38
1031	38
1031	38
1042	38
1042	38
1042	38
1042	38
1054	38
1054	38
1054	38
1066	38
1066	38
1066	38
1066	39
1078	39
1078	39
1078	39
1089	39
1089	39
1089	39
1089	39
1101	39
1101	39
1101	39
1113	39
1113	39
1113	39
1125	39
1125	39
1125	39
1125	39
1136	39
1136	39
1136	39
1148	39
1148	39
1148	39
1160	39
1160	39
1160	39
1171	39
1171	39
1171	39
1171	39
1183	39
1183	39
1183	39
1195	39
1195	39
1195	39
1195	39
1207	39
1207	39
1207	39
1218	39
1218	39
1218	39
1230	39
1230	39
1230	39
1230	39
1242	39
1242	39
1242	40
1253	40
1253	40
1253	40
1253	40
1265	40
1265	40
1265	40
1277	40
1277	40
1277	40
1277	40
1289	40
1289	40
1289	40
1289	40
1300	40
1300	40
1300	40
1300	40
1312	40
1312	40
1312	40
1312	40
1324	40
1324	40
1324	40
1324	40
1335	40
1335	40
1335	40
1335	40
1347	40
1347	40
1347	40
1347	40
1359	40
1359	40
1359	40
1371	40
1371	40
1371	40
1371	40
1382	40
1382	40
1382	40
1394	40
1394	40
1394	40
1406	40
1406	41
1406	41
1417	41
1417	41
1417	41
1429	41
1429	41
1429	41
1441	41
1441	41
1441	41
1441	41
1453	41
1453	41
1453	41
1464	41
1464	41
1464	41
1464	41
1476	41
1476	41
1476	41
1488	41
1488	41
1488	41
1500	41
1500	41
1500	41
1500	41
1511	41
1511	41
1511	41
1523	41
1523	41
1523	41
1535	41
1535	41
1535	41
1546	41
1546	41
1546	41
1558	41
1558	41
1558	41
1570	41
1570	41
1570	41
1582	41
1582	41
1582	41
1593	42
1593	42
1593	42
1605	42
1605	42
1605	42
1617	42
1617	42
1617	42
1628	42
1628	42
1628	42
1640	42
1640	42
1640	42
1652	42
1652	42
1652	42
1664	42
1664	42
1664	42
1675	42
1675	42
1675	42
1687	42
1687	42
1687	42
1699	42
1699	42
1710	42
1710	42
1710	42
1722	42
1722	42
1722	42
1734	42
1734	42
1734	42
1746	42
1746	42
1746	42
1757	42
1757	42
1757	42
1769	42
1769	42
1769	42
1781	42
1781	42
1781	42
1792	43
1792	43
1792	43
1804	43
1804	43
1804	43
1816	43
1816	43
1828	43
1828	43
1828	43
1839	43
1839	43
1839	43
1851	43
1851	43
1863	43
1863	43
1875	43
1875	43
1875	43
1886	43
1886	43
1898	43
1898	43
1910	43
1910	43
1910	43
1921	43
1921	43
1933	43
1933	43
1933	43
1945	43
1945	43
1957	43
1957	43
1957	43
1968	43
1968	43
1968	43
1980	43
1980	43
1980	43
1992	43
1992	43
2003	43
2003	43
2003	43
2015	43
2015	44
2015	44
2027	44
2027	44
2027	44
2039	44
2039	44
2050	44
2050	44
2050	44
2062	44
2062	44
2062	44
2074	44
2074	44
2085	44
2085	44
2085	44
2097	44
2097	44
2097	44
2109	44
2109	44
2109	44
2121	44
2121	44
2121	44
2132	44
2132	44
2132	44
2144	44
2144	44
2156	44
2156	44
2156	44
2167	44
2167	44
2179	44
2179	44
2179	44
2191	44
2191	44
2191	44
2203	44
2203	44
2214	44
2214	44
2214	44
2226	44
2226	44
2226	45
2238	45
2238	45
2238	45
2250	45
2250	45
2261	45
2261	45
2261	45
2273	45
2273	45
2285	45
2285	45
2285	45
2296	45
2296	45
2296	45
2308	45
2308	45
2320	45
2320	45
2320	45
2332	45
2332	45
2343	45
2343	45
2343	45
2355	45
2355	45
2367	45
2367	45
2367	45
2378	45
2378	45
2390	45
2390	45
2390	45
2402	45
2402	45
2414	45
2414	45
2414	45
2425	45
2425	45
2425	45
2437	45
2437	45
2449	45
2449	45
2449	45
2460	46
2460	46
2472	46
2472	46
2484	46
2484	46
2484	46
2496	46
2496	46
2507	46
2507	46
2507	46
2519	46
2519	46
2519	46
2531	46
2531	46
2542	46
2542	46
2542	46
2554	46
2554	46
2566	46
2566	46
2578	46
2578	46
2589	46
2589	46
2601	46
2601	46
2613	46
2613	46
2625	46
2625	46
2636	46
2636	46
2648	46
2648	46
2660	46
2660	46
2671	46
2671	46
2683	46
2683	46
2695	46
2695	46
2707	46
2707	46
2718	46
2718	46
2718	47
2730	47
2730	47
2742	47
2742	47
2742	47
2753	47
2753	47
2765	47
2765	47
2777	47
2777	47
2777	47
2789	47
2789	47
2800	47
2800	47
2812	47
2812	47
2824	47
2824	47
2835	47
2835	47
2835	47
2847	47
2847	47
2859	47
2859	47
2871	47
2871	47
2871	47
2882	47
2882	47
2894	47
2894	47
2906	47
2906	47
2917	47
2917	47
2929	47
2929	47
2929	47
2941	47
2941	47
2953	47
2953	47
2964	47
2964	47
2976	47
2976	47
2976	48
2988	48
2988	48
3000	48
3000	48
3011	48
3011	48
3023	48
3023	48
3035	48
3035	48
3046	48
3046	48
3046	48
3058	48
3058	48
3070	48
3070	48
3082	48
3082	48
3093	48
3093	48
3105	48
3105	48
3117	48
3117	48
3128	48
3128	48
3140	48
3140	48
3152	48
3152	48
3152	48
3164	48
3164	48
3175	48
3175	48
3187	48
3187	48
3199	48
3199	48
3210	48
3210	48
3222	48
3222	48
3234	48
3234	48
3246	48
3246	48
3257	48
3257	49
3269	49
3269	49
3281	49
3281	49
3292	49
3292	49
3304	49
3304	49
3316	49
3316	49
3328	49
3328	49
3339	49
3339	49
3351	49
3363	49
3363	49
3375	49
3386	49
3386	49
3398	49
3410	49
3410	49
3421	49
3421	49
3433	49
3445	49
3445	49
3457	49
3457	49
3468	49
3468	49
3480	49
3480	49
3492	49
3492	49
3503	49
3503	49
3515	49
3515	49
3527	49
3527	49
3539	49
3539	49
3550	49
3550	49
3562	49
3562	49
3574	49
3574	50
3585	50
3585	50
3597	50
3597	50
3609	50
3609	50
3621	50
3621	50
3632	50
3632	50
3644	50
3644	50
3656	50
3667	50
3667	50
3679	50
3679	50
3691	50
3691	50
3703	50
3703	50
3714	50
3714	50
3726	50
3726	50
3738	50
3738	50
3750	50
3750	50
3761	50
3761	50
3773	50
3773	50
3773	50
3785	50
3785	50
3796	50
3796	50
3808	50
3820	50
3820	50
3832	50
3832	50
3843	50
3843	50
3855	50
3855	50
3867	50
3878	50
3878	51
3890	51
3890	51
3902	51
3902	51
3914	51
3914	51
3925	51
3925	51
3937	51
3937	51
3949	51
3949	51
3960	51
3960	51
3972	51
3972	51
3984	51
3984	51
3996	51
3996	51
4007	51
4019	51
4019	51
4031	51
4031	51
4042	51
4042	51
4054	51
4054	51
4066	51
4078	51
4078	51
4089	51
4089	51
4101	51
4113	51
4125	51
4125	51
4136	51
4148	51
4148	51
4160	51
4171	51
4183	51
4183	51
4195	51
4207	51
4207	51
4218	51
4218	52
4230	52
4230	52
4242	52
4242	52
4253	52
4265	52
4265	52
4277	52
4277	52
4289	52
4300	52
4300	52
4312	52
4324	52
4335	52
4335	52
4347	52
4359	52
4359	52
4371	52
4371	52
4382	52
4382	52
4394	52
4406	52
4406	52
4417	52
4417	52
4429	52
4441	52
4441	52
4453	52
4453	52
4464	52
4476	52
4476	52
4488	52
4488	52
4500	52
4500	52
4511	52
4523	52
4523	52
4535	52
4535	52
4546	52
4546	52
4558	52
4570	52
4570	53
4582	53
4582	53
4593	53
4605	53
4605	53
4617	53
4617	53
4628	53
4640	53
4640	53
4652	53
4652	53
4664	53
4664	53
4675	53
4675	53
4687	53
4687	53
4699	53
4699	53
4710	53
4710	53
4722	53
4722	53
4734	53
4746	53
4746	53
4757	53
4757	53
4769	53
4781	53
4781	53
4792	53
4792	53
4804	53
4816	53
4816	53
4828	53
4839	53
4839	53
4851	53
4863	53
4863	53
4875	53
4886	53
4886	53
4898	53
4910	53
4910	53
4921	54
4933	54
4933	54
4945	54
4957	54
4957	54
4968	54
4980	54
4980	54
4992	54
5003	54
5003	54
5015	54
5015	54
5027	54
5039	54
5039	54
5050	54
5062	54
5062	54
5074	54
5085	54
5097	54
5097	54
5109	54
5109	54
5121	54
5132	54
5132	54
5144	54
5156	54
5156	54
5167	54
5167	54
5179	54
5191	54
5191	54
5203	54
5214	54
5214	54
5226	54
5238	54
5238	54
5250	54
5261	54
5261	54
5273	54
5285	54
5285	54
5296	54
5308	55
5308	55
5320	55
5332	55
5332	55
5343	55
5355	55
5355	55
5367	55
5378	55
5378	55
5390	55
5402	55
5402	55
5414	55
5425	55
5425	55
5437	55
5437	55
5449	55
5460	55
5460	55
5472	55
5484	55
5484	55
5496	55
5496	55
5507	55
5519	55
5519	55
5531	55
5542	55
5542	55
5554	55
5566	55
5566	55
5578	55
5589	55
5601	55
5601	55
5613	55
5625	55
5625	55
5636	55
5648	55
5660	55
5660	55
5671	55
5683	55
5695	55
5695	56
5707	56
5718	56
5718	56
5730	56
5742	56
5742	56
5753	56
5765	56
5765	56
5777	56
5789	56
5789	56
5800	56
5812	56
5812	56
5824	56
5835	56
5835	56
5847	56
5859	56
5859	56
5871	56
5882	56
5882	56
5894	56
5906	56
5917	56
5917	56
5929	56
5941	56
5941	56
5953	56
5964	56
5964	56
5976	56
5988	56
5988	56
6000	56
6011	56
6023	56
6023	56
6035	56
6046	56
6046	56
6058	56
6070	56
6070	56
6082	56
6093	56
6093	57
6105	57
6117	57
6128	57
6128	57
6140	57
6152	57
6152	57
6164	57
6164	57
6175	57
6187	57
6187	57
6199	57
6199	57
6210	57
6210	57
6222	57
6234	57
6234	57
6246	57
6257	57
6257	57
6269	57
6281	57
6281	57
6292	57
6304	57
6316	57
6316	57
6328	57
6339	57
6339	57
6351	57
6363	57
6375	57
6375	57
6386	57
6398	57
6410	57
6421	57
6421	57
6433	57
6445	57
6457	57
6457	57
6468	57
6480	57
6480	57
6492	57
6503	58
6515	58
6515	58
6527	58
6539	58
6550	58
6550	58
6562	58
6574	58
6585	58
6597	58
6609	58
6609	58
6621	58
6632	58
6644	58
6644	58
6656	58
6667	58
6667	58
6679	58
6691	58
6703	58
6703	58
6714	58
6726	58
6738	58
6750	58
6750	58
6761	58
6773	58
6785	58
6796	58
6796	58
6808	58
6820	58
6832	58
6832	58
6843	58
6855	58
6867	58
6867	58
6878	58
6890	58
6890	58
6902	58
6914	58
6925	58
6925	58
6937	58
6949	59
6949	59
6960	59
6972	59
6972	59
6984	59
6996	59
6996	59
7007	59
7019	59
7031	59
7031	59
7042	59
7054	59
7066	59
7066	59
7078	59
7089	59
7089	59
7101	59
7113	59
7125	59
7136	59
7136	59
7148	59
7160	59
7171	59
7171	59
7183	59
7195	59
7207	59
7207	59
7218	59
7230	59
7242	59
7242	59
7253	59
7265	59
7277	59
7277	59
7289	59
7300	59
7312	59
7312	59
7324	59
7335	59
7347	59
7347	59
7359	59
7371	59
7382	60
7382	60
7394	60
7406	60
7406	60
7417	60
7429	60
7441	60
7453	60
7453	60
7464	60
7476	60
7488	60
7488	60
7500	60
7511	60
7523	60
7535	60
7535	60
7546	60
7558	60
7570	60
7582	60
7582	60
7593	60
7605	60
7617	60
7617	60
7628	60
7640	60
7652	60
7652	60
7664	60
7675	60
7687	60
7687	60
7699	60
7699	60
7710	60
7722	60
7734	60
7734	60
7746	60
7757	60
7757	60
7769	60
7781	60
7792	60
7804	60
7804	60
7816	61
7828	61
7839	61
7839	61
7851	61
7863	61
7875	61
7875	61
7886	61
7898	61
7910	61
7921	61
7921	61
7933	61
7945	61
7957	61
7957	61
7968	61
7980	61
7992	61
8003	61
8003	61
8015	61
8027	61
8039	61
8039	61
8050	61
8062	61
8074	61
8074	61
8085	61
8097	61
8109	61
8121	61
8121	61
8132	61
8144	61
8156	61
8156	61
8167	61
8179	61
8191	61
8203	61
8203	61
8214	61
8226	61
8238	61
8250	61
8261	61
8273	61
8285	62
8285	62
8296	62
8308	62
8320	62
8332	62
8343	62
8343	62
8355	62
8367	62
8378	62
8390	62
8390	62
8402	62
8414	62
8425	62
8425	62
8437	62
8449	62
8460	62
8460	62
8472	62
8484	62
8496	62
8496	62
8507	62
8519	62
8531	62
8542	62
8554	62
8554	62
8566	62
8578	62
8589	62
8601	62
8601	62
8613	62
8625	62
8636	62
8636	62
8648	62
8660	62
8671	62
8683	62
8683	62
8695	62
8707	62
8718	62
8730	62
8742	62
8742	63
8753	63
8765	63
8777	63
8789	63
8789	63
8800	63
8812	63
8824	63
8824	63
8835	63
8847	63
8859	63
8871	63
8882	63
8882	63
8894	63
8906	63
8917	63
8929	63
8929	63
8941	63
8953	63
8964	63
8976	63
8988	63
9000	63
9011	63
9023	63
9035	63
9046	63
9058	63
9070	63
9082	63
9082	63
9093	63
9105	63
9117	63
9128	63
9140	63
9140	63
9152	63
9164	63
9175	63
9187	63
9199	63
9199	63
9210	63
9222	63
9234	63
9234	64
9246	64
9257	64
9269	64
9281	64
9292	64
9304	64
9316	64
9316	64
9328	64
9339	64
9351	64
9363	64
9363	64
9375	64
9386	64
9398	64
9410	64
9410	64
9421	64
9433	64
9445	64
9457	64
9468	64
9480	64
9492	64
9492	64
9503	64
9515	64
9527	64
9539	64
9550	64
9550	64
9562	64
9574	64
9585	64
9597	64
9609	64
9621	64
9621	64
9632	64
9644	64
9656	64
9667	64
9679	64
9691	64
9703	64
9703	64
9714	64
9726	64
9750	65
9761	65
9773	65
9785	65
9796	65
9808	65
9820	65
9820	65
9832	65
9843	65
9855	65
9867	65
9878	65
9890	65
9902	65
9914	65
9914	65
9925	65
9937	65
9949	65
9960	65
9972	65
9984	65
9984	65
9996	65
10007	65
10019	65
10031	65
10042	65
10054	65
10066	65
10078	65
10078	65
10089	65
10101	65
10113	65
10125	65
10136	65
10148	65
10160	65
10160	65
10171	65
10183	65
10195	65
10207	65
10218	65
10230	65
10242	65
10253	65
10265	65
10277	66
10277	66
10289	66
10300	66
10312	66
10324	66
10335	66
10347	66
10359	66
10371	66
10382	66
10382	66
10394	66
10406	66
10417	66
10429	66
10441	66
10453	66
10464	66
10476	66
10488	66
10500	66
10511	66
10523	66
10535	66
10546	66
10558	66
10570	66
10582	66
10593	66
10605	66
10617	66
10628	66
10640	66
10652	66
10664	66
10675	66
10687	66
10687	66
10699	66
10710	66
10722	66
10734	66
10746	66
10757	66
10769	66
10769	66
10781	66
10792	66
10804	66
10816	67
10828	67
10839	67
10851	67
10863	67
10875	67
10886	67
10898	67
10898	67
10910	67
10921	67
10933	67
10945	67
10957	67
10968	67
10980	67
10992	67
11003	67
11015	67
11027	67
11039	67
11050	67
11050	67
11062	67
11074	67
11085	67
11097	67
11109	67
11121	67
11132	67
11144	67
11156	67
11167	67
11179	67
11191	67
11203	67
11214	67
11226	67
11238	67
11250	67
11261	67
11273	67
11285	67
11296	67
11308	67
11320	67
11332	67
11343	67
11355	67
11367	67
11378	68
11390	68
11402	68
11414	68
11425	68
11437	68
11449	68
11460	68
11472	68
11484	68
11496	68
11507	68
11519	68
11531	68
11542	68
11554	68
11566	68
11578	68
11589	68
11601	68
11613	68
11625	68
11636	68
11648	68
11660	68
11671	68
11683	68
11695	68
11707	68
11718	68
11730	68
11742	68
11753	68
11765	68
11777	68
11789	68
11800	68
11800	68
11812	68
11824	68
11835	68
11847	68
11859	68
11871	68
11882	68
11894	68
11906	68
11917	68
11929	68
11941	68
11953	69
11964	69
11976	69
11988	69
12000	69
12011	69
12023	69
12046	69
12058	69
12070	69
12082	69
12093	69
12105	69
12117	69
12128	69
12140	69
12152	69
12164	69
12175	69
12187	69
12199	69
12210	69
12222	69
12234	69
12246	69
12257	69
12269	69
12281	69
12292	69
12304	69
12316	69
12328	69
12339	69
12351	69
12363	69
12375	69
12398	69
12410	69
12421	69
12433	69
12445	69
12457	69
12468	69
12480	69
12492	69
12503	69
12515	69
12527	69
12539	69
12550	69
12562	70
12574	70
12585	70
12597	70
12609	70
12621	70
12632	70
12644	70
12656	70
12667	70
12679	70
12691	70
12703	70
12714	70
12726	70
12750	70
12761	70
12773	70
12785	70
12796	70
12808	70
12820	70
12832	70
12843	70
12867	70
12878	70
12890	70
12902	70
12914	70
12925	70
12937	70
12949	70
12972	70
12984	70
12996	70
13007	70
13019	70
13031	70
13042	70
13054	70
13066	70
13078	70
13089	70
13101	70
13125	70
13136	70
13148	70
13160	70
13171	70
13183	70
13195	71
13207	71
13230	71
13242	71
13253	71
13265	71
13277	71
13289	71
13300	71
13312	71
13312	71
13324	71
13335	71
13347	71
13359	71
13371	71
13382	71
13394	71
13406	71
13417	71
13441	71
13453	71
13464	71
13476	71
13488	71
13500	71
13511	71
13523	71
13535	71
13546	71
13558	71
13570	71
13582	71
13593	71
13605	71
13617	71
13628	71
13640	71
13664	71
13675	71
13687	71
13699	71
13710	71
13722	71
13734	71
13746	71
13757	71
13769	71
13792	71
13804	71
13816	72
13828	72
13839	72
13851	72
13875	72
13886	72
13898	72
13921	72
13933	72
13945	72
13957	72
13968	72
13980	72
13992	72
14003	72
14027	72
14039	72
14050	72
14062	72
14074	72
14085	72
14097	72
14109	72
14121	72
14132	72
14144	72
14156	72
14179	72
14191	72
14203	72
14214	72
14226	72
14238	72
14250	72
14261	72
14273	72
14285	72
14296	72
14308	72
14320	72
14343	72
14355	72
14367	72
14378	72
14390	72
14402	72
14414	72
14425	72
14437	72
14449	72
14460	73
14472	73
14496	73
14507	73
14519	73
14531	73
14542	73
14554	73
14566	73
14578	73
14589	73
14613	73
14625	73
14636	73
14660	73
14671	73
14683	73
14695	73
14707	73
14730	73
14742	73
14753	73
14765	73
14777	73
14789	73
14800	73
14812	73
14824	73
14847	73
14859	73
14871	73
14882	73
14894	73
14906	73
14917	73
14929	73
14941	73
14953	73
14964	73
14976	73
15000	73
15011	73
15023	73
15035	73
15046	73
15058	73
15070	73
15082	73
15093	73
15117	73
15128	74
15140	74
15152	74
15164	74
15175	74
15187	74
15199	74
15222	74
15234	74
15246	74
15257	74
15269	74
15281	74
15292	74
15304	74
15328	74
15339	74
15351	74
15375	74
15386	74
15398	74
15421	74
15433	74
15445	74
15457	74
15480	74
15492	74
15503	74
15515	74
15527	74
15539	74
15550	74
15562	74
15574	74
15597	74
15609	74
15621	74
15632	74
15644	74
15656	74
15667	74
15679	74
15691	74
15703	74
15714	74
15726	74
15738	74
15750	74
15761	74
15773	74
15785	75
15796	75
15820	75
15832	75
15843	75
15855	75
15867	75
15878	75
15890	75
15902	75
15914	75
15925	75
15937	75
15949	75
15960	75
15984	75
15996	75
16007	75
16019	75
16031	75
16042	75
16054	75
16066	75
16089	75
16101	75
16125	75
16136	75
16148	75
16171	75
16183	75
16195	75
16218	75
16230	75
16242	75
16253	75
16265	75
16277	75
16289	75
16312	75
16324	75
16335	75
16359	75
16371	75
16382	75
16394	75
16406	75
16417	75
16429	75
16453	75
16464	75
16476	76
16488	76
16500	76
16511	76
16523	76
16535	76
16546	76
16558	76
16582	76
16593	76
16605	76
16617	76
16628	76
16640	76
16652	76
16664	76
16675	76
16687	76
16699	76
16710	76
16722	76
16734	76
16746	76
16757	76
16781	76
16792	76
16804	76
16816	76
16828	76
16839	76
16863	76
16875	76
16886	76
16898	76
16921	76
16933	76
16945	76
16957	76
16980	76
16992	76
17003	76
17015	76
17027	76
17039	76
17062	76
17074	76
17085	76
17097	76
17109	76
17132	76
17144	77
17156	77
17167	77
17179	77
17191	77
17214	77
17226	77
17238	77
17250	77
17261	77
17285	77
17296	77
17308	77
17320	77
17332	77
17343	77
17367	77
17378	77
17390	77
17402	77
17414	77
17425	77
17437	77
17449	77
17472	77
17484	77
17496	77
17507	77
17519	77
17531	77
17542	77
17566	77
17578	77
17589	77
17601	77
17625	77
17636	77
17648	77
17660	77
17683	77
17695	77
17707	77
17718	77
17730	77
17753	77
17765	77
17777	77
17789	77
17800	77
17812	77
17835	78
17847	78
17859	78
17871	78
17882	78
17894	78
17917	78
17929	78
17941	78
17953	78
17964	78
17976	78
18000	78
18011	78
18023	78
18035	78
18046	78
18058	78
18070	78
18093	78
18105	78
18117	78
18128	78
18140	78
18164	78
18175	78
18175	78
18187	78
18199	78
18210	78
18222	78
18234	78
18257	78
18269	78
18281	78
18292	78
18304	78
18328	78
18339	78
18351	78
18363	78
18375	78
18398	78
18410	78
18421	78
18445	78
18457	78
18468	78
18480	78
18492	78
18515	79
18527	79
18539	79
18550	79
18574	79
18585	79
18609	79
18621	79
18632	79
18644	79
18656	79
18667	79
18691	79
18703	79
18714	79
18738	79
18750	79
18761	79
18785	79
18796	79
18808	79
18820	79
18843	79
18855	79
18867	79
18878	79
18890	79
18914	79
18925	79
18937	79
18949	79
18960	79
18972	79
18984	79
18996	79
19007	79
19031	79
19042	79
19054	79
19066	79
19089	79
19101	79
19113	79
19125	79
19136	79
19160	79
19171	79
19183	79
19195	79
19218	79
19230	80
19242	80
19253	80
19265	80
19289	80
19300	80
19312	80
19324	80
19335	80
19359	80
19371	80
19382	80
19394	80
19406	80
19429	80
19441	80
19453	80
19464	80
19488	80
19500	80
19511	80
19523	80
19546	80
19558	80
19570	80
19582	80
19593	80
19617	80
19628	80
19640	80
19652	80
19664	80
19675	80
19699	80
19710	80
19722	80
19734	80
19746	80
19757	80
19769	80
19781	80
19804	80
19816	80
19828	80
19839	80
19851	80
19875	80
19886	80
19898	80
19910	80
19921	81
19945	81
19957	81
19968	81
19980	81
20003	81
20015	81
20027	81
20039	81
20050	81
20062	81
20085	81
20097	81
20109	81
20121	81
20132	81
20156	81
20167	81
20179	81
20191	81
20214	81
20226	81
20238	81
20261	81
20273	81
20285	81
20308	81
20320	81
20332	81
20343	81
20367	81
20378	81
20390	81
20402	81
20414	81
20437	81
20449	81
20460	81
20472	81
20484	81
20496	81
20507	81
20531	81
20542	81
20554	81
20566	81
20589	81
20601	81
20613	81
20625	81
20636	82
20660	82
20671	82
20683	82
20695	82
20707	82
20730	82
20742	82
20753	82
20765	82
20789	82
20800	82
20812	82
20824	82
20835	82
20859	82
20871	82
20882	82
20894	82
20906	82
20929	82
20941	82
20953	82
20976	82
20988	82
21011	82
21023	82
21035	82
21058	82
21070	82
21082	82
21105	82
21117	82
21128	82
21140	82
21164	82
21175	82
21187	82
21199	82
21210	82
21234	82
21246	82
21257	82
21269	82
21292	82
21304	82
21316	82
21328	82
21339	82
21363	82
21375	83
21386	83
21398	83
21410	83
21433	83
21445	83
21457	83
21480	83
21492	83
21503	83
21515	83
21539	83
21550	83
21562	83
21574	83
21585	83
21609	83
21621	83
21632	83
21644	83
21667	83
21679	83
21691	83
21714	83
21726	83
21750	83
21761	83
21785	83
21796	83
21808	83
21832	83
21843	83
21855	83
21878	83
21890	83
21902	83
21914	83
21937	83
21949	83
21960	83
21972	83
21984	83
22007	83
22019	83
22031	83
22054	83
22066	83
22078	83
22089	83
22113	83
22125	84
22136	84
22148	84
22171	84
22183	84
22195	84
22207	84
22230	84
22242	84
22253	84
22277	84
22289	84
22300	84
22312	84
22335	84
22347	84
22359	84
22382	84
22394	84
22406	84
22417	84
22441	84
22453	84
22476	84
22488	84
22511	84
22523	84
22546	84
22558	84
22570	84
22593	84
22605	84
22617	84
22640	84
22652	84
22664	84
22675	84
22699	84
22710	84
22722	84
22734	84
22746	84
22769	84
22781	84
22792	84
22816	84
22828	84
22839	84
22851	84
22875	84
22886	85
22898	85
22910	85
22933	85
22945	85
22957	85
22980	85
22992	85
23003	85
23027	85
23039	85
23050	85
23062	85
23074	85
23097	85
23109	85
23121	85
23132	85
23156	85
23167	85
23179	85
23203	85
23214	85
23238	85
23250	85
23261	85
23285	85
23296	85
23320	85
23332	85
23343	85
23367	85
23378	85
23390	85
23414	85
23425	85
23437	85
23460	85
23472	85
23484	85
23507	85
23519	85
23531	85
23554	85
23566	85
23578	85
23601	85
23613	85
23636	85
23648	85
23660	86
23683	86
23695	86
23707	86
23730	86
23742	86
23753	86
23777	86
23789	86
23800	86
23812	86
23835	86
23847	86
23859	86
23871	86
23894	86
23906	86
23917	86
23941	86
23953	86
23976	86
23988	86
24000	86
24023	86
24035	86
24058	86
24070	86
24093	86
24105	86
24117	86
24140	86
24152	86
24164	86
24187	86
24199	86
24210	86
24234	86
24246	86
24257	86
24269	86
24292	86
24304	86
24328	86
24339	86
24351	86
24375	86
24386	86
24410	86
24421	86
24433	86
24457	87
24468	87
24492	87
24503	87
24515	87
24539	87
24550	87
24562	87
24574	87
24597	87
24609	87
24621	87
24644	87
24656	87
24667	87
24691	87
24703	87
24726	87
24738	87
24761	87
24773	87
24796	87
24808	87
24832	87
24843	87
24855	87
24878	87
24890	87
24914	87
24925	87
24949	87
24960	87
24984	87
24996	87
25007	87
25031	87
25042	87
25066	87
25078	87
25101	87
25113	87
25136	87
25148	87
25171	87
25183	87
25195	87
25218	87
25230	87
25242	87
25265	87
25277	88
25289	88
25312	88
25324	88
25335	88
25347	88
25359	88
25382	88
25394	88
25406	88
25429	88
25441	88
25453	88
25476	88
25488	88
25500	88
25523	88
25535	88
25558	88
25570	88
25582	88
25605	88
25617	88
25640	88
25652	88
25664	88
25687	88
25699	88
25722	88
25734	88
25757	88
25769	88
25781	88
25804	88
25816	88
25839	88
25851	88
25875	88
25898	88
25921	88
25933	88
25957	88
25968	88
25980	88
26003	88
26015	88
26039	88
26050	88
26062	88
26085	88
26097	89
26109	89
26132	89
26144	89
26167	89
26179	89
26203	89
26214	89
26226	89
26250	89
26261	89
26273	89
26296	89
26308	89
26332	89
26343	89
26355	89
26378	89
26390	89
26414	89
26425	89
26437	89
26460	89
26472	89
26496	89
26507	89
26519	89
26542	89
26554	89
26578	89
26589	89
26613	89
26636	89
26648	89
26671	89
26695	89
26707	89
26718	89
26742	89
26753	89
26777	89
26789	89
26812	89
26824	89
26847	89
26859	89
26871	89
26894	89
26906	89
26929	89
26941	90
26953	90
26976	90
26988	90
27011	90
27023	90
27035	90
27058	90
27070	90
27093	90
27105	90
27128	90
27140	90
27152	90
27175	90
27187	90
27210	90
27222	90
27246	90
27257	90
27281	90
27292	90
27304	90
27328	90
27351	90
27375	90
27386	90
27410	90
27433	90
27457	90
27468	90
27480	90
27503	90
27515	90
27539	90
27550	90
27574	90
27585	90
27609	90
27621	90
27632	90
27656	90
27667	90
27691	90
27703	90
27714	90
27738	90
27750	90
27761	90
27785	90
27796	91
27808	91
27832	91
27843	91
27867	91
27878	91
27902	91
27914	91
27925	91
27949	91
27960	91
27972	91
27996	91
28007	91
28031	91
28042	91
28066	91
28078	91
28101	91
28125	91
28148	91
28171	91
28183	91
28207	91
28218	91
28242	91
28253	91
28277	91
28289	91
28312	91
28335	91
28347	91
28371	91
28382	91
28406	91
28417	91
28441	91
28453	91
28476	91
28488	91
28500	91
28523	91
28535	91
28558	91
28570	91
28582	91
28605	91
28617	91
28640	91
28652	91
28664	92
28687	92
28699	92
28710	92
28722	92
28746	92
28757	92
28781	92
28792	92
28804	92
28828	92
28839	92
28863	92
28886	92
28898	92
28921	92
28933	92
28957	92
28968	92
28992	92
29003	92
29027	92
29039	92
29062	92
29085	92
29097	92
29121	92
29132	92
29144	92
29167	92
29179	92
29203	92
29214	92
29238	92
29250	92
29273	92
29285	92
29308	92
29320	92
29343	92
29355	92
29378	92
29390	92
29414	92
29425	92
29437	92
29460	92
29472	92
29484	92
29507	92
29519	93
29542	93
29554	93
29578	93
29589	93
29613	93
29625	93
29648	93
29671	93
29683	93
29707	93
29718	93
29742	93
29753	93
29777	93
29789	93
29812	93
29824	93
29835	93
29859	93
29871	93
29894	93
29906	93
29929	93
29941	93
29953	93
29976	93
29988	93
30011	93
30023	93
30046	93
30058	93
30070	93
30093	93
30117	93
30128	93
30140	93
30164	93
30175	93
30187	93
30199	93
30210	93
30234	93
30246	93
30269	93
30281	93
30304	93
30316	93
30339	93
30351	93
30375	94
30386	94
30410	94
30421	94
30445	94
30457	94
30480	94
30492	94
30515	94
30527	94
30550	94
30574	94
30585	94
30609	94
30632	94
30644	94
30656	94
30679	94
30691	94
30714	94
30738	94
30750	94
30773	94
30796	94
30808	94
30832	94
30843	94
30867	94
30878	94
30890	94
30914	94
30925	94
30949	94
30960	94
30972	94
30996	94
31007	94
31031	94
31042	94
31066	94
31078	94
31089	94
31113	94
31125	94
31148	94
31171	94
31183	94
31207	94
31218	94
31242	94
31253	95
31265	95
31289	95
31300	95
31324	95
31335	95
31359	95
31371	95
31394	95
31406	95
31417	95
31441	95
31453	95
31476	95
31500	95
31511	95
31535	95
31546	95
31570	95
31582	95
31605	95
31617	95
31640	95
31652	95
31664	95
31687	95
31699	95
31710	95
31734	95
31746	95
31757	95
31781	95
31792	95
31816	95
31828	95
31851	95
31863	95
31886	95
31898	95
31921	95
31933	95
31957	95
31968	95
31992	95
32003	95
32027	95
32039	95
32050	95
32074	95
32085	95
32109	96
32121	96
32144	96
32156	96
32179	96
32191	96
32214	96
32226	96
32250	96
32273	96
32285	96
32308	96
32320	96
32343	96
32355	96
32378	96
32390	96
32414	96
32425	96
32437	96
32460	96
32472	96
32496	96
32507	96
32519	96
32542	96
32554	96
32578	96
32589	96
32613	96
32625	96
32636	96
32660	96
32671	96
32695	96
32707	96
32730	96
32742	96
32765	96
32777	96
32800	96
32812	96
32824	96
32847	96
32859	96
32882	96
32894	96
32917	96
32929	96
32953	96
32964	97
32988	97
33011	97
33023	97
33046	97
33070	97
33082	97
33105	97
33117	97
33140	97
33152	97
33175	97
33187	97
33210	97
33222	97
33234	97
33257	97
33269	97
33292	97
33304	97
33328	97
33339	97
33363	97
33375	97
33386	97
33410	97
33421	97
33445	97
33457	97
33480	97
33492	97
33515	97
33527	97
33550	97
33562	97
33585	97
33597	97
33621	97
33632	97
33644	97
33667	97
33691	97
33703	97
33726	97
33738	97
33761	97
33785	97
33808	97
33820	97
33843	97
33855	98
33878	98
33890	98
33914	98
33925	98
33949	98
33960	98
33972	98
33996	98
34007	98
34031	98
34042	98
34066	98
34078	98
34101	98
34113	98
34136	98
34148	98
34171	98
34183	98
34207	98
34218	98
34242	98
34253	98
34277	98
34289	98
34312	98
34324	98
34347	98
34359	98
34382	98
34394	98
34417	98
34429	98
34453	98
34476	98
34500	98
34511	98
34535	98
34558	98
34570	98
34593	98
34605	98
34628	98
34652	98
34664	98
34687	98
34699	98
34710	98
34734	98
34746	99
34769	99
34781	99
34804	99
34816	99
34839	99
34851	99
34875	99
34886	99
34910	99
34921	99
34945	99
34957	99
34980	99
34992	99
35015	99
35027	99
35050	99
35062	99
35074	99
35097	99
35109	99
35132	99
35144	99
35167	99
35191	99
35203	99
35226	99
35238	99
35261	99
35285	99
35308	99
35320	99
35343	99
35355	99
35378	99
35390	99
35414	99
35437	99
35449	99
35472	99
35484	99
35507	99
35519	99
35542	99
35566	99
35578	99
35601	99
35613	99
35636	99
35660	100
35671	100
35695	100
35707	100
35730	100
35753	100
35765	100
35789	100
35800	100
35824	100
35835	100
35859	100
35871	100
35894	100
35906	100
35929	100
35941	100
35964	100
35988	100
36000	100
36023	100
36046	100
36058	100
36082	100
36105	100
36117	100
36140	100
36152	100
36175	100
36187	100
36210	100
36234	100
36246	100
36269	100
36281	100
36304	100
36316	100
36339	100
36363	100
36375	100
36398	100
36421	100
36433	100
36457	100
36468	100
36492	100
36515	100
36527	100
36550	100
36562	100
36585	101
36597	101
36621	101
36632	101
36656	101
36667	101
36691	101
36714	101
36726	101
36750	101
36773	101
36796	101
36808	101
36832	101
36855	101
36867	101
36890	101
36902	101
36925	101
36949	101
36972	101
36996	101
37007	101
37031	101
37042	101
37066	101
37089	101
37101	101
37125	101
37148	101
37171	101
37183	101
37207	101
37230	101
37242	101
37265	101
37289	101
37300	101
37312	101
37335	101
37347	101
37359	101
37382	101
37406	101
37417	101
37441	101
37453	101
37476	101
37500	101
37511	101
37535	102
37546	102
37570	102
37593	102
37605	102
37628	102
37640	102
37664	102
37687	102
37710	102
37722	102
37746	102
37769	102
37781	102
37804	102
37816	102
37839	102
37863	102
37886	102
37910	102
37933	102
37957	102
37968	102
37992	102
38003	102
38027	102
38050	102
38062	102
38085	102
38109	102
38121	102
38144	102
38156	102
38179	102
38203	102
38214	102
38238	102
38250	102
38273	102
38296	102
38308	102
38332	102
38355	102
38367	102
38390	102
38402	102
38425	102
38449	102
38460	102
38484	102
38507	103
38519	103
38542	103
38554	103
38578	103
38601	103
38625	103
38648	103
38671	103
38695	103
38707	103
38730	103
38753	103
38765	103
38789	103
38812	103
38824	103
38847	103
38871	103
38882	103
38906	103
38929	103
38941	103
38964	103
38976	103
39000	103
39023	103
39035	103
39058	103
39070	103
39093	103
39117	103
39128	103
39152	103
39175	103
39187	103
39210	103
39234	103
39257	103
39269	103
39292	103
39304	103
39328	103
39351	103
39375	103
39398	103
39421	103
39445	103
39468	103
39492	103
39503	104
39527	104
39550	104
39562	104
39585	104
39609	104
39621	104
39644	104
39656	104
39679	104
39703	104
39714	104
39738	104
39750	104
39773	104
39796	104
39808	104
39832	104
39843	104
39867	104
39890	104
39902	104
39925	104
39937	104
39960	104
39984	104
39996	104
40019	104
40042	104
40054	104
40078	104
40101	104
40125	104
40148	104
40171	104
40195	104
40218	104
40242	104
40253	104
40277	104
40300	104
40324	104
40347	104
40371	104
40382	104
40406	104
40429	104
40441	104
40464	104
40488	104
40500	105
40523	105
40535	105
40558	105
40582	105
40593	105
40617	105
40640	105
40652	105
40675	105
40687	105
40699	105
40722	105
40734	105
40757	105
40781	105
40792	105
40816	105
40839	105
40863	105
40886	105
40898	105
40921	105
40945	105
40968	105
40992	105
41003	105
41027	105
41050	105
41074	105
41085	105
41109	105
41132	105
41144	105
41167	105
41191	105
41214	105
41226	105
41250	105
41273	105
41296	105
41320	105
41332	105
41355	105
41378	105
41402	105
41414	105
41437	105
41449	105
41472	105
41496	106
41507	106
41531	106
41554	106
41566	106
41589	106
41613	106
41636	106
41660	106
41683	106
41707	106
41718	106
41742	106
41765	106
41777	106
41800	106
41824	106
41847	106
41859	106
41882	106
41906	106
41917	106
41941	106
41964	106
41976	106
42000	106
42023	106
42035	106
42058	106
42082	106
42093	106
42117	106
42140	106
42164	106
42175	106
42187	106
42210	106
42222	106
42246	106
42257	106
42281	106
42304	106
42328	106
42339	106
42363	106
42386	106
42410	106
42433	106
42457	106
42468	106
42492	107
42515	107
42539	107
42562	107
42585	107
42609	107
42632	107
42644	107
42667	107
42691	107
42714	107
42738	107
42761	107
42785	107
42808	107
42820	107
42843	107
42867	107
42890	107
42902	107
42925	107
42949	107
42960	107
42984	107
43007	107
43019	107
43042	107
43066	107
43089	107
43101	107
43125	107
43148	107
43171	107
43195	107
43207	107
43230	107
43253	107
43277	107
43289	107
43312	107
43335	107
43359	107
43371	107
43394	107
43417	107
43429	107
43453	107
43476	107
43500	107
43523	107
43535	108
43558	108
43582	108
43605	108
43617	108
43640	108
43664	108
43675	108
43699	108
43710	108
43734	108
43757	108
43769	108
43792	108
43816	108
43828	108
43851	108
43875	108
43898	108
43910	108
43933	108
43957	108
43980	108
43992	108
44015	108
44039	108
44062	108
44074	108
44097	108
44121	108
44132	108
44156	108
44179	108
44203	108
44226	108
44250	108
44273	108
44296	108
44320	108
44332	108
44355	108
44378	108
44402	108
44414	108
44437	108
44460	108
44472	108
44496	108
44519	108
44531	108
44554	109
44578	109
44601	109
44613	109
44636	109
44660	109
44671	109
44695	109
44718	109
44742	109
44765	109
44777	109
44800	109
44812	109
44835	109
44859	109
44882	109
44894	109
44917	109
44941	109
44964	109
44988	109
45011	109
45035	109
45058	109
45070	109
45093	109
45117	109
45140	109
45152	109
45175	109
45199	109
45210	109
45234	109
45246	109
45269	109
45292	109
45316	109
45339	109
45351	109
45375	109
45398	109
45410	109
45433	109
45457	109
45468	109
45492	109
45515	109
45539	109
45550	109
45574	110
45597	110
45621	110
45632	110
45656	110
45679	110
45703	110
45726	110
45750	110
45773	110
45796	110
45820	110
45843	110
45867	110
45878	110
45902	110
45925	110
45949	110
45960	110
45984	110
46007	110
46019	110
46042	110
46066	110
46089	110
46101	110
46125	110
46148	110
46171	110
46183	110
46207	110
46230	110
46253	110
46277	110
46289	110
46312	110
46335	110
46359	110
46371	110
46394	110
46417	110
46441	110
46464	110
46488	110
46511	110
46535	110
46558	110
46570	110
46593	110
46617	110
46640	111
46664	111
46675	111
46699	111
46722	111
46734	111
46757	111
46781	111
46804	111
46816	111
46839	111
46863	111
46875	111
46898	111
46921	111
46945	111
46968	111
46980	111
47003	111
47027	111
47050	111
47062	111
47085	111
47109	111
47132	111
47144	111
47167	111
47191	111
47214	111
47238	111
47261	111
47285	111
47308	111
47332	111
47355	111
47378	111
47402	111
47414	111
47437	111
47460	111
47484	111
47507	111
47531	111
47542	111
47566	111
47589	111
47613	111
47636	111
47660	111
47683	111
47695	112
47718	112
47742	112
47765	112
47789	112
47800	112
47824	112
47847	112
47871	112
47882	112
47906	112
47929	112
47953	112
47976	112
48000	112
48023	112
48046	112
48058	112
48082	112
48105	112
48128	112
48152	112
48175	112
48187	112
48210	112
48234	112
48257	112
48281	112
48292	112
48316	112
48339	112
48363	112
48386	112
48410	112
48433	112
48457	112
48480	112
48503	112
48515	112
48539	112
48562	112
48585	112
48597	112
48621	112
48644	112
48667	112
48691	112
48714	112
48738	112
48761	112
48785	113
48808	113
48832	113
48855	113
48878	113
48890	113
48914	113
48949	113
48972	113
48996	113
49019	113
49031	113
49054	113
49078	113
49101	113
49125	113
49148	113
49171	113
49195	113
49218	113
49242	113
49265	113
49289	113
49300	113
49324	113
49335	113
49359	113
49382	113
49406	113
49429	113
49441	113
49464	113
49488	113
49511	113
49535	113
49546	113
49570	113
49593	113
49617	113
49640	113
49664	113
49687	113
49710	113
49734	113
49757	113
49769	113
49792	113
49816	113
49839	113
49863	113
49898	114
49921	114
49945	114
49968	114
49992	114
50003	114
50027	114
50050	114
50074	114
50097	114
50121	114
50132	114
50156	114
50179	114
50203	114
50226	114
50250	114
50273	114
50285	114
50308	114
50332	114
50355	114
50378	114
50402	114
50425	114
50437	114
50460	114
50484	114
50507	114
50531	114
50554	114
50578	114
50601	114
50625	114
50660	114
50683	114
50707	114
50730	114
50742	114
50765	114
50789	114
50812	114
50835	114
50859	114
50882	114
50906	114
50929	114
50953	114
50964	114
50988	114
51011	115
51035	115
51058	115
51082	115
51105	115
51128	115
51140	115
51164	115
51187	115
51210	115
51234	115
51257	115
51281	115
51304	115
51328	115
51351	115
51375	115
51398	115
51433	115
51457	115
51480	115
51492	115
51515	115
51539	115
51562	115
51585	115
51609	115
51632	115
51644	115
51667	115
51691	115
51714	115
51738	115
51750	115
51773	115
51796	115
51820	115
51843	115
51867	115
51890	115
51902	115
51925	115
51949	115
51972	115
51984	115
52007	115
52031	115
52054	115
52078	115
52101	115
52136	116
52160	116
52183	116
52207	116
52230	116
52253	116
52277	116
52300	116
52324	116
52359	116
52371	116
52394	116
52417	116
52441	116
52464	116
52488	116
52511	116
52535	116
52546	116
52570	116
52593	116
52617	116
52640	116
52664	116
52675	116
52699	116
52710	116
52734	116
52757	116
52781	116
52804	116
52828	116
52851	116
52875	116
52898	116
52921	116
52945	116
52968	116
52992	116
53003	116
53027	116
53050	116
53074	116
53097	116
53121	116
53144	116
53167	116
53191	116
53214	116
53238	116
53261	117
53285	117
53308	117
53320	117
53343	117
53367	117
53390	117
53414	117
53437	117
53460	117
53472	117
53496	117
53519	117
53542	117
53566	117
53589	117
53613	117
53636	117
53660	117
53683	117
53707	117
53730	117
53753	117
53777	117
53800	117
53824	117
53847	117
53859	117
53882	117
53906	117
53929	117
53953	117
53976	117
54000	117
54023	117
54046	117
54058	117
54082	117
54105	117
54128	117
54152	117
54175	117
54187	117
54210	117
54222	117
54246	117
54269	117
54292	117
54316	117
54339	117
54363	118
54386	118
54410	118
54433	118
54457	118
54480	118
54492	118
54515	118
54539	118
54574	118
54597	118
54621	118
54644	118
54667	118
54691	118
54714	118
54738	118
54761	118
54785	118
54808	118
54832	118
54855	118
54878	118
54902	118
54925	118
54937	118
54960	118
54984	118
55007	118
55019	118
55042	118
55066	118
55089	118
55113	118
55136	118
55160	118
55183	118
55207	118
55230	118
55253	118
55277	118
55300	118
55324	118
55347	118
55359	118
55382	118
55406	118
55429	118
55453	118
55476	118
55500	119
55523	119
55546	119
55570	119
55593	119
55617	119
55640	119
55664	119
55675	119
55699	119
55722	119
55734	119
55757	119
55781	119
55804	119
55828	119
55851	119
55875	119
55898	119
55910	119
55933	119
55957	119
55980	119
56003	119
56027	119
56050	119
56074	119
56097	119
56109	119
56132	119
56156	119
56179	119
56203	119
56226	119
56250	119
56273	119
56296	119
56320	119
56343	119
56367	119
56390	119
56414	119
56437	119
56449	119
56472	119
56496	119
56519	119
56531	119
56554	119
56578	119
56601	120
56625	120
56648	120
56660	120
56683	120
56707	120
56730	120
56753	120
56777	120
56800	120
56824	120
56835	120
56859	120
56882	120
56906	120
56929	120
56953	120
56976	120
57000	120
57023	120
57046	120
57070	120
57093	120
57117	120
57140	120
57164	120
57187	120
57199	120
57222	120
57246	120
57269	120
57292	120
57316	120
57328	120
57351	120
57375	120
57398	120
57421	120
57433	120
57457	120
57480	120
57503	120
57527	120
57550	120
57574	120
57597	120
57609	120
57632	120
57656	120
57679	120
57703	121
57726	121
57750	121
57773	121
57796	121
57820	121
57843	121
57867	121
57890	121
57914	121
57937	121
57949	121
57972	121
57996	121
58019	121
58031	121
58054	121
58078	121
58101	121
58125	121
58148	121
58160	121
58183	121
58207	121
58230	121
58253	121
58277	121
58300	121
58312	121
58335	121
58359	121
58382	121
58406	121
58429	121
58453	121
58476	121
58500	121
58523	121
58546	121
58570	121
58593	121
58617	121
58640	121
58664	121
58675	121
58699	121
58722	121
58746	121
58757	121
58781	121
58804	122
58828	122
58851	122
58875	122
58886	122
58910	122
58933	122
58957	122
58980	122
59003	122
59015	122
59039	122
59062	122
59074	122
59097	122
59121	122
59144	122
59167	122
59191	122
59203	122
59226	122
59250	122
59285	122
59308	122
59320	122
59343	122
59367	122
59390	122
59414	122
59437	122
59460	122
59472	122
59496	122
59519	122
59542	122
59566	122
59578	122
59601	122
59625	122
59648	122
59671	122
59695	122
59718	122
59742	122
59753	122
59777	122
59800	122
59824	122
59835	122
59859	122
59882	123
59906	123
59929	123
59941	123
59964	123
59988	123
60011	123
60035	123
60058	123
60082	123
60105	123
60128	123
60152	123
60164	123
60187	123
60210	123
60234	123
60257	123
60269	123
60292	123
60316	123
60339	123
60363	123
60386	123
60410	123
60433	123
60457	123
60468	123
60492	123
60515	123
60539	123
60562	123
60574	123
60597	123
60621	123
60644	123
60656	123
60679	123
60703	123
60726	123
60750	123
60773	123
60796	123
60820	123
60843	123
60867	123
60878	123
60902	123
60925	123
60949	123
60972	124
60996	124
61019	124
61042	124
61066	124
61078	124
61101	124
61125	124
61148	124
61171	124
61195	124
61218	124
61242	124
61265	124
61277	124
61300	124
61312	124
61335	124
61347	124
61371	124
61394	124
61417	124
61441	124
61453	124
61476	124
61500	124
61523	124
61535	124
61558	124
61582	124
61605	124
61628	124
61652	124
61664	124
61687	124
61710	124
61734	124
61757	124
61781	124
61804	124
61828	124
61851	124
61875	124
61898	124
61921	124
61945	124
61968	124
61992	124
62003	124
62027	124
62050	125
62074	125
62085	125
62109	125
62132	125
62156	125
62179	125
62191	125
62214	125
62238	125
62261	125
62273	125
62296	125
62320	125
62343	125
62355	125
62378	125
62402	125
62425	125
62437	125
62460	125
62484	125
62507	125
62531	125
62542	125
62566	125
62589	125
62613	125
62636	125
62671	125
62695	125
62707	125
62730	125
62753	125
62777	125
62800	125
62812	125
62835	125
62859	125
62882	125
62894	125
62917	125
62941	125
62964	125
62976	125
63000	125
63023	125
63046	125
63070	125
63082	125
63105	126
63128	126
63152	126
63175	126
63187	126
63210	126
63234	126
63257	126
63281	126
63292	126
63316	126
63339	126
63375	126
63398	126
63421	126
63445	126
63468	126
63492	126
63503	126
63527	126
63550	126
63574	126
63597	126
63609	126
63632	126
63656	126
63679	126
63691	126
63714	126
63726	126
63750	126
63773	126
63785	126
63808	126
63832	126
63855	126
63867	126
63890	126
63914	126
63925	126
63949	126
63972	126
63984	126
64007	126
64031	126
64042	126
64066	126
64089	126
64125	126
64148	126
64171	127
64195	127
64218	127
64242	127
64253	127
64277	127
64300	127
64324	127
64347	127
64371	127
64394	127
64406	127
64429	127
64453	127
64476	127
64488	127
64511	127
64535	127
64558	127
64570	127
64593	127
64617	127
64640	127
64652	127
64675	127
64687	127
64710	127
64722	127
64746	127
64769	127
64781	127
64804	127
64828	127
64851	127
64875	127
64898	127
64921	127
64933	127
64957	127
64980	127
65003	127
65015	127
65039	127
65062	127
65085	127
65109	127
65132	127
65144	127
65167	127
65191	127
65214	128
65226	128
65250	128
65273	128
65296	128
65320	128
65332	128
65355	128
65378	128
65402	128
65414	128
65437	128
65449	128
65472	128
65496	128
65507	128
65531	128
65554	128
65578	128
65601	128
65613	128
65636	128
65660	128
65683	128
65707	128
65730	128
65742	128
65765	128
65789	128
65812	128
65824	128
65847	128
65871	128
65882	128
65906	128
65929	128
65953	128
65964	128
65988	128
66011	128
66023	128
66046	128
66070	128
66093	128
66105	128
66128	128
66152	128
66164	128
66187	128
66199	128
66222	129
66234	129
66257	129
66281	129
66292	129
66316	129
66339	129
66363	129
66375	129
66398	129
66421	129
66445	129
66468	129
66492	129
66503	129
66527	129
66550	129
66574	129
66597	129
66621	129
66644	129
66656	129
66679	129
66703	129
66726	129
66750	129
66773	129
66785	129
66808	129
66832	129
66855	129
66878	129
66890	129
66914	129
66937	129
66949	129
66972	129
66984	129
67007	129
67031	129
67042	129
67066	129
67089	129
67113	129
67125	129
67148	129
67171	129
67195	129
67218	129
67230	129
67253	130
67277	130
67289	130
67312	130
67335	130
67359	130
67371	130
67394	130
67417	130
67441	130
67453	130
67476	130
67500	130
67523	130
67546	130
67558	130
67582	130
67605	130
67628	130
67652	130
67664	130
67687	130
67699	130
67722	130
67734	130
67757	130
67781	130
67792	130
67816	130
67839	130
67851	130
67875	130
67898	130
67921	130
67933	130
67957	130
67980	130
68003	130
68015	130
68039	130
68062	130
68074	130
68097	130
68121	130
68132	130
68156	130
68179	130
68203	130
68226	130
68238	130
68261	131
68285	131
68308	131
68332	131
68355	131
68367	131
68390	131
68414	131
68425	131
68449	131
68472	131
68484	131
68507	131
68519	131
68542	131
68566	131
68589	131
68601	131
68625	131
68648	131
68660	131
68683	131
68707	131
68718	131
68742	131
68765	131
68789	131
68800	131
68824	131
68847	131
68859	131
68882	131
68906	131
68929	131
68941	131
68964	131
68988	131
69011	131
69035	131
69058	131
69082	131
69105	131
69117	131
69140	131
69164	131
69187	131
69199	131
69222	131
69234	131
69257	131
69281	132
69304	132
69316	132
69339	132
69363	132
69375	132
69398	132
69421	132
69433	132
69457	132
69480	132
69503	132
69515	132
69539	132
69562	132
69574	132
69597	132
69621	132
69632	132
69656	132
69679	132
69703	132
69726	132
69750	132
69773	132
69796	132
69808	132
69832	132
69855	132
69878	132
69890	132
69914	132
69937	132
69949	132
69972	132
69996	132
70007	132
70031	132
70054	132
70078	132
70089	132
70113	132
70136	132
70148	132
70171	132
70195	132
70218	132
70230	132
70253	132
70277	132
70300	133
70312	133
70335	133
70359	133
70382	133
70394	133
70417	133
70441	133
70464	133
70488	133
70511	133
70535	133
70558	133
70582	133
70593	133
70617	133
70640	133
70664	133
70675	133
70699	133
70722	133
70734	133
70757	133
70781	133
70792	133
70816	133
70839	133
70863	133
70875	133
70898	133
70921	133
70933	133
70957	133
70980	133
71003	133
71015	133
71039	133
71062	133
71074	133
71097	133
71121	133
71132	133
71156	133
71179	133
71203	133
71214	133
71238	133
71261	133
71285	133
71308	133
71332	134
71355	134
71367	134
71390	134
71414	134
71437	134
71449	134
71472	134
71496	134
71519	134
71531	134
71554	134
71578	134
71601	134
71625	134
71636	134
71660	134
71683	134
71707	134
71730	134
71742	134
71765	134
71789	134
71800	134
71824	134
71847	134
71859	134
71882	134
71906	134
71929	134
71953	134
71964	134
71988	134
72011	134
72035	134
72058	134
72082	134
72105	134
72117	134
72140	134
72164	134
72187	134
72210	134
72222	134
72246	134
72269	134
72292	134
72304	134
72328	134
72351	134
72375	135
72398	135
72421	135
72433	135
72457	135
72480	135
72503	135
72515	135
72539	135
72562	135
72574	135
72597	135
72621	135
72632	135
72656	135
72679	135
72703	135
72726	135
72750	135
72761	135
72785	135
72808	135
72832	135
72855	135
72878	135
72890	135
72914	135
72937	135
72972	135
72984	135
73007	135
73031	135
73054	135
73066	135
73089	135
73113	135
73136	135
73160	135
73183	135
73207	135
73218	135
73242	135
73265	135
73289	135
73300	135
73324	135
73335	135
73359	135
73371	135
73394	135
73417	136
73441	136
73464	136
73476	136
73500	136
73523	136
73546	136
73558	136
73582	136
73605	136
73628	136
73640	136
73664	136
73687	136
73710	136
73734	136
73757	136
73781	136
73792	136
73816	136
73839	136
73863	136
73886	136
73921	136
73933	136
73957	136
73980	136
74003	136
74027	136
74039	136
74062	136
74085	136
74109	136
74121	136
74144	136
74167	136
74191	136
74203	136
74226	136
74250	136
74261	136
74285	136
74308	136
74332	136
74343	136
74367	136
74390	136
74414	136
74425	136
74449	136
74472	137
74496	137
74507	137
74531	137
74554	137
74578	137
74601	137
74625	137
74648	137
74671	137
74695	137
74718	137
74730	137
74753	137
74777	137
74800	137
74824	137
74835	137
74859	137
74882	137
74906	137
74929	137
74941	137
74964	137
74988	137
75000	137
75023	137
75046	137
75070	137
75093	137
75105	137
75128	137
75152	137
75175	137
75199	137
75222	137
75246	137
75257	137
75281	137
75304	137
75328	137
75351	137
75375	137
75398	137
75421	137
75445	137
75468	137
75492	137
75503	137
75527	137
75550	138
75574	138
75597	138
75609	138
75632	138
75656	138
75679	138
75691	138
75714	138
75738	138
75750	138
75773	138
75785	138
75808	138
75832	138
75843	138
75867	138
75890	138
75914	138
75925	138
75949	138
75972	138
75984	138
76007	138
76031	138
76042	138
76066	138
76089	138
76113	138
76148	138
76171	138
76195	138
76218	138
76230	138
76253	138
76277	138
76300	138
76324	138
76347	138
76371	138
76394	138
76406	138
76429	138
76453	138
76476	138
76488	138
76511	138
76535	138
76546	138
76570	138
76593	139
76617	139
76640	139
76652	139
76675	139
76687	139
76710	139
76722	139
76746	139
76769	139
76781	139
76804	139
76828	139
76851	139
76875	139
76898	139
76910	139
76933	139
76957	139
76980	139
77003	139
77015	139
77039	139
77062	139
77085	139
77109	139
77132	139
77144	139
77167	139
77191	139
77214	139
77226	139
77250	139
77273	139
77296	139
77308	139
77332	139
77355	139
77378	139
77402	139
77414	139
77437	139
77449	139
77472	139
77496	139
77507	139
77531	139
77554	139
77578	139
77589	139
77613	140
77636	140
77660	140
77683	140
77707	140
77730	140
77742	140
77765	140
77789	140
77812	140
77824	140
77847	140
77871	140
77882	140
77906	140
77929	140
77953	140
77976	140
77988	140
78011	140
78035	140
78046	140
78070	140
78093	140
78117	140
78140	140
78152	140
78175	140
78187	140
78199	140
78222	140
78246	140
78257	140
78281	140
78304	140
78328	140
78339	140
78363	140
78386	140
78410	140
78433	140
78457	140
78468	140
78492	140
78515	140
78539	140
78562	140
78585	140
78609	140
78632	140
78644	141
78667	141
78691	141
78703	141
78726	141
78750	141
78773	141
78796	141
78820	141
78843	141
78855	141
78878	141
78902	141
78925	141
78937	141
78960	141
78972	141
78996	141
79019	141
79031	141
79054	141
79078	141
79101	141
79113	141
79136	141
79160	141
79183	141
79195	141
79218	141
79242	141
79265	141
79277	141
79300	141
79324	141
79335	141
79359	141
79382	141
79406	141
79417	141
79441	141
79464	141
79488	141
79500	141
79523	141
79546	141
79570	141
79593	141
79605	141
79628	141
79652	141
79664	142
79687	142
79699	142
79722	142
79734	142
79757	142
79781	142
79804	142
79816	142
79839	142
79863	142
79875	142
79898	142
79921	142
79933	142
79957	142
79980	142
80003	142
80015	142
80039	142
80062	142
80074	142
80097	142
80121	142
80144	142
80156	142
80179	142
80203	142
80226	142
80238	142
80261	142
80285	142
80308	142
80332	142
80355	142
80367	142
80390	142
80414	142
80425	142
80449	142
80460	142
80484	142
80496	142
80519	142
80542	142
80566	142
80578	142
80601	142
80613	142
80636	142
80660	143
80671	143
80695	143
80718	143
80742	143
80753	143
80777	143
80789	143
80812	143
80835	143
80859	143
80871	143
80894	143
80906	143
80929	143
80953	143
80976	143
81000	143
81023	143
81046	143
81070	143
81082	143
81105	143
81128	143
81140	143
81164	143
81187	143
81199	143
81222	143
81234	143
81257	143
81281	143
81304	143
81316	143
81339	143
81351	143
81375	143
81398	143
81410	143
81433	143
81457	143
81480	143
81492	143
81515	143
81539	143
81550	143
81574	143
81597	143
81609	143
81632	143
81656	144
81679	144
81691	144
81714	144
81738	144
81761	144
81785	144
81808	144
81832	144
81855	144
81867	144
81890	144
81914	144
81925	144
81949	144
81972	144
81984	144
82007	144
82019	144
82042	144
82066	144
82089	144
82101	144
82125	144
82148	144
82160	144
82183	144
82207	144
82218	144
82242	144
82265	144
82289	144
82300	144
82324	144
82347	144
82371	144
82382	144
82406	144
82429	144
82441	144
82464	144
82488	144
82511	144
82535	144
82558	144
82582	144
82605	144
82617	144
82640	144
82664	144
82687	145
82699	145
82722	145
82734	145
82757	145
82781	145
82804	145
82828	145
82839	145
82863	145
82875	145
82898	145
82921	145
82945	145
82957	145
82980	145
83003	145
83027	145
83039	145
83062	145
83074	145
83097	145
83121	145
83132	145
83156	145
83179	145
83203	145
83226	145
83238	145
83261	145
83285	145
83308	145
83332	145
83355	145
83367	145
83390	145
83414	145
83437	145
83460	145
83472	145
83496	145
83519	145
83531	145
83554	145
83578	145
83601	145
83613	145
83636	145
83660	145
83683	145
83695	146
83718	146
83742	146
83765	146
83777	146
83800	146
83824	146
83835	146
83859	146
83882	146
83894	146
83917	146
83941	146
83964	146
83976	146
84000	146
84023	146
84046	146
84070	146
84093	146
84105	146
84128	146
84152	146
84175	146
84187	146
84210	146
84234	146
84257	146
84269	146
84292	146
84316	146
84339	146
84363	146
84386	146
84398	146
84421	146
84445	146
84468	146
84492	146
84503	146
84527	146
84550	146
84562	146
84585	146
84609	146
84621	146
84644	146
84667	146
84691	146
84714	146
84726	147
84750	147
84773	147
84796	147
84820	147
84843	147
84867	147
84878	147
84902	147
84925	147
84949	147
84972	147
84996	147
85019	147
85042	147
85054	147
85078	147
85101	147
85125	147
85148	147
85171	147
85195	147
85207	147
85230	147
85253	147
85277	147
85289	147
85312	147
85324	147
85347	147
85359	147
85382	147
85406	147
85417	147
85441	147
85464	147
85476	147
85500	147
85523	147
85546	147
85558	147
85582	147
85605	147
85628	147
85652	147
85664	147
85687	147
85710	147
85734	147
85757	147
85769	148
85792	148
85816	148
85839	148
85863	148
85886	148
85910	148
85933	148
85957	148
85980	148
86003	148
86015	148
86039	148
86062	148
86085	148
86097	148
86121	148
86144	148
86167	148
86191	148
86203	148
86226	148
86250	148
86261	148
86285	148
86308	148
86332	148
86355	148
86367	148
86390	148
86414	148
86437	148
86449	148
86472	148
86496	148
86519	148
86531	148
86554	148
86578	148
86601	148
86625	148
86648	148
86671	148
86695	148
86718	148
86742	148
86753	148
86777	148
86800	148
86824	148
86847	149
86859	149
86882	149
86906	149
86929	149
86941	149
86964	149
86988	149
87011	149
87023	149
87046	149
87070	149
87093	149
87105	149
87128	149
87152	149
87175	149
87199	149
87222	149
87234	149
87257	149
87281	149
87304	149
87328	149
87351	149
87375	149
87398	149
87421	149
87445	149
87468	149
87492	149
87515	149
87527	149
87550	149
87574	149
87597	149
87609	149
87632	149
87656	149
87679	149
87703	149
87714	149
87738	149
87761	149
87773	149
87796	149
87820	149
87832	149
87855	149
87878	149
87902	150
87914	150
87937	150
87960	150
87984	150
87996	150
88019	150
88042	150
88066	150
88089	150
88113	150
88136	150
88160	150
88183	150
88207	150
88230	150
88253	150
88277	150
88300	150
88324	150
88347	150
88371	150
88382	150
88406	150
88429	150
88453	150
88476	150
88488	150
88511	150
88535	150
88546	150
88570	150
88593	150
88617	150
88640	150
88652	150
88675	150
88687	150
88710	150
88722	150
88746	150
88769	150
88792	150
88804	150
88828	150
88851	150
88875	150
88898	150
88921	150
88945	150
88968	151
88992	151
89003	151
89027	151
89050	151
89074	151
89097	151
89121	151
89144	151
89156	151
89179	151
89203	151
89226	151
89250	151
89273	151
89296	151
89308	151
89332	151
89355	151
89378	151
89402	151
89414	151
89437	151
89460	151
89484	151
89496	151
89519	151
89542	151
89566	151
89589	151
89601	151
89625	151
89648	151
89671	151
89695	151
89718	151
89742	151
89765	151
89789	151
89800	151
89824	151
89847	151
89871	151
89882	151
89906	151
89929	151
89953	151
89976	151
89988	151
90011	151
90035	152
90058	152
90070	152
90093	152
90117	152
90140	152
90164	152
90175	152
90199	152
90210	152
90234	152
90246	152
90269	152
90292	152
90316	152
90328	152
90351	152
90375	152
90398	152
90421	152
90445	152
90468	152
90492	152
90515	152
90539	152
90562	152
90585	152
90609	152
90632	152
90644	152
90667	152
90691	152
90714	152
90738	152
90761	152
90785	152
90808	152
90832	152
90855	152
90878	152
90902	152
90914	152
90937	152
90960	152
90972	152
90996	152
91019	152
91042	152
91054	152
91078	152
91101	153
91125	153
91148	153
91171	153
91195	153
91207	153
91230	153
91253	153
91277	153
91300	153
91312	153
91335	153
91359	153
91382	153
91406	153
91417	153
91441	153
91464	153
91488	153
91511	153
91535	153
91558	153
91570	153
91593	153
91617	153
91640	153
91664	153
91675	153
91699	153
91710	153
91734	153
91757	153
91769	153
91792	153
91816	153
91839	153
91851	153
91875	153
91898	153
91921	153
91933	153
91957	153
91980	153
92003	153
92027	153
92039	153
92062	153
92085	153
92109	153
92132	153
92144	154
92167	154
92191	154
92214	154
92238	154
92261	154
92285	154
92308	154
92332	154
92355	154
92367	154
92390	154
92414	154
92437	154
92449	154
92472	154
92484	154
92507	154
92531	154
92554	154
92578	154
92589	154
92613	154
92636	154
92648	154
92671	154
92695	154
92718	154
92742	154
92753	154
92777	154
92800	154
92824	154
92835	154
92859	154
92882	154
92906	154
92917	154
92941	154
92964	154
92988	154
93011	154
93035	154
93058	154
93082	154
93105	154
93117	154
93140	154
93164	154
93187	154
93199	155
93222	155
93234	155
93257	155
93281	155
93304	155
93328	155
93339	155
93363	155
93375	155
93398	155
93421	155
93445	155
93457	155
93480	155
93503	155
93527	155
93550	155
93562	155
93585	155
93609	155
93632	155
93644	155
93667	155
93691	155
93714	155
93738	155
93761	155
93785	155
93808	155
93832	155
93855	155
93878	155
93890	155
93914	155
93937	155
93960	155
93972	155
93996	155
94019	155
94042	155
94054	155
94078	155
94101	155
94125	155
94136	155
94160	155
94183	155
94207	155
94218	155
94242	156
94265	156
94289	156
94312	156
94324	156
94347	156
94371	156
94394	156
94406	156
94429	156
94453	156
94476	156
94500	156
94523	156
94546	156
94570	156
94593	156
94617	156
94628	156
94652	156
94675	156
94699	156
94710	156
94734	156
94746	156
94769	156
94792	156
94816	156
94839	156
94851	156
94875	156
94898	156
94910	156
94933	156
94957	156
94980	156
94992	156
95015	156
95039	156
95050	156
95074	156
95097	156
95109	156
95132	156
95156	156
95179	156
95203	156
95214	156
95238	156
95261	156
95285	157
95308	157
95332	157
95355	157
95378	157
95390	157
95414	157
95437	157
95460	157
95484	157
95507	157
95519	157
95542	157
95566	157
95589	157
95613	157
95625	157
95648	157
95671	157
95695	157
95718	157
95742	157
95753	157
95777	157
95800	157
95824	157
95835	157
95859	157
95882	157
95894	157
95917	157
95941	157
95964	157
95988	157
96011	157
96035	157
96046	157
96070	157
96093	157
96117	157
96140	157
96152	157
96175	157
96199	157
96222	157
96234	157
96257	157
96281	157
96304	157
96316	157
96339	158
96363	158
96386	158
96410	158
96433	158
96445	158
96468	158
96492	158
96515	158
96527	158
96550	158
96574	158
96585	158
96609	158
96632	158
96656	158
96667	158
96691	158
96714	158
96738	158
96761	158
96785	158
96808	158
96832	158
96855	158
96867	158
96890	158
96914	158
96937	158
96960	158
96984	158
97007	158
97031	158
97042	158
97066	158
97089	158
97113	158
97136	158
97160	158
97183	158
97207	158
97230	158
97242	158
97265	158
97289	158
97300	158
97324	158
97335	158
97359	158
97382	158
97394	159
97417	159
97441	159
97464	159
97476	159
97500	159
97523	159
97546	159
97570	159
97582	159
97605	159
97628	159
97652	159
97664	159
97687	159
97710	159
97734	159
97757	159
97781	159
97792	159
97816	159
97839	159
97863	159
97898	159
97921	159
97945	159
97957	159
97980	159
98003	159
98027	159
98039	159
98062	159
98085	159
98109	159
98121	159
98144	159
98167	159
98191	159
98203	159
98226	159
98250	159
98273	159
98285	159
98308	159
98332	159
98355	159
98367	159
98390	159
98414	159
98437	159
98449	160
98472	160
98496	160
98519	160
98542	160
98554	160
98578	160
98601	160
98636	160
98660	160
98683	160
98707	160
98730	160
98742	160
98765	160
98789	160
98812	160
98835	160
98847	160
98871	160
98894	160
98917	160
98941	160
98953	160
98976	160
99000	160
99023	160
99035	160
99058	160
99082	160
99105	160
99128	160
99140	160
99164	160
99187	160
99210	160
99234	160
99257	160
99269	160
99292	160
99316	160
99339	160
99363	160
99386	160
99421	160
99445	160
99457	160
99480	160
99503	160
99527	160
99550	161
99562	161
99585	161
99609	161
99621	161
99644	161
99667	161
99691	161
99714	161
99726	161
99750	161
99773	161
99785	161
99808	161
99832	161
99843	161
99867	161
99890	161
99914	161
99925	161
99949	161
99972	161
99996	161
100007	161
100031	161
100054	161
100078	161
100101	161
100125	161
100160	161
100183	161
100207	161
100230	161
100242	161
100265	161
100289	161
100312	161
100335	161
100359	161
100382	161
100406	161
100429	161
100453	161
100464	161
100488	161
100511	161
100535	161
100546	161
100570	161
100593	161
100617	162
100640	162
100652	162
100675	162
100687	162
100710	162
100722	162
100746	162
100769	162
100781	162
100804	162
100828	162
100851	162
100875	162
100898	162
100921	162
100933	162
100957	162
100980	162
101003	162
101027	162
101039	162
101062	162
101085	162
101109	162
101132	162
101156	162
101167	162
101191	162
101214	162
101238	162
101261	162
101273	162
101296	162
101320	162
101343	162
101367	162
101390	162
101402	162
101425	162
101449	162
101460	162
101484	162
101507	162
101531	162
101542	162
101566	162
101589	162
101613	162
101636	162
101660	163
101683	163
101707	163
101718	163
101742	163
101765	163
101789	163
101812	163
101824	163
101847	163
101871	163
101894	163
101906	163
101929	163
101953	163
101976	163
102000	163
102011	163
102035	163
102058	163
102082	163
102093	163
102117	163
102140	163
102164	163
102175	163
102199	163
102210	163
102234	163
102246	163
102269	163
102292	163
102316	163
102328	163
102351	163
102375	163
102398	163
102421	163
102445	163
102468	163
102480	163
102503	163
102527	163
102550	163
102574	163
102597	163
102621	163
102644	163
102656	163
102679	163
102703	164
102726	164
102750	164
102773	164
102796	164
102820	164
102843	164
102867	164
102878	164
102902	164
102925	164
102937	164
102960	164
102984	164
102996	164
103019	164
103042	164
103066	164
103089	164
103101	164
103125	164
103148	164
103171	164
103195	164
103218	164
103230	164
103253	164
103277	164
103300	164
103324	164
103335	164
103359	164
103382	164
103406	164
103417	164
103441	164
103464	164
103488	164
103511	164
103535	164
103558	164
103582	164
103593	164
103617	164
103640	164
103664	164
103675	164
103699	164
103710	164
103734	164
103757	165
103769	165
103792	165
103816	165
103839	165
103863	165
103875	165
103898	165
103921	165
103945	165
103957	165
103980	165
104003	165
104027	165
104050	165
104062	165
104085	165
104109	165
104132	165
104156	165
104167	165
104191	165
104214	165
104238	165
104261	165
104285	165
104308	165
104332	165
104355	165
104367	165
104390	165
104414	165
104437	165
104449	165
104472	165
104484	165
104507	165
104531	165
104554	165
104578	165
104589	165
104613	165
104636	165
104660	165
104671	165
104695	165
104718	165
104742	165
104765	165
104777	165
104800	166
104824	166
104847	166
104859	166
104882	166
104906	166
104929	166
104953	166
104976	166
105000	166
105023	166
105046	166
105070	166
105093	166
105105	166
105128	166
105152	166
105175	166
105187	166
105210	166
105234	166
105246	166
105269	166
105292	166
105316	166
105328	166
105351	166
105375	166
105398	166
105410	166
105433	166
105457	166
105480	166
105503	166
105515	166
105539	166
105562	166
105574	166
105597	166
105621	166
105644	166
105667	166
105679	166
105703	166
105726	166
105761	166
105785	166
105808	166
105832	166
105843	166
105867	167
105890	167
105914	167
105925	167
105949	167
105972	167
105996	167
106007	167
106031	167
106054	167
106078	167
106101	167
106113	167
106136	167
106160	167
106183	167
106195	167
106218	167
106242	167
106265	167
106289	167
106300	167
106324	167
106347	167
106371	167
106394	167
106406	167
106429	167
106453	167
106476	167
106500	167
106523	167
106546	167
106570	167
106593	167
106617	167
106640	167
106652	167
106675	167
106699	167
106710	167
106734	167
106757	167
106781	167
106792	167
106816	167
106839	167
106863	167
106875	167
106898	167
106921	168
106945	168
106957	168
106980	168
107003	168
107027	168
107039	168
107062	168
107085	168
107097	168
107121	168
107144	168
107167	168
107191	168
107203	168
107226	168
107250	168
107273	168
107296	168
107320	168
107343	168
107367	168
107390	168
107402	168
107425	168
107449	168
107472	168
107496	168
107507	168
107531	168
107554	168
107578	168
107601	168
107625	168
107636	168
107660	168
107683	168
107707	168
107730	168
107753	168
107765	168
107789	168
107812	168
107824	168
107847	168
107871	168
107894	168
107906	168
107929	168
107953	168
107976	169
108000	169
108023	169
108046	169
108070	169
108082	169
108105	169
108128	169
108152	169
108175	169
108187	169
108210	169
108234	169
108257	169
108269	169
108292	169
108316	169
108339	169
108363	169
108386	169
108410	169
108433	169
108445	169
108468	169
108492	169
108515	169
108539	169
108550	169
108574	169
108597	169
108609	169
108632	169
108656	169
108679	169
108703	169
108714	169
108738	169
108761	169
108785	169
108808	169
108832	169
108855	169
108878	169
108902	169
108925	169
108949	169
108972	169
108996	169
109019	169
109031	169
109054	170
109078	170
109101	170
109125	170
109148	170
109171	170
109195	170
109218	170
109230	170
109253	170
109277	170
109300	170
109312	170
109335	170
109347	170
109371	170
109394	170
109417	170
109429	170
109453	170
109476	170
109500	170
109511	170
109535	170
109558	170
109582	170
109605	170
109617	170
109640	170
109664	170
109687	170
109710	170
109734	170
109757	170
109781	170
109792	170
109816	170
109839	170
109875	170
109898	170
109921	170
109945	170
109968	170
109992	170
110003	170
110027	170
110050	170
110074	170
110097	170
110109	170
110132	171
110156	171
110179	171
110203	171
110214	171
110238	171
110261	171
110285	171
110296	171
110320	171
110343	171
110367	171
110390	171
110414	171
110425	171
110449	171
110472	171
110496	171
110507	171
110531	171
110554	171
110578	171
110601	171
110625	171
110648	171
110671	171
110695	171
110718	171
110742	171
110765	171
110789	171
110800	171
110824	171
110847	171
110871	171
110882	171
110906	171
110929	171
110953	171
110976	171
110988	171
111011	171
111035	171
111058	171
111070	171
111093	171
111117	171
111140	171
111164	171
111187	171
111199	172
111222	172
111246	172
111269	172
111292	172
111304	172
111328	172
111363	172
111386	172
111410	172
111433	172
111457	172
111480	172
111503	172
111515	172
111539	172
111562	172
111585	172
111609	172
111621	172
111644	172
111667	172
111691	172
111703	172
111726	172
111750	172
111761	172
111785	172
111808	172
111832	172
111843	172
111867	172
111890	172
111914	172
111925	172
111949	172
111972	172
111996	172
112007	172
112031	172
112054	172
112078	172
112101	172
112125	172
112160	172
112183	172
112207	172
112230	172
112242	172
112265	172
112289	173
112312	173
112335	173
112359	173
112382	173
112406	173
112429	173
112441	173
112464	173
112488	173
112511	173
112535	173
112546	173
112570	173
112593	173
112617	173
112640	173
112652	173
112675	173
112687	173
112710	173
112722	173
112746	173
112769	173
112781	173
112804	173
112828	173
112851	173
112875	173
112898	173
112921	173
112945	173
112957	173
112980	173
113003	173
113027	173
113050	173
113074	173
113097	173
113109	173
113132	173
113156	173
113179	173
113203	173
113226	173
113238	173
113261	173
113285	173
113308	173
113332	173
113355	174
113367	174
113390	174
113414	174
113437	174
113449	174
113472	174
113496	174
113519	174
113531	174
113554	174
113578	174
113601	174
113625	174
113648	174
113671	174
113695	174
113718	174
113742	174
113765	174
113777	174
113800	174
113824	174
113847	174
113871	174
113882	174
113906	174
113929	174
113953	174
113976	174
113988	174
114011	174
114035	174
114058	174
114082	174
114093	174
114117	174
114140	174
114164	174
114175	174
114199	174
114210	174
114234	174
114246	174
114269	174
114292	174
114316	174
114339	174
114351	174
114375	174
114398	175
114421	175
114445	175
114468	175
114492	175
114515	175
114539	175
114562	175
114585	175
114609	175
114632	175
114644	175
114667	175
114691	175
114714	175
114738	175
114761	175
114785	175
114808	175
114832	175
114855	175
114878	175
114890	175
114914	175
114937	175
114949	175
114972	175
114996	175
115007	175
115031	175
115054	175
115078	175
115101	175
115125	175
115136	175
115160	175
115183	175
115207	175
115230	175
115253	175
115265	175
115289	175
115312	175
115335	175
115359	175
115371	175
115394	175
115417	175
115441	175
115464	175
115488	176
115511	176
115523	176
115546	176
115570	176
115593	176
115617	176
115640	176
115664	176
115675	176
115699	176
115710	176
115734	176
115757	176
115781	176
115792	176
115816	176
115839	176
115863	176
115886	176
115898	176
115921	176
115945	176
115968	176
115992	176
116015	176
116039	176
116050	176
116074	176
116097	176
116121	176
116132	176
116156	176
116179	176
116203	176
116226	176
116250	176
116273	176
116296	176
116320	176
116343	176
116355	176
116378	176
116402	176
116425	176
116437	176
116460	176
116484	176
116496	176
116519	176
116542	177
116566	177
116578	177
116601	177
116625	177
116636	177
116660	177
116683	177
116707	177
116718	177
116742	177
116765	177
116789	177
116800	177
116824	177
116847	177
116871	177
116894	177
116906	177
116929	177
116953	177
116976	177
117000	177
117023	177
117046	177
117070	177
117093	177
117117	177
117140	177
117152	177
117175	177
117199	177
117210	177
117234	177
117257	177
117281	177
117292	177
117316	177
117339	177
117363	177
117375	177
117398	177
117421	177
117445	177
117468	177
117492	177
117503	177
117527	177
117550	177
117574	177
117585	178
117609	178
117632	178
117656	178
117679	178
117691	178
117714	178
117738	178
117761	178
117796	178
117808	178
117832	178
117855	178
117878	178
117902	178
117914	178
117937	178
117960	178
117972	178
117996	178
118019	178
118042	178
118054	178
118078	178
118101	178
118125	178
118136	178
118160	178
118183	178
118195	178
118218	178
118242	178
118265	178
118289	178
118300	178
118324	178
118347	178
118371	178
118394	178
118406	178
118429	178
118453	178
118476	178
118500	178
118523	178
118546	178
118570	178
118593	178
118617	178
118640	178
118652	179
118675	179
118699	179
118722	179
118734	179
118757	179
118781	179
118804	179
118828	179
118839	179
118863	179
118886	179
118910	179
118921	179
118945	179
118968	179
118992	179
119015	179
119027	179
119050	179
119074	179
119085	179
119109	179
119132	179
119156	179
119179	179
119191	179
119214	179
119238	179
119261	179
119285	179
119308	179
119332	179
119355	179
119378	179
119402	179
119414	179
119437	179
119460	179
119484	179
119507	179
119519	179
119542	179
119566	179
119589	179
119613	179
119625	179
119648	179
119671	179
119695	179
119718	180
119730	180
119753	180
119777	180
119800	180
119812	180
119835	180
119859	180
119871	180
119894	180
119917	180
119941	180
119964	180
119976	180
120000	180
120023	180
120046	180
120070	180
120093	180
120117	180
120140	180
120152	180
120175	180
120199	180
120222	180
120246	180
120257	180
120281	180
120304	180
120328	180
120351	180
120375	180
120398	180
120421	180
120445	180
120468	180
120480	180
120503	180
120527	180
120550	180
120562	180
120585	180
120609	180
120632	180
120644	180
120667	180
120691	180
120714	180
120738	180
120761	180
120785	181
120808	181
120832	181
120855	181
120867	181
120890	181
120914	181
120937	181
120960	181
120984	181
121007	181
121031	181
121054	181
121078	181
121089	181
121113	181
121136	181
121160	181
121183	181
121207	181
121230	181
121242	181
121265	181
121289	181
121300	181
121324	181
121335	181
121359	181
121371	181
121394	181
121417	181
121441	181
121464	181
121476	181
121500	181
121523	181
121546	181
121558	181
121582	181
121605	181
121628	181
121652	181
121675	181
121687	181
121722	181
121734	181
121757	181
121781	181
121804	181
121828	181
121851	182
121875	182
121898	182
121921	182
121945	182
121968	182
121992	182
122015	182
122039	182
122050	182
122074	182
122097	182
122121	182
122132	182
122156	182
122179	182
122203	182
122226	182
122238	182
122261	182
122285	182
122308	182
122320	182
122343	182
122367	182
122390	182
122414	182
122425	182
122449	182
122472	182
122496	182
122519	182
122531	182
122554	182
122578	182
122601	182
122625	182
122648	182
122671	182
122695	182
122718	182
122742	182
122765	182
122777	182
122800	182
122824	182
122847	182
122871	182
122882	182
122906	182
122929	183
122953	183
122964	183
122988	183
123011	183
123035	183
123058	183
123070	183
123093	183
123117	183
123140	183
123164	183
123175	183
123199	183
123222	183
123246	183
123269	183
123292	183
123304	183
123339	183
123363	183
123386	183
123410	183
123445	183
123468	183
123480	183
123503	183
123527	183
123550	183
123574	183
123585	183
123609	183
123632	183
123656	183
123679	183
123703	183
123714	183
123738	183
123750	183
123773	183
123796	183
123820	183
123832	183
123855	183
123878	183
123902	183
123925	183
123937	183
123960	183
123984	183
123996	184
124019	184
124042	184
124066	184
124089	184
124113	184
124136	184
124171	184
124195	184
124218	184
124230	184
124253	184
124277	184
124300	184
124324	184
124347	184
124371	184
124394	184
124406	184
124429	184
124453	184
124476	184
124488	184
124511	184
124535	184
124558	184
124570	184
124593	184
124617	184
124640	184
124664	184
124675	184
124699	184
124710	184
124734	184
124746	184
124769	184
124792	184
124816	184
124839	184
124863	184
124886	184
124910	184
124933	184
124957	184
124968	184
124992	184
125015	184
125039	184
125062	184
125085	185
125109	185
125132	185
125144	185
125167	185
125191	185
125214	185
125238	185
125261	185
125285	185
125308	185
125320	185
125343	185
125367	185
125390	185
125414	185
125437	185
125449	185
125472	185
125496	185
125507	185
125531	185
125554	185
125578	185
125601	185
125625	185
125648	185
125671	185
125695	185
125718	185
125730	185
125753	185
125777	185
125800	185
125824	185
125835	185
125859	185
125882	185
125906	185
125917	185
125941	185
125964	185
125988	185
126011	185
126023	185
126046	185
126070	185
126093	185
126105	185
126128	185
126152	186
126175	186
126187	186
126199	186
126222	186
126246	186
126257	186
126281	186
126304	186
126328	186
126351	186
126375	186
126398	186
126421	186
126445	186
126468	186
126480	186
126503	186
126527	186
126550	186
126574	186
126609	186
126621	186
126644	186
126667	186
126691	186
126714	186
126738	186
126761	186
126785	186
126808	186
126832	186
126855	186
126878	186
126902	186
126914	186
126937	186
126960	186
126972	186
126996	186
127019	186
127042	186
127066	186
127078	186
127101	186
127125	186
127148	186
127171	186
127195	186
127218	186
127230	187
127253	187
127277	187
127300	187
127312	187
127335	187
127359	187
127382	187
127406	187
127417	187
127441	187
127464	187
127488	187
127511	187
127535	187
127546	187
127570	187
127593	187
127617	187
127640	187
127664	187
127675	187
127699	187
127710	187
127734	187
127757	187
127769	187
127792	187
127816	187
127839	187
127863	187
127875	187
127898	187
127921	187
127945	187
127968	187
127992	187
128003	187
128027	187
128050	187
128074	187
128097	187
128109	187
128132	187
128156	187
128179	187
128203	187
128226	187
128250	187
128273	187
128296	188
128320	188
128343	188
128367	188
128378	188
128402	188
128425	188
128449	188
128460	188
128484	188
128507	188
128531	188
128542	188
128566	188
128589	188
128613	188
128625	188
128648	188
128671	188
128695	188
128718	188
128730	188
128753	188
128777	188
128800	188
128812	188
128835	188
128859	188
128882	188
128894	188
128917	188
128941	188
128964	188
128988	188
129011	188
129035	188
129058	188
129082	188
129105	188
129128	188
129140	188
129164	188
129187	188
129199	188
129222	188
129246	188
129269	188
129281	188
129304	188
129328	188
129351	189
129363	189
129386	189
129410	189
129433	189
129457	189
129468	189
129492	189
129515	189
129539	189
129562	189
129585	189
129597	189
129621	189
129644	189
129667	189
129691	189
129714	189
129738	189
129761	189
129785	189
129808	189
129832	189
129855	189
129878	189
129902	189
129925	189
129937	189
129960	189
129984	189
129996	189
130019	189
130042	189
130066	189
130089	189
130113	189
130125	189
130148	189
130171	189
130195	189
130218	189
130242	189
130253	189
130277	189
130300	189
130324	189
130347	189
130359	189
130382	189
130406	189
130429	190
130453	190
130476	190
130500	190
130523	190
130546	190
130570	190
130593	190
130617	190
130628	190
130652	190
130675	190
130699	190
130710	190
130734	190
130757	190
130781	190
130792	190
130816	190
130839	190
130863	190
130875	190
130898	190
130921	190
130945	190
130968	190
130992	190
131003	190
131027	190
131050	190
131074	190
131085	190
131109	190
131132	190
131156	190
131179	190
131191	190
131214	190
131238	190
131273	190
131296	190
131320	190
131332	190
131355	190
131378	190
131402	190
131425	190
131449	190
131472	190
131496	190
131507	191
131531	191
131554	191
131578	191
131601	191
131625	191
131648	191
131671	191
131683	191
131707	191
131730	191
131753	191
131777	191
131800	191
131812	191
131835	191
131859	191
131882	191
131894	191
131917	191
131941	191
131964	191
131988	191
132011	191
132035	191
132058	191
132082	191
132105	191
132117	191
132140	191
132164	191
132187	191
132210	191
132234	191
132246	191
132269	191
132292	191
132316	191
132339	191
132363	191
132386	191
132398	191
132421	191
132445	191
132468	191
132492	191
132515	191
132539	191
132550	191
132574	191
132597	192
132609	192
132632	192
132656	192
132679	192
132703	192
132726	192
132750	192
132773	192
132796	192
132820	192
132843	192
132867	192
132878	192
132902	192
132937	192
132960	192
132984	192
133007	192
133019	192
133042	192
133066	192
133089	192
133113	192
133136	192
133160	192
133183	192
133207	192
133230	192
133253	192
133277	192
133289	192
133312	192
133324	192
133347	192
133371	192
133382	192
133406	192
133429	192
133453	192
133476	192
133500	192
133511	192
133535	192
133558	192
133582	192
133605	192
133628	192
133652	192
133664	192
133687	193
133710	193
133734	193
133757	193
133781	193
133804	193
133828	193
133851	193
133875	193
133898	193
133921	193
133945	193
133968	193
133992	193
134015	193
134039	193
134050	193
134074	193
134097	193
134121	193
134144	193
134156	193
134179	193
134203	193
134226	193
134250	193
134273	193
134285	193
134308	193
134332	193
134355	193
134378	193
134402	193
134414	193
134437	193
134460	193
134484	193
134507	193
134531	193
134554	193
134578	193
134601	193
134625	193
134648	193
134671	193
134695	193
134718	193
134742	193
134765	193
134789	193
134812	194
134835	194
134847	194
134871	194
134894	194
134917	194
134941	194
134964	194
134988	194
135000	194
135023	194
135046	194
135070	194
135093	194
135117	194
135140	194
135152	194
135175	194
135199	194
135222	194
135246	194
135269	194
135292	194
135304	194
135339	194
135363	194
135386	194
135410	194
135445	194
135468	194
135480	194
135503	194
135527	194
135550	194
135574	194
135597	194
135609	194
135632	194
135656	194
135679	194
135703	194
135714	194
135738	194
135761	194
135773	194
135796	194
135820	194
135843	194
135867	194
135890	194
135902	195
135925	195
135949	195
135972	195
135984	195
136007	195
136031	195
136054	195
136078	195
136101	195
136136	195
136160	195
136183	195
136207	195
136230	195
136253	195
136277	195
136300	195
136324	195
136347	195
136371	195
136394	195
136417	195
136441	195
136464	195
136488	195
136500	195
136523	195
136546	195
136570	195
136593	195
136617	195
136640	195
136652	195
136675	195
136687	195
136710	195
136722	195
136746	195
136769	195
136792	195
136816	195
136839	195
136863	195
136886	195
136910	195
136933	195
136957	195
136968	195
136992	195
137015	196
137039	196
137062	196
137085	196
137109	196
137132	196
137156	196
137167	196
137191	196
137214	196
137238	196
137261	196
137285	196
137308	196
137332	196
137355	196
137367	196
137390	196
137414	196
137437	196
137460	196
137472	196
137496	196
137519	196
137542	196
137566	196
137589	196
137613	196
137636	196
137660	196
137683	196
137707	196
137730	196
137753	196
137777	196
137789	196
137812	196
137835	196
137859	196
137882	196
137906	196
137929	196
137953	196
137964	196
137988	196
138011	196
138035	196
138058	196
138082	196
138093	196
138117	197
138140	197
138164	197
138187	197
138199	197
138210	197
138234	197
138257	197
138281	197
138304	197
138328	197
138339	197
138363	197
138386	197
138410	197
138433	197
138457	197
138480	197
138503	197
138527	197
138550	197
138574	197
138597	197
138621	197
138644	197
138667	197
138691	197
138714	197
138738	197
138761	197
138785	197
138808	197
138832	197
138843	197
138867	197
138890	197
138914	197
138937	197
138949	197
138972	197
138996	197
139019	197
139042	197
139054	197
139078	197
139101	197
139125	197
139148	197
139171	197
139195	197
139218	198
139242	198
139265	198
139277	198
139300	198
139324	198
139347	198
139371	198
139394	198
139417	198
139441	198
139464	198
139488	198
139511	198
139523	198
139546	198
139570	198
139593	198
139617	198
139640	198
139664	198
139675	198
139699	198
139722	198
139734	198
139757	198
139781	198
139804	198
139828	198
139851	198
139863	198
139886	198
139910	198
139933	198
139957	198
139980	198
139992	198
140015	198
140039	198
140062	198
140085	198
140109	198
140121	198
140144	198
140167	198
140191	198
140214	198
140238	198
140261	198
140285	198
140308	199
140332	199
140355	199
140378	199
140390	199
140414	199
140437	199
140460	199
140472	199
140496	199
140519	199
140542	199
140566	199
140578	199
140601	199
140625	199
140648	199
140671	199
140683	199
140707	199
140730	199
140753	199
140777	199
140800	199
140812	199
140835	199
140859	199
140882	199
140906	199
140929	199
140953	199
140976	199
141000	199
141023	199
141046	199
141070	199
141093	199
141117	199
141140	199
141164	199
141175	199
141199	199
141222	199
141234	199
141257	199
141281	199
141304	199
141328	199
141339	199
141363	199
141386	200
141410	200
141421	200
141445	200
141468	200
141492	200
141515	200
141539	200
141550	200
141574	200
141597	200
141621	200
141644	200
141656	200
141679	200
141703	200
141726	200
141750	200
141785	200
141808	200
141832	200
141843	200
141867	200
141890	200
141914	200
141937	200
141949	200
141972	200
141996	200
142019	200
142042	200
142054	200
142078	200
142101	200
142125	200
142148	200
142171	200
142183	200
142207	200
142230	200
142253	200
142277	200
142300	200
142324	200
142347	200
142359	200
142382	200
142406	200
142429	200
142453	200
142476	201
142500	201
142523	201
142546	201
142570	201
142593	201
142617	201
142640	201
142664	201
142687	201
142699	201
142722	201
142746	201
142757	201
142781	201
142804	201
142828	201
142851	201
142863	201
142886	201
142910	201
142933	201
142957	201
142968	201
142992	201
143015	201
143039	201
143062	201
143074	201
143097	201
143121	201
143144	201
143156	201
143179	201
143203	201
143226	201
143250	201
143273	201
143296	201
143320	201
143343	201
143367	201
143390	201
143414	201
143425	201
143449	201
143472	201
143496	201
143519	201
143542	201
143566	202
143578	202
143601	202
143625	202
143648	202
143671	202
143695	202
143718	202
143742	202
143765	202
143777	202
143800	202
143824	202
143847	202
143859	202
143882	202
143906	202
143929	202
143953	202
143976	202
144000	202
144023	202
144046	202
144070	202
144093	202
144117	202
144128	202
144152	202
144175	202
144199	202
144222	202
144246	202
144257	202
144281	202
144304	202
144328	202
144351	202
144375	202
144398	202
144421	202
144445	202
144468	202
144492	202
144503	202
144527	202
144550	202
144574	202
144585	202
144609	202
144632	202
144656	203
144679	203
144691	203
144714	203
144738	203
144761	203
144796	203
144808	203
144832	203
144855	203
144878	203
144902	203
144925	203
144949	203
144972	203
144996	203
145019	203
145042	203
145066	203
145089	203
145113	203
145136	203
145160	203
145183	203
145207	203
145218	203
145242	203
145265	203
145289	203
145312	203
145324	203
145347	203
145359	203
145382	203
145406	203
145429	203
145453	203
145464	203
145488	203
145511	203
145535	203
145558	203
145582	203
145605	203
145617	203
145640	203
145664	203
145687	203
145710	203
145734	203
145757	204
145781	204
145804	204
145828	204
145851	204
145875	204
145898	204
145921	204
145945	204
145968	204
145992	204
146015	204
146039	204
146050	204
146074	204
146097	204
146121	204
146144	204
146156	204
146179	204
146203	204
146226	204
146250	204
146273	204
146285	204
146308	204
146332	204
146355	204
146378	204
146402	204
146414	204
146437	204
146460	204
146484	204
146507	204
146531	204
146542	204
146566	204
146589	204
146625	204
146648	204
146671	204
146695	204
146718	204
146742	204
146765	204
146789	204
146800	204
146824	204
146847	204
146871	205
146894	205
146917	205
146941	205
146953	205
146976	205
147000	205
147023	205
147046	205
147058	205
147082	205
147105	205
147128	205
147152	205
147175	205
147199	205
147222	205
147246	205
147257	205
147281	205
147304	205
147328	205
147351	205
147375	205
147410	205
147433	205
147457	205
147480	205
147492	205
147515	205
147539	205
147562	205
147585	205
147609	205
147621	205
147644	205
147667	205
147691	205
147714	205
147726	205
147750	205
147773	205
147785	205
147808	205
147832	205
147855	205
147878	205
147902	205
147914	205
147937	205
147960	206
147972	206
147996	206
148019	206
148042	206
148066	206
148089	206
148113	206
148136	206
148171	206
148195	206
148218	206
148242	206
148253	206
148277	206
148300	206
148335	206
148359	206
148371	206
148394	206
148417	206
148441	206
148464	206
148488	206
148500	206
148523	206
148546	206
148570	206
148593	206
148617	206
148640	206
148652	206
148675	206
148687	206
148710	206
148722	206
148746	206
148769	206
148792	206
148816	206
148828	206
148851	206
148875	206
148898	206
148921	206
148945	206
148968	206
148992	206
149015	206
149039	206
149062	207
149085	207
149109	207
149121	207
149144	207
149167	207
149191	207
149214	207
149238	207
149261	207
149285	207
149296	207
149320	207
149343	207
149367	207
149390	207
149414	207
149425	207
149449	207
149472	207
149496	207
149507	207
149531	207
149554	207
149578	207
149601	207
149625	207
149648	207
149671	207
149695	207
149718	207
149742	207
149765	207
149777	207
149800	207
149824	207
149847	207
149871	207
149894	207
149906	207
149929	207
149953	207
149976	207
150000	207
150023	207
150046	207
150058	207
150082	207
150105	207
150128	207
150152	208
150164	208
150187	208
150199	208
150222	208
150234	208
150257	208
150281	208
150304	208
150328	208
150351	208
150375	208
150398	208
150421	208
150445	208
150468	208
150480	208
150503	208
150527	208
150550	208
150574	208
150609	208
150621	208
150644	208
150667	208
150691	208
150714	208
150738	208
150761	208
150785	208
150808	208
150832	208
150855	208
150878	208
150890	208
150914	208
150937	208
150960	208
150972	208
150996	208
151019	208
151042	208
151066	208
151078	208
151101	208
151125	208
151148	208
151171	208
151195	208
151218	208
151242	209
151253	209
151277	209
151300	209
151324	209
151347	209
151371	209
151382	209
151406	209
151429	209
151453	209
151476	209
151500	209
151523	209
151546	209
151570	209
151582	209
151605	209
151628	209
151652	209
151675	209
151687	209
151710	209
151722	209
151746	209
151769	209
151792	209
151816	209
151828	209
151851	209
151875	209
151898	209
151921	209
151933	209
151957	209
151980	209
152003	209
152027	209
152050	209
152074	209
152085	209
152109	209
152132	209
152156	209
152179	209
152203	209
152226	209
152250	209
152273	209
152296	209
152320	210
152343	210
152355	210
152378	210
152402	210
152425	210
152437	210
152460	210
152484	210
152496	210
152519	210
152542	210
152566	210
152589	210
152613	210
152625	210
152648	210
152671	210
152695	210
152718	210
152730	210
152753	210
152777	210
152800	210
152824	210
152835	210
152859	210
152882	210
152906	210
152929	210
152953	210
152976	210
153000	210
153023	210
153046	210
153070	210
153093	210
153117	210
153128	210
153152	210
153175	210
153199	210
153210	210
153234	210
153257	210
153269	210
153292	210
153316	210
153339	210
153363	210
153375	211
153398	211
153421	211
153445	211
153468	211
153492	211
153503	211
153527	211
153550	211
153574	211
153597	211
153609	211
153632	211
153656	211
153679	211
153703	211
153726	211
153750	211
153773	211
153796	211
153820	211
153843	211
153867	211
153890	211
153914	211
153925	211
153949	211
153972	211
153984	211
154007	211
154031	211
154054	211
154078	211
154101	211
154113	211
154136	211
154160	211
154183	211
154207	211
154230	211
154242	211
154265	211
154289	211
154312	211
154335	211
154359	211
154371	211
154394	211
154417	211
154441	211
154464	212
154488	212
154511	212
154535	212
154558	212
154582	212
154605	212
154628	212
154652	212
154664	212
154687	212
154710	212
154734	212
154746	212
154769	212
154792	212
154816	212
154839	212
154851	212
154875	212
154898	212
154921	212
154933	212
154957	212
154980	212
155003	212
155027	212
155050	212
155062	212
155085	212
155109	212
155132	212
155144	212
155167	212
155191	212
155214	212
155238	212
155261	212
155285	212
155308	212
155332	212
155355	212
155378	212
155402	212
155414	212
155437	212
155460	212
155484	212
155507	212
155531	212
155554	213
155578	213
155589	213
155613	213
155636	213
155660	213
155683	213
155707	213
155730	213
155753	213
155765	213
155789	213
155812	213
155835	213
155847	213
155871	213
155894	213
155917	213
155941	213
155964	213
155976	213
156011	213
156035	213
156046	213
156070	213
156093	213
156117	213
156140	213
156164	213
156187	213
156210	213
156222	213
156246	213
156269	213
156292	213
156316	213
156339	213
156363	213
156386	213
156410	213
156421	213
156445	213
156468	213
156492	213
156515	213
156539	213
156550	213
156574	213
156597	213
156621	213
156644	214
156656	214
156679	214
156703	214
156726	214
156750	214
156773	214
156796	214
156820	214
156843	214
156867	214
156890	214
156914	214
156937	214
156960	214
156984	214
157007	214
157031	214
157054	214
157078	214
157101	214
157125	214
157148	214
157171	214
157195	214
157218	214
157230	214
157253	214
157277	214
157300	214
157312	214
157335	214
157347	214
157371	214
157394	214
157417	214
157441	214
157464	214
157476	214
157500	214
157523	214
157546	214
157570	214
157582	214
157605	214
157628	214
157652	214
157675	214
157699	214
157722	214
157746	215
157769	215
157781	215
157804	215
157828	215
157863	215
157886	215
157910	215
157933	215
157957	215
157980	215
158003	215
158027	215
158039	215
158062	215
158085	215
158109	215
158132	215
158144	215
158167	215
158191	215
158214	215
158238	215
158250	215
158273	215
158296	215
158320	215
158343	215
158367	215
158390	215
158402	215
158425	215
158449	215
158472	215
158496	215
158519	215
158531	215
158554	215
158578	215
158613	215
158636	215
158660	215
158683	215
158707	215
158730	215
158753	215
158777	215
158800	215
158824	215
158835	215
158859	216
158882	216
158906	216
158929	216
158953	216
158964	216
158988	216
159011	216
159035	216
159058	216
159082	216
159105	216
159117	216
159140	216
159164	216
159187	216
159210	216
159234	216
159257	216
159281	216
159292	216
159316	216
159351	216
159375	216
159398	216
159421	216
159445	216
159468	216
159492	216
159515	216
159539	216
159562	216
159585	216
159597	216
159621	216
159644	216
159667	216
159691	216
159703	216
159726	216
159750	216
159761	216
159785	216
159808	216
159832	216
159855	216
159878	216
159890	216
159914	216
159937	216
159960	217
159972	217
159996	217
160019	217
160042	217
160066	217
160089	217
160113	217
160148	217
160171	217
160195	217
160218	217
160242	217
160265	217
160289	217
160312	217
160335	217
160359	217
160382	217
160406	217
160429	217
160453	217
160464	217
160488	217
160511	217
160535	217
160558	217
160570	217
160593	217
160617	217
160640	217
160664	217
160675	217
160699	217
timepoint: 198.62