0	0
0	0
0	0
0	0
0	0
0	0
0	0
0	0
0	0
0	0
0	0
0	0
0	0
0	0
0	0
0	0
0	0
0	0
0	0
0	0
0	0
0	0
0	0
0	0
0	0
0	0
0	0
0	0
0	0
0	0
0	0
0	0
0	0
0	0
0	0
0	0
0	0
0	0
0	0
0	0
0	0
0	0
0	0
0	0
0	0
0	0
0	0
0	0
0	0
0	0
0	1
0	1
0	1
0	1
0	1
0	1
0	1
0	1
0	1
0	1
0	1
0	1
0	1
0	1
0	1
0	1
0	1
0	1
0	1
0	1
0	1
0	1
0	1
0	1
0	1
0	1
0	1
0	1
0	1
0	1
0	1
0	1
0	1
0	1
0	1
0	1
0	1
0	1
0	1
0	1
0	1
0	1
0	1
0	1
0	1
0	1
0	1
0	1
0	1
0	1
0	2
0	2
0	2
0	2
0	2
0	2
0	2
0	2
0	2
0	2
0	2
0	2
0	2
0	2
0	2
0	2
0	2
0	2
0	2
0	2
0	2
0	2
0	2
0	2
0	2
0	2
0	2
0	2
0	2
0	2
0	2
0	2
0	2
0	2
0	2
0	2
0	2
0	2
0	2
0	2
0	2
0	2
0	2
0	2
0	2
0	2
0	2
0	2
0	2
0	2
0	3
0	3
0	3
0	3
0	3
0	3
0	3
0	3
0	3
0	3
0	3
0	3
0	3
0	3
0	3
0	3
0	3
0	3
0	3
0	3
0	3
0	3
0	3
0	3
0	3
0	3
0	3
0	3
0	3
0	3
0	3
0	3
0	3
0	3
0	3
0	3
0	3
0	3
0	3
0	3
0	3
0	3
0	3
0	3
0	3
0	3
0	3
0	3
0	3
0	3
0	4
0	4
0	4
0	4
0	4
0	4
0	4
0	4
0	4
0	4
0	4
0	4
0	4
0	4
0	4
0	4
0	4
0	4
0	4
0	4
0	4
0	4
0	4
0	4
0	4
0	4
0	4
0	4
0	4
0	4
0	4
11	4
11	4
11	4
11	4
11	4
11	4
11	4
11	4
11	4
11	4
23	4
23	4
23	4
23	4
23	4
23	4
23	4
23	4
23	4
23	5
23	5
23	5
23	5
23	5
23	5
23	5
23	5
23	5
23	5
23	5
23	5
23	5
23	5
23	5
23	5
23	5
23	5
23	5
23	5
23	5
23	5
23	5
23	5
23	5
23	5
23	5
11	5
11	5
11	5
11	5
11	5
11	5
11	5
11	5
11	5
11	5
11	5
11	5
11	5
11	5
11	5
11	5
11	5
11	5
11	5
11	5
11	5
11	5
11	5
11	6
11	6
11	6
23	6
23	6
23	6
23	6
23	6
23	6
23	6
23	6
23	6
23	6
23	6
23	6
23	6
35	6
35	6
35	6
35	6
35	6
35	6
35	6
35	6
35	6
35	6
35	6
35	6
35	6
35	6
35	6
35	6
35	6
35	6
35	6
35	6
35	6
35	6
35	6
35	6
35	6
35	6
23	6
23	6
23	6
23	6
23	6
23	6
23	6
23	6
23	7
23	7
23	7
23	7
23	7
23	7
23	7
23	7
23	7
23	7
23	7
23	7
23	7
23	7
23	7
23	7
23	7
23	7
23	7
23	7
23	7
23	7
23	7
23	7
23	7
23	7
23	7
23	7
23	7
23	7
23	7
23	7
23	7
23	7
35	7
35	7
35	7
35	7
35	7
35	7
35	7
35	7
35	7
35	7
35	7
35	7
35	7
35	7
35	7
35	7
35	8
35	8
35	8
35	8
35	8
35	8
35	8
35	8
35	8
35	8
35	8
35	8
35	8
35	8
35	8
35	8
35	8
35	8
35	8
35	8
35	8
35	8
35	8
23	8
23	8
23	8
23	8
23	8
23	8
23	8
23	8
23	8
23	8
23	8
23	8
23	8
23	8
23	8
23	8
23	8
23	8
23	8
23	8
23	8
23	8
23	8
23	8
23	8
23	8
23	8
23	9
23	9
23	9
23	9
23	9
35	9
35	9
35	9
35	9
35	9
35	9
35	9
35	9
35	9
35	9
35	9
35	9
35	9
35	9
35	9
35	9
35	9
35	9
35	9
35	9
35	9
35	9
35	9
35	9
35	9
35	9
35	9
35	9
35	9
35	9
35	9
35	9
35	9
35	9
35	9
35	9
35	9
35	9
35	9
35	9
35	9
35	9
35	9
35	9
35	9
35	10
35	10
23	10
23	10
23	10
23	10
23	10
23	10
23	10
23	10
23	10
23	10
23	10
23	10
23	10
23	10
23	10
23	10
23	10
23	10
23	10
23	10
23	10
35	10
35	10
35	10
35	10
35	10
35	10
35	10
35	10
35	10
35	10
35	10
35	10
35	10
35	10
35	10
35	10
35	10
35	10
35	10
35	10
35	10
35	10
35	10
35	10
35	10
35	10
35	10
35	11
35	11
35	11
35	11
35	11
35	11
35	11
35	11
35	11
23	11
23	11
23	11
23	11
23	11
23	11
23	11
23	11
23	11
23	11
23	11
23	11
23	11
23	11
23	11
23	11
35	11
35	11
35	11
35	11
35	11
35	11
35	11
35	11
35	11
35	11
35	11
35	11
35	11
35	11
35	11
35	11
35	11
35	11
35	11
35	11
35	11
35	11
35	11
35	11
35	11
35	12
35	12
35	12
35	12
35	12
35	12
35	12
35	12
35	12
35	12
35	12
35	12
35	12
35	12
35	12
35	12
35	12
35	12
35	12
35	12
35	12
35	12
35	12
35	12
35	12
35	12
35	12
35	12
35	12
35	12
35	12
35	12
35	12
35	12
35	12
35	12
23	12
23	12
23	12
23	12
23	12
23	12
23	12
23	12
23	12
23	12
23	12
23	12
23	12
35	12
35	13
35	13
35	13
35	13
35	13
35	13
35	13
35	13
35	13
35	13
35	13
35	13
35	13
35	13
35	13
35	13
35	13
35	13
35	13
35	13
35	13
35	13
35	13
35	13
35	13
35	13
35	13
35	13
35	13
35	13
35	13
35	13
35	13
35	13
35	13
35	13
35	13
35	13
35	13
35	13
35	13
35	13
35	13
35	13
35	13
35	13
35	13
35	13
35	13
35	13
35	14
35	14
35	14
35	14
35	14
35	14
35	14
35	14
35	14
35	14
35	14
35	14
35	14
35	14
35	14
35	14
35	14
35	14
35	14
35	14
35	14
35	14
35	14
35	14
35	14
35	14
35	14
35	14
35	14
35	14
35	14
35	14
35	14
35	14
35	14
35	14
35	14
35	14
35	14
35	14
35	14
35	14
35	14
35	14
35	14
35	14
35	14
35	14
35	14
35	14
35	15
35	15
35	15
35	15
35	15
35	15
35	15
35	15
35	15
35	15
35	15
35	15
35	15
35	15
35	15
35	15
35	15
35	15
35	15
35	15
35	15
35	15
35	15
35	15
35	15
35	15
35	15
35	15
35	15
35	15
35	15
35	15
35	15
35	15
35	15
35	15
35	15
35	15
35	15
35	15
35	15
35	15
35	15
35	15
35	15
35	15
35	15
35	15
35	15
35	15
35	16
35	16
35	16
35	16
35	16
35	16
35	16
35	16
35	16
35	16
35	16
35	16
35	16
35	16
35	16
35	16
35	16
35	16
35	16
35	16
35	16
35	16
35	16
35	16
35	16
35	16
35	16
35	16
35	16
35	16
35	16
35	16
35	16
35	16
35	16
35	16
35	16
35	16
35	16
35	16
35	16
35	16
35	16
35	16
35	16
35	16
35	16
35	16
35	16
35	16
35	17
35	17
35	17
35	17
35	17
35	17
35	17
35	17
35	17
35	17
35	17
35	17
35	17
35	17
35	17
35	17
35	17
35	17
35	17
35	17
35	17
35	17
35	17
35	17
35	17
35	17
35	17
35	17
35	17
35	17
35	17
35	17
35	17
35	17
35	17
35	17
35	17
35	17
35	17
35	17
35	17
35	17
35	17
35	17
35	17
35	17
35	17
35	17
35	17
35	17
35	18
35	18
35	18
35	18
35	18
35	18
35	18
35	18
35	18
35	18
35	18
35	18
35	18
35	18
35	18
35	18
35	18
35	18
35	18
35	18
35	18
35	18
35	18
35	18
35	18
35	18
35	18
35	18
35	18
35	18
35	18
35	18
35	18
35	18
35	18
35	18
35	18
35	18
35	18
35	18
35	18
35	18
35	18
35	18
35	18
35	18
35	18
35	18
35	18
35	18
35	19
35	19
35	19
35	19
35	19
35	19
35	19
35	19
35	19
35	19
35	19
35	19
35	19
35	19
35	19
35	19
35	19
35	19
35	19
35	19
35	19
35	19
35	19
35	19
35	19
35	19
35	19
35	19
35	19
35	19
35	19
35	19
35	19
35	19
35	19
35	19
35	19
35	19
35	19
35	19
35	19
35	19
35	19
35	19
35	19
35	19
35	19
35	19
35	19
35	19
35	20
35	20
35	20
35	20
35	20
35	20
35	20
35	20
35	20
35	20
35	20
35	20
35	20
35	20
35	20
35	20
35	20
35	20
35	20
35	20
35	20
35	20
35	20
35	20
35	20
35	20
35	20
35	20
35	20
35	20
35	20
35	20
35	20
35	20
35	20
35	20
35	20
35	20
35	20
35	20
35	20
35	20
35	20
35	20
35	20
35	20
35	20
35	20
35	20
35	20
35	21
35	21
35	21
35	21
35	21
35	21
35	21
35	21
35	21
35	21
35	21
35	21
35	21
35	21
35	21
35	21
35	21
35	21
35	21
35	21
35	21
35	21
35	21
35	21
35	21
35	21
35	21
35	21
35	21
35	21
35	21
35	21
35	21
35	21
35	21
35	21
35	21
35	21
35	21
35	21
35	21
35	21
35	21
35	21
35	21
35	21
35	21
35	21
35	21
35	21
35	22
35	22
35	22
35	22
35	22
35	22
35	22
35	22
35	22
35	22
35	22
35	22
35	22
35	22
35	22
35	22
35	22
35	22
35	22
35	22
35	22
35	22
35	22
35	22
35	22
35	22
35	22
35	22
35	22
35	22
35	22
35	22
35	22
35	22
35	22
35	22
35	22
35	22
35	22
35	22
35	22
35	22
35	22
35	22
35	22
35	22
35	22
35	22
35	22
35	22
35	23
35	23
35	23
35	23
35	23
35	23
35	23
35	23
35	23
35	23
35	23
35	23
35	23
35	23
35	23
35	23
35	23
35	23
35	23
35	23
35	23
35	23
35	23
35	23
35	23
35	23
35	23
35	23
35	23
35	23
35	23
35	23
35	23
35	23
35	23
35	23
35	23
35	23
35	23
35	23
35	23
35	23
35	23
35	23
35	23
35	23
35	23
35	23
35	23
35	23
35	24
35	24
35	24
35	24
35	24
35	24
35	24
35	24
35	24
35	24
35	24
35	24
35	24
35	24
35	24
35	24
35	24
35	24
35	24
35	24
35	24
35	24
35	24
35	24
35	24
35	24
35	24
35	24
35	24
35	24
35	24
35	24
35	24
35	24
35	24
35	24
35	24
35	24
35	24
35	24
35	24
35	24
35	24
35	24
35	24
35	24
35	24
35	24
35	24
35	24
35	25
35	25
35	25
35	25
35	25
35	25
35	25
35	25
35	25
35	25
35	25
35	25
35	25
35	25
35	25
35	25
35	25
35	25
35	25
35	25
35	25
35	25
35	25
35	25
35	25
35	25
35	25
35	25
35	25
35	25
35	25
35	25
35	25
35	25
35	25
35	25
35	25
35	25
35	25
35	25
35	25
35	25
35	25
35	25
35	25
35	25
35	25
35	25
35	25
35	25
35	26
35	26
35	26
35	26
35	26
35	26
35	26
35	26
35	26
35	26
35	26
35	26
35	26
35	26
35	26
35	26
35	26
35	26
35	26
35	26
35	26
35	26
35	26
35	26
35	26
35	26
35	26
35	26
35	26
35	26
35	26
35	26
35	26
35	26
35	26
35	26
35	26
35	26
35	26
35	26
35	26
35	26
35	26
35	26
35	26
35	26
35	26
35	26
35	26
35	26
35	27
35	27
35	27
35	27
35	27
35	27
35	27
35	27
35	27
35	27
35	27
35	27
35	27
35	27
35	27
35	27
35	27
35	27
35	27
35	27
35	27
35	27
35	27
35	27
35	27
35	27
35	27
35	27
35	27
35	27
35	27
35	27
35	27
35	27
35	27
35	27
35	27
35	27
35	27
35	27
35	27
35	27
35	27
35	27
35	27
35	27
35	27
35	27
35	27
35	27
35	28
35	28
35	28
35	28
35	28
35	28
35	28
35	28
35	28
35	28
35	28
35	28
35	28
35	28
35	28
35	28
35	28
35	28
35	28
35	28
35	28
35	28
35	28
35	28
35	28
35	28
35	28
35	28
35	28
35	28
35	28
35	28
35	28
35	28
35	28
35	28
35	28
35	28
35	28
35	28
35	28
35	28
35	28
35	28
35	28
35	28
35	28
35	28
35	28
35	28
35	29
35	29
35	29
46	29
46	29
46	29
46	29
46	29
46	29
46	29
46	29
46	29
46	29
46	29
46	29
46	29
46	29
46	29
46	29
46	29
46	29
46	29
46	29
46	29
46	29
46	29
46	29
46	29
58	29
58	29
58	29
58	29
58	29
58	29
58	29
58	29
58	29
58	29
58	29
58	29
58	29
58	29
58	29
58	29
70	29
70	29
70	29
70	29
70	29
70	29
70	30
70	30
70	30
70	30
70	30
70	30
82	30
82	30
82	30
82	30
82	30
82	30
82	30
82	30
82	30
82	30
82	30
82	30
82	30
82	30
93	30
93	30
93	30
93	30
93	30
93	30
93	30
93	30
93	30
93	30
93	30
93	30
93	30
93	30
105	30
105	30
105	30
105	30
105	30
105	30
105	30
105	30
105	30
105	30
117	30
117	30
117	30
117	30
117	30
117	30
117	31
117	31
117	31
117	31
128	31
128	31
128	31
128	31
128	31
128	31
128	31
128	31
128	31
140	31
140	31
140	31
140	31
140	31
140	31
140	31
140	31
140	31
152	31
152	31
152	31
152	31
152	31
152	31
152	31
152	31
152	31
164	31
164	31
164	31
164	31
164	31
164	31
164	31
164	31
175	31
175	31
175	31
175	31
175	31
175	31
175	31
175	31
187	31
187	31
187	31
187	32
187	32
187	32
187	32
199	32
199	32
199	32
199	32
199	32
199	32
199	32
199	32
210	32
210	32
210	32
210	32
210	32
210	32
210	32
222	32
222	32
222	32
222	32
222	32
222	32
222	32
234	32
234	32
234	32
234	32
234	32
234	32
246	32
246	32
246	32
246	32
246	32
246	32
257	32
257	32
257	32
257	32
257	32
257	32
269	32
269	32
269	32
269	32
269	32
269	32
281	33
281	33
281	33
281	33
281	33
281	33
292	33
292	33
292	33
292	33
292	33
292	33
304	33
304	33
304	33
304	33
304	33
304	33
316	33
316	33
316	33
316	33
316	33
316	33
316	33
328	33
328	33
328	33
328	33
328	33
328	33
339	33
339	33
339	33
339	33
339	33
339	33
351	33
351	33
351	33
351	33
351	33
363	33
363	33
363	33
363	33
363	33
363	33
375	33
375	33
375	34
375	34
375	34
386	34
386	34
386	34
386	34
386	34
398	34
398	34
398	34
398	34
398	34
410	34
410	34
410	34
410	34
410	34
410	34
421	34
421	34
421	34
421	34
433	34
433	34
433	34
433	34
433	34
445	34
445	34
445	34
445	34
445	34
457	34
457	34
457	34
457	34
457	34
468	34
468	34
468	34
468	34
480	34
480	34
480	34
480	34
480	34
492	34
492	34
492	34
492	35
503	35
503	35
503	35
503	35
515	35
515	35
515	35
515	35
527	35
527	35
527	35
527	35
539	35
539	35
539	35
539	35
550	35
550	35
550	35
550	35
562	35
562	35
562	35
562	35
574	35
574	35
574	35
574	35
585	35
585	35
585	35
585	35
597	35
597	35
597	35
597	35
597	35
609	35
609	35
609	35
609	35
621	35
621	35
621	35
621	35
632	35
632	35
632	35
632	35
644	36
644	36
644	36
644	36
656	36
656	36
656	36
656	36
667	36
667	36
667	36
667	36
679	36
679	36
679	36
679	36
691	36
691	36
691	36
691	36
703	36
703	36
703	36
703	36
714	36
714	36
714	36
714	36
726	36
726	36
726	36
726	36
738	36
738	36
738	36
738	36
750	36
750	36
750	36
750	36
761	36
761	36
761	36
761	36
773	36
773	36
773	36
773	36
785	36
785	36
785	37
785	37
796	37
796	37
796	37
796	37
808	37
808	37
808	37
808	37
820	37
820	37
820	37
832	37
832	37
832	37
832	37
843	37
843	37
843	37
843	37
855	37
855	37
855	37
855	37
867	37
867	37
867	37
878	37
878	37
878	37
878	37
890	37
890	37
890	37
902	37
902	37
902	37
902	37
914	37
914	37
914	37
914	37
925	37
925	37
925	37
937	37
937	37
937	37
949	37
949	38
949	38
949	38
960	38
960	38
960	38
960	38
972	38
972	38
972	38
984	38
984	38
984	38
984	38
996	38
996	38
996	38
1007	38
1007	38
1007	38
1007	38
1019	38
1019	38
1019	38
1031	38
1031	38
1031	38
1031	38
1042	38
1042	38
1042	38
1042	38
1054	38
1054	38
1054	38
1066	38
1066	38
1066	38
1066	38
1078	38
1078	38
1078	38
1078	38
1089	38
1089	38
1089	38
1089	38
1101	38
1101	38
1101	38
1113	39
1113	39
1113	39
1113	39
1125	39
1125	39
1125	39
1125	39
1136	39
1136	39
1136	39
1148	39
1148	39
1148	39
1148	39
1160	39
1160	39
1160	39
1171	39
1171	39
1171	39
1171	39
1183	39
1183	39
1183	39
1195	39
1195	39
1195	39
1207	39
1207	39
1207	39
1207	39
1218	39
1218	39
1218	39
1230	39
1230	39
1230	39
1242	39
1242	39
1242	39
1242	39
1253	39
1253	39
1253	39
1265	39
1265	39
1265	39
1277	39
1277	39
1277	40
1289	40
1289	40
1289	40
1300	40
1300	40
1300	40
1312	40
1312	40
1312	40
1324	40
1324	40
1324	40
1324	40
1335	40
1335	40
1335	40
1347	40
1347	40
1347	40
1359	40
1359	40
1359	40
1371	40
1371	40
1371	40
1382	40
1382	40
1382	40
1382	40
1394	40
1394	40
1394	40
1406	40
1406	40
1406	40
1417	40
1417	40
1417	40
1429	40
1429	40
1429	40
1429	40
1441	40
1441	40
1441	40
1453	40
1453	40
1453	40
1464	40
1464	41
1464	41
1476	41
1476	41
1476	41
1488	41
1488	41
1488	41
1488	41
1500	41
1500	41
1500	41
1511	41
1511	41
1511	41
1523	41
1523	41
1523	41
1535	41
1535	41
1535	41
1535	41
1546	41
1546	41
1546	41
1558	41
1558	41
1558	41
1570	41
1570	41
1570	41
1582	41
1582	41
1582	41
1582	41
1593	41
1593	41
1593	41
1605	41
1605	41
1605	41
1617	41
1617	41
1617	41
1628	41
1628	41
1628	41
1640	41
1640	41
1640	41
1652	42
1652	42
1652	42
1664	42
1664	42
1675	42
1675	42
1675	42
1687	42
1687	42
1687	42
1699	42
1699	42
1699	42
1710	42
1710	42
1710	42
1722	42
1722	42
1722	42
1734	42
1734	42
1734	42
1746	42
1746	42
1746	42
1746	42
1757	42
1757	42
1757	42
1769	42
1769	42
1769	42
1781	42
1781	42
1781	42
1792	42
1792	42
1792	42
1804	42
1804	42
1804	42
1816	42
1816	42
1816	42
1828	42
1828	42
1828	42
1839	42
1839	42
1839	43
1839	43
1851	43
1851	43
1851	43
1863	43
1863	43
1863	43
1875	43
1875	43
1875	43
1886	43
1886	43
1886	43
1898	43
1898	43
1898	43
1910	43
1910	43
1910	43
1921	43
1921	43
1921	43
1933	43
1933	43
1933	43
1945	43
1945	43
1945	43
1957	43
1957	43
1957	43
1968	43
1968	43
1968	43
1980	43
1980	43
1980	43
1992	43
1992	43
1992	43
2003	43
2003	43
2015	43
2015	43
2015	43
2027	43
2027	43
2027	43
2039	43
2039	44
2050	44
2050	44
2050	44
2062	44
2062	44
2074	44
2074	44
2074	44
2085	44
2085	44
2085	44
2097	44
2097	44
2097	44
2109	44
2109	44
2121	44
2121	44
2121	44
2132	44
2132	44
2132	44
2144	44
2144	44
2144	44
2156	44
2156	44
2156	44
2167	44
2167	44
2167	44
2179	44
2179	44
2191	44
2191	44
2191	44
2203	44
2203	44
2214	44
2214	44
2226	44
2226	44
2238	44
2238	44
2238	44
2250	44
2250	44
2261	44
2261	44
2261	45
2273	45
2273	45
2273	45
2285	45
2285	45
2296	45
2296	45
2296	45
2308	45
2308	45
2308	45
2320	45
2320	45
2332	45
2332	45
2332	45
2343	45
2343	45
2355	45
2355	45
2355	45
2367	45
2367	45
2378	45
2378	45
2378	45
2390	45
2390	45
2402	45
2402	45
2402	45
2414	45
2414	45
2425	45
2425	45
2437	45
2437	45
2437	45
2449	45
2449	45
2460	45
2460	45
2460	45
2472	45
2472	45
2484	45
2484	45
2484	45
2496	45
2496	46
2507	46
2507	46
2507	46
2519	46
2519	46
2531	46
2531	46
2531	46
2542	46
2542	46
2554	46
2554	46
2554	46
2566	46
2566	46
2566	46
2578	46
2578	46
2578	46
2589	46
2589	46
2589	46
2601	46
2601	46
2601	46
2613	46
2613	46
2613	46
2625	46
2625	46
2636	46
2636	46
2636	46
2648	46
2648	46
2660	46
2660	46
2660	46
2671	46
2671	46
2683	46
2683	46
2683	46
2695	46
2695	46
2707	46
2707	46
2718	46
2718	46
2718	47
2730	47
2730	47
2742	47
2742	47
2742	47
2753	47
2753	47
2765	47
2765	47
2777	47
2777	47
2777	47
2789	47
2789	47
2800	47
2800	47
2812	47
2812	47
2812	47
2824	47
2824	47
2835	47
2835	47
2847	47
2847	47
2859	47
2859	47
2859	47
2871	47
2871	47
2882	47
2882	47
2894	47
2894	47
2906	47
2906	47
2917	47
2917	47
2917	47
2929	47
2929	47
2941	47
2941	47
2953	47
2953	47
2964	47
2964	47
2976	47
2976	47
2988	48
2988	48
3000	48
3000	48
3011	48
3011	48
3023	48
3023	48
3035	48
3035	48
3035	48
3046	48
3046	48
3058	48
3058	48
3070	48
3070	48
3082	48
3082	48
3093	48
3093	48
3105	48
3105	48
3117	48
3117	48
3128	48
3128	48
3140	48
3140	48
3152	48
3164	48
3164	48
3175	48
3175	48
3187	48
3187	48
3199	48
3210	48
3210	48
3222	48
3222	48
3234	48
3234	48
3246	48
3246	48
3246	48
3257	48
3257	48
3269	48
3269	48
3281	49
3281	49
3292	49
3292	49
3304	49
3304	49
3316	49
3316	49
3328	49
3328	49
3339	49
3339	49
3351	49
3351	49
3363	49
3363	49
3375	49
3375	49
3386	49
3386	49
3398	49
3398	49
3410	49
3410	49
3421	49
3421	49
3433	49
3433	49
3445	49
3445	49
3457	49
3457	49
3468	49
3468	49
3480	49
3480	49
3492	49
3492	49
3503	49
3503	49
3515	49
3515	49
3527	49
3527	49
3539	49
3539	49
3550	49
3550	49
3562	49
3562	49
3574	50
3574	50
3585	50
3585	50
3597	50
3597	50
3609	50
3609	50
3621	50
3621	50
3632	50
3632	50
3644	50
3644	50
3656	50
3656	50
3667	50
3667	50
3679	50
3679	50
3691	50
3691	50
3703	50
3703	50
3714	50
3726	50
3726	50
3738	50
3738	50
3750	50
3750	50
3761	50
3761	50
3773	50
3773	50
3785	50
3785	50
3796	50
3796	50
3808	50
3808	50
3820	50
3820	50
3832	50
3843	50
3843	50
3855	50
3855	50
3867	50
3878	50
3878	51
3890	51
3902	51
3902	51
3914	51
3925	51
3925	51
3937	51
3949	51
3949	51
3960	51
3960	51
3972	51
3984	51
3984	51
3996	51
3996	51
4007	51
4007	51
4019	51
4019	51
4031	51
4031	51
4042	51
4054	51
4054	51
4066	51
4066	51
4078	51
4078	51
4089	51
4101	51
4101	51
4113	51
4113	51
4125	51
4125	51
4136	51
4136	51
4148	51
4160	51
4160	51
4171	51
4171	51
4183	51
4183	51
4195	51
4207	51
4207	51
4218	51
4218	52
4230	52
4230	52
4242	52
4242	52
4253	52
4265	52
4265	52
4277	52
4277	52
4289	52
4289	52
4300	52
4312	52
4312	52
4324	52
4324	52
4335	52
4335	52
4347	52
4359	52
4359	52
4371	52
4371	52
4382	52
4394	52
4394	52
4406	52
4406	52
4417	52
4417	52
4429	52
4441	52
4441	52
4453	52
4453	52
4464	52
4476	52
4476	52
4488	52
4500	52
4500	52
4511	52
4511	52
4523	52
4535	52
4535	52
4546	52
4546	52
4558	52
4558	53
4570	53
4570	53
4582	53
4593	53
4593	53
4605	53
4617	53
4628	53
4628	53
4640	53
4652	53
4664	53
4664	53
4675	53
4687	53
4699	53
4699	53
4710	53
4722	53
4722	53
4734	53
4746	53
4746	53
4757	53
4757	53
4769	53
4769	53
4781	53
4792	53
4792	53
4804	53
4816	53
4816	53
4828	53
4839	53
4839	53
4851	53
4851	53
4863	53
4875	53
4875	53
4886	53
4886	53
4898	53
4910	53
4910	53
4921	53
4921	53
4933	53
4945	54
4945	54
4957	54
4968	54
4968	54
4980	54
4980	54
4992	54
5003	54
5003	54
5015	54
5015	54
5027	54
5027	54
5039	54
5039	54
5050	54
5062	54
5062	54
5074	54
5074	54
5085	54
5097	54
5097	54
5109	54
5109	54
5121	54
5132	54
5144	54
5144	54
5156	54
5167	54
5167	54
5179	54
5179	54
5191	54
5191	54
5203	54
5214	54
5214	54
5226	54
5226	54
5238	54
5250	54
5250	54
5261	54
5261	54
5273	54
5285	54
5285	54
5296	55
5308	55
5308	55
5320	55
5332	55
5332	55
5343	55
5355	55
5355	55
5367	55
5378	55
5390	55
5402	55
5402	55
5414	55
5425	55
5437	55
5449	55
5460	55
5460	55
5472	55
5484	55
5484	55
5496	55
5507	55
5507	55
5519	55
5531	55
5531	55
5542	55
5554	55
5554	55
5566	55
5578	55
5589	55
5601	55
5601	55
5613	55
5625	55
5636	55
5636	55
5648	55
5660	55
5660	55
5671	55
5683	55
5683	55
5695	55
5707	55
5707	55
5718	56
5730	56
5730	56
5742	56
5753	56
5753	56
5765	56
5777	56
5777	56
5789	56
5800	56
5800	56
5812	56
5824	56
5824	56
5835	56
5847	56
5847	56
5859	56
5871	56
5871	56
5882	56
5894	56
5906	56
5906	56
5917	56
5929	56
5929	56
5941	56
5941	56
5953	56
5964	56
5964	56
5976	56
5976	56
5988	56
5988	56
6000	56
6011	56
6011	56
6023	56
6035	56
6046	56
6046	56
6058	56
6070	56
6070	56
6082	56
6093	56
6093	56
6105	57
6117	57
6128	57
6128	57
6140	57
6152	57
6164	57
6175	57
6175	57
6187	57
6199	57
6210	57
6210	57
6222	57
6234	57
6246	57
6246	57
6257	57
6269	57
6281	57
6281	57
6292	57
6304	57
6304	57
6316	57
6328	57
6339	57
6351	57
6351	57
6363	57
6375	57
6386	57
6386	57
6398	57
6410	57
6421	57
6421	57
6433	57
6445	57
6445	57
6457	57
6468	57
6480	57
6480	57
6492	57
6503	57
6515	57
6515	57
6527	57
6539	57
6550	58
6562	58
6562	58
6574	58
6585	58
6597	58
6597	58
6609	58
6621	58
6632	58
6632	58
6644	58
6656	58
6667	58
6667	58
6679	58
6691	58
6691	58
6703	58
6714	58
6726	58
6726	58
6738	58
6750	58
6750	58
6761	58
6773	58
6785	58
6785	58
6796	58
6808	58
6820	58
6820	58
6832	58
6843	58
6855	58
6855	58
6867	58
6878	58
6890	58
6902	58
6902	58
6914	58
6925	58
6937	58
6949	58
6960	58
6960	58
6972	58
6984	58
6996	59
7007	59
7007	59
7019	59
7031	59
7042	59
7042	59
7054	59
7066	59
7078	59
7078	59
7089	59
7101	59
7113	59
7113	59
7125	59
7136	59
7148	59
7148	59
7160	59
7171	59
7183	59
7195	59
7195	59
7207	59
7218	59
7230	59
7230	59
7242	59
7253	59
7265	59
7265	59
7277	59
7289	59
7300	59
7312	59
7312	59
7324	59
7335	59
7347	59
7347	59
7359	59
7371	59
7382	59
7394	59
7394	59
7406	59
7417	59
7429	59
7429	59
7441	60
7453	60
7453	60
7464	60
7476	60
7476	60
7488	60
7488	60
7500	60
7511	60
7523	60
7523	60
7535	60
7546	60
7558	60
7570	60
7570	60
7582	60
7593	60
7605	60
7605	60
7617	60
7628	60
7640	60
7652	60
7664	60
7664	60
7675	60
7687	60
7699	60
7710	60
7722	60
7734	60
7734	60
7746	60
7757	60
7769	60
7781	60
7781	60
7792	60
7804	60
7816	60
7828	60
7839	60
7851	60
7863	60
7875	60
7875	60
7886	60
7898	60
7910	61
7921	61
7921	61
7933	61
7945	61
7957	61
7968	61
7968	61
7980	61
7992	61
8003	61
8015	61
8027	61
8039	61
8050	61
8062	61
8062	61
8074	61
8085	61
8097	61
8109	61
8121	61
8121	61
8132	61
8144	61
8156	61
8167	61
8167	61
8179	61
8191	61
8203	61
8214	61
8214	61
8226	61
8238	61
8238	61
8250	61
8261	61
8273	61
8285	61
8285	61
8296	61
8308	61
8320	61
8332	61
8332	61
8343	61
8355	61
8367	61
8378	61
8378	62
8390	62
8402	62
8414	62
8425	62
8437	62
8449	62
8449	62
8460	62
8472	62
8484	62
8496	62
8496	62
8507	62
8519	62
8531	62
8542	62
8554	62
8554	62
8566	62
8578	62
8589	62
8601	62
8601	62
8613	62
8625	62
8636	62
8648	62
8660	62
8660	62
8671	62
8683	62
8695	62
8707	62
8707	62
8718	62
8730	62
8742	62
8753	62
8765	62
8777	62
8789	62
8789	62
8800	62
8812	62
8824	62
8835	62
8847	62
8859	62
8859	62
8871	63
8882	63
8894	63
8906	63
8917	63
8917	63
8929	63
8941	63
8953	63
8953	63
8964	63
8976	63
8988	63
8988	63
9000	63
9011	63
9023	63
9023	63
9035	63
9046	63
9058	63
9070	63
9082	63
9082	63
9093	63
9105	63
9117	63
9128	63
9140	63
9140	63
9152	63
9164	63
9175	63
9187	63
9199	63
9199	63
9210	63
9222	63
9234	63
9246	63
9257	63
9269	63
9269	63
9281	63
9292	63
9304	63
9316	63
9328	63
9328	63
9339	63
9351	64
9363	64
9375	64
9386	64
9386	64
9398	64
9410	64
9421	64
9433	64
9445	64
9445	64
9457	64
9468	64
9480	64
9492	64
9503	64
9515	64
9527	64
9539	64
9550	64
9562	64
9574	64
9585	64
9585	64
9597	64
9609	64
9621	64
9632	64
9644	64
9656	64
9667	64
9667	64
9679	64
9691	64
9703	64
9714	64
9726	64
9726	64
9738	64
9750	64
9761	64
9761	64
9773	64
9785	64
9796	64
9808	64
9820	64
9832	64
9843	64
9855	64
9855	65
9867	65
9878	65
9890	65
9902	65
9902	65
9914	65
9925	65
9937	65
9949	65
9960	65
9972	65
9984	65
9984	65
9996	65
10007	65
10019	65
10031	65
10042	65
10054	65
10066	65
10066	65
10078	65
10089	65
10101	65
10113	65
10125	65
10136	65
10136	65
10148	65
10160	65
10171	65
10183	65
10195	65
10207	65
10218	65
10230	65
10242	65
10253	65
10265	65
10277	65
10289	65
10300	65
10312	65
10324	65
10335	65
10347	65
10359	65
10371	65
10371	65
10382	66
10394	66
10406	66
10417	66
10429	66
10441	66
10453	66
10464	66
10464	66
10476	66
10488	66
10500	66
10511	66
10523	66
10523	66
10535	66
10546	66
10558	66
10570	66
10582	66
10593	66
10605	66
10617	66
10628	66
10628	66
10640	66
10652	66
10664	66
10675	66
10687	66
10699	66
10710	66
10722	66
10722	66
10734	66
10746	66
10757	66
10769	66
10781	66
10792	66
10804	66
10816	66
10828	66
10839	66
10851	66
10851	66
10863	66
10875	66
10886	66
10898	66
10910	67
10921	67
10933	67
10945	67
10957	67
10968	67
10980	67
10992	67
11003	67
11015	67
11027	67
11039	67
11050	67
11062	67
11074	67
11085	67
11097	67
11109	67
11121	67
11132	67
11144	67
11156	67
11167	67
11179	67
11191	67
11203	67
11214	67
11226	67
11238	67
11250	67
11250	67
11261	67
11273	67
11285	67
11296	67
11308	67
11320	67
11332	67
11343	67
11355	67
11367	67
11378	67
11390	67
11402	67
11414	67
11425	67
11425	67
11437	67
11449	67
11460	67
11472	68
11484	68
11496	68
11507	68
11519	68
11531	68
11542	68
11554	68
11566	68
11578	68
11589	68
11601	68
11613	68
11625	68
11636	68
11648	68
11660	68
11671	68
11683	68
11695	68
11707	68
11718	68
11730	68
11742	68
11753	68
11765	68
11777	68
11789	68
11812	68
11824	68
11835	68
11847	68
11859	68
11871	68
11882	68
11894	68
11906	68
11917	68
11929	68
11941	68
11953	68
11964	68
11976	68
11976	68
11988	68
12000	68
12011	68
12023	68
12035	68
12046	68
12058	69
12070	69
12082	69
12093	69
12105	69
12117	69
12128	69
12140	69
12152	69
12164	69
12175	69
12187	69
12199	69
12210	69
12222	69
12234	69
12246	69
12257	69
12269	69
12281	69
12292	69
12304	69
12316	69
12328	69
12328	69
12339	69
12351	69
12363	69
12375	69
12386	69
12398	69
12410	69
12421	69
12433	69
12445	69
12457	69
12468	69
12480	69
12492	69
12515	69
12527	69
12539	69
12550	69
12562	69
12574	69
12585	69
12597	69
12621	69
12632	69
12644	69
12656	70
12667	70
12679	70
12691	70
12703	70
12714	70
12726	70
12738	70
12750	70
12761	70
12773	70
12785	70
12796	70
12808	70
12820	70
12832	70
12843	70
12855	70
12867	70
12878	70
12890	70
12902	70
12914	70
12925	70
12949	70
12960	70
12972	70
12984	70
12996	70
13007	70
13019	70
13031	70
13042	70
13054	70
13066	70
13078	70
13089	70
13101	70
13113	70
13125	70
13136	70
13148	70
13160	70
13171	70
13183	70
13195	70
13207	70
13218	70
13230	70
13242	70
13253	71
13265	71
13289	71
13300	71
13312	71
13324	71
13335	71
13347	71
13359	71
13371	71
13382	71
13394	71
13417	71
13429	71
13441	71
13453	71
13464	71
13476	71
13488	71
13500	71
13511	71
13523	71
13535	71
13546	71
13558	71
13570	71
13582	71
13593	71
13617	71
13628	71
13640	71
13652	71
13664	71
13675	71
13687	71
13699	71
13722	71
13734	71
13746	71
13757	71
13769	71
13781	71
13792	71
13804	71
13816	71
13828	71
13839	71
13851	71
13863	71
13875	71
13886	72
13898	72
13910	72
13921	72
13945	72
13957	72
13968	72
13980	72
13992	72
14003	72
14015	72
14027	72
14050	72
14062	72
14074	72
14085	72
14097	72
14121	72
14132	72
14144	72
14156	72
14167	72
14179	72
14191	72
14203	72
14226	72
14238	72
14250	72
14261	72
14285	72
14296	72
14308	72
14320	72
14332	72
14343	72
14355	72
14367	72
14378	72
14402	72
14414	72
14425	72
14437	72
14449	72
14472	72
14484	72
14496	72
14507	72
14519	72
14531	72
14542	72
14554	73
14566	73
14578	73
14589	73
14601	73
14613	73
14625	73
14636	73
14648	73
14660	73
14671	73
14683	73
14695	73
14707	73
14730	73
14742	73
14753	73
14765	73
14777	73
14789	73
14800	73
14812	73
14824	73
14835	73
14847	73
14871	73
14882	73
14894	73
14906	73
14917	73
14929	73
14941	73
14953	73
14976	73
14988	73
15000	73
15011	73
15023	73
15035	73
15046	73
15070	73
15082	73
15093	73
15105	73
15117	73
15140	73
15152	73
15164	73
15187	73
15199	73
15210	74
15234	74
15246	74
15257	74
15269	74
15281	74
15292	74
15304	74
15316	74
15339	74
15351	74
15363	74
15375	74
15386	74
15398	74
15410	74
15421	74
15433	74
15457	74
15468	74
15480	74
15492	74
15503	74
15515	74
15527	74
15539	74
15550	74
15562	74
15574	74
15597	74
15609	74
15621	74
15632	74
15644	74
15656	74
15667	74
15679	74
15703	74
15714	74
15726	74
15738	74
15750	74
15761	74
15773	74
15785	74
15796	74
15808	74
15832	74
15843	74
15855	74
15867	75
15890	75
15902	75
15914	75
15937	75
15949	75
15960	75
15984	75
15996	75
16007	75
16019	75
16031	75
16042	75
16054	75
16078	75
16089	75
16101	75
16113	75
16125	75
16136	75
16148	75
16160	75
16183	75
16195	75
16207	75
16218	75
16230	75
16242	75
16253	75
16265	75
16289	75
16300	75
16312	75
16324	75
16335	75
16347	75
16359	75
16382	75
16394	75
16406	75
16417	75
16429	75
16441	75
16453	75
16476	75
16488	75
16500	75
16511	75
16523	75
16535	75
16546	76
16558	76
16582	76
16593	76
16605	76
16628	76
16640	76
16652	76
16675	76
16687	76
16710	76
16722	76
16734	76
16746	76
16757	76
16769	76
16792	76
16804	76
16816	76
16828	76
16839	76
16851	76
16875	76
16886	76
16898	76
16910	76
16921	76
16933	76
16945	76
16968	76
16980	76
16992	76
17003	76
17015	76
17027	76
17039	76
17050	76
17062	76
17074	76
17085	76
17097	76
17121	76
17132	76
17144	76
17156	76
17167	76
17179	76
17191	76
17203	76
17214	76
17238	77
17250	77
17261	77
17273	77
17285	77
17296	77
17308	77
17320	77
17343	77
17355	77
17367	77
17390	77
17402	77
17425	77
17437	77
17460	77
17472	77
17484	77
17496	77
17519	77
17531	77
17542	77
17554	77
17566	77
17589	77
17601	77
17613	77
17636	77
17648	77
17660	77
17671	77
17683	77
17707	77
17718	77
17730	77
17742	77
17753	77
17765	77
17777	77
17800	77
17812	77
17824	77
17835	77
17847	77
17859	77
17882	77
17894	77
17906	77
17917	77
17929	77
17941	78
17953	78
17964	78
17976	78
17988	78
18000	78
18011	78
18023	78
18046	78
18058	78
18070	78
18082	78
18093	78
18105	78
18128	78
18140	78
18152	78
18175	78
18187	78
18199	78
18222	78
18234	78
18246	78
18257	78
18269	78
18292	78
18304	78
18316	78
18328	78
18351	78
18363	78
18375	78
18386	78
18398	78
18421	78
18433	78
18445	78
18457	78
18468	78
18492	78
18503	78
18515	78
18527	78
18550	78
18562	78
18574	78
18585	78
18597	78
18621	78
18632	78
18644	79
18656	79
18667	79
18691	79
18703	79
18714	79
18726	79
18738	79
18750	79
18761	79
18773	79
18796	79
18808	79
18820	79
18832	79
18843	79
18867	79
18878	79
18890	79
18914	79
18925	79
18937	79
18960	79
18972	79
18984	79
18996	79
19019	79
19031	79
19042	79
19054	79
19066	79
19089	79
19101	79
19113	79
19125	79
19136	79
19148	79
19171	79
19183	79
19195	79
19207	79
19230	79
19242	79
19253	79
19265	79
19277	79
19289	79
19312	79
19324	79
19335	79
19347	80
19359	80
19382	80
19394	80
19406	80
19417	80
19429	80
19441	80
19453	80
19464	80
19476	80
19488	80
19500	80
19523	80
19535	80
19546	80
19558	80
19570	80
19593	80
19605	80
19617	80
19628	80
19652	80
19664	80
19675	80
19699	80
19710	80
19722	80
19734	80
19757	80
19769	80
19781	80
19792	80
19816	80
19828	80
19839	80
19863	80
19875	80
19886	80
19910	80
19921	80
19933	80
19945	80
19957	80
19980	80
19992	80
20003	80
20027	80
20039	80
20062	80
20074	81
20085	81
20097	81
20121	81
20132	81
20144	81
20156	81
20179	81
20191	81
20203	81
20214	81
20226	81
20238	81
20261	81
20273	81
20285	81
20296	81
20308	81
20332	81
20343	81
20355	81
20367	81
20390	81
20402	81
20414	81
20425	81
20449	81
20460	81
20472	81
20484	81
20507	81
20519	81
20531	81
20542	81
20566	81
20578	81
20589	81
20601	81
20613	81
20636	81
20648	81
20660	81
20671	81
20683	81
20707	81
20718	81
20730	81
20753	81
20765	81
20777	81
20789	82
20812	82
20824	82
20835	82
20859	82
20871	82
20882	82
20894	82
20917	82
20929	82
20941	82
20953	82
20964	82
20976	82
20988	82
21000	82
21023	82
21035	82
21046	82
21058	82
21082	82
21093	82
21105	82
21117	82
21128	82
21152	82
21164	82
21175	82
21187	82
21199	82
21222	82
21234	82
21246	82
21257	82
21281	82
21292	82
21304	82
21316	82
21339	82
21351	82
21363	82
21375	82
21386	82
21410	82
21421	82
21433	82
21445	82
21468	82
21480	82
21492	82
21515	83
21527	83
21539	83
21562	83
21574	83
21585	83
21609	83
21621	83
21632	83
21644	83
21667	83
21679	83
21691	83
21703	83
21726	83
21738	83
21750	83
21761	83
21773	83
21785	83
21808	83
21820	83
21832	83
21843	83
21867	83
21878	83
21890	83
21902	83
21925	83
21937	83
21949	83
21960	83
21972	83
21996	83
22007	83
22019	83
22042	83
22054	83
22066	83
22078	83
22089	83
22113	83
22125	83
22136	83
22148	83
22171	83
22183	83
22195	83
22207	83
22230	83
22242	84
22265	84
22277	84
22300	84
22312	84
22324	84
22347	84
22359	84
22371	84
22394	84
22406	84
22417	84
22429	84
22453	84
22464	84
22476	84
22488	84
22500	84
22523	84
22535	84
22546	84
22558	84
22582	84
22593	84
22605	84
22617	84
22640	84
22652	84
22664	84
22675	84
22687	84
22710	84
22722	84
22734	84
22757	84
22769	84
22781	84
22792	84
22816	84
22828	84
22839	84
22851	84
22875	84
22886	84
22898	84
22910	84
22933	84
22945	84
22957	84
22980	84
22992	85
23015	85
23027	85
23050	85
23062	85
23085	85
23097	85
23109	85
23132	85
23144	85
23156	85
23167	85
23191	85
23203	85
23214	85
23226	85
23250	85
23261	85
23273	85
23285	85
23308	85
23320	85
23332	85
23355	85
23367	85
23378	85
23390	85
23414	85
23425	85
23437	85
23449	85
23472	85
23484	85
23496	85
23519	85
23531	85
23542	85
23566	85
23578	85
23589	85
23601	85
23625	85
23636	85
23648	85
23671	85
23683	85
23695	85
23718	85
23730	85
23742	85
23765	86
23777	86
23800	86
23824	86
23835	86
23847	86
23871	86
23882	86
23894	86
23917	86
23929	86
23941	86
23953	86
23976	86
23988	86
24000	86
24011	86
24035	86
24046	86
24058	86
24082	86
24093	86
24105	86
24117	86
24140	86
24152	86
24164	86
24187	86
24199	86
24210	86
24222	86
24246	86
24257	86
24281	86
24292	86
24304	86
24316	86
24339	86
24351	86
24363	86
24375	86
24398	86
24410	86
24421	86
24433	86
24457	86
24468	86
24492	86
24503	86
24527	86
24539	87
24562	87
24574	87
24585	87
24609	87
24621	87
24644	87
24656	87
24667	87
24691	87
24703	87
24714	87
24738	87
24750	87
24761	87
24785	87
24796	87
24808	87
24832	87
24843	87
24855	87
24878	87
24890	87
24902	87
24925	87
24937	87
24960	87
24972	87
24984	87
25007	87
25019	87
25042	87
25054	87
25066	87
25078	87
25101	87
25113	87
25125	87
25136	87
25160	87
25171	87
25183	87
25207	87
25218	87
25242	87
25253	87
25265	87
25289	87
25300	87
25324	87
25335	88
25359	88
25371	88
25382	88
25406	88
25417	88
25441	88
25453	88
25464	88
25488	88
25500	88
25511	88
25535	88
25546	88
25558	88
25582	88
25593	88
25617	88
25628	88
25640	88
25664	88
25675	88
25699	88
25710	88
25734	88
25746	88
25757	88
25781	88
25792	88
25804	88
25828	88
25839	88
25851	88
25875	88
25886	88
25898	88
25921	88
25933	88
25945	88
25968	88
25980	88
26003	88
26015	88
26039	88
26050	88
26074	88
26085	88
26109	88
26121	88
26144	88
26156	89
26167	89
26191	89
26203	89
26226	89
26250	89
26261	89
26285	89
26296	89
26308	89
26332	89
26343	89
26355	89
26378	89
26402	89
26414	89
26437	89
26449	89
26460	89
26484	89
26496	89
26519	89
26531	89
26542	89
26566	89
26578	89
26589	89
26601	89
26613	89
26636	89
26648	89
26660	89
26683	89
26695	89
26718	89
26730	89
26742	89
26765	89
26777	89
26789	89
26812	89
26824	89
26847	89
26859	89
26871	89
26894	89
26906	89
26929	89
26941	89
26964	89
26976	90
27000	90
27011	90
27035	90
27046	90
27058	90
27082	90
27093	90
27117	90
27128	90
27152	90
27175	90
27199	90
27210	90
27234	90
27246	90
27257	90
27281	90
27292	90
27316	90
27328	90
27339	90
27363	90
27375	90
27398	90
27410	90
27421	90
27445	90
27457	90
27480	90
27492	90
27503	90
27527	90
27539	90
27562	90
27574	90
27585	90
27609	90
27621	90
27644	90
27656	90
27679	90
27691	90
27703	90
27726	90
27738	90
27761	90
27773	90
27785	90
27808	90
27820	91
27843	91
27855	91
27878	91
27902	91
27914	91
27937	91
27960	91
27972	91
27996	91
28007	91
28031	91
28042	91
28054	91
28078	91
28089	91
28113	91
28125	91
28148	91
28160	91
28183	91
28195	91
28207	91
28230	91
28242	91
28265	91
28277	91
28300	91
28312	91
28324	91
28347	91
28359	91
28382	91
28394	91
28417	91
28429	91
28453	91
28464	91
28488	91
28500	91
28523	91
28535	91
28546	91
28570	91
28582	91
28605	91
28628	91
28640	91
28664	91
28687	91
28710	92
28722	92
28746	92
28757	92
28781	92
28792	92
28816	92
28828	92
28851	92
28863	92
28875	92
28898	92
28910	92
28933	92
28945	92
28968	92
28980	92
28992	92
29015	92
29027	92
29039	92
29062	92
29074	92
29085	92
29109	92
29121	92
29144	92
29167	92
29179	92
29191	92
29203	92
29226	92
29238	92
29261	92
29273	92
29296	92
29308	92
29320	92
29343	92
29367	92
29378	92
29402	92
29425	92
29449	92
29472	92
29484	92
29507	92
29519	92
29531	92
29554	92
29578	93
29601	93
29613	93
29636	93
29648	93
29671	93
29683	93
29707	93
29718	93
29742	93
29753	93
29777	93
29789	93
29800	93
29824	93
29835	93
29859	93
29871	93
29894	93
29906	93
29929	93
29941	93
29953	93
29964	93
29976	93
30000	93
30011	93
30023	93
30046	93
30058	93
30082	93
30093	93
30117	93
30128	93
30152	93
30175	93
30187	93
30210	93
30222	93
30246	93
30257	93
30281	93
30292	93
30316	93
30339	93
30351	93
30375	93
30386	93
30410	93
30421	93
30445	94
30457	94
30480	94
30492	94
30515	94
30527	94
30550	94
30562	94
30585	94
30597	94
30621	94
30632	94
30656	94
30667	94
30679	94
30703	94
30714	94
30738	94
30750	94
30761	94
30785	94
30796	94
30820	94
30832	94
30855	94
30867	94
30890	94
30902	94
30925	94
30949	94
30960	94
30984	94
30996	94
31019	94
31031	94
31054	94
31066	94
31089	94
31101	94
31125	94
31136	94
31148	94
31171	94
31183	94
31207	94
31218	94
31242	94
31253	94
31277	94
31289	94
31312	95
31324	95
31335	95
31359	95
31371	95
31394	95
31406	95
31429	95
31441	95
31453	95
31464	95
31488	95
31500	95
31511	95
31535	95
31546	95
31570	95
31582	95
31605	95
31617	95
31640	95
31652	95
31675	95
31687	95
31710	95
31722	95
31746	95
31757	95
31781	95
31792	95
31816	95
31839	95
31863	95
31875	95
31898	95
31910	95
31933	95
31945	95
31968	95
31980	95
32003	95
32015	95
32039	95
32062	95
32074	95
32097	95
32109	95
32132	95
32144	95
32167	95
32179	96
32203	96
32214	96
32226	96
32250	96
32261	96
32273	96
32296	96
32308	96
32332	96
32343	96
32367	96
32378	96
32402	96
32414	96
32437	96
32449	96
32472	96
32496	96
32507	96
32519	96
32542	96
32554	96
32578	96
32589	96
32613	96
32625	96
32648	96
32660	96
32683	96
32695	96
32718	96
32730	96
32753	96
32765	96
32789	96
32800	96
32824	96
32835	96
32859	96
32871	96
32894	96
32917	96
32929	96
32941	96
32964	96
32976	96
32988	96
33011	96
33023	96
33035	97
33058	97
33070	97
33093	97
33105	97
33128	97
33140	97
33164	97
33175	97
33199	97
33210	97
33234	97
33246	97
33269	97
33281	97
33304	97
33316	97
33339	97
33351	97
33363	97
33386	97
33398	97
33421	97
33433	97
33457	97
33468	97
33492	97
33515	97
33527	97
33550	97
33574	97
33585	97
33609	97
33621	97
33644	97
33656	97
33679	97
33691	97
33714	97
33726	97
33738	97
33761	97
33773	97
33785	97
33808	97
33820	97
33843	97
33855	97
33878	97
33890	97
33914	98
33925	98
33937	98
33960	98
33972	98
33996	98
34007	98
34031	98
34042	98
34066	98
34078	98
34101	98
34113	98
34136	98
34148	98
34171	98
34183	98
34207	98
34218	98
34242	98
34253	98
34277	98
34300	98
34324	98
34335	98
34359	98
34371	98
34394	98
34406	98
34429	98
34441	98
34464	98
34476	98
34500	98
34511	98
34523	98
34546	98
34558	98
34582	98
34605	98
34617	98
34628	98
34652	98
34664	98
34687	98
34699	98
34722	98
34734	98
34757	98
34769	98
34792	99
34804	99
34828	99
34839	99
34863	99
34875	99
34898	99
34910	99
34933	99
34945	99
34968	99
34980	99
35003	99
35027	99
35050	99
35062	99
35085	99
35109	99
35121	99
35144	99
35156	99
35179	99
35191	99
35214	99
35226	99
35238	99
35261	99
35273	99
35296	99
35308	99
35332	99
35343	99
35367	99
35378	99
35402	99
35414	99
35437	99
35449	99
35472	99
35484	99
35507	99
35519	99
35542	99
35554	99
35578	99
35589	99
35613	99
35636	99
35648	99
35671	99
35683	100
35707	100
35718	100
35742	100
35765	100
35777	100
35800	100
35824	100
35847	100
35859	100
35882	100
35894	100
35917	100
35929	100
35953	100
35964	100
35988	100
36000	100
36023	100
36035	100
36058	100
36070	100
36093	100
36105	100
36128	100
36140	100
36164	100
36175	100
36199	100
36210	100
36234	100
36246	100
36269	100
36281	100
36304	100
36316	100
36339	100
36351	100
36375	100
36386	100
36410	100
36421	100
36445	100
36457	100
36480	100
36503	100
36515	100
36539	100
36562	100
36574	100
36597	101
36621	101
36632	101
36656	101
36667	101
36691	101
36714	101
36726	101
36750	101
36761	101
36785	101
36796	101
36820	101
36832	101
36855	101
36878	101
36890	101
36914	101
36937	101
36949	101
36972	101
36984	101
37007	101
37031	101
37042	101
37066	101
37078	101
37101	101
37113	101
37136	101
37148	101
37171	101
37183	101
37207	101
37218	101
37242	101
37265	101
37277	101
37300	101
37324	101
37347	101
37359	101
37382	101
37394	101
37417	101
37441	101
37453	101
37476	101
37488	101
37511	101
37523	102
37546	102
37570	102
37582	102
37605	102
37617	102
37640	102
37664	102
37675	102
37699	102
37722	102
37734	102
37757	102
37781	102
37792	102
37816	102
37828	102
37851	102
37863	102
37886	102
37898	102
37921	102
37933	102
37957	102
37980	102
37992	102
38015	102
38039	102
38062	102
38074	102
38097	102
38121	102
38132	102
38156	102
38167	102
38191	102
38214	102
38238	102
38261	102
38273	102
38296	102
38308	102
38332	102
38355	102
38367	102
38390	102
38414	102
38437	102
38449	102
38472	102
38496	103
38507	103
38531	103
38554	103
38566	103
38578	103
38601	103
38613	103
38636	103
38648	103
38671	103
38683	103
38707	103
38730	103
38742	103
38765	103
38777	103
38800	103
38812	103
38835	103
38859	103
38871	103
38894	103
38917	103
38929	103
38953	103
38976	103
39000	103
39011	103
39035	103
39046	103
39070	103
39093	103
39105	103
39128	103
39152	103
39175	103
39199	103
39222	103
39246	103
39257	103
39281	103
39304	103
39316	103
39339	103
39351	103
39375	103
39398	103
39410	103
39433	103
39457	104
39468	104
39492	104
39503	104
39527	104
39550	104
39562	104
39585	104
39597	104
39621	104
39644	104
39656	104
39679	104
39703	104
39714	104
39738	104
39761	104
39773	104
39796	104
39808	104
39832	104
39855	104
39867	104
39890	104
39925	104
39937	104
39960	104
39984	104
40007	104
40019	104
40042	104
40066	104
40078	104
40101	104
40125	104
40136	104
40160	104
40183	104
40195	104
40218	104
40242	104
40253	104
40277	104
40289	104
40312	104
40335	104
40347	104
40371	104
40394	104
40406	104
40429	105
40453	105
40464	105
40488	105
40511	105
40535	105
40546	105
40570	105
40582	105
40605	105
40628	105
40652	105
40687	105
40710	105
40722	105
40746	105
40769	105
40781	105
40804	105
40828	105
40851	105
40863	105
40886	105
40898	105
40921	105
40945	105
40957	105
40980	105
41003	105
41015	105
41039	105
41050	105
41074	105
41085	105
41109	105
41132	105
41156	105
41167	105
41191	105
41203	105
41226	105
41238	105
41261	105
41285	105
41296	105
41320	105
41343	105
41367	105
41390	105
41414	105
41437	106
41460	106
41484	106
41507	106
41519	106
41542	106
41566	106
41589	106
41613	106
41625	106
41648	106
41671	106
41683	106
41707	106
41730	106
41753	106
41765	106
41789	106
41800	106
41824	106
41847	106
41859	106
41882	106
41906	106
41929	106
41941	106
41953	106
41976	106
41988	106
42011	106
42023	106
42046	106
42070	106
42082	106
42105	106
42128	106
42152	106
42175	106
42187	106
42210	106
42234	106
42257	106
42269	106
42292	106
42316	106
42339	106
42363	106
42375	106
42398	106
42421	106
42433	107
42457	107
42480	107
42503	107
42515	107
42539	107
42562	107
42585	107
42597	107
42621	107
42644	107
42667	107
42679	107
42703	107
42726	107
42738	107
42761	107
42785	107
42796	107
42820	107
42843	107
42867	107
42878	107
42902	107
42925	107
42949	107
42972	107
42996	107
43007	107
43031	107
43054	107
43078	107
43089	107
43113	107
43136	107
43148	107
43171	107
43195	107
43218	107
43230	107
43253	107
43277	107
43300	107
43312	107
43335	107
43359	107
43371	107
43394	107
43417	107
43441	107
43453	108
43464	108
43488	108
43500	108
43523	108
43546	108
43558	108
43582	108
43605	108
43628	108
43640	108
43664	108
43687	108
43710	108
43734	108
43757	108
43769	108
43792	108
43816	108
43839	108
43863	108
43886	108
43910	108
43921	108
43945	108
43968	108
43992	108
44015	108
44039	108
44062	108
44085	108
44109	108
44121	108
44144	108
44167	108
44191	108
44203	108
44226	108
44250	108
44261	108
44285	108
44308	108
44332	108
44343	108
44367	108
44390	108
44414	108
44437	108
44449	108
44472	108
44496	109
44519	109
44542	109
44554	109
44578	109
44601	109
44625	109
44636	109
44660	109
44683	109
44707	109
44730	109
44742	109
44765	109
44789	109
44812	109
44835	109
44859	109
44871	109
44894	109
44917	109
44941	109
44953	109
44976	109
44988	109
45011	109
45035	109
45046	109
45070	109
45093	109
45117	109
45128	109
45152	109
45175	109
45199	109
45210	109
45234	109
45257	109
45281	109
45292	109
45316	109
45339	109
45363	109
45375	109
45398	109
45421	109
45445	109
45457	109
45480	109
45503	109
45527	110
45550	110
45574	110
45597	110
45621	110
45644	110
45656	110
45679	110
45703	110
45726	110
45738	110
45761	110
45785	110
45796	110
45820	110
45843	110
45867	110
45878	110
45902	110
45925	110
45949	110
45960	110
45984	110
46007	110
46031	110
46054	110
46066	110
46089	110
46113	110
46136	110
46148	110
46171	110
46195	110
46218	110
46242	110
46265	110
46289	110
46312	110
46335	110
46347	110
46371	110
46394	110
46417	110
46441	110
46453	110
46476	110
46500	110
46511	110
46535	110
46558	110
46582	111
46593	111
46617	111
46640	111
46652	111
46675	111
46699	111
46710	111
46734	111
46757	111
46781	111
46804	111
46816	111
46839	111
46863	111
46886	111
46898	111
46921	111
46945	111
46968	111
46992	111
47015	111
47039	111
47062	111
47085	111
47109	111
47132	111
47144	111
47167	111
47191	111
47214	111
47226	111
47250	111
47273	111
47296	111
47320	111
47332	111
47355	111
47378	111
47402	111
47414	111
47437	111
47460	111
47484	111
47507	111
47531	111
47542	111
47566	111
47589	111
47613	111
47636	112
47648	112
47671	112
47695	112
47718	112
47742	112
47765	112
47789	112
47812	112
47835	112
47859	112
47882	112
47894	112
47917	112
47941	112
47964	112
47976	112
48000	112
48023	112
48035	112
48058	112
48082	112
48105	112
48128	112
48140	112
48164	112
48187	112
48199	112
48222	112
48246	112
48269	112
48292	112
48304	112
48328	112
48351	112
48363	112
48386	112
48410	112
48433	112
48445	112
48468	112
48492	112
48515	112
48539	112
48562	112
48585	112
48609	112
48632	112
48656	112
48679	112
48691	113
48714	113
48738	113
48761	113
48785	113
48808	113
48832	113
48843	113
48867	113
48890	113
48914	113
48937	113
48960	113
48984	113
49007	113
49031	113
49042	113
49066	113
49089	113
49113	113
49125	113
49148	113
49171	113
49195	113
49218	113
49242	113
49253	113
49277	113
49300	113
49324	113
49347	113
49371	113
49394	113
49417	113
49441	113
49453	113
49476	113
49500	113
49523	113
49546	113
49558	113
49582	113
49605	113
49628	113
49652	113
49675	113
49699	113
49722	113
49746	113
49757	113
49781	114
49804	114
49828	114
49851	114
49863	114
49886	114
49910	114
49933	114
49957	114
49968	114
49992	114
50015	114
50039	114
50062	114
50085	114
50109	114
50132	114
50156	114
50179	114
50203	114
50226	114
50250	114
50273	114
50296	114
50320	114
50343	114
50367	114
50390	114
50414	114
50437	114
50460	114
50484	114
50507	114
50519	114
50542	114
50566	114
50589	114
50601	114
50625	114
50636	114
50660	114
50683	114
50707	114
50730	114
50753	114
50765	114
50789	114
50812	114
50835	114
50859	114
50882	115
50906	115
50917	115
50941	115
50964	115
50988	115
51011	115
51035	115
51058	115
51082	115
51105	115
51128	115
51152	115
51187	115
51210	115
51234	115
51257	115
51269	115
51292	115
51316	115
51339	115
51363	115
51386	115
51398	115
51421	115
51445	115
51468	115
51492	115
51515	115
51527	115
51550	115
51574	115
51597	115
51621	115
51644	115
51667	115
51679	115
51703	115
51726	115
51750	115
51773	115
51796	115
51808	115
51832	115
51855	115
51890	115
51914	115
51937	115
51960	115
51984	115
52007	116
52031	116
52054	116
52078	116
52101	116
52125	116
52148	116
52160	116
52183	116
52207	116
52230	116
52253	116
52277	116
52300	116
52324	116
52335	116
52359	116
52382	116
52406	116
52429	116
52453	116
52476	116
52500	116
52523	116
52546	116
52558	116
52582	116
52605	116
52640	116
52664	116
52687	116
52722	116
52746	116
52757	116
52781	116
52804	116
52828	116
52851	116
52875	116
52886	116
52910	116
52933	116
52957	116
52980	116
53003	116
53015	116
53039	116
53062	116
53074	116
53097	116
53121	117
53144	117
53167	117
53191	117
53203	117
53226	117
53250	117
53273	117
53296	117
53320	117
53343	117
53367	117
53390	117
53414	117
53449	117
53472	117
53496	117
53519	117
53542	117
53566	117
53589	117
53613	117
53636	117
53660	117
53683	117
53707	117
53730	117
53742	117
53765	117
53789	117
53812	117
53835	117
53859	117
53882	117
53906	117
53917	117
53941	117
53964	117
53976	117
54000	117
54011	117
54035	117
54058	117
54082	117
54105	117
54128	117
54152	117
54175	117
54199	117
54222	117
54246	118
54269	118
54292	118
54316	118
54339	118
54363	118
54386	118
54410	118
54421	118
54445	118
54468	118
54492	118
54515	118
54539	118
54562	118
54585	118
54609	118
54632	118
54656	118
54667	118
54691	118
54714	118
54738	118
54761	118
54773	118
54796	118
54820	118
54843	118
54867	118
54890	118
54914	118
54937	118
54960	118
54984	118
55007	118
55031	118
55054	118
55078	118
55101	118
55113	118
55136	118
55160	118
55183	118
55207	118
55230	118
55253	118
55277	118
55289	118
55312	118
55335	118
55359	119
55382	119
55406	119
55429	119
55441	119
55464	119
55476	119
55500	119
55523	119
55546	119
55570	119
55582	119
55605	119
55628	119
55652	119
55675	119
55699	119
55722	119
55746	119
55769	119
55792	119
55816	119
55839	119
55875	119
55898	119
55921	119
55933	119
55957	119
55980	119
56003	119
56039	119
56062	119
56085	119
56109	119
56132	119
56144	119
56167	119
56191	119
56214	119
56238	119
56250	119
56273	119
56296	119
56320	119
56343	119
56367	119
56390	119
56402	119
56425	119
56449	119
56472	120
56496	120
56519	120
56542	120
56566	120
56589	120
56613	120
56636	120
56660	120
56671	120
56695	120
56718	120
56742	120
56765	120
56789	120
56812	120
56835	120
56859	120
56882	120
56906	120
56929	120
56941	120
56964	120
56988	120
57000	120
57023	120
57046	120
57070	120
57093	120
57117	120
57128	120
57152	120
57175	120
57199	120
57222	120
57246	120
57269	120
57292	120
57304	120
57328	120
57351	120
57375	120
57398	120
57421	120
57445	120
57468	120
57480	120
57515	120
57539	120
57562	120
57585	121
57609	121
57632	121
57644	121
57667	121
57691	121
57714	121
57738	121
57750	121
57773	121
57796	121
57820	121
57843	121
57867	121
57878	121
57902	121
57925	121
57949	121
57972	121
57996	121
58019	121
58031	121
58054	121
58078	121
58101	121
58125	121
58148	121
58160	121
58183	121
58207	121
58230	121
58253	121
58277	121
58300	121
58324	121
58347	121
58371	121
58394	121
58417	121
58441	121
58464	121
58476	121
58500	121
58523	121
58535	121
58558	121
58582	121
58605	121
58628	121
58652	121
58664	122
58687	122
58710	122
58734	122
58757	122
58781	122
58792	122
58816	122
58839	122
58863	122
58886	122
58910	122
58921	122
58945	122
58968	122
58992	122
59015	122
59039	122
59074	122
59097	122
59121	122
59132	122
59156	122
59179	122
59203	122
59226	122
59238	122
59261	122
59285	122
59308	122
59332	122
59355	122
59367	122
59390	122
59414	122
59437	122
59460	122
59472	122
59496	122
59519	122
59542	122
59566	122
59589	122
59613	122
59636	122
59648	122
59671	122
59695	122
59718	122
59742	122
59765	123
59789	123
59812	123
59835	123
59859	123
59882	123
59906	123
59929	123
59941	123
59964	123
59988	123
60000	123
60023	123
60046	123
60070	123
60093	123
60105	123
60128	123
60152	123
60175	123
60187	123
60210	123
60234	123
60257	123
60281	123
60292	123
60316	123
60339	123
60351	123
60375	123
60398	123
60421	123
60445	123
60457	123
60480	123
60503	123
60527	123
60550	123
60574	123
60597	123
60621	123
60644	123
60667	123
60691	123
60714	123
60726	123
60750	123
60773	123
60796	123
60820	123
60843	124
60855	124
60878	124
60902	124
60925	124
60949	124
60972	124
60996	124
61019	124
61031	124
61054	124
61078	124
61101	124
61113	124
61136	124
61160	124
61183	124
61195	124
61218	124
61242	124
61265	124
61289	124
61312	124
61335	124
61359	124
61382	124
61394	124
61417	124
61441	124
61464	124
61488	124
61511	124
61523	124
61546	124
61570	124
61593	124
61605	124
61628	124
61652	124
61675	124
61699	124
61722	124
61746	124
61769	124
61781	124
61804	124
61828	124
61839	124
61863	124
61886	124
61910	125
61921	125
61945	125
61968	125
61992	125
62015	125
62039	125
62062	125
62085	125
62109	125
62132	125
62144	125
62167	125
62191	125
62214	125
62238	125
62261	125
62285	125
62308	125
62332	125
62355	125
62367	125
62390	125
62414	125
62437	125
62460	125
62484	125
62507	125
62531	125
62554	125
62566	125
62589	125
62601	125
62625	125
62636	125
62660	125
62683	125
62707	125
62718	125
62742	125
62765	125
62789	125
62800	125
62824	125
62847	125
62871	125
62894	125
62906	125
62929	125
62953	125
62976	126
63000	126
63023	126
63046	126
63058	126
63082	126
63105	126
63128	126
63152	126
63175	126
63199	126
63222	126
63246	126
63269	126
63292	126
63304	126
63328	126
63351	126
63375	126
63386	126
63410	126
63433	126
63457	126
63468	126
63492	126
63515	126
63539	126
63550	126
63574	126
63597	126
63621	126
63632	126
63656	126
63679	126
63703	126
63714	126
63738	126
63761	126
63785	126
63808	126
63820	126
63843	126
63867	126
63890	126
63925	126
63949	126
63972	126
63996	126
64007	126
64031	126
64054	127
64078	127
64089	127
64113	127
64136	127
64160	127
64171	127
64195	127
64218	127
64242	127
64253	127
64277	127
64300	127
64324	127
64347	127
64359	127
64382	127
64406	127
64429	127
64441	127
64464	127
64488	127
64511	127
64535	127
64546	127
64570	127
64593	127
64617	127
64640	127
64675	127
64699	127
64722	127
64746	127
64757	127
64781	127
64804	127
64828	127
64839	127
64863	127
64886	127
64898	127
64921	127
64945	127
64968	127
64980	127
65003	127
65027	127
65039	127
65062	127
65074	127
65097	128
65121	128
65144	128
65167	128
65179	128
65203	128
65214	128
65238	128
65261	128
65285	128
65296	128
65320	128
65343	128
65367	128
65390	128
65414	128
65437	128
65472	128
65484	128
65507	128
65531	128
65554	128
65578	128
65601	128
65625	128
65636	128
65660	128
65683	128
65707	128
65730	128
65742	128
65765	128
65789	128
65800	128
65824	128
65847	128
65871	128
65882	128
65906	128
65929	128
65941	128
65964	128
65976	128
66000	128
66011	128
66035	128
66058	128
66070	128
66093	128
66117	128
66140	129
66164	129
66187	129
66210	129
66222	129
66246	129
66269	129
66292	129
66304	129
66328	129
66351	129
66375	129
66398	129
66410	129
66433	129
66457	129
66480	129
66492	129
66515	129
66539	129
66562	129
66585	129
66597	129
66621	129
66644	129
66667	129
66679	129
66703	129
66726	129
66738	129
66761	129
66785	129
66796	129
66820	129
66843	129
66867	129
66890	129
66914	129
66937	129
66949	129
66972	129
66996	129
67019	129
67031	129
67054	129
67078	129
67101	129
67113	129
67136	129
67160	129
67171	130
67195	130
67218	130
67242	130
67253	130
67277	130
67300	130
67324	130
67335	130
67359	130
67382	130
67406	130
67417	130
67441	130
67453	130
67476	130
67488	130
67500	130
67523	130
67546	130
67570	130
67582	130
67605	130
67628	130
67640	130
67664	130
67687	130
67710	130
67734	130
67757	130
67769	130
67792	130
67816	130
67839	130
67863	130
67886	130
67910	130
67921	130
67945	130
67968	130
67992	130
68015	130
68039	130
68062	130
68074	130
68097	130
68121	130
68144	130
68167	130
68179	130
68203	131
68214	131
68238	131
68261	131
68273	131
68296	131
68320	131
68343	131
68355	131
68378	131
68402	131
68425	131
68437	131
68460	131
68484	131
68507	131
68531	131
68542	131
68566	131
68589	131
68613	131
68625	131
68648	131
68671	131
68683	131
68707	131
68730	131
68753	131
68777	131
68789	131
68812	131
68835	131
68859	131
68882	131
68894	131
68917	131
68941	131
68953	131
68976	131
68988	131
69011	131
69023	131
69046	131
69070	131
69093	131
69105	131
69128	131
69152	131
69164	131
69187	131
69210	132
69234	132
69246	132
69269	132
69292	132
69304	132
69328	132
69351	132
69375	132
69386	132
69410	132
69433	132
69445	132
69468	132
69492	132
69515	132
69539	132
69562	132
69585	132
69609	132
69621	132
69644	132
69667	132
69691	132
69703	132
69726	132
69738	132
69761	132
69785	132
69796	132
69820	132
69843	132
69867	132
69878	132
69902	132
69925	132
69937	132
69960	132
69984	132
70007	132
70019	132
70042	132
70066	132
70078	132
70101	132
70125	132
70148	132
70160	132
70183	132
70207	132
70230	133
70242	133
70265	133
70289	133
70312	133
70335	133
70359	133
70382	133
70406	133
70417	133
70441	133
70464	133
70476	133
70500	133
70511	133
70535	133
70558	133
70582	133
70593	133
70617	133
70640	133
70652	133
70675	133
70699	133
70710	133
70734	133
70757	133
70781	133
70792	133
70816	133
70839	133
70851	133
70875	133
70898	133
70921	133
70933	133
70957	133
70980	133
71003	133
71027	133
71050	133
71074	133
71097	133
71121	133
71132	133
71156	133
71179	133
71203	133
71214	133
71238	133
71261	134
71273	134
71296	134
71320	134
71343	134
71355	134
71378	134
71402	134
71414	134
71437	134
71460	134
71484	134
71496	134
71519	134
71542	134
71566	134
71578	134
71601	134
71625	134
71648	134
71671	134
71683	134
71707	134
71730	134
71753	134
71777	134
71800	134
71824	134
71847	134
71871	134
71882	134
71906	134
71929	134
71953	134
71964	134
71988	134
72000	134
72023	134
72046	134
72070	134
72082	134
72105	134
72128	134
72140	134
72164	134
72187	134
72199	134
72222	134
72246	134
72269	134
72292	135
72304	135
72328	135
72339	135
72363	135
72386	135
72398	135
72421	135
72445	135
72468	135
72492	135
72503	135
72527	135
72550	135
72574	135
72597	135
72621	135
72644	135
72667	135
72679	135
72703	135
72726	135
72750	135
72761	135
72785	135
72808	135
72832	135
72855	135
72867	135
72890	135
72914	135
72937	135
72960	135
72972	135
72996	135
73019	135
73042	135
73054	135
73078	135
73101	135
73113	135
73136	135
73160	135
73183	135
73195	135
73218	135
73242	135
73265	135
73289	135
73312	135
73324	136
73347	136
73371	136
73394	136
73417	136
73429	136
73453	136
73476	136
73500	136
73511	136
73535	136
73558	136
73582	136
73593	136
73617	136
73640	136
73664	136
73687	136
73699	136
73722	136
73746	136
73769	136
73792	136
73804	136
73828	136
73851	136
73863	136
73886	136
73910	136
73921	136
73945	136
73968	136
73992	136
74003	136
74027	136
74050	136
74074	136
74097	136
74121	136
74144	136
74156	136
74179	136
74203	136
74226	136
74250	136
74273	136
74296	136
74320	136
74332	136
74355	136
74378	137
74402	137
74425	137
74449	137
74472	137
74484	137
74507	137
74531	137
74554	137
74566	137
74589	137
74601	137
74625	137
74636	137
74660	137
74683	137
74695	137
74718	137
74742	137
74753	137
74777	137
74800	137
74824	137
74835	137
74859	137
74882	137
74906	137
74917	137
74941	137
74964	137
74988	137
75011	137
75035	137
75046	137
75070	137
75093	137
75105	137
75140	137
75164	137
75187	137
75210	137
75234	137
75246	137
75269	137
75292	137
75304	137
75328	137
75351	137
75375	137
75386	137
75410	138
75433	138
75445	138
75468	138
75492	138
75515	138
75527	138
75550	138
75574	138
75585	138
75609	138
75632	138
75656	138
75667	138
75691	138
75714	138
75726	138
75750	138
75773	138
75796	138
75808	138
75832	138
75855	138
75878	138
75902	138
75925	138
75949	138
75972	138
75996	138
76019	138
76031	138
76054	138
76078	138
76101	138
76113	138
76136	138
76160	138
76171	138
76195	138
76218	138
76230	138
76253	138
76277	138
76300	138
76312	138
76335	138
76359	138
76371	138
76394	138
76417	138
76441	139
76453	139
76476	139
76500	139
76523	139
76535	139
76558	139
76582	139
76605	139
76628	139
76652	139
76675	139
76699	139
76722	139
76746	139
76757	139
76781	139
76804	139
76828	139
76839	139
76863	139
76886	139
76898	139
76921	139
76945	139
76957	139
76980	139
77003	139
77015	139
77039	139
77050	139
77074	139
77097	139
77109	139
77132	139
77156	139
77179	139
77191	139
77214	139
77226	139
77250	139
77273	139
77296	139
77308	139
77332	139
77355	139
77378	139
77402	139
77425	139
77449	139
77472	140
77496	140
77519	140
77531	140
77554	140
77578	140
77601	140
77625	140
77648	140
77671	140
77683	140
77707	140
77730	140
77742	140
77765	140
77789	140
77800	140
77824	140
77847	140
77859	140
77882	140
77906	140
77929	140
77941	140
77964	140
77976	140
77988	140
78011	140
78035	140
78046	140
78070	140
78093	140
78105	140
78128	140
78152	140
78175	140
78199	140
78222	140
78246	140
78257	140
78281	140
78304	140
78316	140
78339	140
78363	140
78386	140
78410	140
78421	140
78445	140
78468	140
78492	141
78503	141
78527	141
78550	141
78574	141
78585	141
78609	141
78632	141
78656	141
78667	141
78691	141
78714	141
78726	141
78750	141
78773	141
78785	141
78808	141
78832	141
78843	141
78867	141
78890	141
78914	141
78937	141
78960	141
78984	141
78996	141
79019	141
79042	141
79054	141
79078	141
79101	141
79125	141
79136	141
79160	141
79171	141
79195	141
79218	141
79242	141
79253	141
79277	141
79300	141
79312	141
79335	141
79359	141
79371	141
79394	141
79417	141
79441	141
79453	141
79464	141
79488	142
79500	142
79523	142
79535	142
79558	142
79582	142
79605	142
79617	142
79640	142
79664	142
79687	142
79710	142
79722	142
79746	142
79769	142
79792	142
79804	142
79828	142
79851	142
79875	142
79898	142
79921	142
79933	142
79957	142
79980	142
80003	142
80027	142
80050	142
80074	142
80085	142
80109	142
80132	142
80156	142
80167	142
80191	142
80214	142
80226	142
80250	142
80261	142
80285	142
80308	142
80320	142
80343	142
80367	142
80378	142
80402	142
80425	142
80449	142
80460	142
80484	142
80507	143
80531	143
80542	143
80566	143
80589	143
80601	143
80625	143
80648	143
80660	143
80683	143
80707	143
80730	143
80742	143
80765	143
80789	143
80812	143
80824	143
80847	143
80871	143
80894	143
80906	143
80929	143
80953	143
80964	143
80976	143
81000	143
81023	143
81035	143
81058	143
81082	143
81093	143
81117	143
81140	143
81152	143
81175	143
81199	143
81210	143
81234	143
81257	143
81281	143
81292	143
81316	143
81339	143
81351	143
81375	143
81398	143
81410	143
81433	143
81457	143
81480	143
81492	144
81515	144
81539	144
81562	144
81585	144
81609	144
81621	144
81644	144
81667	144
81679	144
81703	144
81726	144
81738	144
81761	144
81773	144
81796	144
81820	144
81832	144
81855	144
81878	144
81890	144
81914	144
81937	144
81949	144
81972	144
81996	144
82007	144
82031	144
82054	144
82066	144
82089	144
82113	144
82125	144
82148	144
82171	144
82183	144
82207	144
82230	144
82253	144
82265	144
82289	144
82312	144
82335	144
82359	144
82382	144
82394	144
82417	144
82441	144
82453	144
82476	144
82500	145
82511	145
82535	145
82558	145
82570	145
82593	145
82617	145
82628	145
82652	145
82675	145
82687	145
82710	145
82734	145
82746	145
82769	145
82792	145
82816	145
82828	145
82851	145
82875	145
82886	145
82910	145
82933	145
82945	145
82968	145
82992	145
83015	145
83039	145
83062	145
83085	145
83109	145
83132	145
83144	145
83167	145
83191	145
83203	145
83226	145
83250	145
83261	145
83285	145
83308	145
83320	145
83343	145
83367	145
83378	145
83402	145
83425	145
83449	145
83460	145
83484	145
83507	146
83531	146
83542	146
83566	146
83589	146
83601	146
83625	146
83648	146
83671	146
83683	146
83707	146
83730	146
83753	146
83777	146
83800	146
83824	146
83847	146
83859	146
83882	146
83906	146
83929	146
83941	146
83964	146
83988	146
84000	146
84023	146
84046	146
84058	146
84082	146
84105	146
84128	146
84140	146
84164	146
84187	146
84199	146
84222	146
84246	146
84269	146
84292	146
84304	146
84328	146
84339	146
84363	146
84386	146
84398	146
84421	146
84445	146
84468	146
84480	146
84503	146
84527	147
84550	147
84574	147
84597	147
84621	147
84644	147
84656	147
84679	147
84703	147
84726	147
84738	147
84761	147
84785	147
84808	147
84820	147
84843	147
84867	147
84890	147
84902	147
84925	147
84949	147
84972	147
84996	147
85007	147
85031	147
85054	147
85066	147
85089	147
85113	147
85125	147
85148	147
85171	147
85183	147
85207	147
85230	147
85253	147
85277	147
85289	147
85312	147
85335	147
85359	147
85382	147
85394	147
85417	147
85441	147
85464	147
85488	147
85500	147
85523	147
85546	147
85570	148
85582	148
85605	148
85628	148
85652	148
85675	148
85699	148
85722	148
85734	148
85757	148
85781	148
85804	148
85816	148
85839	148
85863	148
85886	148
85898	148
85921	148
85945	148
85968	148
85980	148
86003	148
86027	148
86050	148
86074	148
86097	148
86121	148
86144	148
86156	148
86179	148
86203	148
86226	148
86250	148
86273	148
86296	148
86320	148
86332	148
86355	148
86378	148
86402	148
86425	148
86449	148
86472	148
86484	148
86507	148
86531	148
86554	148
86566	148
86589	148
86601	148
86625	149
86636	149
86660	149
86683	149
86707	149
86718	149
86742	149
86765	149
86777	149
86800	149
86824	149
86847	149
86859	149
86882	149
86906	149
86929	149
86941	149
86964	149
86988	149
87011	149
87035	149
87058	149
87070	149
87093	149
87117	149
87140	149
87175	149
87199	149
87222	149
87234	149
87257	149
87281	149
87304	149
87328	149
87339	149
87363	149
87386	149
87410	149
87421	149
87445	149
87468	149
87492	149
87503	149
87527	149
87550	149
87574	149
87585	149
87609	149
87632	149
87656	149
87679	150
87691	150
87714	150
87738	150
87761	150
87773	150
87796	150
87820	150
87843	150
87867	150
87890	150
87914	150
87937	150
87960	150
87984	150
88007	150
88019	150
88042	150
88066	150
88089	150
88113	150
88125	150
88148	150
88171	150
88195	150
88207	150
88230	150
88253	150
88265	150
88289	150
88312	150
88335	150
88347	150
88371	150
88394	150
88417	150
88441	150
88453	150
88476	150
88500	150
88523	150
88546	150
88558	150
88582	150
88605	150
88628	150
88664	150
88687	150
88710	150
88734	150
88757	151
88769	151
88792	151
88816	151
88839	151
88863	151
88875	151
88898	151
88921	151
88945	151
88968	151
88980	151
89003	151
89027	151
89039	151
89062	151
89074	151
89097	151
89121	151
89144	151
89167	151
89179	151
89203	151
89226	151
89238	151
89261	151
89285	151
89308	151
89320	151
89343	151
89367	151
89402	151
89425	151
89449	151
89472	151
89496	151
89519	151
89531	151
89554	151
89578	151
89613	151
89636	151
89648	151
89671	151
89695	151
89718	151
89730	151
89753	151
89777	151
89800	151
89812	152
89835	152
89859	152
89882	152
89894	152
89917	152
89941	152
89953	152
89976	152
89988	152
90011	152
90023	152
90046	152
90070	152
90093	152
90117	152
90128	152
90152	152
90175	152
90199	152
90222	152
90246	152
90269	152
90292	152
90316	152
90328	152
90351	152
90375	152
90398	152
90421	152
90445	152
90457	152
90480	152
90503	152
90527	152
90550	152
90574	152
90597	152
90609	152
90632	152
90656	152
90679	152
90703	152
90714	152
90738	152
90761	152
90773	152
90796	152
90820	152
90843	152
90867	153
90890	153
90914	153
90937	153
90960	153
90984	153
90996	153
91019	153
91042	153
91066	153
91089	153
91101	153
91125	153
91148	153
91171	153
91183	153
91207	153
91230	153
91253	153
91265	153
91289	153
91312	153
91335	153
91347	153
91371	153
91394	153
91417	153
91441	153
91453	153
91464	153
91488	153
91500	153
91523	153
91546	153
91570	153
91582	153
91605	153
91628	153
91652	153
91675	153
91699	153
91710	153
91734	153
91757	153
91781	153
91804	153
91828	153
91851	153
91875	153
91898	153
91921	154
91933	154
91957	154
91980	154
92003	154
92027	154
92050	154
92074	154
92097	154
92121	154
92144	154
92156	154
92179	154
92203	154
92214	154
92238	154
92261	154
92285	154
92296	154
92320	154
92343	154
92367	154
92390	154
92414	154
92425	154
92449	154
92472	154
92496	154
92519	154
92542	154
92554	154
92578	154
92601	154
92625	154
92648	154
92660	154
92683	154
92707	154
92730	154
92742	154
92765	154
92789	154
92812	154
92835	154
92859	154
92871	154
92894	154
92917	154
92941	154
92953	154
92976	155
92988	155
93011	155
93023	155
93046	155
93070	155
93093	155
93105	155
93128	155
93152	155
93175	155
93187	155
93210	155
93234	155
93257	155
93269	155
93292	155
93316	155
93339	155
93351	155
93375	155
93398	155
93421	155
93433	155
93457	155
93480	155
93503	155
93527	155
93550	155
93574	155
93597	155
93621	155
93632	155
93656	155
93679	155
93703	155
93714	155
93738	155
93750	155
93773	155
93796	155
93820	155
93843	155
93855	155
93878	155
93902	155
93914	155
93937	155
93960	155
93984	155
93996	156
94019	156
94042	156
94066	156
94078	156
94101	156
94125	156
94148	156
94160	156
94183	156
94207	156
94230	156
94253	156
94277	156
94300	156
94324	156
94347	156
94359	156
94382	156
94406	156
94429	156
94441	156
94464	156
94476	156
94500	156
94523	156
94535	156
94558	156
94582	156
94605	156
94617	156
94640	156
94664	156
94675	156
94699	156
94722	156
94734	156
94757	156
94781	156
94804	156
94816	156
94839	156
94863	156
94886	156
94898	156
94921	156
94945	156
94968	156
94980	156
95003	156
95027	157
95062	157
95085	157
95097	157
95121	157
95144	157
95167	157
95191	157
95203	157
95226	157
95250	157
95261	157
95285	157
95308	157
95332	157
95355	157
95367	157
95390	157
95414	157
95437	157
95449	157
95472	157
95496	157
95519	157
95542	157
95554	157
95578	157
95601	157
95625	157
95648	157
95660	157
95683	157
95707	157
95730	157
95753	157
95777	157
95800	157
95824	157
95847	157
95871	157
95882	157
95906	157
95929	157
95953	157
95964	157
95988	157
96011	157
96023	157
96046	157
96070	157
96093	158
96105	158
96128	158
96152	158
96164	158
96187	158
96210	158
96222	158
96246	158
96269	158
96292	158
96316	158
96328	158
96351	158
96363	158
96386	158
96410	158
96433	158
96445	158
96468	158
96492	158
96515	158
96539	158
96562	158
96585	158
96609	158
96632	158
96644	158
96667	158
96691	158
96714	158
96738	158
96761	158
96773	158
96796	158
96820	158
96843	158
96867	158
96878	158
96902	158
96925	158
96949	158
96972	158
96996	158
97007	158
97031	158
97054	158
97078	158
97089	158
97113	158
97136	159
97148	159
97171	159
97195	159
97218	159
97242	159
97265	159
97277	159
97300	159
97324	159
97347	159
97371	159
97394	159
97417	159
97429	159
97453	159
97476	159
97500	159
97511	159
97535	159
97558	159
97582	159
97605	159
97617	159
97640	159
97664	159
97687	159
97710	159
97734	159
97746	159
97769	159
97792	159
97816	159
97828	159
97851	159
97875	159
97898	159
97910	159
97933	159
97957	159
97980	159
97992	159
98015	159
98039	159
98062	159
98085	159
98109	159
98132	159
98156	159
98179	159
98203	160
98226	160
98250	160
98273	160
98285	160
98308	160
98332	160
98355	160
98378	160
98402	160
98425	160
98449	160
98472	160
98484	160
98507	160
98531	160
98554	160
98566	160
98589	160
98601	160
98625	160
98648	160
98660	160
98683	160
98707	160
98730	160
98742	160
98765	160
98789	160
98812	160
98835	160
98847	160
98871	160
98894	160
98917	160
98941	160
98953	160
98988	160
99011	160
99023	160
99046	160
99070	160
99093	160
99117	160
99140	160
99164	160
99187	160
99210	160
99234	160
99257	160
99269	161
99292	161
99316	161
99339	161
99363	161
99375	161
99398	161
99421	161
99445	161
99457	161
99480	161
99503	161
99527	161
99539	161
99562	161
99585	161
99609	161
99621	161
99644	161
99667	161
99691	161
99714	161
99726	161
99750	161
99773	161
99796	161
99808	161
99832	161
99855	161
99878	161
99902	161
99937	161
99960	161
99984	161
99996	161
100019	161
100042	161
100066	161
100089	161
100113	161
100125	161
100148	161
100171	161
100195	161
100218	161
100230	161
100253	161
100277	161
100300	161
100324	161
100335	162
100359	162
100382	162
100406	162
100429	162
100441	162
100464	162
100488	162
100511	162
100535	162
100558	162
100582	162
100605	162
100628	162
100652	162
100675	162
100699	162
100722	162
100746	162
100769	162
100792	162
100816	162
100828	162
100851	162
100875	162
100898	162
100910	162
100933	162
100957	162
100980	162
100992	162
101015	162
101039	162
101050	162
101074	162
101097	162
101121	162
101144	162
101156	162
101179	162
101203	162
101214	162
101238	162
101261	162
101285	162
101296	162
101320	162
101343	162
101367	162
101390	162
101425	163
101449	163
101472	163
101496	163
101519	163
101531	163
101554	163
101578	163
101613	163
101636	163
101648	163
101671	163
101695	163
101718	163
101742	163
101765	163
101777	163
101800	163
101824	163
101847	163
101859	163
101882	163
101906	163
101929	163
101953	163
101964	163
101976	163
102000	163
102023	163
102035	163
102058	163
102082	163
102105	163
102128	163
102152	163
102175	163
102199	163
102222	163
102246	163
102257	163
102281	163
102304	163
102328	163
102351	163
102375	163
102398	163
102410	163
102433	163
102457	163
102480	163
102503	164
102527	164
102539	164
102562	164
102585	164
102609	164
102632	164
102656	164
102679	164
102691	164
102714	164
102738	164
102750	164
102773	164
102796	164
102820	164
102832	164
102855	164
102878	164
102902	164
102925	164
102949	164
102972	164
102996	164
103019	164
103042	164
103066	164
103078	164
103101	164
103125	164
103148	164
103171	164
103183	164
103207	164
103230	164
103253	164
103277	164
103300	164
103312	164
103335	164
103359	164
103382	164
103406	164
103417	164
103441	164
103464	164
103476	164
103488	164
103511	164
103535	164
103558	165
103582	165
103593	165
103617	165
103640	165
103664	165
103687	165
103710	165
103734	165
103757	165
103769	165
103792	165
103816	165
103839	165
103875	165
103886	165
103910	165
103933	165
103957	165
103980	165
104003	165
104027	165
104050	165
104074	165
104097	165
104109	165
104132	165
104156	165
104179	165
104203	165
104214	165
104238	165
104250	165
104273	165
104296	165
104320	165
104343	165
104355	165
104378	165
104402	165
104425	165
104449	165
104472	165
104496	165
104507	165
104531	165
104554	165
104578	165
104601	165
104613	165
104636	166
104660	166
104683	166
104707	166
104730	166
104742	166
104765	166
104789	166
104812	166
104835	166
104859	166
104882	166
104906	166
104929	166
104941	166
104964	166
104976	166
105000	166
105023	166
105035	166
105058	166
105082	166
105105	166
105128	166
105152	166
105164	166
105187	166
105210	166
105234	166
105257	166
105281	166
105292	166
105316	166
105339	166
105363	166
105386	166
105398	166
105421	166
105445	166
105468	166
105492	166
105515	166
105539	166
105562	166
105585	166
105597	166
105621	166
105644	166
105667	166
105691	166
105703	167
105726	167
105738	167
105761	167
105785	167
105808	167
105820	167
105843	167
105867	167
105890	167
105902	167
105925	167
105949	167
105972	167
105984	167
106007	167
106031	167
106054	167
106078	167
106089	167
106113	167
106136	167
106160	167
106183	167
106195	167
106218	167
106242	167
106265	167
106289	167
106324	167
106335	167
106359	167
106382	167
106406	167
106429	167
106453	167
106464	167
106488	167
106511	167
106523	167
106546	167
106570	167
106593	167
106617	167
106628	167
106652	167
106675	167
106699	167
106710	167
106734	167
106757	168
106781	168
106804	168
106828	168
106839	168
106863	168
106886	168
106910	168
106933	168
106945	168
106968	168
106992	168
107015	168
107039	168
107074	168
107085	168
107109	168
107132	168
107156	168
107179	168
107191	168
107214	168
107238	168
107250	168
107273	168
107296	168
107320	168
107343	168
107355	168
107378	168
107402	168
107425	168
107437	168
107460	168
107484	168
107507	168
107519	168
107542	168
107566	168
107589	168
107613	168
107625	168
107648	168
107671	168
107695	168
107707	168
107730	168
107753	168
107777	168
107812	168
107835	169
107859	169
107871	169
107894	169
107917	169
107941	169
107964	169
107976	169
108000	169
108023	169
108035	169
108058	169
108082	169
108105	169
108128	169
108140	169
108164	169
108187	169
108210	169
108222	169
108246	169
108269	169
108292	169
108316	169
108328	169
108351	169
108375	169
108398	169
108410	169
108433	169
108457	169
108480	169
108503	169
108527	169
108550	169
108574	169
108597	169
108621	169
108632	169
108656	169
108679	169
108703	169
108726	169
108750	169
108761	169
108785	169
108808	169
108832	169
108843	169
108867	169
108890	170
108914	170
108937	170
108960	170
108972	170
108996	170
109019	170
109042	170
109054	170
109078	170
109101	170
109113	170
109136	170
109160	170
109171	170
109195	170
109218	170
109242	170
109265	170
109289	170
109312	170
109335	170
109347	170
109371	170
109394	170
109417	170
109441	170
109453	170
109476	170
109500	170
109523	170
109546	170
109558	170
109582	170
109605	170
109628	170
109652	170
109675	170
109699	170
109722	170
109746	170
109757	170
109781	170
109804	170
109828	170
109851	170
109863	170
109886	170
109910	170
109933	170
109945	171
109968	171
109992	171
110015	171
110039	171
110062	171
110085	171
110109	171
110132	171
110144	171
110167	171
110191	171
110214	171
110250	171
110261	171
110285	171
110308	171
110332	171
110355	171
110367	171
110390	171
110414	171
110437	171
110460	171
110484	171
110507	171
110519	171
110542	171
110566	171
110578	171
110601	171
110613	171
110636	171
110660	171
110671	171
110695	171
110718	171
110742	171
110753	171
110777	171
110800	171
110824	171
110835	171
110859	171
110882	171
110906	171
110929	171
110953	171
110976	171
111000	171
111023	172
111035	172
111058	172
111082	172
111105	172
111128	172
111152	172
111175	172
111199	172
111222	172
111246	172
111269	172
111292	172
111316	172
111328	172
111351	172
111375	172
111398	172
111421	172
111433	172
111457	172
111480	172
111503	172
111527	172
111539	172
111562	172
111585	172
111609	172
111632	172
111656	172
111667	172
111691	172
111714	172
111738	172
111761	172
111773	172
111796	172
111820	172
111843	172
111867	172
111890	172
111914	172
111937	172
111960	172
111984	172
112007	172
112019	172
112042	172
112066	172
112089	172
112113	173
112125	173
112148	173
112171	173
112195	173
112207	173
112230	173
112253	173
112277	173
112289	173
112312	173
112335	173
112359	173
112371	173
112394	173
112417	173
112441	173
112464	173
112488	173
112511	173
112523	173
112546	173
112570	173
112593	173
112617	173
112640	173
112664	173
112687	173
112722	173
112734	173
112757	173
112781	173
112804	173
112828	173
112839	173
112863	173
112886	173
112910	173
112921	173
112945	173
112968	173
112992	173
113015	173
113027	173
113050	173
113062	173
113085	173
113109	173
113132	173
113156	173
113167	174
113191	174
113214	174
113226	174
113250	174
113273	174
113285	174
113308	174
113332	174
113355	174
113378	174
113402	174
113425	174
113460	174
113484	174
113496	174
113519	174
113542	174
113566	174
113589	174
113613	174
113636	174
113648	174
113671	174
113695	174
113718	174
113730	174
113753	174
113777	174
113800	174
113812	174
113835	174
113859	174
113882	174
113906	174
113917	174
113941	174
113953	174
113976	174
113988	174
114011	174
114035	174
114058	174
114070	174
114093	174
114117	174
114140	174
114164	174
114187	174
114210	174
114234	175
114257	175
114269	175
114292	175
114316	175
114339	175
114363	175
114386	175
114410	175
114433	175
114445	175
114468	175
114492	175
114515	175
114539	175
114562	175
114574	175
114597	175
114621	175
114644	175
114667	175
114679	175
114703	175
114726	175
114738	175
114761	175
114785	175
114808	175
114820	175
114843	175
114867	175
114890	175
114914	175
114937	175
114960	175
114984	175
114996	175
115019	175
115042	175
115066	175
115078	175
115101	175
115125	175
115148	175
115160	175
115183	175
115207	175
115230	175
115242	175
115265	175
115289	176
115312	176
115324	176
115347	176
115371	176
115394	176
115417	176
115429	176
115453	176
115464	176
115488	176
115500	176
115523	176
115546	176
115570	176
115582	176
115605	176
115628	176
115652	176
115675	176
115699	176
115722	176
115746	176
115769	176
115781	176
115804	176
115828	176
115863	176
115886	176
115910	176
115921	176
115945	176
115968	176
115992	176
116015	176
116039	176
116062	176
116085	176
116109	176
116132	176
116144	176
116167	176
116191	176
116214	176
116226	176
116250	176
116273	176
116285	176
116308	176
116332	176
116355	177
116367	177
116390	177
116414	177
116437	177
116460	177
116484	177
116496	177
116519	177
116542	177
116566	177
116589	177
116601	177
116625	177
116648	177
116671	177
116683	177
116707	177
116730	177
116753	177
116777	177
116800	177
116824	177
116835	177
116859	177
116882	177
116906	177
116929	177
116941	177
116964	177
116976	177
117000	177
117023	177
117035	177
117058	177
117082	177
117105	177
117128	177
117140	177
117164	177
117187	177
117210	177
117234	177
117246	177
117269	177
117292	177
117316	177
117339	177
117351	177
117375	177
117398	178
117421	178
117445	178
117457	178
117480	178
117503	178
117527	178
117550	178
117574	178
117597	178
117621	178
117644	178
117667	178
117679	178
117703	178
117726	178
117738	178
117761	178
117785	178
117796	178
117820	178
117843	178
117867	178
117878	178
117902	178
117925	178
117949	178
117960	178
117984	178
118007	178
118031	178
118054	178
118066	178
118089	178
118113	178
118136	178
118148	178
118171	178
118195	178
118218	178
118230	178
118253	178
118277	178
118312	178
118324	178
118347	178
118371	178
118394	178
118417	178
118429	178
118453	179
118476	179
118488	179
118511	179
118535	179
118558	179
118570	179
118593	179
118617	179
118640	179
118652	179
118675	179
118699	179
118710	179
118734	179
118757	179
118781	179
118804	179
118816	179
118839	179
118863	179
118886	179
118910	179
118921	179
118945	179
118968	179
118992	179
119015	179
119039	179
119062	179
119085	179
119109	179
119132	179
119156	179
119167	179
119191	179
119214	179
119238	179
119250	179
119273	179
119296	179
119308	179
119332	179
119355	179
119378	179
119390	179
119414	179
119437	179
119460	179
119472	179
119496	180
119519	180
119542	180
119554	180
119578	180
119601	180
119625	180
119648	180
119660	180
119683	180
119707	180
119730	180
119753	180
119777	180
119800	180
119824	180
119847	180
119871	180
119882	180
119906	180
119929	180
119953	180
119964	180
119988	180
120011	180
120023	180
120046	180
120070	180
120093	180
120105	180
120128	180
120152	180
120175	180
120187	180
120210	180
120234	180
120257	180
120281	180
120292	180
120316	180
120339	180
120351	180
120375	180
120398	180
120421	180
120445	180
120457	180
120480	180
120503	180
120527	180
120550	181
120574	181
120597	181
120621	181
120644	181
120667	181
120691	181
120703	181
120726	181
120750	181
120773	181
120796	181
120808	181
120832	181
120855	181
120878	181
120902	181
120925	181
120949	181
120960	181
120984	181
121007	181
121031	181
121054	181
121066	181
121089	181
121113	181
121125	181
121148	181
121171	181
121183	181
121207	181
121230	181
121253	181
121277	181
121300	181
121324	181
121347	181
121359	181
121382	181
121406	181
121429	181
121453	181
121464	181
121488	181
121511	181
121535	181
121546	181
121570	181
121593	181
121617	182
121640	182
121664	182
121687	182
121710	182
121722	182
121746	182
121769	182
121792	182
121816	182
121828	182
121851	182
121875	182
121886	182
121910	182
121933	182
121957	182
121980	182
122003	182
122027	182
122050	182
122074	182
122097	182
122109	182
122132	182
122156	182
122179	182
122203	182
122226	182
122250	182
122273	182
122296	182
122308	182
122332	182
122355	182
122378	182
122402	182
122425	182
122449	182
122472	182
122496	182
122519	182
122531	182
122554	182
122578	182
122589	182
122613	182
122625	182
122648	182
122660	182
122683	183
122707	183
122730	183
122753	183
122765	183
122789	183
122812	183
122835	183
122847	183
122871	183
122894	183
122917	183
122941	183
122953	183
122976	183
123000	183
123023	183
123046	183
123070	183
123082	183
123105	183
123128	183
123164	183
123187	183
123210	183
123234	183
123257	183
123269	183
123292	183
123316	183
123339	183
123351	183
123375	183
123398	183
123421	183
123433	183
123457	183
123480	183
123503	183
123527	183
123539	183
123562	183
123585	183
123609	183
123632	183
123656	183
123667	183
123691	183
123714	183
123738	183
123761	184
123773	184
123796	184
123820	184
123843	184
123867	184
123890	184
123914	184
123937	184
123960	184
123984	184
124007	184
124031	184
124042	184
124066	184
124089	184
124113	184
124136	184
124148	184
124171	184
124195	184
124218	184
124242	184
124253	184
124277	184
124300	184
124312	184
124335	184
124359	184
124382	184
124406	184
124417	184
124441	184
124464	184
124488	184
124511	184
124535	184
124546	184
124570	184
124593	184
124617	184
124640	184
124664	184
124699	184
124722	184
124746	184
124757	184
124781	184
124804	184
124828	184
124851	185
124863	185
124886	185
124910	185
124933	185
124957	185
124968	185
124992	185
125015	185
125027	185
125050	185
125074	185
125085	185
125109	185
125132	185
125156	185
125179	185
125191	185
125214	185
125238	185
125261	185
125273	185
125296	185
125320	185
125343	185
125367	185
125390	185
125414	185
125449	185
125472	185
125496	185
125507	185
125531	185
125554	185
125578	185
125601	185
125625	185
125648	185
125671	185
125695	185
125707	185
125730	185
125753	185
125777	185
125789	185
125812	185
125835	185
125859	185
125871	185
125894	185
125917	186
125941	186
125953	186
125964	186
125988	186
126011	186
126023	186
126046	186
126070	186
126093	186
126105	186
126128	186
126152	186
126175	186
126199	186
126222	186
126246	186
126269	186
126281	186
126304	186
126328	186
126351	186
126375	186
126398	186
126421	186
126433	186
126457	186
126480	186
126503	186
126527	186
126550	186
126574	186
126597	186
126609	186
126632	186
126656	186
126679	186
126703	186
126714	186
126738	186
126761	186
126785	186
126796	186
126820	186
126843	186
126867	186
126890	186
126914	186
126937	186
126960	186
126984	187
127007	187
127031	187
127054	187
127066	187
127089	187
127113	187
127136	187
127160	187
127171	187
127195	187
127218	187
127242	187
127265	187
127277	187
127300	187
127324	187
127347	187
127359	187
127382	187
127406	187
127429	187
127441	187
127464	187
127476	187
127500	187
127511	187
127535	187
127558	187
127582	187
127605	187
127617	187
127640	187
127664	187
127687	187
127710	187
127734	187
127757	187
127769	187
127792	187
127816	187
127839	187
127863	187
127886	187
127910	187
127933	187
127957	187
127980	187
127992	187
128027	187
128050	188
128074	188
128097	188
128109	188
128132	188
128156	188
128179	188
128203	188
128214	188
128238	188
128261	188
128273	188
128296	188
128320	188
128343	188
128367	188
128390	188
128414	188
128437	188
128449	188
128472	188
128496	188
128519	188
128542	188
128566	188
128578	188
128601	188
128625	188
128648	188
128671	188
128683	188
128707	188
128730	188
128753	188
128777	188
128800	188
128824	188
128847	188
128859	188
128882	188
128906	188
128929	188
128941	188
128964	188
128988	188
129000	188
129023	188
129035	188
129058	188
129082	188
129105	189
129128	189
129140	189
129164	189
129187	189
129210	189
129222	189
129246	189
129269	189
129292	189
129316	189
129328	189
129351	189
129375	189
129398	189
129410	189
129433	189
129457	189
129480	189
129503	189
129527	189
129550	189
129574	189
129597	189
129621	189
129644	189
129656	189
129679	189
129703	189
129726	189
129738	189
129761	189
129785	189
129808	189
129820	189
129843	189
129867	189
129890	189
129902	189
129925	189
129949	189
129972	189
129996	189
130019	189
130042	189
130054	189
130078	189
130101	189
130125	189
130136	189
130160	190
130183	190
130207	190
130230	190
130253	190
130277	190
130300	190
130324	190
130347	190
130371	190
130382	190
130406	190
130429	190
130453	190
130464	190
130488	190
130511	190
130523	190
130546	190
130570	190
130593	190
130605	190
130628	190
130652	190
130675	190
130687	190
130710	190
130734	190
130757	190
130769	190
130792	190
130816	190
130839	190
130851	190
130875	190
130898	190
130921	190
130945	190
130957	190
130980	190
131003	190
131027	190
131062	190
131085	190
131109	190
131121	190
131144	190
131167	190
131191	190
131214	190
131226	191
131250	191
131273	191
131296	191
131320	191
131332	191
131355	191
131378	191
131402	191
131425	191
131437	191
131460	191
131484	191
131507	191
131531	191
131554	191
131566	191
131589	191
131613	191
131636	191
131660	191
131683	191
131695	191
131718	191
131742	191
131765	191
131789	191
131824	191
131835	191
131859	191
131882	191
131906	191
131929	191
131941	191
131964	191
131988	191
132000	191
132023	191
132046	191
132058	191
132082	191
132105	191
132128	191
132140	191
132164	191
132187	191
132199	191
132222	191
132246	191
132269	191
132292	192
132304	192
132328	192
132351	192
132363	192
132386	192
132410	192
132433	192
132445	192
132468	192
132492	192
132515	192
132539	192
132562	192
132585	192
132609	192
132632	192
132656	192
132679	192
132703	192
132714	192
132738	192
132761	192
132785	192
132808	192
132832	192
132855	192
132867	192
132890	192
132914	192
132937	192
132960	192
132984	192
133007	192
133031	192
133054	192
133066	192
133089	192
133113	192
133136	192
133148	192
133171	192
133195	192
133218	192
133242	192
133253	192
133277	192
133300	192
133324	192
133347	192
133371	193
133394	193
133417	193
133429	193
133453	193
133476	193
133500	193
133523	193
133535	193
133558	193
133582	193
133605	193
133617	193
133640	193
133664	193
133687	193
133710	193
133734	193
133746	193
133769	193
133792	193
133816	193
133828	193
133851	193
133875	193
133898	193
133910	193
133933	193
133957	193
133980	193
134003	193
134027	193
134050	193
134074	193
134097	193
134121	193
134144	193
134156	193
134179	193
134203	193
134238	193
134261	193
134285	193
134296	193
134320	193
134343	193
134367	193
134390	193
134414	193
134437	193
134460	194
134484	194
134507	194
134531	194
134554	194
134566	194
134589	194
134613	194
134625	194
134648	194
134671	194
134695	194
134707	194
134730	194
134753	194
134777	194
134789	194
134812	194
134835	194
134859	194
134882	194
134906	194
134929	194
134941	194
134964	194
134988	194
135011	194
135035	194
135058	194
135070	194
135093	194
135117	194
135140	194
135175	194
135199	194
135222	194
135246	194
135257	194
135281	194
135304	194
135328	194
135351	194
135363	194
135386	194
135410	194
135433	194
135445	194
135468	194
135492	194
135515	194
135527	195
135550	195
135574	195
135597	195
135621	195
135644	195
135667	195
135679	195
135703	195
135726	195
135750	195
135773	195
135785	195
135808	195
135832	195
135855	195
135878	195
135914	195
135937	195
135960	195
135984	195
136007	195
136031	195
136054	195
136066	195
136089	195
136113	195
136136	195
136160	195
136183	195
136207	195
136230	195
136242	195
136265	195
136289	195
136312	195
136335	195
136347	195
136371	195
136394	195
136417	195
136441	195
136464	195
136488	195
136511	195
136535	195
136546	195
136570	195
136593	195
136617	195
136640	196
136675	196
136699	196
136722	196
136746	196
136757	196
136781	196
136804	196
136828	196
136851	196
136863	196
136886	196
136910	196
136933	196
136957	196
136968	196
136992	196
137015	196
137027	196
137050	196
137074	196
137085	196
137109	196
137132	196
137156	196
137179	196
137203	196
137214	196
137238	196
137261	196
137285	196
137296	196
137320	196
137343	196
137367	196
137402	196
137425	196
137449	196
137484	196
137496	196
137519	196
137542	196
137566	196
137589	196
137625	196
137648	196
137660	196
137683	196
137707	196
137730	196
137753	197
137777	197
137800	197
137812	197
137835	197
137859	197
137882	197
137906	197
137929	197
137941	197
137964	197
137976	197
138000	197
138023	197
138035	197
138058	197
138082	197
138105	197
138128	197
138152	197
138175	197
138199	197
138222	197
138246	197
138257	197
138281	197
138304	197
138328	197
138351	197
138375	197
138398	197
138410	197
138433	197
138457	197
138480	197
138503	197
138527	197
138539	197
138562	197
138585	197
138609	197
138632	197
138656	197
138679	197
138691	197
138714	197
138738	197
138761	197
138773	197
138796	197
138820	198
138843	198
138867	198
138890	198
138914	198
138937	198
138960	198
138984	198
139007	198
139031	198
139054	198
139078	198
139089	198
139113	198
139136	198
139160	198
139183	198
139207	198
139230	198
139253	198
139265	198
139289	198
139312	198
139335	198
139359	198
139382	198
139406	198
139429	198
139441	198
139464	198
139476	198
139500	198
139511	198
139535	198
139558	198
139582	198
139605	198
139628	198
139640	198
139664	198
139687	198
139710	198
139734	198
139757	198
139781	198
139804	198
139828	198
139851	198
139875	198
139898	198
139921	199
139945	199
139957	199
139980	199
140003	199
140027	199
140050	199
140074	199
140097	199
140121	199
140144	199
140167	199
140191	199
140203	199
140226	199
140250	199
140261	199
140285	199
140308	199
140332	199
140355	199
140378	199
140402	199
140425	199
140437	199
140460	199
140484	199
140507	199
140531	199
140554	199
140578	199
140601	199
140625	199
140648	199
140660	199
140683	199
140707	199
140730	199
140753	199
140777	199
140800	199
140824	199
140847	199
140871	199
140894	199
140917	199
140941	199
140953	199
140976	199
140988	199
141011	200
141035	200
141058	200
141082	200
141105	200
141117	200
141140	200
141164	200
141187	200
141199	200
141222	200
141246	200
141269	200
141292	200
141316	200
141328	200
141351	200
141375	200
141398	200
141421	200
141433	200
141457	200
141480	200
141503	200
141527	200
141550	200
141574	200
141597	200
141621	200
141644	200
141667	200
141679	200
141703	200
141726	200
141738	200
141761	200
141785	200
141808	200
141832	200
141855	200
141867	200
141890	200
141914	200
141937	200
141949	200
141972	200
141996	200
142019	200
142042	200
142066	200
142089	201
142113	201
142125	201
142148	201
142171	201
142195	201
142218	201
142242	201
142265	201
142289	201
142312	201
142335	201
142359	201
142382	201
142406	201
142429	201
142453	201
142476	201
142488	201
142511	201
142535	201
142558	201
142582	201
142593	201
142617	201
142640	201
142664	201
142675	201
142699	201
142722	201
142746	201
142769	201
142792	201
142804	201
142828	201
142851	201
142875	201
142898	201
142910	201
142933	201
142957	201
142980	201
143003	201
143027	201
143050	201
143074	201
143097	201
143121	201
143144	201
143167	201
143179	202
143203	202
143226	202
143250	202
143261	202
143285	202
143308	202
143332	202
143355	202
143367	202
143390	202
143414	202
143437	202
143460	202
143484	202
143496	202
143519	202
143542	202
143566	202
143589	202
143613	202
143636	202
143660	202
143671	202
143695	202
143718	202
143742	202
143765	202
143800	202
143824	202
143847	202
143871	202
143894	202
143917	202
143929	202
143953	202
143976	202
144000	202
144011	202
144035	202
144058	202
144082	202
144105	202
144128	202
144140	202
144164	202
144187	202
144210	202
144234	202
144257	202
144269	203
144292	203
144316	203
144339	203
144351	203
144375	203
144398	203
144421	203
144445	203
144457	203
144480	203
144503	203
144527	203
144550	203
144574	203
144597	203
144621	203
144644	203
144667	203
144691	203
144703	203
144726	203
144750	203
144773	203
144796	203
144820	203
144832	203
144855	203
144878	203
144902	203
144925	203
144949	203
144972	203
144996	203
145019	203
145031	203
145054	203
145078	203
145101	203
145113	203
145136	203
145160	203
145183	203
145207	203
145230	203
145253	203
145277	203
145300	203
145324	203
145347	203
145371	204
145394	204
145406	204
145429	204
145453	204
145476	204
145500	204
145523	204
145546	204
145570	204
145593	204
145605	204
145628	204
145652	204
145675	204
145699	204
145722	204
145746	204
145769	204
145792	204
145816	204
145828	204
145851	204
145875	204
145898	204
145921	204
145933	204
145957	204
145980	204
146003	204
146027	204
146050	204
146074	204
146097	204
146121	204
146144	204
146167	204
146191	204
146214	204
146238	204
146261	204
146285	204
146308	204
146320	204
146343	204
146367	204
146390	204
146414	204
146437	204
146460	204
146484	205
146507	205
146531	205
146554	205
146566	205
146589	205
146601	205
146625	205
146648	205
146671	205
146695	205
146707	205
146730	205
146753	205
146777	205
146800	205
146824	205
146835	205
146859	205
146882	205
146906	205
146929	205
146953	205
146976	205
147000	205
147023	205
147046	205
147070	205
147093	205
147117	205
147140	205
147175	205
147199	205
147222	205
147246	205
147269	205
147281	205
147304	205
147328	205
147351	205
147375	205
147398	205
147410	205
147433	205
147457	205
147480	205
147503	205
147527	205
147539	205
147562	205
147585	206
147609	206
147632	206
147656	206
147667	206
147691	206
147714	206
147738	206
147761	206
147773	206
147796	206
147820	206
147843	206
147867	206
147890	206
147914	206
147949	206
147972	206
147996	206
148007	206
148031	206
148054	206
148078	206
148101	206
148125	206
148136	206
148160	206
148183	206
148207	206
148230	206
148253	206
148277	206
148289	206
148312	206
148335	206
148359	206
148382	206
148406	206
148429	206
148453	206
148476	206
148500	206
148523	206
148535	206
148558	206
148582	206
148605	206
148640	206
148664	206
148687	206
148722	207
148734	207
148757	207
148781	207
148804	207
148828	207
148851	207
148875	207
148886	207
148910	207
148933	207
148957	207
148980	207
148992	207
149015	207
149039	207
149062	207
149074	207
149097	207
149121	207
149144	207
149167	207
149179	207
149203	207
149226	207
149238	207
149261	207
149285	207
149308	207
149332	207
149355	207
149378	207
149402	207
149425	207
149460	207
149484	207
149507	207
149519	207
149542	207
149566	207
149589	207
149613	207
149636	207
149660	207
149683	207
149707	207
149730	207
149753	207
149765	207
149789	207
149812	208
149835	208
149859	208
149871	208
149894	208
149917	208
149941	208
149964	208
149976	208
150000	208
150011	208
150035	208
150058	208
150082	208
150105	208
150128	208
150152	208
150175	208
150199	208
150222	208
150246	208
150269	208
150292	208
150316	208
150339	208
150363	208
150386	208
150398	208
150421	208
150445	208
150468	208
150492	208
150515	208
150539	208
150562	208
150585	208
150597	208
150621	208
150644	208
150667	208
150691	208
150703	208
150726	208
150750	208
150773	208
150785	208
150808	208
150832	208
150855	208
150878	208
150902	209
150925	209
150949	209
150972	209
150996	209
151019	209
151031	209
151054	209
151078	209
151101	209
151125	209
151148	209
151160	209
151183	209
151207	209
151230	209
151253	209
151277	209
151300	209
151312	209
151335	209
151359	209
151382	209
151406	209
151429	209
151441	209
151464	209
151476	209
151500	209
151523	209
151535	209
151558	209
151582	209
151605	209
151628	209
151652	209
151675	209
151699	209
151722	209
151746	209
151769	209
151792	209
151816	209
151839	209
151863	209
151886	209
151910	209
151933	209
151957	209
151980	209
152003	210
152027	210
152050	210
152074	210
152097	210
152121	210
152144	210
152167	210
152191	210
152203	210
152226	210
152250	210
152261	210
152285	210
152308	210
152332	210
152355	210
152378	210
152402	210
152414	210
152437	210
152460	210
152484	210
152507	210
152531	210
152554	210
152566	210
152589	210
152613	210
152636	210
152660	210
152683	210
152707	210
152718	210
152742	210
152765	210
152789	210
152812	210
152835	210
152859	210
152882	210
152906	210
152929	210
152941	210
152964	210
152988	210
153000	210
153023	210
153046	210
153070	210
153093	211
153105	211
153128	211
153152	211
153175	211
153199	211
153222	211
153246	211
153269	211
153281	211
153304	211
153328	211
153351	211
153375	211
153398	211
153421	211
153433	211
153457	211
153480	211
153503	211
153527	211
153550	211
153574	211
153597	211
153621	211
153644	211
153667	211
153691	211
153714	211
153726	211
153750	211
153761	211
153785	211
153808	211
153832	211
153855	211
153878	211
153890	211
153914	211
153937	211
153960	211
153984	211
153996	211
154019	211
154042	211
154066	211
154089	211
154101	211
154125	211
154148	211
154171	212
154195	212
154218	212
154242	212
154265	212
154289	212
154312	212
154335	212
154359	212
154382	212
154406	212
154417	212
154441	212
154464	212
154488	212
154500	212
154523	212
154546	212
154570	212
154593	212
154605	212
154628	212
154652	212
154675	212
154687	212
154710	212
154734	212
154757	212
154781	212
154804	212
154828	212
154839	212
154863	212
154886	212
154910	212
154933	212
154957	212
154980	212
155003	212
155027	212
155050	212
155074	212
155097	212
155121	212
155144	212
155167	212
155179	212
155203	212
155226	212
155250	212
155261	213
155285	213
155308	213
155332	213
155355	213
155367	213
155390	213
155414	213
155437	213
155460	213
155484	213
155496	213
155519	213
155542	213
155566	213
155589	213
155613	213
155625	213
155648	213
155671	213
155695	213
155718	213
155742	213
155765	213
155789	213
155812	213
155835	213
155859	213
155882	213
155906	213
155929	213
155941	213
155964	213
155988	213
156011	213
156023	213
156046	213
156070	213
156093	213
156117	213
156128	213
156152	213
156175	213
156199	213
156222	213
156234	213
156257	213
156281	213
156304	213
156328	213
156339	214
156363	214
156386	214
156410	214
156433	214
156457	214
156468	214
156492	214
156515	214
156539	214
156574	214
156597	214
156609	214
156632	214
156656	214
156679	214
156703	214
156726	214
156750	214
156773	214
156785	214
156808	214
156832	214
156855	214
156878	214
156902	214
156925	214
156949	214
156960	214
156984	214
157007	214
157031	214
157054	214
157078	214
157089	214
157113	214
157136	214
157160	214
157171	214
157195	214
157218	214
157242	214
157265	214
157289	214
157312	214
157335	214
157359	214
157382	214
157406	214
157417	214
157441	215
157464	215
157488	215
157511	215
157535	215
157558	215
157570	215
157593	215
157617	215
157640	215
157664	215
157687	215
157710	215
157734	215
157757	215
157781	215
157804	215
157816	215
157839	215
157863	215
157886	215
157898	215
157921	215
157945	215
157968	215
157992	215
158015	215
158039	215
158062	215
158085	215
158109	215
158132	215
158156	215
158179	215
158203	215
158226	215
158250	215
158273	215
158296	215
158320	215
158343	215
158367	215
158390	215
158414	215
158437	215
158460	215
158472	215
158496	215
158519	215
158542	215
158566	216
158578	216
158601	216
158613	216
158636	216
158660	216
158683	216
158695	216
158718	216
158742	216
158765	216
158789	216
158800	216
158824	216
158847	216
158871	216
158894	216
158917	216
158941	216
158964	216
158988	216
159011	216
159023	216
159046	216
159070	216
159093	216
159117	216
159140	216
159175	216
159199	216
159222	216
159246	216
159257	216
159281	216
159304	216
159328	216
159351	216
159375	216
159386	216
159410	216
159433	216
159457	216
159480	216
159503	216
159515	216
159539	216
159562	216
159585	216
159609	216
159632	216
159656	217
159667	217
159691	217
159714	217
159738	217
159761	217
159785	217
159796	217
159820	217
159843	217
159867	217
159902	217
159925	217
159949	217
159972	217
159996	217
160019	217
160042	217
160054	217
160078	217
160101	217
160125	217
160148	217
160171	217
160195	217
160207	217
160230	217
160253	217
160277	217
160300	217
160312	217
160335	217
160359	217
160382	217
160406	217
160429	217
160453	217
160476	217
160500	217
160523	217
160535	217
160558	217
160582	217
160605	217
160628	217
160652	217
160687	217
160710	217
160734	217
160757	217
160781	218
160792	218
160816	218
160839	218
160863	218
160886	218
160898	218
160921	218
160945	218
160968	218
160992	218
161015	218
161027	218
161050	218
161074	218
161085	218
161109	218
161132	218
161156	218
161179	218
161203	218
161214	218
161238	218
161261	218
161285	218
161296	218
161320	218
161343	218
161367	218
161402	218
161425	218
161449	218
161472	218
161496	218
161519	218
161542	218
161566	218
161589	218
161613	218
161636	218
161660	218
161683	218
161707	218
161730	218
161742	218
161765	218
161789	218
161812	218
161835	218
161847	218
timepoint: 200.4