0	0
0	0
0	0
0	0
0	0
0	0
0	0
0	0
0	0
0	0
0	0
0	0
0	0
0	0
0	0
0	0
0	0
0	0
0	0
0	0
0	0
0	0
0	0
0	0
0	0
0	0
0	0
0	0
0	0
0	0
0	0
0	0
0	0
0	0
0	0
0	0
0	0
0	0
0	0
0	0
0	0
0	0
0	0
0	0
0	0
0	0
0	0
0	0
0	0
0	0
0	1
0	1
0	1
0	1
0	1
0	1
0	1
0	1
0	1
0	1
0	1
0	1
0	1
0	1
0	1
0	1
0	1
0	1
0	1
0	1
0	1
0	1
0	1
0	1
0	1
0	1
0	1
0	1
0	1
0	1
0	1
0	1
0	1
0	1
0	1
0	1
0	1
0	1
0	1
0	1
0	1
0	1
0	1
0	1
0	1
0	1
0	1
0	1
0	1
0	1
0	2
0	2
0	2
0	2
0	2
0	2
0	2
0	2
0	2
0	2
0	2
0	2
0	2
0	2
0	2
0	2
0	2
0	2
0	2
0	2
0	2
0	2
0	2
0	2
0	2
0	2
0	2
0	2
0	2
0	2
0	2
0	2
0	2
0	2
0	2
0	2
0	2
0	2
0	2
0	2
0	2
0	2
0	2
0	2
0	2
0	2
0	2
0	2
0	2
0	2
0	3
0	3
0	3
0	3
0	3
0	3
0	3
0	3
0	3
0	3
0	3
0	3
0	3
0	3
0	3
0	3
0	3
0	3
0	3
0	3
0	3
0	3
0	3
0	3
0	3
0	3
0	3
0	3
0	3
0	3
0	3
0	3
0	3
0	3
0	3
0	3
0	3
0	3
0	3
0	3
0	3
0	3
0	3
0	3
0	3
0	3
0	3
0	3
0	3
0	3
0	4
0	4
0	4
0	4
0	4
0	4
0	4
0	4
0	4
0	4
0	4
0	4
0	4
0	4
0	4
0	4
0	4
0	4
0	4
0	4
0	4
0	4
0	4
0	4
0	4
0	4
0	4
0	4
0	4
0	4
0	4
0	4
0	4
0	4
0	4
0	4
0	4
0	4
0	4
0	4
0	4
0	4
0	4
0	4
0	4
0	4
0	4
0	4
0	4
0	4
0	5
0	5
0	5
0	5
0	5
0	5
0	5
0	5
0	5
0	5
0	5
11	5
11	5
11	5
11	5
11	5
11	5
11	5
11	5
11	5
11	5
11	5
11	5
23	5
23	5
23	5
23	5
23	5
23	5
23	5
23	5
23	5
23	5
23	5
23	5
35	5
35	5
35	5
35	5
35	5
35	5
35	5
35	5
35	5
35	5
35	5
35	5
35	5
35	5
35	5
35	6
35	6
35	6
35	6
35	6
35	6
35	6
35	6
35	6
23	6
23	6
23	6
23	6
23	6
23	6
23	6
23	6
23	6
23	6
23	6
23	6
23	6
23	6
23	6
23	6
23	6
23	6
23	6
23	6
23	6
23	6
23	6
23	6
23	6
23	6
23	6
35	6
35	6
35	6
35	6
35	6
35	6
35	6
35	6
35	6
35	6
35	6
35	6
35	6
35	6
46	7
46	7
46	7
46	7
46	7
46	7
46	7
46	7
46	7
46	7
46	7
46	7
46	7
46	7
46	7
46	7
46	7
46	7
46	7
46	7
46	7
46	7
46	7
46	7
46	7
46	7
46	7
46	7
46	7
46	7
35	7
35	7
35	7
35	7
35	7
35	7
35	7
35	7
35	7
35	7
35	7
35	7
35	7
35	7
35	7
35	7
35	7
35	7
35	7
35	7
35	8
35	8
35	8
35	8
35	8
35	8
35	8
35	8
35	8
35	8
35	8
35	8
35	8
35	8
35	8
35	8
35	8
46	8
46	8
46	8
46	8
46	8
46	8
46	8
46	8
46	8
46	8
46	8
46	8
46	8
46	8
46	8
46	8
46	8
46	8
46	8
46	8
46	8
46	8
46	8
46	8
46	8
46	8
46	8
46	8
46	8
46	8
46	8
46	8
46	8
46	9
46	9
46	9
46	9
46	9
46	9
46	9
46	9
46	9
46	9
46	9
46	9
35	9
35	9
35	9
35	9
35	9
35	9
35	9
35	9
35	9
35	9
35	9
35	9
35	9
35	9
35	9
35	9
35	9
35	9
35	9
35	9
35	9
35	9
35	9
35	9
46	9
46	9
46	9
46	9
46	9
46	9
46	9
46	9
46	9
46	9
46	9
46	9
46	9
46	9
46	10
46	10
46	10
46	10
46	10
46	10
46	10
46	10
46	10
46	10
46	10
46	10
46	10
46	10
46	10
46	10
46	10
46	10
46	10
46	10
46	10
46	10
46	10
46	10
46	10
46	10
46	10
46	10
46	10
46	10
46	10
46	10
46	10
46	10
46	10
46	10
46	10
46	10
46	10
46	10
46	10
46	10
46	10
46	10
46	10
46	10
46	10
46	10
35	10
35	10
35	11
35	11
35	11
35	11
35	11
35	11
35	11
46	11
46	11
46	11
46	11
46	11
46	11
46	11
46	11
46	11
46	11
46	11
46	11
46	11
46	11
46	11
46	11
46	11
46	11
46	11
46	11
46	11
46	11
46	11
46	11
46	11
46	11
46	11
46	11
46	11
46	11
46	11
46	11
46	11
46	11
46	11
46	11
46	11
46	11
46	11
46	11
46	11
46	11
46	11
46	12
46	12
46	12
46	12
46	12
46	12
46	12
46	12
46	12
46	12
46	12
46	12
46	12
46	12
46	12
46	12
46	12
46	12
46	12
46	12
46	12
46	12
46	12
46	12
46	12
46	12
46	12
46	12
46	12
46	12
46	12
46	12
46	12
46	12
46	12
46	12
46	12
46	12
46	12
46	12
46	12
46	12
46	12
46	12
46	12
46	12
46	12
46	12
46	12
46	12
46	13
46	13
46	13
46	13
46	13
46	13
46	13
46	13
46	13
46	13
46	13
46	13
46	13
46	13
46	13
46	13
46	13
46	13
46	13
46	13
46	13
46	13
46	13
46	13
46	13
46	13
46	13
46	13
46	13
46	13
46	13
46	13
46	13
46	13
46	13
46	13
46	13
46	13
46	13
46	13
46	13
46	13
46	13
46	13
46	13
46	13
46	13
46	13
46	13
46	13
46	14
46	14
46	14
46	14
46	14
46	14
46	14
46	14
46	14
46	14
46	14
46	14
46	14
46	14
46	14
46	14
46	14
46	14
46	14
46	14
46	14
46	14
46	14
46	14
46	14
46	14
46	14
46	14
46	14
46	14
46	14
46	14
46	14
46	14
46	14
46	14
46	14
46	14
46	14
46	14
46	14
46	14
46	14
46	14
46	14
46	14
46	14
46	14
46	14
46	14
46	15
46	15
46	15
46	15
46	15
46	15
46	15
46	15
46	15
46	15
46	15
46	15
46	15
46	15
46	15
46	15
46	15
46	15
46	15
46	15
46	15
46	15
46	15
46	15
46	15
46	15
46	15
46	15
46	15
46	15
46	15
46	15
46	15
46	15
46	15
46	15
46	15
46	15
46	15
46	15
46	15
46	15
46	15
46	15
46	15
46	15
46	15
46	15
46	15
46	15
46	16
46	16
46	16
46	16
46	16
46	16
46	16
46	16
46	16
46	16
46	16
46	16
46	16
46	16
46	16
46	16
46	16
46	16
46	16
46	16
46	16
46	16
46	16
46	16
46	16
46	16
46	16
46	16
46	16
46	16
46	16
46	16
46	16
46	16
46	16
46	16
46	16
46	16
46	16
46	16
46	16
46	16
46	16
46	16
46	16
46	16
46	16
46	16
46	16
46	16
46	17
46	17
46	17
46	17
46	17
46	17
46	17
46	17
46	17
46	17
46	17
46	17
46	17
46	17
46	17
46	17
46	17
46	17
46	17
46	17
46	17
46	17
46	17
46	17
46	17
46	17
46	17
46	17
46	17
46	17
46	17
46	17
46	17
46	17
46	17
46	17
46	17
46	17
46	17
46	17
46	17
46	17
46	17
46	17
46	17
46	17
46	17
46	17
46	17
46	17
46	18
46	18
46	18
46	18
46	18
46	18
46	18
46	18
46	18
46	18
46	18
46	18
46	18
46	18
46	18
46	18
46	18
46	18
46	18
46	18
46	18
46	18
46	18
46	18
46	18
46	18
46	18
46	18
46	18
46	18
46	18
46	18
46	18
46	18
46	18
46	18
46	18
46	18
46	18
46	18
46	18
46	18
46	18
46	18
46	18
46	18
46	18
46	18
46	18
46	18
46	19
46	19
46	19
46	19
46	19
46	19
46	19
46	19
46	19
46	19
46	19
46	19
46	19
46	19
46	19
46	19
46	19
46	19
46	19
46	19
46	19
46	19
46	19
46	19
46	19
46	19
46	19
46	19
46	19
46	19
46	19
46	19
46	19
46	19
46	19
46	19
46	19
46	19
46	19
46	19
46	19
46	19
46	19
46	19
46	19
46	19
46	19
46	19
46	19
46	19
46	20
46	20
46	20
46	20
46	20
46	20
46	20
46	20
46	20
46	20
46	20
46	20
46	20
46	20
46	20
46	20
46	20
46	20
46	20
46	20
46	20
46	20
46	20
46	20
46	20
46	20
46	20
46	20
46	20
46	20
46	20
46	20
46	20
46	20
46	20
46	20
46	20
46	20
46	20
46	20
46	20
46	20
46	20
46	20
46	20
46	20
46	20
46	20
46	20
46	20
46	21
46	21
46	21
46	21
46	21
46	21
46	21
46	21
46	21
46	21
46	21
46	21
46	21
46	21
46	21
46	21
46	21
46	21
46	21
46	21
46	21
46	21
46	21
46	21
46	21
46	21
46	21
46	21
46	21
46	21
46	21
46	21
46	21
46	21
46	21
46	21
46	21
46	21
46	21
46	21
46	21
46	21
46	21
46	21
46	21
46	21
46	21
46	21
46	21
46	21
46	22
46	22
46	22
46	22
46	22
46	22
46	22
46	22
46	22
46	22
46	22
46	22
46	22
46	22
46	22
46	22
46	22
46	22
46	22
46	22
46	22
46	22
46	22
46	22
46	22
46	22
46	22
46	22
46	22
46	22
46	22
46	22
46	22
46	22
46	22
46	22
46	22
46	22
46	22
46	22
46	22
46	22
46	22
46	22
46	22
46	22
46	22
46	22
46	22
46	22
46	23
46	23
46	23
46	23
46	23
46	23
46	23
46	23
46	23
46	23
46	23
46	23
46	23
46	23
46	23
46	23
46	23
46	23
46	23
46	23
46	23
46	23
46	23
46	23
46	23
46	23
46	23
46	23
46	23
46	23
46	23
46	23
46	23
46	23
46	23
46	23
46	23
46	23
46	23
46	23
46	23
46	23
46	23
46	23
46	23
46	23
46	23
46	23
46	23
46	23
46	24
46	24
46	24
46	24
46	24
46	24
46	24
46	24
46	24
46	24
46	24
46	24
46	24
46	24
46	24
46	24
46	24
46	24
46	24
46	24
46	24
46	24
46	24
46	24
46	24
46	24
46	24
46	24
46	24
46	24
46	24
46	24
46	24
46	24
46	24
46	24
46	24
46	24
46	24
46	24
46	24
46	24
46	24
46	24
46	24
46	24
46	24
46	24
46	24
46	24
46	25
46	25
46	25
46	25
46	25
46	25
46	25
46	25
46	25
46	25
46	25
46	25
46	25
46	25
46	25
46	25
46	25
46	25
46	25
46	25
46	25
46	25
46	25
46	25
46	25
46	25
46	25
46	25
46	25
46	25
46	25
46	25
46	25
46	25
46	25
46	25
46	25
46	25
46	25
46	25
46	25
46	25
46	25
46	25
46	25
46	25
46	25
46	25
46	25
46	25
46	26
46	26
46	26
46	26
46	26
46	26
46	26
46	26
46	26
46	26
46	26
46	26
46	26
46	26
46	26
46	26
46	26
46	26
46	26
46	26
46	26
46	26
46	26
46	26
46	26
46	26
46	26
46	26
46	26
46	26
46	26
46	26
46	26
46	26
46	26
46	26
46	26
46	26
46	26
46	26
46	26
46	26
46	26
46	26
46	26
46	26
46	26
46	26
46	26
46	26
46	27
46	27
46	27
46	27
46	27
46	27
46	27
46	27
46	27
46	27
46	27
46	27
46	27
46	27
46	27
46	27
46	27
46	27
46	27
46	27
46	27
46	27
46	27
46	27
46	27
46	27
46	27
46	27
46	27
46	27
46	27
46	27
46	27
46	27
46	27
46	27
46	27
46	27
46	27
46	27
46	27
46	27
46	27
46	27
58	27
58	27
58	27
58	27
58	27
58	27
58	28
58	28
58	28
58	28
58	28
58	28
58	28
58	28
58	28
58	28
58	28
58	28
58	28
58	28
58	28
58	28
58	28
58	28
58	28
58	28
58	28
58	28
58	28
58	28
58	28
58	28
58	28
58	28
58	28
58	28
58	28
58	28
58	28
70	28
70	28
70	28
70	28
70	28
70	28
70	28
70	28
70	28
70	28
70	28
70	28
70	28
70	28
70	28
70	28
82	28
82	29
82	29
82	29
82	29
82	29
82	29
82	29
82	29
82	29
82	29
82	29
82	29
93	29
93	29
93	29
93	29
93	29
93	29
93	29
93	29
93	29
93	29
93	29
93	29
105	29
105	29
105	29
105	29
105	29
105	29
105	29
105	29
105	29
105	29
105	29
105	29
117	29
117	29
117	29
117	29
117	29
117	29
117	29
117	29
117	29
128	29
128	29
128	29
128	29
128	29
128	30
128	30
128	30
128	30
128	30
128	30
128	30
128	30
140	30
140	30
140	30
140	30
140	30
140	30
140	30
140	30
140	30
140	30
152	30
152	30
152	30
152	30
152	30
152	30
152	30
164	30
164	30
164	30
164	30
164	30
164	30
164	30
164	30
164	30
175	30
175	30
175	30
175	30
175	30
175	30
187	30
187	30
187	30
187	30
187	30
187	30
187	30
187	30
187	30
187	30
199	31
199	31
199	31
199	31
199	31
199	31
199	31
210	31
210	31
210	31
210	31
210	31
210	31
210	31
210	31
210	31
222	31
222	31
222	31
222	31
222	31
222	31
222	31
222	31
222	31
234	31
234	31
234	31
234	31
234	31
234	31
234	31
234	31
246	31
246	31
246	31
246	31
246	31
246	31
246	31
246	31
257	31
257	31
257	31
257	31
257	31
257	31
257	31
269	31
269	31
269	32
269	32
269	32
269	32
269	32
281	32
281	32
281	32
281	32
281	32
281	32
281	32
292	32
292	32
292	32
292	32
292	32
292	32
292	32
304	32
304	32
304	32
304	32
304	32
304	32
304	32
316	32
316	32
316	32
316	32
316	32
316	32
316	32
328	32
328	32
328	32
328	32
328	32
328	32
328	32
339	32
339	32
339	32
339	32
339	32
339	32
339	32
351	32
351	32
351	32
351	33
351	33
351	33
351	33
363	33
363	33
363	33
363	33
363	33
363	33
363	33
375	33
375	33
375	33
375	33
375	33
375	33
375	33
386	33
386	33
386	33
386	33
386	33
386	33
398	33
398	33
398	33
398	33
398	33
398	33
410	33
410	33
410	33
410	33
410	33
410	33
421	33
421	33
421	33
421	33
421	33
433	33
433	33
433	33
433	33
433	33
433	33
445	33
445	33
445	33
445	34
445	34
445	34
457	34
457	34
457	34
457	34
457	34
457	34
468	34
468	34
468	34
468	34
468	34
468	34
480	34
480	34
480	34
480	34
480	34
492	34
492	34
492	34
492	34
492	34
492	34
492	34
503	34
503	34
503	34
503	34
503	34
515	34
515	34
515	34
515	34
515	34
515	34
527	34
527	34
527	34
527	34
527	34
539	34
539	34
539	34
539	34
539	34
539	34
550	34
550	35
550	35
550	35
550	35
562	35
562	35
562	35
562	35
562	35
562	35
574	35
574	35
574	35
574	35
574	35
585	35
585	35
585	35
585	35
585	35
585	35
597	35
597	35
597	35
597	35
597	35
609	35
609	35
609	35
609	35
609	35
621	35
621	35
621	35
621	35
621	35
632	35
632	35
632	35
632	35
632	35
644	35
644	35
644	35
644	35
644	35
656	35
656	35
656	35
656	35
656	36
667	36
667	36
667	36
667	36
667	36
679	36
679	36
679	36
679	36
679	36
679	36
691	36
691	36
691	36
691	36
691	36
691	36
703	36
703	36
703	36
703	36
703	36
703	36
703	36
714	36
714	36
714	36
714	36
714	36
714	36
726	36
726	36
726	36
726	36
726	36
738	36
738	36
738	36
738	36
738	36
738	36
750	36
750	36
750	36
750	36
750	36
761	36
761	36
761	36
761	37
761	37
773	37
773	37
773	37
773	37
785	37
785	37
785	37
785	37
785	37
796	37
796	37
796	37
796	37
796	37
808	37
808	37
808	37
808	37
820	37
820	37
820	37
820	37
820	37
832	37
832	37
832	37
832	37
843	37
843	37
843	37
843	37
843	37
855	37
855	37
855	37
855	37
867	37
867	37
867	37
867	37
867	37
878	37
878	37
878	37
878	37
890	37
890	37
890	37
890	38
902	38
902	38
902	38
902	38
914	38
914	38
914	38
914	38
925	38
925	38
925	38
925	38
937	38
937	38
937	38
937	38
949	38
949	38
949	38
949	38
960	38
960	38
960	38
960	38
972	38
972	38
972	38
972	38
972	38
984	38
984	38
984	38
984	38
996	38
996	38
996	38
996	38
1007	38
1007	38
1007	38
1007	38
1007	38
1019	38
1019	38
1019	38
1019	38
1031	38
1031	38
1031	38
1031	39
1042	39
1042	39
1042	39
1042	39
1054	39
1054	39
1054	39
1054	39
1066	39
1066	39
1066	39
1078	39
1078	39
1078	39
1078	39
1089	39
1089	39
1089	39
1101	39
1101	39
1101	39
1113	39
1113	39
1113	39
1113	39
1125	39
1125	39
1125	39
1125	39
1136	39
1136	39
1136	39
1136	39
1148	39
1148	39
1148	39
1148	39
1148	39
1160	39
1160	39
1160	39
1160	39
1171	39
1171	39
1171	39
1171	39
1183	39
1183	39
1183	39
1183	40
1195	40
1195	40
1195	40
1195	40
1207	40
1207	40
1207	40
1207	40
1218	40
1218	40
1218	40
1218	40
1230	40
1230	40
1230	40
1242	40
1242	40
1242	40
1242	40
1253	40
1253	40
1253	40
1265	40
1265	40
1265	40
1277	40
1277	40
1277	40
1277	40
1289	40
1289	40
1289	40
1300	40
1300	40
1300	40
1300	40
1312	40
1312	40
1312	40
1324	40
1324	40
1324	40
1324	40
1335	40
1335	40
1335	40
1335	40
1347	40
1347	40
1347	41
1359	41
1359	41
1359	41
1359	41
1371	41
1371	41
1371	41
1371	41
1382	41
1382	41
1382	41
1382	41
1394	41
1394	41
1394	41
1406	41
1406	41
1406	41
1406	41
1417	41
1417	41
1417	41
1417	41
1429	41
1429	41
1429	41
1429	41
1441	41
1441	41
1441	41
1441	41
1453	41
1453	41
1453	41
1453	41
1464	41
1464	41
1464	41
1476	41
1476	41
1476	41
1476	41
1488	41
1488	41
1488	41
1488	41
1500	41
1500	41
1500	41
1500	42
1511	42
1511	42
1511	42
1523	42
1523	42
1523	42
1523	42
1535	42
1535	42
1535	42
1546	42
1546	42
1546	42
1558	42
1558	42
1558	42
1558	42
1570	42
1570	42
1570	42
1582	42
1582	42
1582	42
1593	42
1593	42
1593	42
1593	42
1605	42
1605	42
1605	42
1617	42
1617	42
1617	42
1617	42
1628	42
1628	42
1628	42
1640	42
1640	42
1640	42
1652	42
1652	42
1652	42
1664	42
1664	42
1664	42
1675	42
1675	42
1675	42
1687	43
1687	43
1687	43
1687	43
1699	43
1699	43
1699	43
1710	43
1710	43
1710	43
1722	43
1722	43
1722	43
1734	43
1734	43
1734	43
1746	43
1746	43
1746	43
1757	43
1757	43
1757	43
1757	43
1769	43
1769	43
1769	43
1781	43
1781	43
1781	43
1792	43
1792	43
1792	43
1804	43
1804	43
1804	43
1816	43
1816	43
1816	43
1828	43
1828	43
1828	43
1828	43
1839	43
1839	43
1839	43
1851	43
1851	43
1851	43
1863	43
1863	43
1863	44
1875	44
1875	44
1875	44
1886	44
1886	44
1886	44
1898	44
1898	44
1898	44
1910	44
1910	44
1910	44
1921	44
1921	44
1921	44
1933	44
1933	44
1933	44
1945	44
1945	44
1945	44
1957	44
1957	44
1957	44
1968	44
1968	44
1968	44
1980	44
1980	44
1980	44
1992	44
1992	44
1992	44
2003	44
2003	44
2015	44
2015	44
2015	44
2027	44
2027	44
2027	44
2039	44
2039	44
2039	44
2050	44
2050	44
2062	44
2062	44
2062	44
2074	45
2074	45
2074	45
2085	45
2085	45
2085	45
2097	45
2097	45
2097	45
2109	45
2109	45
2121	45
2121	45
2121	45
2132	45
2132	45
2132	45
2144	45
2144	45
2144	45
2156	45
2156	45
2156	45
2167	45
2167	45
2167	45
2179	45
2179	45
2179	45
2191	45
2191	45
2191	45
2203	45
2203	45
2203	45
2214	45
2214	45
2214	45
2226	45
2226	45
2226	45
2226	45
2238	45
2238	45
2238	45
2250	45
2250	45
2250	45
2261	45
2261	45
2261	46
2273	46
2273	46
2285	46
2285	46
2285	46
2296	46
2296	46
2296	46
2308	46
2308	46
2320	46
2320	46
2320	46
2332	46
2332	46
2332	46
2343	46
2343	46
2355	46
2355	46
2355	46
2367	46
2367	46
2367	46
2378	46
2378	46
2378	46
2390	46
2390	46
2402	46
2402	46
2402	46
2414	46
2414	46
2414	46
2425	46
2425	46
2437	46
2437	46
2437	46
2449	46
2449	46
2460	46
2460	46
2460	46
2472	46
2472	46
2484	46
2484	46
2484	47
2496	47
2496	47
2496	47
2507	47
2507	47
2519	47
2519	47
2519	47
2531	47
2531	47
2542	47
2542	47
2542	47
2554	47
2554	47
2554	47
2566	47
2566	47
2578	47
2578	47
2578	47
2589	47
2589	47
2601	47
2601	47
2601	47
2613	47
2613	47
2625	47
2625	47
2625	47
2636	47
2636	47
2648	47
2648	47
2648	47
2660	47
2660	47
2660	47
2671	47
2671	47
2683	47
2683	47
2695	47
2695	47
2695	47
2707	47
2707	47
2718	47
2718	48
2718	48
2730	48
2730	48
2742	48
2742	48
2753	48
2753	48
2765	48
2765	48
2777	48
2777	48
2777	48
2789	48
2789	48
2800	48
2800	48
2812	48
2812	48
2824	48
2824	48
2835	48
2835	48
2835	48
2847	48
2847	48
2859	48
2859	48
2859	48
2871	48
2871	48
2882	48
2882	48
2894	48
2894	48
2894	48
2906	48
2906	48
2917	48
2917	48
2917	48
2929	48
2929	48
2941	48
2941	48
2953	48
2953	48
2953	48
2964	48
2964	48
2964	49
2976	49
2976	49
2988	49
2988	49
2988	49
3000	49
3000	49
3011	49
3011	49
3011	49
3023	49
3023	49
3035	49
3035	49
3046	49
3046	49
3058	49
3058	49
3058	49
3070	49
3070	49
3082	49
3082	49
3093	49
3093	49
3093	49
3105	49
3105	49
3117	49
3117	49
3128	49
3128	49
3128	49
3140	49
3140	49
3152	49
3152	49
3164	49
3164	49
3164	49
3175	49
3175	49
3187	49
3187	49
3199	49
3199	49
3199	49
3210	49
3210	49
3222	50
3222	50
3234	50
3234	50
3246	50
3246	50
3257	50
3257	50
3257	50
3269	50
3269	50
3281	50
3281	50
3292	50
3292	50
3304	50
3304	50
3304	50
3316	50
3316	50
3328	50
3328	50
3339	50
3339	50
3339	50
3351	50
3351	50
3363	50
3363	50
3375	50
3375	50
3386	50
3386	50
3398	50
3398	50
3398	50
3410	50
3410	50
3421	50
3421	50
3433	50
3433	50
3445	50
3445	50
3457	50
3457	50
3468	50
3468	50
3480	50
3480	50
3492	51
3492	51
3503	51
3503	51
3515	51
3515	51
3527	51
3527	51
3539	51
3539	51
3550	51
3550	51
3562	51
3562	51
3574	51
3585	51
3585	51
3585	51
3597	51
3597	51
3609	51
3609	51
3621	51
3621	51
3632	51
3632	51
3644	51
3644	51
3656	51
3656	51
3667	51
3667	51
3679	51
3679	51
3691	51
3691	51
3691	51
3703	51
3703	51
3714	51
3714	51
3726	51
3726	51
3738	51
3738	51
3738	51
3750	51
3750	51
3761	51
3761	51
3773	52
3773	52
3785	52
3785	52
3796	52
3796	52
3808	52
3808	52
3820	52
3820	52
3832	52
3832	52
3843	52
3843	52
3855	52
3855	52
3867	52
3867	52
3867	52
3878	52
3878	52
3890	52
3890	52
3902	52
3902	52
3914	52
3914	52
3925	52
3925	52
3937	52
3937	52
3949	52
3949	52
3960	52
3960	52
3972	52
3972	52
3984	52
3984	52
3996	52
3996	52
4007	52
4007	52
4019	52
4019	52
4031	52
4031	52
4042	52
4042	52
4054	52
4054	53
4066	53
4066	53
4078	53
4078	53
4089	53
4089	53
4101	53
4101	53
4113	53
4113	53
4125	53
4125	53
4136	53
4136	53
4148	53
4148	53
4160	53
4160	53
4171	53
4171	53
4183	53
4183	53
4195	53
4195	53
4207	53
4207	53
4218	53
4230	53
4230	53
4242	53
4242	53
4253	53
4265	53
4265	53
4277	53
4277	53
4289	53
4300	53
4300	53
4312	53
4312	53
4324	53
4335	53
4335	53
4347	53
4347	53
4359	53
4359	53
4371	53
4371	54
4382	54
4382	54
4394	54
4394	54
4406	54
4406	54
4417	54
4429	54
4429	54
4441	54
4441	54
4453	54
4453	54
4464	54
4464	54
4476	54
4476	54
4488	54
4488	54
4500	54
4500	54
4511	54
4511	54
4523	54
4523	54
4535	54
4535	54
4546	54
4558	54
4558	54
4570	54
4570	54
4582	54
4582	54
4593	54
4593	54
4605	54
4605	54
4617	54
4617	54
4628	54
4640	54
4640	54
4652	54
4652	54
4664	54
4664	54
4675	54
4675	54
4687	55
4699	55
4699	55
4710	55
4710	55
4722	55
4722	55
4734	55
4734	55
4746	55
4757	55
4757	55
4769	55
4769	55
4781	55
4792	55
4792	55
4804	55
4804	55
4816	55
4816	55
4828	55
4828	55
4839	55
4851	55
4851	55
4863	55
4863	55
4875	55
4875	55
4886	55
4898	55
4898	55
4910	55
4910	55
4921	55
4921	55
4933	55
4945	55
4945	55
4957	55
4957	55
4968	55
4980	55
4980	55
4992	55
5003	55
5003	55
5015	55
5027	55
5027	56
5039	56
5050	56
5050	56
5062	56
5074	56
5074	56
5085	56
5097	56
5097	56
5109	56
5109	56
5121	56
5121	56
5132	56
5144	56
5144	56
5156	56
5156	56
5167	56
5179	56
5179	56
5191	56
5191	56
5203	56
5203	56
5214	56
5226	56
5226	56
5238	56
5238	56
5250	56
5250	56
5261	56
5273	56
5273	56
5285	56
5285	56
5296	56
5308	56
5308	56
5320	56
5320	56
5332	56
5343	56
5343	56
5355	56
5355	56
5367	56
5378	56
5378	57
5390	57
5390	57
5402	57
5402	57
5414	57
5425	57
5425	57
5437	57
5437	57
5449	57
5460	57
5460	57
5472	57
5484	57
5484	57
5496	57
5496	57
5507	57
5519	57
5519	57
5531	57
5542	57
5542	57
5554	57
5554	57
5566	57
5566	57
5578	57
5589	57
5589	57
5601	57
5601	57
5613	57
5625	57
5625	57
5636	57
5636	57
5648	57
5660	57
5660	57
5671	57
5671	57
5683	57
5695	57
5695	57
5707	57
5718	57
5718	57
5730	57
5742	58
5742	58
5753	58
5765	58
5777	58
5777	58
5789	58
5800	58
5800	58
5812	58
5824	58
5835	58
5835	58
5847	58
5859	58
5859	58
5871	58
5871	58
5882	58
5894	58
5894	58
5906	58
5917	58
5917	58
5929	58
5941	58
5941	58
5953	58
5964	58
5964	58
5976	58
5988	58
5988	58
6000	58
6000	58
6011	58
6023	58
6023	58
6035	58
6046	58
6046	58
6058	58
6070	58
6070	58
6082	58
6093	58
6093	58
6105	58
6117	58
6117	58
6128	59
6140	59
6140	59
6152	59
6164	59
6164	59
6175	59
6187	59
6187	59
6199	59
6210	59
6210	59
6222	59
6234	59
6246	59
6246	59
6257	59
6269	59
6269	59
6281	59
6292	59
6292	59
6304	59
6304	59
6316	59
6328	59
6328	59
6339	59
6351	59
6351	59
6363	59
6375	59
6375	59
6386	59
6386	59
6398	59
6410	59
6410	59
6421	59
6433	59
6433	59
6445	59
6457	59
6468	59
6468	59
6480	59
6492	59
6492	59
6503	59
6515	59
6527	60
6527	60
6539	60
6550	60
6562	60
6562	60
6574	60
6585	60
6585	60
6597	60
6609	60
6609	60
6621	60
6632	60
6632	60
6644	60
6656	60
6667	60
6667	60
6679	60
6691	60
6691	60
6703	60
6714	60
6714	60
6726	60
6738	60
6750	60
6750	60
6761	60
6773	60
6773	60
6785	60
6796	60
6796	60
6808	60
6820	60
6820	60
6832	60
6843	60
6855	60
6855	60
6867	60
6878	60
6890	60
6890	60
6902	60
6914	60
6925	60
6925	60
6937	61
6949	61
6949	61
6960	61
6972	61
6984	61
6984	61
6996	61
7007	61
7007	61
7019	61
7031	61
7042	61
7042	61
7054	61
7066	61
7066	61
7078	61
7089	61
7089	61
7101	61
7113	61
7113	61
7125	61
7136	61
7136	61
7148	61
7160	61
7171	61
7171	61
7183	61
7195	61
7195	61
7207	61
7218	61
7230	61
7230	61
7242	61
7253	61
7265	61
7277	61
7277	61
7289	61
7300	61
7312	61
7324	61
7324	61
7335	61
7347	61
7359	61
7359	62
7371	62
7382	62
7394	62
7394	62
7406	62
7417	62
7429	62
7429	62
7441	62
7453	62
7464	62
7476	62
7488	62
7500	62
7500	62
7511	62
7523	62
7523	62
7535	62
7546	62
7558	62
7558	62
7570	62
7582	62
7593	62
7593	62
7605	62
7617	62
7628	62
7640	62
7640	62
7652	62
7664	62
7675	62
7687	62
7687	62
7699	62
7710	62
7722	62
7722	62
7734	62
7746	62
7757	62
7757	62
7769	62
7781	62
7792	62
7792	62
7804	62
7816	63
7816	63
7828	63
7839	63
7839	63
7851	63
7863	63
7863	63
7875	63
7886	63
7886	63
7898	63
7910	63
7921	63
7921	63
7933	63
7945	63
7957	63
7957	63
7968	63
7980	63
7992	63
7992	63
8003	63
8015	63
8027	63
8027	63
8039	63
8050	63
8062	63
8062	63
8074	63
8085	63
8097	63
8109	63
8109	63
8121	63
8132	63
8144	63
8144	63
8156	63
8167	63
8179	63
8179	63
8191	63
8203	63
8214	63
8226	63
8238	63
8250	63
8250	64
8261	64
8273	64
8285	64
8285	64
8296	64
8308	64
8320	64
8320	64
8332	64
8343	64
8355	64
8367	64
8378	64
8390	64
8402	64
8414	64
8425	64
8437	64
8437	64
8449	64
8460	64
8472	64
8484	64
8496	64
8496	64
8507	64
8519	64
8531	64
8531	64
8542	64
8554	64
8566	64
8578	64
8578	64
8589	64
8601	64
8613	64
8625	64
8625	64
8636	64
8648	64
8660	64
8660	64
8671	64
8683	64
8695	64
8707	64
8707	64
8718	64
8730	65
8742	65
8742	65
8753	65
8765	65
8777	65
8789	65
8789	65
8800	65
8812	65
8824	65
8835	65
8835	65
8847	65
8859	65
8871	65
8882	65
8894	65
8894	65
8906	65
8917	65
8929	65
8929	65
8941	65
8953	65
8964	65
8976	65
8976	65
8988	65
9000	65
9011	65
9023	65
9023	65
9035	65
9046	65
9058	65
9070	65
9070	65
9082	65
9093	65
9105	65
9117	65
9128	65
9140	65
9152	65
9164	65
9175	65
9187	65
9199	65
9210	65
9222	66
9222	66
9234	66
9246	66
9257	66
9269	66
9269	66
9281	66
9292	66
9304	66
9316	66
9328	66
9328	66
9339	66
9351	66
9363	66
9375	66
9375	66
9386	66
9398	66
9410	66
9421	66
9433	66
9433	66
9445	66
9457	66
9468	66
9480	66
9480	66
9492	66
9503	66
9515	66
9527	66
9539	66
9539	66
9550	66
9562	66
9574	66
9585	66
9585	66
9597	66
9609	66
9621	66
9632	66
9644	66
9656	66
9656	66
9667	66
9679	66
9691	66
9703	67
9714	67
9726	67
9726	67
9738	67
9750	67
9761	67
9773	67
9785	67
9785	67
9796	67
9808	67
9820	67
9832	67
9843	67
9855	67
9867	67
9878	67
9890	67
9902	67
9914	67
9925	67
9937	67
9949	67
9960	67
9972	67
9984	67
9996	67
9996	67
10007	67
10019	67
10031	67
10042	67
10054	67
10054	67
10066	67
10078	67
10089	67
10101	67
10113	67
10125	67
10125	67
10136	67
10148	67
10160	67
10171	67
10183	67
10183	67
10195	67
10207	67
10218	68
10230	68
10242	68
10242	68
10253	68
10265	68
10277	68
10277	68
10289	68
10300	68
10312	68
10324	68
10324	68
10335	68
10347	68
10359	68
10371	68
10382	68
10394	68
10406	68
10406	68
10417	68
10429	68
10441	68
10441	68
10453	68
10464	68
10476	68
10488	68
10500	68
10500	68
10511	68
10523	68
10535	68
10546	68
10558	68
10558	68
10570	68
10582	68
10593	68
10605	68
10617	68
10628	68
10640	68
10664	68
10675	68
10687	68
10699	68
10710	68
10722	68
10734	69
10734	69
10746	69
10757	69
10769	69
10781	69
10792	69
10804	69
10816	69
10828	69
10839	69
10851	69
10863	69
10875	69
10886	69
10886	69
10898	69
10910	69
10921	69
10933	69
10945	69
10957	69
10968	69
10968	69
10980	69
10992	69
11003	69
11015	69
11027	69
11039	69
11039	69
11050	69
11062	69
11074	69
11085	69
11097	69
11109	69
11109	69
11121	69
11132	69
11144	69
11156	69
11167	69
11179	69
11179	69
11191	69
11203	69
11214	69
11214	69
11226	69
11238	70
11250	70
11250	70
11261	70
11273	70
11285	70
11296	70
11308	70
11320	70
11332	70
11343	70
11343	70
11355	70
11367	70
11378	70
11390	70
11402	70
11414	70
11425	70
11437	70
11449	70
11460	70
11472	70
11484	70
11496	70
11507	70
11519	70
11519	70
11531	70
11542	70
11554	70
11566	70
11578	70
11589	70
11601	70
11613	70
11625	70
11636	70
11648	70
11660	70
11671	70
11671	70
11683	70
11695	70
11707	70
11718	70
11730	70
11742	70
11753	70
11765	70
11777	71
11789	71
11800	71
11812	71
11824	71
11824	71
11835	71
11847	71
11859	71
11871	71
11882	71
11894	71
11906	71
11917	71
11929	71
11941	71
11941	71
11953	71
11964	71
11976	71
11988	71
12000	71
12011	71
12011	71
12023	71
12035	71
12046	71
12058	71
12070	71
12082	71
12093	71
12105	71
12117	71
12128	71
12140	71
12152	71
12164	71
12175	71
12187	71
12199	71
12210	71
12222	71
12234	71
12246	71
12257	71
12257	71
12269	71
12281	71
12292	71
12304	71
12316	72
12328	72
12339	72
12351	72
12363	72
12375	72
12386	72
12386	72
12398	72
12410	72
12421	72
12433	72
12445	72
12457	72
12468	72
12480	72
12492	72
12503	72
12515	72
12527	72
12539	72
12539	72
12550	72
12562	72
12574	72
12585	72
12597	72
12609	72
12621	72
12632	72
12644	72
12656	72
12667	72
12679	72
12679	72
12691	72
12703	72
12714	72
12714	72
12726	72
12738	72
12750	72
12761	72
12773	72
12785	72
12796	72
12808	72
12820	72
12832	72
12832	72
12843	73
12855	73
12867	73
12878	73
12890	73
12902	73
12914	73
12937	73
12949	73
12960	73
12972	73
12984	73
12984	73
12996	73
13007	73
13019	73
13031	73
13042	73
13054	73
13078	73
13089	73
13101	73
13113	73
13125	73
13136	73
13148	73
13160	73
13171	73
13183	73
13195	73
13207	73
13218	73
13230	73
13242	73
13253	73
13265	73
13277	73
13289	73
13300	73
13312	73
13324	73
13335	73
13347	73
13359	73
13371	73
13382	73
13394	73
13406	73
13417	73
13429	73
13441	74
13453	74
13464	74
13476	74
13488	74
13500	74
13511	74
13511	74
13523	74
13535	74
13546	74
13558	74
13570	74
13582	74
13593	74
13605	74
13617	74
13628	74
13640	74
13652	74
13664	74
13675	74
13687	74
13699	74
13710	74
13722	74
13734	74
13746	74
13757	74
13769	74
13781	74
13792	74
13804	74
13816	74
13828	74
13839	74
13851	74
13863	74
13875	74
13886	74
13898	74
13910	74
13921	74
13933	74
13945	74
13957	74
13968	74
13980	74
13992	74
14003	74
14015	75
14027	75
14039	75
14050	75
14062	75
14074	75
14085	75
14109	75
14109	75
14132	75
14144	75
14156	75
14167	75
14167	75
14179	75
14191	75
14203	75
14214	75
14226	75
14238	75
14250	75
14261	75
14273	75
14285	75
14296	75
14308	75
14320	75
14332	75
14343	75
14355	75
14367	75
14367	75
14378	75
14390	75
14402	75
14414	75
14425	75
14437	75
14449	75
14460	75
14484	75
14496	75
14507	75
14519	75
14531	75
14542	75
14554	75
14566	75
14578	75
14578	75
14589	76
14601	76
14625	76
14625	76
14636	76
14648	76
14660	76
14671	76
14683	76
14695	76
14718	76
14730	76
14742	76
14753	76
14765	76
14777	76
14789	76
14800	76
14812	76
14824	76
14847	76
14859	76
14871	76
14882	76
14894	76
14906	76
14917	76
14929	76
14941	76
14953	76
14964	76
14964	76
14976	76
14988	76
15000	76
15011	76
15023	76
15035	76
15046	76
15058	76
15070	76
15082	76
15093	76
15105	76
15117	76
15128	76
15140	76
15152	76
15164	76
15175	76
15187	77
15199	77
15210	77
15222	77
15234	77
15257	77
15269	77
15281	77
15292	77
15304	77
15316	77
15328	77
15339	77
15351	77
15363	77
15375	77
15386	77
15398	77
15410	77
15421	77
15433	77
15445	77
15457	77
15468	77
15480	77
15492	77
15503	77
15527	77
15539	77
15550	77
15562	77
15574	77
15585	77
15597	77
15609	77
15621	77
15632	77
15656	77
15667	77
15679	77
15691	77
15703	77
15714	77
15726	77
15726	77
15738	77
15750	77
15761	77
15773	77
15796	77
15808	78
15820	78
15832	78
15843	78
15855	78
15867	78
15878	78
15890	78
15902	78
15914	78
15925	78
15937	78
15949	78
15960	78
15972	78
15984	78
15996	78
16007	78
16019	78
16031	78
16042	78
16054	78
16066	78
16078	78
16101	78
16113	78
16125	78
16136	78
16148	78
16160	78
16171	78
16183	78
16195	78
16207	78
16218	78
16230	78
16253	78
16265	78
16277	78
16289	78
16312	78
16324	78
16335	78
16347	78
16359	78
16371	78
16382	78
16394	78
16406	78
16417	78
16429	79
16453	79
16464	79
16476	79
16488	79
16500	79
16511	79
16523	79
16535	79
16546	79
16558	79
16570	79
16582	79
16593	79
16605	79
16617	79
16628	79
16640	79
16652	79
16675	79
16687	79
16699	79
16710	79
16722	79
16734	79
16746	79
16757	79
16769	79
16781	79
16792	79
16816	79
16828	79
16839	79
16851	79
16863	79
16875	79
16886	79
16898	79
16910	79
16921	79
16933	79
16957	79
16968	79
16980	79
16992	79
17015	79
17027	79
17039	79
17050	79
17074	79
17085	80
17097	80
17109	80
17121	80
17132	80
17144	80
17156	80
17167	80
17191	80
17203	80
17214	80
17226	80
17238	80
17250	80
17261	80
17273	80
17285	80
17296	80
17308	80
17320	80
17332	80
17343	80
17367	80
17378	80
17390	80
17402	80
17414	80
17425	80
17437	80
17449	80
17460	80
17472	80
17484	80
17507	80
17519	80
17531	80
17542	80
17554	80
17566	80
17578	80
17589	80
17601	80
17613	80
17625	80
17636	80
17660	80
17671	80
17683	80
17695	80
17707	80
17718	81
17730	81
17753	81
17765	81
17777	81
17789	81
17812	81
17824	81
17835	81
17847	81
17859	81
17882	81
17894	81
17906	81
17917	81
17929	81
17941	81
17953	81
17976	81
17988	81
18000	81
18011	81
18023	81
18035	81
18046	81
18070	81
18082	81
18093	81
18105	81
18117	81
18128	81
18152	81
18164	81
18175	81
18187	81
18199	81
18210	81
18234	81
18246	81
18257	81
18269	81
18281	81
18292	81
18304	81
18328	81
18339	81
18351	81
18363	81
18375	81
18386	81
18398	82
18410	82
18421	82
18445	82
18457	82
18468	82
18480	82
18492	82
18515	82
18527	82
18539	82
18550	82
18574	82
18585	82
18597	82
18609	82
18621	82
18644	82
18656	82
18667	82
18679	82
18691	82
18703	82
18726	82
18738	82
18750	82
18761	82
18773	82
18785	82
18808	82
18820	82
18832	82
18843	82
18855	82
18878	82
18890	82
18902	82
18914	82
18937	82
18949	82
18960	82
18972	82
18996	82
19007	82
19019	82
19031	82
19042	82
19054	82
19066	82
19089	82
19101	83
19113	83
19125	83
19136	83
19148	83
19160	83
19183	83
19195	83
19207	83
19218	83
19230	83
19253	83
19265	83
19277	83
19300	83
19312	83
19324	83
19347	83
19359	83
19371	83
19382	83
19394	83
19417	83
19429	83
19441	83
19464	83
19476	83
19488	83
19511	83
19523	83
19535	83
19546	83
19558	83
19582	83
19593	83
19605	83
19617	83
19640	83
19652	83
19664	83
19687	83
19699	83
19710	83
19722	83
19746	83
19757	83
19769	83
19781	83
19792	83
19804	83
19828	84
19839	84
19851	84
19863	84
19875	84
19886	84
19898	84
19910	84
19921	84
19945	84
19957	84
19968	84
19980	84
19992	84
20015	84
20027	84
20039	84
20050	84
20062	84
20085	84
20097	84
20109	84
20121	84
20144	84
20156	84
20167	84
20179	84
20203	84
20214	84
20226	84
20250	84
20261	84
20273	84
20285	84
20296	84
20320	84
20332	84
20343	84
20367	84
20378	84
20402	84
20414	84
20437	84
20449	84
20460	84
20484	84
20496	84
20507	84
20519	84
20531	84
20554	85
20566	85
20578	85
20601	85
20613	85
20625	85
20636	85
20648	85
20671	85
20683	85
20695	85
20707	85
20730	85
20742	85
20753	85
20765	85
20777	85
20800	85
20812	85
20824	85
20835	85
20859	85
20871	85
20882	85
20906	85
20917	85
20929	85
20941	85
20953	85
20976	85
20988	85
21000	85
21011	85
21035	85
21046	85
21058	85
21070	85
21093	85
21105	85
21128	85
21140	85
21164	85
21175	85
21199	85
21210	85
21222	85
21246	85
21257	85
21269	85
21281	85
21304	86
21316	86
21328	86
21351	86
21363	86
21375	86
21386	86
21398	86
21421	86
21433	86
21445	86
21468	86
21480	86
21492	86
21503	86
21527	86
21539	86
21550	86
21562	86
21585	86
21597	86
21609	86
21632	86
21644	86
21656	86
21667	86
21691	86
21703	86
21714	86
21738	86
21750	86
21773	86
21785	86
21796	86
21808	86
21832	86
21843	86
21855	86
21878	86
21902	86
21914	86
21937	86
21949	86
21972	86
21984	86
21996	86
22019	86
22031	86
22042	86
22066	86
22078	87
22089	87
22113	87
22125	87
22136	87
22148	87
22171	87
22183	87
22195	87
22218	87
22230	87
22242	87
22253	87
22265	87
22289	87
22300	87
22312	87
22324	87
22347	87
22359	87
22371	87
22394	87
22406	87
22417	87
22429	87
22441	87
22464	87
22476	87
22488	87
22500	87
22523	87
22535	87
22546	87
22570	87
22582	87
22593	87
22617	87
22640	87
22652	87
22675	87
22699	87
22710	87
22722	87
22746	87
22757	87
22769	87
22792	87
22804	87
22828	87
22839	87
22863	88
22875	88
22886	88
22910	88
22921	88
22933	88
22957	88
22968	88
22980	88
23003	88
23015	88
23027	88
23050	88
23062	88
23074	88
23097	88
23109	88
23121	88
23144	88
23156	88
23167	88
23179	88
23191	88
23214	88
23226	88
23238	88
23250	88
23261	88
23285	88
23296	88
23308	88
23332	88
23343	88
23367	88
23378	88
23390	88
23414	88
23425	88
23449	88
23460	88
23484	88
23496	88
23507	88
23531	88
23542	88
23554	88
23578	88
23589	88
23613	88
23625	88
23648	89
23660	89
23671	89
23695	89
23707	89
23718	89
23742	89
23753	89
23765	89
23789	89
23800	89
23824	89
23835	89
23847	89
23871	89
23882	89
23894	89
23917	89
23929	89
23941	89
23953	89
23976	89
23988	89
24000	89
24023	89
24035	89
24046	89
24070	89
24082	89
24093	89
24117	89
24128	89
24152	89
24164	89
24187	89
24199	89
24222	89
24234	89
24246	89
24269	89
24281	89
24292	89
24316	89
24328	89
24339	89
24363	89
24375	89
24386	89
24398	89
24421	89
24433	90
24457	90
24468	90
24480	90
24503	90
24515	90
24527	90
24550	90
24562	90
24574	90
24597	90
24609	90
24621	90
24644	90
24656	90
24667	90
24679	90
24703	90
24714	90
24726	90
24738	90
24750	90
24761	90
24785	90
24796	90
24808	90
24832	90
24843	90
24855	90
24878	90
24890	90
24914	90
24925	90
24949	90
24960	90
24984	90
24996	90
25007	90
25031	90
25042	90
25054	90
25078	90
25101	90
25113	90
25136	90
25148	90
25160	90
25183	90
25195	90
25207	90
25230	91
25242	91
25265	91
25277	91
25300	91
25312	91
25335	91
25347	91
25371	91
25382	91
25394	91
25417	91
25429	91
25441	91
25453	91
25476	91
25488	91
25500	91
25523	91
25535	91
25546	91
25570	91
25582	91
25593	91
25617	91
25628	91
25652	91
25664	91
25675	91
25699	91
25710	91
25734	91
25746	91
25757	91
25781	91
25792	91
25804	91
25828	91
25839	91
25851	91
25875	91
25886	91
25898	91
25921	91
25933	91
25945	91
25968	91
25980	91
26003	91
26015	91
26039	92
26050	92
26062	92
26085	92
26097	92
26121	92
26132	92
26144	92
26167	92
26179	92
26191	92
26203	92
26214	92
26238	92
26250	92
26261	92
26285	92
26296	92
26308	92
26332	92
26343	92
26355	92
26378	92
26390	92
26402	92
26425	92
26437	92
26449	92
26472	92
26484	92
26507	92
26519	92
26531	92
26554	92
26566	92
26578	92
26601	92
26613	92
26636	92
26648	92
26660	92
26683	92
26695	92
26707	92
26730	92
26742	92
26765	92
26777	92
26800	92
26812	92
26835	93
26847	93
26871	93
26882	93
26894	93
26917	93
26929	93
26941	93
26964	93
26976	93
26988	93
27000	93
27023	93
27035	93
27058	93
27070	93
27082	93
27105	93
27117	93
27128	93
27152	93
27164	93
27175	93
27199	93
27210	93
27222	93
27246	93
27257	93
27281	93
27292	93
27304	93
27316	93
27339	93
27351	93
27375	93
27386	93
27398	93
27421	93
27433	93
27445	93
27468	93
27480	93
27503	93
27515	93
27539	93
27562	93
27574	93
27597	93
27609	93
27621	93
27644	94
27656	94
27667	94
27691	94
27703	94
27714	94
27738	94
27750	94
27761	94
27785	94
27796	94
27808	94
27832	94
27843	94
27867	94
27878	94
27890	94
27902	94
27925	94
27937	94
27949	94
27972	94
27984	94
28007	94
28019	94
28042	94
28054	94
28066	94
28078	94
28101	94
28113	94
28136	94
28148	94
28160	94
28183	94
28195	94
28218	94
28230	94
28253	94
28265	94
28289	94
28312	94
28324	94
28347	94
28359	94
28371	94
28394	94
28406	94
28429	94
28441	94
28453	95
28476	95
28488	95
28500	95
28523	95
28535	95
28546	95
28570	95
28582	95
28605	95
28617	95
28628	95
28652	95
28664	95
28675	95
28699	95
28710	95
28734	95
28746	95
28769	95
28781	95
28792	95
28816	95
28828	95
28851	95
28863	95
28875	95
28898	95
28910	95
28933	95
28945	95
28968	95
28980	95
29003	95
29015	95
29039	95
29062	95
29074	95
29097	95
29109	95
29121	95
29144	95
29156	95
29179	95
29191	95
29203	95
29226	95
29238	95
29250	95
29273	95
29285	96
29308	96
29320	96
29332	96
29355	96
29367	96
29378	96
29402	96
29414	96
29437	96
29449	96
29460	96
29484	96
29496	96
29519	96
29531	96
29542	96
29566	96
29578	96
29589	96
29613	96
29625	96
29648	96
29660	96
29671	96
29695	96
29707	96
29730	96
29742	96
29765	96
29789	96
29800	96
29824	96
29835	96
29859	96
29871	96
29882	96
29906	96
29917	96
29941	96
29953	96
29976	96
29988	96
30011	96
30023	96
30046	96
30058	96
30070	96
30093	96
30105	96
30128	97
30140	97
30164	97
30175	97
30199	97
30210	97
30234	97
30246	97
30269	97
30281	97
30304	97
30316	97
30328	97
30351	97
30363	97
30375	97
30398	97
30410	97
30433	97
30445	97
30468	97
30480	97
30503	97
30515	97
30539	97
30550	97
30574	97
30597	97
30609	97
30621	97
30644	97
30656	97
30679	97
30691	97
30714	97
30726	97
30750	97
30761	97
30785	97
30796	97
30808	97
30832	97
30843	97
30867	97
30890	97
30902	97
30925	97
30937	97
30960	97
30972	97
30996	98
31007	98
31031	98
31042	98
31066	98
31078	98
31089	98
31113	98
31125	98
31148	98
31160	98
31183	98
31195	98
31218	98
31230	98
31253	98
31265	98
31289	98
31312	98
31324	98
31347	98
31359	98
31382	98
31394	98
31417	98
31429	98
31453	98
31476	98
31500	98
31511	98
31523	98
31546	98
31558	98
31582	98
31605	98
31617	98
31640	98
31652	98
31675	98
31699	98
31710	98
31734	98
31746	98
31769	98
31781	98
31804	98
31816	98
31828	98
31839	98
31863	98
31875	99
31886	99
31910	99
31921	99
31945	99
31957	99
31980	99
31992	99
32015	99
32027	99
32050	99
32062	99
32085	99
32097	99
32121	99
32132	99
32156	99
32167	99
32191	99
32214	99
32226	99
32250	99
32261	99
32285	99
32296	99
32320	99
32332	99
32355	99
32378	99
32402	99
32425	99
32437	99
32460	99
32484	99
32496	99
32507	99
32531	99
32554	99
32566	99
32589	99
32601	99
32625	99
32636	99
32660	99
32671	99
32695	99
32707	99
32730	99
32742	99
32765	99
32777	100
32800	100
32812	100
32835	100
32847	100
32871	100
32894	100
32906	100
32917	100
32941	100
32953	100
32976	100
33000	100
33011	100
33023	100
33046	100
33058	100
33082	100
33105	100
33128	100
33140	100
33164	100
33187	100
33210	100
33222	100
33246	100
33257	100
33281	100
33292	100
33316	100
33339	100
33351	100
33375	100
33386	100
33410	100
33421	100
33445	100
33457	100
33480	100
33492	100
33515	100
33527	100
33550	100
33562	100
33585	100
33609	100
33621	100
33644	100
33656	100
33679	100
33691	101
33714	101
33738	101
33750	101
33773	101
33785	101
33808	101
33820	101
33843	101
33867	101
33890	101
33914	101
33937	101
33960	101
33972	101
33996	101
34007	101
34031	101
34042	101
34066	101
34089	101
34101	101
34125	101
34136	101
34160	101
34171	101
34195	101
34218	101
34230	101
34242	101
34265	101
34277	101
34300	101
34312	101
34335	101
34347	101
34371	101
34394	101
34406	101
34429	101
34441	101
34453	101
34476	101
34488	101
34511	101
34523	101
34546	101
34558	101
34582	101
34605	101
34628	102
34652	102
34675	102
34699	102
34710	102
34734	102
34757	102
34769	102
34792	102
34804	102
34828	102
34851	102
34875	102
34886	102
34910	102
34921	102
34945	102
34968	102
34980	102
35003	102
35015	102
35039	102
35050	102
35074	102
35085	102
35109	102
35132	102
35144	102
35167	102
35179	102
35203	102
35214	102
35226	102
35250	102
35261	102
35285	102
35296	102
35320	102
35343	102
35355	102
35378	102
35402	102
35414	102
35437	102
35460	102
35484	102
35496	102
35519	102
35531	102
35554	102
35578	103
35601	103
35613	103
35636	103
35648	103
35671	103
35695	103
35707	103
35730	103
35753	103
35765	103
35789	103
35812	103
35824	103
35847	103
35859	103
35882	103
35906	103
35917	103
35941	103
35953	103
35976	103
35988	103
36011	103
36023	103
36046	103
36070	103
36082	103
36105	103
36128	103
36140	103
36164	103
36187	103
36210	103
36222	103
36246	103
36269	103
36281	103
36304	103
36328	103
36339	103
36363	103
36375	103
36398	103
36410	103
36433	103
36457	103
36468	103
36492	103
36515	103
36527	104
36550	104
36562	104
36585	104
36609	104
36621	104
36644	104
36667	104
36679	104
36703	104
36714	104
36726	104
36750	104
36761	104
36785	104
36796	104
36820	104
36843	104
36855	104
36878	104
36902	104
36925	104
36937	104
36960	104
36984	104
37007	104
37019	104
37042	104
37066	104
37089	104
37113	104
37125	104
37148	104
37171	104
37183	104
37207	104
37230	104
37253	104
37265	104
37289	104
37312	104
37335	104
37359	104
37371	104
37394	104
37417	104
37429	104
37453	104
37464	104
37488	104
37500	105
37523	105
37546	105
37558	105
37582	105
37605	105
37617	105
37640	105
37664	105
37675	105
37699	105
37722	105
37746	105
37757	105
37781	105
37804	105
37816	105
37839	105
37863	105
37875	105
37898	105
37910	105
37933	105
37957	105
37980	105
37992	105
38015	105
38039	105
38062	105
38074	105
38097	105
38121	105
38144	105
38156	105
38179	105
38191	105
38214	105
38226	105
38250	105
38261	105
38285	105
38308	105
38332	105
38343	105
38367	105
38390	105
38402	105
38425	105
38449	105
38460	105
38484	106
38507	106
38519	106
38542	106
38566	106
38578	106
38601	106
38625	106
38636	106
38660	106
38683	106
38695	106
38718	106
38742	106
38765	106
38789	106
38812	106
38824	106
38847	106
38871	106
38882	106
38906	106
38929	106
38941	106
38964	106
38976	106
39000	106
39023	106
39035	106
39058	106
39082	106
39093	106
39117	106
39140	106
39152	106
39175	106
39187	106
39210	106
39234	106
39257	106
39269	106
39292	106
39316	106
39328	106
39351	106
39375	106
39386	106
39410	106
39421	106
39445	106
39468	107
39492	107
39515	107
39539	107
39562	107
39585	107
39597	107
39621	107
39644	107
39656	107
39679	107
39703	107
39714	107
39738	107
39750	107
39773	107
39796	107
39820	107
39832	107
39855	107
39867	107
39890	107
39914	107
39925	107
39949	107
39972	107
39984	107
40007	107
40031	107
40054	107
40066	107
40089	107
40101	107
40125	107
40148	107
40160	107
40183	107
40207	107
40230	107
40253	107
40277	107
40300	107
40324	107
40335	107
40359	107
40382	107
40394	107
40417	107
40441	107
40453	107
40476	108
40500	108
40511	108
40535	108
40558	108
40570	108
40593	108
40617	108
40628	108
40652	108
40675	108
40687	108
40710	108
40734	108
40757	108
40769	108
40792	108
40816	108
40828	108
40851	108
40875	108
40898	108
40910	108
40933	108
40957	108
40980	108
40992	108
41015	108
41039	108
41062	108
41085	108
41109	108
41132	108
41144	108
41167	108
41191	108
41203	108
41226	108
41250	108
41261	108
41285	108
41308	108
41320	108
41343	108
41367	108
41378	108
41402	108
41425	108
41437	108
41460	108
41484	109
41496	109
41519	109
41542	109
41554	109
41578	109
41601	109
41613	109
41636	109
41660	109
41671	109
41695	109
41718	109
41742	109
41753	109
41777	109
41800	109
41824	109
41847	109
41871	109
41882	109
41906	109
41929	109
41953	109
41964	109
41988	109
42011	109
42023	109
42046	109
42070	109
42093	109
42105	109
42128	109
42152	109
42175	109
42187	109
42210	109
42234	109
42257	109
42269	109
42292	109
42316	109
42328	109
42351	109
42375	109
42386	109
42410	109
42433	109
42457	109
42468	109
42492	110
42515	110
42539	110
42562	110
42585	110
42597	110
42621	110
42644	110
42667	110
42679	110
42703	110
42726	110
42750	110
42761	110
42785	110
42808	110
42832	110
42843	110
42867	110
42890	110
42914	110
42937	110
42949	110
42972	110
42996	110
43019	110
43031	110
43054	110
43078	110
43089	110
43113	110
43136	110
43148	110
43171	110
43195	110
43218	110
43242	110
43253	110
43277	110
43300	110
43324	110
43347	110
43371	110
43394	110
43406	110
43429	110
43453	110
43476	110
43500	110
43523	110
43546	111
43558	111
43582	111
43605	111
43628	111
43652	111
43675	111
43699	111
43710	111
43734	111
43757	111
43781	111
43792	111
43816	111
43828	111
43851	111
43875	111
43886	111
43910	111
43933	111
43957	111
43968	111
43992	111
44015	111
44027	111
44050	111
44074	111
44097	111
44121	111
44144	111
44156	111
44179	111
44203	111
44226	111
44250	111
44273	111
44285	111
44308	111
44332	111
44355	111
44378	111
44402	111
44437	111
44449	111
44472	111
44496	111
44519	111
44542	111
44554	111
44578	111
44601	112
44625	112
44648	112
44660	112
44683	112
44707	112
44730	112
44742	112
44765	112
44789	112
44812	112
44824	112
44847	112
44871	112
44894	112
44917	112
44929	112
44953	112
44976	112
45000	112
45023	112
45035	112
45058	112
45082	112
45105	112
45128	112
45152	112
45175	112
45199	112
45222	112
45246	112
45269	112
45292	112
45304	112
45328	112
45351	112
45375	112
45398	112
45421	112
45433	112
45457	112
45480	112
45503	112
45527	112
45539	112
45562	112
45585	112
45609	112
45632	112
45656	112
45667	113
45691	113
45714	113
45738	113
45761	113
45785	113
45796	113
45820	113
45843	113
45867	113
45902	113
45925	113
45949	113
45972	113
45996	113
46019	113
46031	113
46054	113
46078	113
46101	113
46125	113
46136	113
46160	113
46183	113
46207	113
46230	113
46242	113
46265	113
46289	113
46300	113
46324	113
46347	113
46371	113
46394	113
46417	113
46429	113
46453	113
46476	113
46488	113
46511	113
46535	113
46558	113
46582	113
46605	113
46628	113
46652	113
46687	113
46710	113
46734	113
46746	113
46769	114
46792	114
46816	114
46851	114
46875	114
46886	114
46910	114
46933	114
46957	114
46980	114
47003	114
47027	114
47039	114
47062	114
47085	114
47109	114
47132	114
47156	114
47167	114
47191	114
47203	114
47226	114
47250	114
47261	114
47285	114
47308	114
47332	114
47355	114
47378	114
47402	114
47425	114
47449	114
47472	114
47496	114
47519	114
47542	114
47566	114
47589	114
47613	114
47625	114
47648	114
47671	114
47695	114
47718	114
47742	114
47765	114
47789	114
47812	114
47824	114
47847	114
47871	115
47894	115
47917	115
47941	115
47953	115
47976	115
48000	115
48023	115
48046	115
48070	115
48093	115
48105	115
48140	115
48164	115
48187	115
48210	115
48234	115
48257	115
48269	115
48292	115
48316	115
48339	115
48363	115
48386	115
48410	115
48433	115
48457	115
48468	115
48492	115
48515	115
48539	115
48562	115
48585	115
48609	115
48632	115
48656	115
48667	115
48691	115
48714	115
48726	115
48750	115
48773	115
48796	115
48820	115
48832	115
48855	115
48878	115
48902	115
48925	115
48949	115
48972	116
48996	116
49019	116
49042	116
49066	116
49101	116
49125	116
49148	116
49171	116
49183	116
49207	116
49230	116
49265	116
49289	116
49312	116
49335	116
49359	116
49382	116
49406	116
49417	116
49441	116
49464	116
49488	116
49511	116
49523	116
49546	116
49570	116
49593	116
49617	116
49640	116
49664	116
49687	116
49710	116
49734	116
49757	116
49781	116
49804	116
49828	116
49851	116
49875	116
49898	116
49910	116
49933	116
49957	116
49980	116
50003	116
50027	116
50062	116
50085	116
50109	116
50121	117
50144	117
50167	117
50191	117
50214	117
50238	117
50250	117
50273	117
50296	117
50320	117
50343	117
50367	117
50390	117
50414	117
50437	117
50460	117
50484	117
50507	117
50531	117
50554	117
50566	117
50589	117
50613	117
50636	117
50660	117
50683	117
50707	117
50730	117
50753	117
50777	117
50812	117
50835	117
50859	117
50882	117
50894	117
50917	117
50941	117
50964	117
50988	117
51011	117
51023	117
51046	117
51070	117
51093	117
51117	117
51140	117
51164	117
51187	117
51210	117
51234	117
51257	118
51281	118
51304	118
51328	118
51339	118
51363	118
51386	118
51410	118
51433	118
51457	118
51480	118
51503	118
51539	118
51562	118
51585	118
51609	118
51632	118
51656	118
51679	118
51703	118
51726	118
51750	118
51761	118
51785	118
51808	118
51832	118
51855	118
51878	118
51902	118
51925	118
51949	118
51972	118
51996	118
52019	118
52042	118
52066	118
52089	118
52113	118
52136	118
52148	118
52171	118
52195	118
52218	118
52253	118
52277	118
52300	118
52324	118
52359	118
52371	118
52394	118
52417	119
52441	119
52464	119
52488	119
52511	119
52535	119
52558	119
52582	119
52605	119
52628	119
52652	119
52675	119
52687	119
52710	119
52734	119
52757	119
52781	119
52804	119
52828	119
52851	119
52875	119
52898	119
52921	119
52945	119
52968	119
53003	119
53027	119
53050	119
53074	119
53097	119
53121	119
53144	119
53167	119
53191	119
53214	119
53238	119
53261	119
53285	119
53308	119
53332	119
53355	119
53378	119
53402	119
53414	119
53437	119
53460	119
53484	119
53507	119
53531	119
53554	119
53578	120
53601	120
53625	120
53648	120
53671	120
53695	120
53718	120
53742	120
53765	120
53789	120
53824	120
53847	120
53871	120
53894	120
53917	120
53941	120
53964	120
53988	120
54011	120
54035	120
54058	120
54082	120
54105	120
54128	120
54152	120
54175	120
54199	120
54222	120
54246	120
54269	120
54292	120
54316	120
54339	120
54363	120
54386	120
54398	120
54433	120
54457	120
54480	120
54503	120
54527	120
54550	120
54574	120
54597	120
54621	120
54644	120
54667	120
54691	120
54714	120
54738	120
54761	121
54785	121
54808	121
54832	121
54867	121
54890	121
54914	121
54937	121
54960	121
54984	121
55007	121
55031	121
55054	121
55078	121
55101	121
55125	121
55148	121
55171	121
55195	121
55218	121
55242	121
55265	121
55300	121
55324	121
55347	121
55371	121
55394	121
55417	121
55441	121
55476	121
55500	121
55523	121
55546	121
55570	121
55593	121
55617	121
55640	121
55675	121
55699	121
55722	121
55746	121
55769	121
55792	121
55816	121
55828	121
55851	121
55875	121
55898	121
55921	121
55945	121
55968	122
55992	122
56015	122
56039	122
56062	122
56085	122
56109	122
56132	122
56156	122
56179	122
56203	122
56238	122
56261	122
56285	122
56308	122
56332	122
56355	122
56378	122
56414	122
56437	122
56472	122
56496	122
56519	122
56542	122
56566	122
56589	122
56613	122
56636	122
56660	122
56683	122
56707	122
56730	122
56753	122
56777	122
56800	122
56824	122
56847	122
56871	122
56894	122
56917	122
56941	122
56964	122
56988	122
57011	122
57035	122
57058	122
57093	122
57117	122
57140	122
57175	122
57199	123
57222	123
57246	123
57269	123
57304	123
57328	123
57351	123
57375	123
57398	123
57421	123
57445	123
57468	123
57492	123
57515	123
57539	123
57562	123
57585	123
57609	123
57644	123
57667	123
57691	123
57714	123
57738	123
57761	123
57785	123
57808	123
57832	123
57867	123
57890	123
57925	123
57949	123
57984	123
58007	123
58031	123
58054	123
58078	123
58101	123
58125	123
58148	123
58171	123
58195	123
58218	123
58242	123
58265	123
58289	123
58312	123
58335	123
58359	123
58382	123
58406	123
58429	124
58453	124
58476	124
58500	124
58523	124
58546	124
58570	124
58605	124
58628	124
58664	124
58699	124
58722	124
58746	124
58769	124
58792	124
58828	124
58851	124
58875	124
58898	124
58921	124
58957	124
58980	124
59003	124
59027	124
59050	124
59074	124
59097	124
59121	124
59144	124
59167	124
59191	124
59214	124
59226	124
59250	124
59273	124
59296	124
59332	124
59355	124
59378	124
59402	124
59437	124
59460	124
59484	124
59507	124
59531	124
59554	124
59589	124
59613	124
59636	124
59660	124
59683	125
59707	125
59730	125
59765	125
59789	125
59812	125
59835	125
59859	125
59882	125
59917	125
59941	125
59964	125
59988	125
60011	125
60035	125
60058	125
60082	125
60105	125
60140	125
60164	125
60187	125
60210	125
60246	125
60269	125
60292	125
60316	125
60339	125
60363	125
60386	125
60410	125
60433	125
60468	125
60492	125
60515	125
60539	125
60562	125
60585	125
60609	125
60644	125
60667	125
60679	125
60703	125
60726	125
60750	125
60773	125
60796	125
60820	125
60843	125
60867	125
60902	125
60925	126
60949	126
60984	126
61007	126
61031	126
61054	126
61089	126
61113	126
61136	126
61160	126
61195	126
61218	126
61242	126
61277	126
61300	126
61324	126
61347	126
61382	126
61406	126
61429	126
61453	126
61476	126
61500	126
61523	126
61546	126
61570	126
61593	126
61628	126
61652	126
61675	126
61699	126
61734	126
61757	126
61781	126
61804	126
61828	126
61851	126
61875	126
61910	126
61933	126
61957	126
61980	126
62003	126
62039	126
62062	126
62085	126
62109	126
62144	126
62167	126
62191	126
62214	127
62238	127
62261	127
62285	127
62308	127
62332	127
62355	127
62378	127
62414	127
62437	127
62460	127
62484	127
62507	127
62531	127
62566	127
62589	127
62613	127
62636	127
62660	127
62683	127
62707	127
62742	127
62765	127
62800	127
62824	127
62847	127
62871	127
62906	127
62929	127
62953	127
62976	127
63000	127
63023	127
63046	127
63070	127
63093	127
63117	127
63140	127
63175	127
63199	127
63222	127
63246	127
63269	127
63304	127
63328	127
63351	127
63375	127
63398	127
63421	127
63445	127
63480	128
63503	128
63539	128
63562	128
63585	128
63621	128
63644	128
63667	128
63691	128
63714	128
63738	128
63761	128
63785	128
63820	128
63843	128
63867	128
63890	128
63914	128
63937	128
63960	128
63996	128
64019	128
64042	128
64066	128
64089	128
64125	128
64148	128
64171	128
64195	128
64218	128
64253	128
64277	128
64312	128
64335	128
64371	128
64394	128
64417	128
64441	128
64464	128
64488	128
64511	128
64535	128
64570	128
64593	128
64617	128
64640	128
64664	128
64699	128
64722	128
64746	128
64769	129
64792	129
64828	129
64851	129
64875	129
64898	129
64921	129
64957	129
64980	129
65015	129
65039	129
65074	129
65097	129
65121	129
65144	129
65179	129
65203	129
65226	129
65250	129
65273	129
65296	129
65332	129
65355	129
65378	129
65402	129
65425	129
65449	129
65472	129
65507	129
65531	129
65554	129
65578	129
65601	129
65625	129
65660	129
65683	129
65707	129
65730	129
65765	129
65789	129
65824	129
65847	129
65871	129
65906	129
65929	129
65953	129
65976	129
66011	129
66035	129
66058	129
66082	130
66105	130
66140	130
66164	130
66187	130
66222	130
66246	130
66269	130
66292	130
66316	130
66351	130
66375	130
66398	130
66421	130
66445	130
66480	130
66503	130
66527	130
66562	130
66585	130
66609	130
66644	130
66667	130
66691	130
66714	130
66750	130
66773	130
66796	130
66820	130
66855	130
66878	130
66902	130
66937	130
66960	130
66984	130
67019	130
67042	130
67066	130
67089	130
67113	130
67148	130
67171	130
67195	130
67218	130
67253	130
67277	130
67312	130
67335	130
67359	130
67394	130
67417	131
67453	131
67476	131
67511	131
67535	131
67558	131
67582	131
67617	131
67640	131
67675	131
67699	131
67722	131
67757	131
67781	131
67804	131
67828	131
67851	131
67875	131
67898	131
67921	131
67957	131
67980	131
68003	131
68027	131
68062	131
68085	131
68109	131
68144	131
68167	131
68191	131
68226	131
68250	131
68273	131
68308	131
68332	131
68355	131
68390	131
68425	131
68460	131
68484	131
68507	131
68531	131
68566	131
68589	131
68613	131
68648	131
68671	131
68695	131
68718	131
68753	131
68777	132
68800	132
68824	132
68859	132
68882	132
68906	132
68929	132
68964	132
68988	132
69011	132
69035	132
69070	132
69093	132
69128	132
69164	132
69187	132
69222	132
69246	132
69269	132
69304	132
69328	132
69351	132
69375	132
69410	132
69433	132
69457	132
69492	132
69515	132
69539	132
69562	132
69597	132
69621	132
69644	132
69679	132
69703	132
69726	132
69761	132
69785	132
69808	132
69843	132
69867	132
69902	132
69937	132
69972	132
69996	132
70019	132
70054	132
70078	132
70101	132
70136	132
70160	133
70183	133
70218	133
70242	133
70265	133
70289	133
70312	133
70335	133
70371	133
70394	133
70417	133
70441	133
70464	133
70500	133
70523	133
70546	133
70582	133
70605	133
70640	133
70675	133
70710	133
70734	133
70757	133
70792	133
70816	133
70851	133
70886	133
70910	133
70933	133
70968	133
70992	133
71015	133
71039	133
71074	133
71097	133
71121	133
71156	133
71179	133
71203	133
71226	133
71250	133
71273	133
71296	133
71332	133
71355	133
71378	133
71414	133
71449	133
71472	133
71496	133
71531	134
71554	134
71589	134
71613	134
71636	134
71671	134
71695	134
71730	134
71753	134
71777	134
71812	134
71835	134
71859	134
71894	134
71917	134
71941	134
71976	134
72000	134
72023	134
72046	134
72082	134
72105	134
72140	134
72164	134
72199	134
72222	134
72257	134
72281	134
72304	134
72339	134
72363	134
72386	134
72421	134
72445	134
72468	134
72503	134
72527	134
72550	134
72585	134
72609	134
72632	134
72667	134
72691	134
72714	134
72726	134
72761	134
72785	134
72808	134
72843	134
72867	134
72902	135
72925	135
72960	135
72984	135
73019	135
73042	135
73078	135
73113	135
73136	135
73160	135
73195	135
73218	135
73253	135
73289	135
73312	135
73347	135
73371	135
73406	135
73429	135
73453	135
73476	135
73511	135
73535	135
73558	135
73593	135
73617	135
73652	135
73675	135
73699	135
73734	135
73757	135
73792	135
73816	135
73839	135
73875	135
73898	135
73921	135
73957	135
73980	135
74015	135
74039	135
74074	135
74097	135
74132	135
74156	135
74179	135
74203	135
74226	135
74261	135
74285	135
74308	136
74343	136
74367	136
74390	136
74425	136
74449	136
74484	136
74507	136
74542	136
74566	136
74589	136
74625	136
74648	136
74671	136
74707	136
74730	136
74765	136
74800	136
74824	136
74859	136
74882	136
74917	136
74941	136
74964	136
74988	136
75023	136
75046	136
75082	136
75105	136
75128	136
75164	136
75187	136
75210	136
75246	136
75269	136
75304	136
75328	136
75351	136
75386	136
75410	136
75433	136
75468	136
75492	136
75527	136
75562	136
75597	136
75621	136
75644	136
75679	136
75703	136
75726	137
75761	137
75785	137
75808	137
75843	137
75867	137
75890	137
75925	137
75949	137
75972	137
76007	137
76031	137
76066	137
76089	137
76113	137
76148	137
76171	137
76207	137
76230	137
76265	137
76300	137
76324	137
76359	137
76382	137
76417	137
76441	137
76476	137
76500	137
76523	137
76558	137
76582	137
76617	137
76640	137
76664	137
76699	137
76722	137
76757	137
76781	137
76816	137
76839	137
76875	137
76898	137
76921	137
76957	137
76992	137
77015	137
77050	137
77085	137
77121	137
77144	137
77167	138
77203	138
77226	138
77250	138
77285	138
77308	138
77343	138
77367	138
77390	138
77425	138
77449	138
77484	138
77507	138
77542	138
77566	138
77589	138
77625	138
77648	138
77671	138
77707	138
77730	138
77765	138
77800	138
77824	138
77859	138
77882	138
77917	138
77941	138
77976	138
78000	138
78035	138
78058	138
78093	138
78117	138
78152	138
78175	138
78210	138
78234	138
78269	138
78292	138
78328	138
78351	138
78375	138
78410	138
78433	138
78468	138
78492	138
78527	138
78562	138
78585	138
78621	139
78644	139
78679	139
78703	139
78738	139
78761	139
78796	139
78820	139
78855	139
78890	139
78914	139
78949	139
78984	139
79007	139
79042	139
79066	139
79089	139
79125	139
79148	139
79183	139
79207	139
79242	139
79277	139
79312	139
79335	139
79371	139
79394	139
79429	139
79464	139
79500	139
79523	139
79558	139
79582	139
79617	139
79652	139
79675	139
79710	139
79734	139
79769	139
79792	139
79828	139
79851	139
79875	139
79898	139
79933	139
79957	139
79992	139
80015	139
80050	139
80074	139
80109	140
80132	140
80167	140
80191	140
80226	140
80261	140
80285	140
80308	140
80343	140
80378	140
80414	140
80449	140
80484	140
80507	140
80542	140
80566	140
80601	140
80625	140
80660	140
80683	140
80718	140
80742	140
80777	140
80800	140
80835	140
80859	140
80894	140
80929	140
80953	140
80988	140
81011	140
81046	140
81070	140
81105	140
81140	140
81175	140
81210	140
81246	140
81269	140
81304	140
81328	140
81363	140
81386	140
81421	140
81457	140
81480	140
81515	140
81539	140
81574	140
81597	140
81632	141
81656	141
81691	141
81726	141
81750	141
81785	141
81808	141
81843	141
81878	141
81914	141
81949	141
81984	141
82007	141
82042	141
82078	141
82101	141
82125	141
82160	141
82195	141
82218	141
82242	141
82277	141
82300	141
82324	141
82359	141
82394	141
82417	141
82441	141
82476	141
82500	141
82535	141
82558	141
82593	141
82628	141
82664	141
82699	141
82734	141
82757	141
82792	141
82828	141
82863	141
82886	141
82921	141
82957	141
82980	141
83015	141
83039	141
83074	141
83097	141
83132	141
83167	142
83191	142
83214	142
83238	142
83273	142
83296	142
83332	142
83355	142
83390	142
83425	142
83460	142
83496	142
83519	142
83554	142
83589	142
83625	142
83648	142
83683	142
83707	142
83742	142
83777	142
83800	142
83835	142
83859	142
83894	142
83929	142
83953	142
83976	142
84011	142
84035	142
84070	142
84105	142
84128	142
84164	142
84199	142
84234	142
84257	142
84292	142
84316	142
84351	142
84375	142
84410	142
84445	142
84468	142
84503	142
84527	142
84562	142
84585	142
84621	142
84656	142
84679	143
84703	143
84726	143
84750	143
84785	143
84820	143
84843	143
84878	143
84914	143
84937	143
84972	143
85007	143
85031	143
85066	143
85101	143
85136	143
85171	143
85195	143
85230	143
85265	143
85300	143
85335	143
85371	143
85394	143
85429	143
85453	143
85488	143
85511	143
85546	143
85582	143
85605	143
85640	143
85675	143
85699	143
85734	143
85769	143
85792	143
85828	143
85863	143
85886	143
85921	143
85957	143
85980	143
86015	143
86050	143
86085	143
86109	143
86144	143
86167	143
86203	143
86226	144
86250	144
86285	144
86320	144
86343	144
86378	144
86402	144
86437	144
86472	144
86496	144
86531	144
86554	144
86589	144
86625	144
86648	144
86683	144
86707	144
86742	144
86777	144
86812	144
86847	144
86871	144
86906	144
86929	144
86964	144
86988	144
87023	144
87046	144
87082	144
87117	144
87140	144
87175	144
87199	144
87234	144
87269	144
87292	144
87328	144
87351	144
87386	144
87421	144
87445	144
87480	144
87515	144
87550	144
87585	144
87621	144
87656	144
87679	144
87714	144
87738	144
87773	145
87796	145
87832	145
87867	145
87890	145
87925	145
87949	145
87984	145
88019	145
88042	145
88078	145
88113	145
88136	145
88171	145
88195	145
88230	145
88265	145
88312	145
88335	145
88371	145
88406	145
88429	145
88464	145
88488	145
88523	145
88558	145
88582	145
88617	145
88640	145
88675	145
88710	145
88734	145
88769	145
88804	145
88828	145
88863	145
88886	145
88921	145
88957	145
88992	145
89027	145
89062	145
89097	145
89121	145
89156	145
89191	145
89214	145
89238	145
89273	145
89308	145
89332	146
89367	146
89402	146
89425	146
89460	146
89484	146
89519	146
89554	146
89578	146
89613	146
89636	146
89671	146
89707	146
89742	146
89777	146
89812	146
89835	146
89871	146
89906	146
89941	146
89964	146
90000	146
90035	146
90058	146
90093	146
90128	146
90164	146
90187	146
90222	146
90257	146
90292	146
90316	146
90351	146
90375	146
90410	146
90445	146
90468	146
90503	146
90539	146
90574	146
90609	146
90632	146
90667	146
90703	146
90726	146
90761	146
90796	146
90820	146
90855	146
90890	146
90925	147
90960	147
90984	147
91019	147
91054	147
91078	147
91113	147
91136	147
91171	147
91207	147
91230	147
91265	147
91300	147
91335	147
91371	147
91406	147
91441	147
91476	147
91511	147
91535	147
91570	147
91605	147
91640	147
91675	147
91710	147
91734	147
91769	147
91804	147
91828	147
91851	147
91886	147
91910	147
91945	147
91980	147
92003	147
92039	147
92074	147
92097	147
92132	147
92167	147
92203	147
92238	147
92273	147
92296	147
92332	147
92367	147
92402	147
92437	147
92472	147
92507	147
92542	148
92566	148
92601	148
92636	148
92660	148
92695	148
92730	148
92753	148
92789	148
92824	148
92847	148
92882	148
92917	148
92941	148
92976	148
93011	148
93035	148
93070	148
93105	148
93140	148
93175	148
93210	148
93246	148
93281	148
93304	148
93339	148
93375	148
93410	148
93433	148
93468	148
93503	148
93527	148
93562	148
93597	148
93632	148
93656	148
93691	148
93726	148
93761	148
93785	148
93820	148
93855	148
93890	148
93937	148
93972	148
93996	148
94031	148
94066	148
94101	148
94125	148
94160	149
94195	149
94218	149
94253	149
94277	149
94312	149
94335	149
94371	149
94406	149
94441	149
94464	149
94500	149
94523	149
94558	149
94593	149
94628	149
94675	149
94710	149
94746	149
94769	149
94804	149
94839	149
94875	149
94910	149
94945	149
94968	149
95003	149
95039	149
95062	149
95097	149
95132	149
95167	149
95191	149
95214	149
95238	149
95273	149
95308	149
95343	149
95367	149
95402	149
95437	149
95472	149
95507	149
95542	149
95566	149
95601	149
95636	149
95671	149
95707	149
95730	149
95765	150
95800	150
95835	150
95859	150
95894	150
95929	150
95953	150
95988	150
96023	150
96046	150
96082	150
96117	150
96152	150
96187	150
96222	150
96246	150
96281	150
96316	150
96351	150
96375	150
96410	150
96445	150
96480	150
96503	150
96539	150
96574	150
96597	150
96632	150
96667	150
96691	150
96714	150
96750	150
96773	150
96808	150
96843	150
96878	150
96914	150
96937	150
96972	150
97007	150
97042	150
97078	150
97113	150
97148	150
97183	150
97207	150
97242	150
97277	150
97312	150
97347	150
97382	151
97417	151
97441	151
97476	151
97500	151
97535	151
97570	151
97593	151
97628	151
97664	151
97699	151
97734	151
97757	151
97792	151
97828	151
97863	151
97886	151
97921	151
97957	151
97992	151
98015	151
98050	151
98085	151
98121	151
98156	151
98179	151
98214	151
98238	151
98273	151
98296	151
98332	151
98367	151
98390	151
98425	151
98460	151
98496	151
98519	151
98554	151
98589	151
98625	151
98648	151
98683	151
98718	151
98753	151
98789	151
98824	151
98859	151
98882	151
98917	151
98953	151
98976	152
99011	152
99035	152
99070	152
99105	152
99128	152
99164	152
99199	152
99234	152
99257	152
99292	152
99328	152
99351	152
99386	152
99421	152
99445	152
99480	152
99515	152
99562	152
99585	152
99621	152
99656	152
99691	152
99714	152
99750	152
99773	152
99808	152
99843	152
99867	152
99902	152
99937	152
99960	152
99996	152
100031	152
100054	152
100089	152
100125	152
100148	152
100183	152
100218	152
100253	152
100289	152
100324	152
100359	152
100394	152
100417	152
100453	152
100488	152
100511	152
100546	152
100582	153
100605	153
100640	153
100675	153
100699	153
100734	153
100769	153
100804	153
100828	153
100863	153
100898	153
100933	153
100957	153
100992	153
101039	153
101074	153
101109	153
101132	153
101167	153
101203	153
101226	153
101261	153
101296	153
101320	153
101355	153
101390	153
101414	153
101449	153
101484	153
101519	153
101542	153
101578	153
101601	153
101636	153
101671	153
101695	153
101730	153
101765	153
101800	153
101835	153
101871	153
101906	153
101941	153
101964	153
102000	153
102035	153
102058	153
102093	153
102128	153
102164	153
102199	154
102222	154
102257	154
102292	154
102316	154
102351	154
102386	154
102410	154
102445	154
102480	154
102515	154
102550	154
102574	154
102609	154
102644	154
102679	154
102703	154
102738	154
102773	154
102808	154
102832	154
102867	154
102902	154
102937	154
102972	154
103007	154
103042	154
103066	154
103101	154
103125	154
103160	154
103195	154
103230	154
103265	154
103300	154
103335	154
103371	154
103394	154
103429	154
103476	154
103511	154
103535	154
103570	154
103605	154
103640	154
103675	154
103710	154
103734	154
103769	154
103804	154
103828	155
103851	155
103886	155
103921	155
103957	155
103980	155
104015	155
104039	155
104074	155
104109	155
104144	155
104167	155
104203	155
104238	155
104273	155
104308	155
104343	155
104378	155
104414	155
104449	155
104484	155
104519	155
104542	155
104578	155
104613	155
104636	155
104671	155
104707	155
104730	155
104765	155
104800	155
104824	155
104859	155
104894	155
104929	155
104953	155
104988	155
105023	155
105046	155
105082	155
105117	155
105164	155
105199	155
105234	155
105257	155
105292	155
105328	155
105363	155
105386	155
105421	155
105457	156
105492	156
105515	156
105550	156
105585	156
105609	156
105644	156
105679	156
105714	156
105750	156
105773	156
105808	156
105843	156
105878	156
105925	156
105960	156
105996	156
106019	156
106054	156
106089	156
106125	156
106148	156
106183	156
106218	156
106242	156
106277	156
106300	156
106335	156
106371	156
106394	156
106429	156
106453	156
106488	156
106523	156
106546	156
106582	156
106617	156
106664	156
106699	156
106734	156
106757	156
106792	156
106828	156
106863	156
106898	156
106933	156
106968	156
106992	156
107027	156
107050	156
107085	157
107121	157
107156	157
107179	157
107203	157
107226	157
107261	157
107296	157
107320	157
107355	157
107390	157
107425	157
107460	157
107496	157
107519	157
107554	157
107589	157
107625	157
107660	157
107683	157
107718	157
107753	157
107789	157
107824	157
107847	157
107882	157
107917	157
107941	157
107976	157
108011	157
108035	157
108070	157
108105	157
108140	157
108175	157
108210	157
108246	157
108269	157
108304	157
108339	157
108363	157
108398	157
108433	157
108468	157
108492	157
108527	157
108562	157
108585	157
108621	157
108656	157
108679	158
108703	158
108726	158
108761	158
108785	158
108820	158
108855	158
108890	158
108914	158
108949	158
108984	158
109019	158
109054	158
109089	158
109125	158
109148	158
109183	158
109218	158
109253	158
109289	158
109324	158
109347	158
109382	158
109417	158
109441	158
109476	158
109500	158
109535	158
109558	158
109593	158
109628	158
109664	158
109687	158
109722	158
109757	158
109792	158
109816	158
109851	158
109886	158
109910	158
109945	158
109980	158
110015	158
110050	158
110074	158
110109	158
110144	158
110179	158
110203	158
110226	158
110261	159
110285	159
110320	159
110355	159
110378	159
110414	159
110449	159
110484	159
110507	159
110542	159
110578	159
110601	159
110636	159
110671	159
110695	159
110730	159
110765	159
110800	159
110835	159
110871	159
110894	159
110929	159
110953	159
110988	159
111011	159
111046	159
111082	159
111105	159
111140	159
111164	159
111199	159
111234	159
111257	159
111292	159
111316	159
111351	159
111386	159
111410	159
111445	159
111480	159
111515	159
111550	159
111585	159
111609	159
111644	159
111679	159
111703	159
111726	159
111761	159
111785	159
111820	160
111855	160
111878	160
111914	160
111937	160
111972	160
112007	160
112042	160
112066	160
112101	160
112125	160
112160	160
112195	160
112230	160
112265	160
112300	160
112335	160
112371	160
112394	160
112429	160
112453	160
112488	160
112511	160
112546	160
112582	160
112617	160
112640	160
112675	160
112699	160
112734	160
112769	160
112804	160
112828	160
112863	160
112898	160
112921	160
112957	160
112992	160
113027	160
113062	160
113097	160
113132	160
113156	160
113191	160
113214	160
113250	160
113273	160
113308	160
113343	160
113367	160
113402	161
113425	161
113460	161
113484	161
113519	161
113554	161
113578	161
113613	161
113636	161
113671	161
113695	161
113730	161
113765	161
113800	161
113835	161
113871	161
113894	161
113929	161
113964	161
113988	161
114023	161
114046	161
114082	161
114117	161
114152	161
114175	161
114210	161
114246	161
114269	161
114304	161
114328	161
114363	161
114398	161
114421	161
114457	161
114492	161
114527	161
114562	161
114585	161
114621	161
114656	161
114679	161
114714	161
114750	161
114773	161
114808	161
114843	161
114878	161
114902	161
114937	161
114972	162
115007	162
115031	162
115066	162
115089	162
115125	162
115160	162
115183	162
115218	162
115253	162
115289	162
115324	162
115359	162
115382	162
115417	162
115453	162
115488	162
115523	162
115546	162
115582	162
115617	162
115652	162
115687	162
115710	162
115746	162
115781	162
115804	162
115828	162
115851	162
115886	162
115910	162
115945	162
115980	162
116003	162
116039	162
116062	162
116097	162
116132	162
116156	162
116191	162
116226	162
116261	162
116285	162
116320	162
116355	162
116390	162
116425	162
116460	162
116496	162
116519	162
116554	163
116589	163
116613	163
116648	163
116683	163
116707	163
116742	163
116765	163
116800	163
116835	163
116859	163
116894	163
116929	163
116953	163
116988	163
117023	163
117046	163
117082	163
117117	163
117152	163
117187	163
117222	163
117257	163
117281	163
117316	163
117351	163
117375	163
117410	163
117445	163
117468	163
117503	163
117539	163
117562	163
117597	163
117632	163
117656	163
117691	163
117726	163
117761	163
117785	163
117820	163
117855	163
117890	163
117925	163
117960	163
117996	163
118019	163
118054	163
118089	163
118113	163
118148	164
118171	164
118207	164
118230	164
118265	164
118289	164
118324	164
118347	164
118382	164
118417	164
118441	164
118464	164
118500	164
118523	164
118558	164
118593	164
118628	164
118664	164
118699	164
118734	164
118769	164
118792	164
118828	164
118863	164
118898	164
118933	164
118957	164
118992	164
119027	164
119050	164
119085	164
119109	164
119144	164
119179	164
119203	164
119226	164
119250	164
119285	164
119320	164
119343	164
119378	164
119414	164
119449	164
119484	164
119507	164
119542	164
119578	164
119613	164
119636	164
119671	164
119707	165
119730	165
119765	165
119800	165
119824	165
119859	165
119894	165
119929	165
119953	165
119976	165
120011	165
120046	165
120070	165
120105	165
120140	165
120175	165
120210	165
120234	165
120269	165
120292	165
120328	165
120363	165
120386	165
120421	165
120445	165
120480	165
120515	165
120539	165
120574	165
120597	165
120632	165
120667	165
120691	165
120714	165
120738	165
120773	165
120796	165
120832	165
120855	165
120890	165
120925	165
120960	165
120996	165
121019	165
121054	165
121089	165
121125	165
121160	165
121183	165
121218	165
121253	166
121289	166
121324	166
121347	166
121382	166
121417	166
121441	166
121476	166
121500	166
121535	166
121570	166
121593	166
121628	166
121664	166
121687	166
121722	166
121757	166
121781	166
121816	166
121851	166
121875	166
121910	166
121945	166
121968	166
122003	166
122039	166
122074	166
122109	166
122132	166
122167	166
122191	166
122226	166
122250	166
122273	166
122308	166
122343	166
122367	166
122402	166
122437	166
122460	166
122496	166
122531	166
122554	166
122589	166
122613	166
122648	166
122683	166
122707	166
122742	166
122777	166
122812	167
122847	167
122871	167
122906	167
122929	167
122964	167
122988	167
123023	167
123046	167
123082	167
123117	167
123140	167
123175	167
123199	167
123234	167
123269	167
123292	167
123328	167
123351	167
123386	167
123421	167
123445	167
123480	167
123515	167
123550	167
123585	167
123621	167
123644	167
123679	167
123714	167
123738	167
123761	167
123796	167
123832	167
123855	167
123890	167
123925	167
123949	167
123984	167
124019	167
124042	167
124078	167
124101	167
124136	167
124171	167
124195	167
124230	167
124265	167
124312	167
124335	167
124371	168
124406	168
124429	168
124464	168
124488	168
124523	168
124558	168
124582	168
124617	168
124640	168
124675	168
124710	168
124734	168
124769	168
124804	168
124828	168
124863	168
124898	168
124921	168
124957	168
124992	168
125027	168
125062	168
125097	168
125132	168
125156	168
125191	168
125214	168
125250	168
125273	168
125308	168
125343	168
125367	168
125402	168
125425	168
125460	168
125484	168
125519	168
125554	168
125578	168
125613	168
125636	168
125671	168
125707	168
125730	168
125765	168
125800	168
125835	168
125871	168
125906	168
125929	169
125964	169
126000	169
126023	169
126058	169
126093	169
126128	169
126152	169
126187	169
126222	169
126257	169
126281	169
126316	169
126339	169
126375	169
126410	169
126433	169
126468	169
126503	169
126539	169
126574	169
126609	169
126632	169
126667	169
126703	169
126726	169
126761	169
126796	169
126820	169
126855	169
126890	169
126925	169
126960	169
126984	169
127019	169
127054	169
127078	169
127113	169
127136	169
127171	169
127207	169
127230	169
127265	169
127300	169
127335	169
127371	169
127406	169
127429	169
127476	169
127511	169
127535	170
127570	170
127605	170
127640	170
127675	170
127699	170
127734	170
127769	170
127792	170
127828	170
127851	170
127875	170
127910	170
127945	170
127968	170
128003	170
128027	170
128062	170
128097	170
128132	170
128156	170
128191	170
128226	170
128261	170
128296	170
128320	170
128355	170
128402	170
128437	170
128472	170
128496	170
128531	170
128566	170
128601	170
128625	170
128660	170
128695	170
128718	170
128753	170
128789	170
128812	170
128847	170
128882	170
128906	170
128941	170
128976	170
129000	170
129035	170
129070	170
129105	170
129140	171
129175	171
129210	171
129246	171
129269	171
129304	171
129339	171
129375	171
129398	171
129433	171
129468	171
129492	171
129527	171
129562	171
129585	171
129621	171
129656	171
129679	171
129714	171
129750	171
129785	171
129808	171
129843	171
129878	171
129925	171
129960	171
129996	171
130019	171
130054	171
130089	171
130113	171
130148	171
130183	171
130207	171
130242	171
130265	171
130300	171
130324	171
130359	171
130394	171
130417	171
130453	171
130476	171
130511	171
130546	171
130570	171
130605	171
130652	171
130687	171
130722	171
130757	172
130792	172
130828	172
130863	172
130898	172
130921	172
130957	172
130992	172
131027	172
131050	172
131085	172
131121	172
131144	172
131179	172
131203	172
131226	172
131261	172
131296	172
131320	172
131355	172
131390	172
131425	172
131460	172
131496	172
131519	172
131554	172
131589	172
131625	172
131660	172
131683	172
131718	172
131753	172
131789	172
131812	172
131847	172
131882	172
131917	172
131941	172
131976	172
132000	172
132035	172
132058	172
132093	172
132128	172
132164	172
132199	172
132234	172
132257	172
132292	172
132328	172
132363	173
132386	173
132421	173
132457	173
132480	173
132515	173
132550	173
132574	173
132609	173
132644	173
132667	173
132703	173
132726	173
132750	173
132785	173
132820	173
132843	173
132878	173
132914	173
132949	173
132984	173
133019	173
133054	173
133089	173
133125	173
133160	173
133183	173
133218	173
133253	173
133289	173
133324	173
133359	173
133394	173
133429	173
133453	173
133488	173
133511	173
133546	173
133582	173
133605	173
133640	173
133675	173
133710	173
133746	173
133769	173
133804	173
133839	173
133875	173
133898	173
133933	173
133968	174
133992	174
134027	174
134062	174
134097	174
134132	174
134156	174
134191	174
134214	174
134250	174
134273	174
134308	174
134343	174
134367	174
134402	174
134425	174
134460	174
134496	174
134531	174
134554	174
134589	174
134625	174
134648	174
134683	174
134718	174
134742	174
134777	174
134812	174
134847	174
134882	174
134917	174
134941	174
134964	174
135000	174
135023	174
135058	174
135093	174
135117	174
135152	174
135187	174
135210	174
135246	174
135281	174
135304	174
135339	174
135375	174
135398	174
135433	174
135468	174
135503	174
135539	175
135574	175
135609	175
135632	175
135667	175
135703	175
135726	175
135750	175
135785	175
135820	175
135843	175
135878	175
135914	175
135937	175
135972	175
136007	175
136031	175
136066	175
136101	175
136125	175
136160	175
136195	175
136218	175
136253	175
136300	175
136335	175
136359	175
136394	175
136429	175
136453	175
136488	175
136511	175
136546	175
136582	175
136605	175
136640	175
136664	175
136699	175
136734	175
136757	175
136792	175
136828	175
136851	175
136886	175
136921	175
136945	175
136980	175
137015	175
137050	175
137085	175
137121	176
137144	176
137179	176
137214	176
137238	176
137261	176
137296	176
137332	176
137355	176
137390	176
137425	176
137449	176
137484	176
137519	176
137542	176
137578	176
137601	176
137636	176
137660	176
137695	176
137730	176
137765	176
137800	176
137835	176
137859	176
137894	176
137929	176
137953	176
137988	176
138023	176
138046	176
138082	176
138117	176
138152	176
138187	176
138210	176
138246	176
138281	176
138304	176
138339	176
138363	176
138398	176
138421	176
138457	176
138492	176
138527	176
138562	176
138585	176
138621	176
138656	176
138679	177
138714	177
138750	177
138773	177
138808	177
138843	177
138867	177
138902	177
138937	177
138972	177
138996	177
139031	177
139066	177
139089	177
139125	177
139148	177
139183	177
139218	177
139242	177
139277	177
139312	177
139347	177
139382	177
139406	177
139441	177
139476	177
139511	177
139546	177
139570	177
139605	177
139640	177
139675	177
139710	177
139734	177
139769	177
139804	177
139828	177
139851	177
139886	177
139910	177
139945	177
139968	177
140003	177
140039	177
140062	177
140097	177
140132	177
140156	177
140191	177
140226	177
140261	178
140296	178
140320	178
140355	178
140390	178
140437	178
140472	178
140496	178
140531	178
140566	178
140589	178
140625	178
140648	178
140683	178
140718	178
140742	178
140777	178
140812	178
140835	178
140871	178
140906	178
140929	178
140964	178
141000	178
141023	178
141058	178
141082	178
141117	178
141164	178
141199	178
141234	178
141257	178
141292	178
141328	178
141351	178
141386	178
141410	178
141445	178
141480	178
141503	178
141539	178
141574	178
141597	178
141632	178
141667	178
141691	178
141726	178
141761	178
141785	178
141820	178
141855	179
141890	179
141937	179
141972	179
141996	179
142031	179
142066	179
142089	179
142125	179
142160	179
142183	179
142218	179
142242	179
142277	179
142300	179
142335	179
142371	179
142394	179
142429	179
142453	179
142488	179
142523	179
142546	179
142582	179
142617	179
142664	179
142699	179
142734	179
142757	179
142792	179
142828	179
142863	179
142898	179
142921	179
142957	179
142992	179
143015	179
143050	179
143085	179
143109	179
143144	179
143179	179
143203	179
143226	179
143250	179
143285	179
143320	179
143343	179
143378	179
143414	179
143449	180
143484	180
143507	180
143542	180
143578	180
143601	180
143636	180
143671	180
143695	180
143730	180
143765	180
143800	180
143824	180
143859	180
143894	180
143917	180
143953	180
143976	180
144011	180
144035	180
144070	180
144105	180
144140	180
144175	180
144210	180
144234	180
144269	180
144304	180
144328	180
144363	180
144386	180
144421	180
144457	180
144480	180
144515	180
144550	180
144574	180
144609	180
144644	180
144679	180
144703	180
144726	180
144750	180
144785	180
144820	180
144843	180
144878	180
144914	180
144949	180
144984	180
145007	181
145042	181
145078	181
145113	181
145148	181
145183	181
145207	181
145242	181
145277	181
145312	181
145347	181
145382	181
145417	181
145441	181
145464	181
145500	181
145535	181
145558	181
145593	181
145628	181
145652	181
145687	181
145722	181
145757	181
145781	181
145816	181
145851	181
145875	181
145910	181
145933	181
145968	181
146003	181
146039	181
146074	181
146097	181
146132	181
146167	181
146191	181
146214	181
146250	181
146273	181
146308	181
146343	181
146367	181
146402	181
146437	181
146460	181
146496	181
146531	181
146554	181
146589	182
146625	182
146648	182
146683	182
146718	182
146753	182
146789	182
146824	182
146847	182
146882	182
146917	182
146941	182
146976	182
147000	182
147035	182
147070	182
147093	182
147128	182
147152	182
147187	182
147222	182
147246	182
147281	182
147316	182
147339	182
147375	182
147398	182
147433	182
147468	182
147503	182
147539	182
147574	182
147597	182
147632	182
147667	182
147691	182
147726	182
147750	182
147785	182
147808	182
147843	182
147878	182
147902	182
147937	182
147960	182
147996	182
148031	182
148054	182
148089	182
148125	182
148148	183
148183	183
148207	183
148242	183
148289	183
148324	183
148347	183
148382	183
148417	183
148441	183
148476	183
148500	183
148535	183
148570	183
148593	183
148628	183
148664	183
148687	183
148722	183
148757	183
148781	183
148816	183
148851	183
148886	183
148910	183
148945	183
148980	183
149015	183
149050	183
149085	183
149121	183
149144	183
149179	183
149214	183
149238	183
149273	183
149296	183
149332	183
149367	183
149390	183
149425	183
149449	183
149484	183
149519	183
149542	183
149578	183
149601	183
149636	183
149660	183
149695	183
149730	184
149765	184
149800	184
149824	184
149859	184
149894	184
149917	184
149953	184
149988	184
150011	184
150046	184
150082	184
150105	184
150140	184
150175	184
150210	184
150234	184
150269	184
150304	184
150328	184
150351	184
150386	184
150421	184
150445	184
150480	184
150515	184
150550	184
150585	184
150609	184
150644	184
150679	184
150703	184
150738	184
150773	184
150796	184
150832	184
150867	184
150902	184
150937	184
150972	184
150996	184
151031	184
151066	184
151089	184
151125	184
151148	184
151183	184
151218	184
151253	184
151289	184
151324	185
151359	185
151382	185
151417	185
151453	185
151488	185
151523	185
151558	185
151582	185
151617	185
151652	185
151687	185
151722	185
151746	185
151781	185
151816	185
151839	185
151863	185
151898	185
151921	185
151957	185
151980	185
152015	185
152050	185
152074	185
152109	185
152144	185
152167	185
152203	185
152238	185
152273	185
152296	185
152332	185
152367	185
152402	185
152437	185
152472	185
152507	185
152531	185
152566	185
152601	185
152625	185
152660	185
152695	185
152718	185
152753	185
152777	185
152812	185
152847	185
152871	185
152906	186
timepoint: 176.72