0	0
0	0
0	0
0	0
0	0
0	0
0	0
0	0
0	0
0	0
0	0
0	0
0	0
0	0
0	0
0	0
0	0
0	0
0	0
0	0
0	0
0	0
0	0
0	0
0	0
0	0
0	0
0	0
0	0
0	0
0	0
0	0
0	0
0	0
0	0
0	0
0	0
0	0
0	0
0	0
0	0
0	0
0	0
0	0
0	0
0	0
0	0
0	0
0	0
0	0
0	1
0	1
0	1
0	1
0	1
0	1
0	1
0	1
0	1
0	1
0	1
0	1
0	1
0	1
0	1
0	1
0	1
0	1
0	1
0	1
0	1
0	1
0	1
0	1
0	1
0	1
0	1
0	1
0	1
0	1
0	1
0	1
0	1
0	1
0	1
0	1
0	1
0	1
0	1
0	1
0	1
0	1
0	1
0	1
0	1
0	1
0	1
0	1
0	1
0	1
0	2
0	2
0	2
0	2
0	2
0	2
0	2
0	2
0	2
0	2
0	2
0	2
0	2
0	2
0	2
0	2
0	2
0	2
0	2
0	2
0	2
0	2
0	2
0	2
0	2
0	2
0	2
0	2
0	2
0	2
0	2
0	2
0	2
0	2
0	2
0	2
0	2
0	2
0	2
0	2
0	2
0	2
0	2
0	2
0	2
0	2
0	2
0	2
0	2
0	2
0	3
0	3
0	3
0	3
0	3
0	3
0	3
0	3
0	3
0	3
0	3
0	3
0	3
0	3
0	3
0	3
0	3
0	3
0	3
0	3
0	3
0	3
0	3
0	3
0	3
0	3
0	3
0	3
11	3
11	3
11	3
11	3
11	3
11	3
11	3
11	3
11	3
11	3
11	3
11	3
11	3
11	3
11	3
11	3
11	3
11	3
11	3
11	3
11	3
11	3
11	4
11	4
11	4
11	4
11	4
0	4
0	4
0	4
0	4
0	4
0	4
0	4
0	4
0	4
0	4
0	4
0	4
0	4
0	4
0	4
0	4
0	4
0	4
0	4
0	4
0	4
0	4
0	4
0	4
0	4
0	4
0	4
0	4
0	4
0	4
0	4
0	4
0	4
0	4
0	4
0	4
0	4
0	4
0	4
0	4
0	4
0	4
0	4
0	4
0	4
0	5
0	5
0	5
0	5
11	5
11	5
11	5
11	5
11	5
11	5
11	5
11	5
11	5
11	5
11	5
11	5
23	5
23	5
23	5
23	5
23	5
23	5
23	5
23	5
23	5
23	5
35	5
35	5
35	5
35	5
35	5
35	5
35	5
35	5
35	5
35	5
35	5
35	5
35	5
35	5
35	5
35	5
35	5
35	5
35	5
35	5
35	5
35	5
35	5
35	5
35	6
35	6
35	6
35	6
35	6
35	6
35	6
35	6
35	6
35	6
35	6
35	6
23	6
23	6
23	6
23	6
23	6
23	6
23	6
23	6
23	6
23	6
23	6
35	6
35	6
35	6
35	6
35	6
35	6
35	6
35	6
35	6
35	6
35	6
35	6
35	6
35	6
35	6
46	6
46	6
46	6
46	6
46	6
46	6
46	6
46	6
46	6
46	6
46	6
46	6
58	7
58	7
58	7
58	7
58	7
58	7
58	7
58	7
58	7
58	7
58	7
58	7
58	7
58	7
58	7
58	7
58	7
58	7
58	7
58	7
58	7
46	7
46	7
46	7
46	7
46	7
46	7
46	7
46	7
46	7
46	7
46	7
46	7
46	7
46	7
46	7
46	7
46	7
46	7
46	7
46	7
46	7
46	7
46	7
46	7
46	7
46	7
46	7
46	7
46	7
46	8
46	8
46	8
46	8
46	8
46	8
46	8
46	8
46	8
46	8
46	8
46	8
46	8
58	8
58	8
58	8
58	8
58	8
58	8
58	8
58	8
58	8
58	8
58	8
58	8
58	8
58	8
58	8
58	8
58	8
58	8
58	8
58	8
58	8
58	8
58	8
58	8
58	8
58	8
58	8
58	8
58	8
58	8
58	8
58	8
58	8
58	8
58	8
58	8
58	8
58	9
58	9
58	9
46	9
46	9
46	9
46	9
46	9
46	9
46	9
46	9
46	9
46	9
46	9
46	9
46	9
46	9
46	9
46	9
46	9
46	9
46	9
46	9
46	9
46	9
46	9
46	9
46	9
46	9
46	9
46	9
46	9
46	9
46	9
46	9
58	9
58	9
58	9
58	9
58	9
58	9
58	9
58	9
58	9
58	9
58	9
58	9
58	9
58	9
58	9
58	10
58	10
58	10
58	10
58	10
58	10
58	10
58	10
58	10
58	10
58	10
58	10
58	10
58	10
58	10
58	10
58	10
58	10
58	10
58	10
58	10
58	10
58	10
58	10
58	10
58	10
58	10
58	10
58	10
58	10
58	10
58	10
46	10
46	10
46	10
46	10
46	10
46	10
46	10
46	10
46	10
46	10
46	10
46	10
46	10
46	10
46	10
46	10
46	10
46	10
46	11
46	11
46	11
46	11
46	11
46	11
46	11
58	11
58	11
58	11
58	11
58	11
58	11
58	11
58	11
58	11
58	11
58	11
58	11
58	11
58	11
58	11
58	11
58	11
58	11
58	11
58	11
58	11
58	11
58	11
58	11
58	11
58	11
58	11
58	11
58	11
58	11
58	11
58	11
58	11
58	11
58	11
58	11
58	11
58	11
58	11
58	11
58	11
58	11
58	11
58	12
58	12
58	12
58	12
58	12
58	12
58	12
58	12
58	12
58	12
58	12
58	12
58	12
58	12
58	12
58	12
58	12
58	12
58	12
58	12
58	12
58	12
58	12
58	12
58	12
58	12
58	12
58	12
58	12
58	12
58	12
58	12
58	12
58	12
58	12
58	12
58	12
58	12
58	12
58	12
58	12
58	12
58	12
58	12
58	12
58	12
58	12
58	12
58	12
58	12
58	13
58	13
58	13
58	13
58	13
58	13
58	13
58	13
58	13
58	13
58	13
58	13
58	13
58	13
58	13
58	13
58	13
58	13
58	13
58	13
58	13
58	13
58	13
58	13
58	13
58	13
58	13
58	13
58	13
58	13
58	13
58	13
58	13
58	13
58	13
58	13
58	13
58	13
58	13
58	13
58	13
58	13
58	13
58	13
58	13
58	13
58	13
58	13
58	13
58	13
58	14
58	14
58	14
58	14
58	14
58	14
58	14
58	14
58	14
58	14
58	14
58	14
58	14
58	14
58	14
58	14
58	14
58	14
58	14
58	14
58	14
58	14
58	14
58	14
58	14
58	14
58	14
58	14
58	14
58	14
58	14
58	14
58	14
58	14
58	14
58	14
58	14
58	14
58	14
58	14
58	14
58	14
58	14
58	14
58	14
58	14
58	14
58	14
58	14
58	14
58	15
58	15
58	15
58	15
58	15
58	15
58	15
58	15
58	15
58	15
58	15
58	15
58	15
58	15
58	15
58	15
58	15
58	15
58	15
58	15
58	15
58	15
58	15
58	15
58	15
58	15
58	15
58	15
58	15
58	15
58	15
58	15
58	15
58	15
58	15
58	15
58	15
58	15
58	15
58	15
58	15
58	15
58	15
58	15
58	15
58	15
58	15
58	15
58	15
58	15
58	16
58	16
58	16
58	16
58	16
58	16
58	16
58	16
58	16
58	16
58	16
58	16
58	16
58	16
58	16
58	16
58	16
58	16
58	16
58	16
58	16
58	16
58	16
58	16
58	16
58	16
58	16
58	16
58	16
58	16
58	16
58	16
58	16
58	16
58	16
58	16
58	16
58	16
58	16
58	16
58	16
58	16
58	16
58	16
58	16
58	16
58	16
58	16
58	16
58	16
58	17
58	17
58	17
58	17
58	17
58	17
58	17
58	17
58	17
58	17
58	17
58	17
58	17
58	17
58	17
58	17
58	17
58	17
58	17
58	17
58	17
58	17
58	17
58	17
58	17
58	17
58	17
58	17
58	17
58	17
58	17
58	17
58	17
58	17
58	17
58	17
58	17
58	17
58	17
58	17
58	17
58	17
58	17
58	17
58	17
58	17
58	17
58	17
58	17
58	17
58	18
58	18
58	18
58	18
58	18
58	18
58	18
58	18
58	18
58	18
58	18
58	18
58	18
58	18
58	18
58	18
58	18
58	18
58	18
58	18
58	18
58	18
58	18
58	18
58	18
58	18
58	18
58	18
58	18
58	18
58	18
58	18
58	18
58	18
58	18
58	18
58	18
58	18
58	18
58	18
58	18
58	18
58	18
58	18
58	18
58	18
58	18
58	18
58	18
58	18
58	19
58	19
58	19
58	19
58	19
58	19
58	19
58	19
58	19
58	19
58	19
58	19
58	19
58	19
58	19
58	19
58	19
58	19
58	19
58	19
58	19
58	19
58	19
58	19
58	19
58	19
58	19
58	19
58	19
58	19
58	19
58	19
58	19
58	19
58	19
58	19
58	19
58	19
58	19
58	19
58	19
58	19
58	19
58	19
58	19
58	19
58	19
58	19
58	19
58	19
58	20
58	20
58	20
58	20
58	20
58	20
58	20
58	20
58	20
58	20
58	20
58	20
58	20
58	20
58	20
58	20
58	20
58	20
58	20
58	20
58	20
58	20
58	20
58	20
58	20
58	20
58	20
58	20
58	20
58	20
58	20
58	20
58	20
58	20
58	20
58	20
58	20
58	20
58	20
58	20
58	20
58	20
58	20
58	20
58	20
58	20
58	20
58	20
58	20
58	20
58	21
58	21
58	21
58	21
58	21
58	21
58	21
58	21
58	21
58	21
58	21
58	21
58	21
58	21
58	21
58	21
58	21
58	21
58	21
58	21
58	21
58	21
58	21
58	21
58	21
58	21
58	21
58	21
58	21
58	21
58	21
58	21
58	21
58	21
58	21
58	21
58	21
58	21
58	21
58	21
58	21
58	21
58	21
58	21
58	21
58	21
58	21
58	21
58	21
58	21
58	22
58	22
58	22
58	22
58	22
58	22
58	22
58	22
58	22
58	22
58	22
58	22
58	22
58	22
58	22
58	22
58	22
58	22
58	22
58	22
58	22
58	22
58	22
58	22
58	22
58	22
58	22
58	22
58	22
58	22
58	22
58	22
58	22
58	22
58	22
58	22
58	22
58	22
58	22
58	22
58	22
58	22
58	22
58	22
58	22
58	22
58	22
58	22
58	22
58	22
58	23
58	23
58	23
58	23
58	23
58	23
58	23
58	23
58	23
58	23
58	23
58	23
58	23
58	23
58	23
58	23
58	23
58	23
58	23
58	23
58	23
58	23
58	23
58	23
58	23
58	23
58	23
58	23
58	23
58	23
58	23
58	23
58	23
58	23
58	23
58	23
58	23
58	23
58	23
58	23
58	23
58	23
58	23
58	23
58	23
58	23
58	23
58	23
58	23
58	23
58	24
58	24
58	24
58	24
58	24
58	24
58	24
58	24
58	24
58	24
58	24
58	24
58	24
58	24
58	24
58	24
58	24
58	24
58	24
58	24
58	24
58	24
58	24
58	24
58	24
58	24
58	24
58	24
58	24
58	24
58	24
58	24
58	24
58	24
58	24
58	24
58	24
58	24
58	24
58	24
58	24
58	24
58	24
58	24
58	24
58	24
58	24
58	24
58	24
58	24
58	25
58	25
58	25
58	25
58	25
58	25
58	25
58	25
58	25
58	25
58	25
58	25
58	25
58	25
58	25
58	25
58	25
58	25
58	25
58	25
58	25
58	25
58	25
58	25
58	25
58	25
58	25
58	25
58	25
58	25
58	25
58	25
58	25
58	25
58	25
58	25
58	25
58	25
58	25
58	25
58	25
58	25
58	25
58	25
58	25
58	25
58	25
58	25
58	25
58	25
58	26
58	26
58	26
58	26
58	26
58	26
58	26
58	26
58	26
58	26
58	26
58	26
58	26
58	26
58	26
58	26
58	26
58	26
58	26
58	26
58	26
58	26
58	26
58	26
58	26
58	26
58	26
58	26
58	26
58	26
58	26
58	26
58	26
58	26
58	26
58	26
58	26
58	26
58	26
58	26
58	26
58	26
58	26
58	26
58	26
58	26
58	26
58	26
58	26
58	26
58	27
58	27
58	27
58	27
58	27
58	27
58	27
58	27
58	27
58	27
58	27
58	27
58	27
58	27
58	27
58	27
58	27
58	27
58	27
58	27
58	27
58	27
58	27
58	27
58	27
58	27
58	27
58	27
58	27
58	27
58	27
58	27
58	27
58	27
58	27
58	27
58	27
58	27
58	27
58	27
58	27
58	27
58	27
58	27
58	27
58	27
58	27
58	27
70	27
70	27
70	28
70	28
70	28
70	28
70	28
70	28
70	28
70	28
70	28
70	28
70	28
70	28
70	28
70	28
70	28
70	28
70	28
70	28
70	28
70	28
70	28
70	28
70	28
70	28
70	28
70	28
70	28
70	28
70	28
70	28
70	28
70	28
82	28
82	28
82	28
82	28
82	28
82	28
82	28
82	28
82	28
82	28
82	28
82	28
82	28
82	28
82	28
82	28
82	28
82	28
82	29
82	29
93	29
93	29
93	29
93	29
93	29
93	29
93	29
93	29
93	29
93	29
93	29
93	29
105	29
105	29
105	29
105	29
105	29
105	29
105	29
105	29
105	29
105	29
105	29
117	29
117	29
117	29
117	29
117	29
117	29
117	29
117	29
117	29
117	29
117	29
128	29
128	29
128	29
128	29
128	29
128	29
128	29
128	29
128	29
128	29
128	29
128	29
140	29
140	29
140	30
140	30
140	30
140	30
140	30
140	30
140	30
140	30
140	30
140	30
140	30
152	30
152	30
152	30
152	30
152	30
152	30
152	30
152	30
152	30
164	30
164	30
164	30
164	30
164	30
164	30
164	30
164	30
175	30
175	30
175	30
175	30
175	30
175	30
175	30
175	30
187	30
187	30
187	30
187	30
187	30
187	30
187	30
187	30
199	30
199	30
199	30
199	30
199	30
199	30
199	31
199	31
199	31
199	31
210	31
210	31
210	31
210	31
210	31
210	31
210	31
210	31
210	31
222	31
222	31
222	31
222	31
222	31
222	31
222	31
222	31
222	31
234	31
234	31
234	31
234	31
234	31
234	31
234	31
234	31
246	31
246	31
246	31
246	31
246	31
246	31
246	31
246	31
257	31
257	31
257	31
257	31
257	31
257	31
257	31
269	31
269	31
269	31
269	31
269	31
269	32
269	32
281	32
281	32
281	32
281	32
281	32
281	32
281	32
292	32
292	32
292	32
292	32
292	32
292	32
304	32
304	32
304	32
304	32
304	32
304	32
316	32
316	32
316	32
316	32
316	32
316	32
316	32
328	32
328	32
328	32
328	32
328	32
328	32
328	32
339	32
339	32
339	32
339	32
339	32
339	32
339	32
351	32
351	32
351	32
351	32
351	32
351	32
363	32
363	32
363	33
363	33
363	33
363	33
375	33
375	33
375	33
375	33
375	33
375	33
386	33
386	33
386	33
386	33
386	33
386	33
398	33
398	33
398	33
398	33
398	33
410	33
410	33
410	33
410	33
421	33
421	33
421	33
421	33
421	33
433	33
433	33
433	33
433	33
433	33
445	33
445	33
445	33
445	33
457	33
457	33
457	33
457	33
457	33
468	33
468	33
468	33
468	33
468	33
480	33
480	34
480	34
480	34
480	34
492	34
492	34
492	34
492	34
492	34
503	34
503	34
503	34
503	34
503	34
515	34
515	34
515	34
515	34
515	34
515	34
527	34
527	34
527	34
527	34
527	34
539	34
539	34
539	34
539	34
539	34
550	34
550	34
550	34
550	34
550	34
562	34
562	34
562	34
562	34
562	34
574	34
574	34
574	34
574	34
585	34
585	34
585	34
585	34
585	34
597	34
597	35
597	35
597	35
597	35
609	35
609	35
609	35
609	35
621	35
621	35
621	35
621	35
621	35
632	35
632	35
632	35
632	35
632	35
644	35
644	35
644	35
644	35
644	35
656	35
656	35
656	35
656	35
656	35
667	35
667	35
667	35
667	35
679	35
679	35
679	35
679	35
679	35
691	35
691	35
691	35
691	35
691	35
703	35
703	35
703	35
703	35
714	35
714	35
714	35
714	35
726	36
726	36
726	36
726	36
738	36
738	36
738	36
738	36
750	36
750	36
750	36
750	36
750	36
761	36
761	36
761	36
761	36
773	36
773	36
773	36
773	36
785	36
785	36
785	36
785	36
785	36
796	36
796	36
796	36
796	36
808	36
808	36
808	36
808	36
820	36
820	36
820	36
820	36
832	36
832	36
832	36
832	36
832	36
843	36
843	36
843	36
843	36
855	36
855	36
855	36
855	37
867	37
867	37
867	37
867	37
878	37
878	37
878	37
878	37
890	37
890	37
890	37
890	37
902	37
902	37
902	37
902	37
914	37
914	37
914	37
914	37
925	37
925	37
925	37
925	37
937	37
937	37
937	37
937	37
949	37
949	37
949	37
949	37
960	37
960	37
960	37
960	37
960	37
972	37
972	37
972	37
972	37
984	37
984	37
984	37
984	37
984	37
996	37
996	37
996	37
996	38
996	38
1007	38
1007	38
1007	38
1007	38
1007	38
1019	38
1019	38
1019	38
1019	38
1031	38
1031	38
1031	38
1031	38
1042	38
1042	38
1042	38
1042	38
1054	38
1054	38
1054	38
1054	38
1066	38
1066	38
1066	38
1078	38
1078	38
1078	38
1078	38
1089	38
1089	38
1089	38
1089	38
1101	38
1101	38
1101	38
1101	38
1113	38
1113	38
1113	38
1125	38
1125	38
1125	38
1125	38
1136	38
1136	38
1136	38
1136	38
1148	38
1148	39
1148	39
1160	39
1160	39
1160	39
1171	39
1171	39
1171	39
1171	39
1183	39
1183	39
1183	39
1195	39
1195	39
1195	39
1207	39
1207	39
1207	39
1207	39
1218	39
1218	39
1218	39
1230	39
1230	39
1230	39
1242	39
1242	39
1242	39
1242	39
1253	39
1253	39
1253	39
1265	39
1265	39
1265	39
1277	39
1277	39
1277	39
1277	39
1289	39
1289	39
1289	39
1289	39
1300	39
1300	39
1300	39
1312	39
1312	39
1312	39
1324	39
1324	40
1324	40
1324	40
1335	40
1335	40
1335	40
1347	40
1347	40
1347	40
1359	40
1359	40
1359	40
1371	40
1371	40
1382	40
1382	40
1382	40
1394	40
1394	40
1394	40
1406	40
1406	40
1406	40
1406	40
1417	40
1417	40
1417	40
1429	40
1429	40
1429	40
1429	40
1441	40
1441	40
1441	40
1453	40
1453	40
1453	40
1453	40
1464	40
1464	40
1464	40
1476	40
1476	40
1476	40
1488	40
1488	40
1488	40
1500	40
1500	40
1500	40
1511	41
1511	41
1511	41
1523	41
1523	41
1523	41
1535	41
1535	41
1535	41
1546	41
1546	41
1546	41
1558	41
1558	41
1558	41
1570	41
1570	41
1570	41
1582	41
1582	41
1582	41
1593	41
1593	41
1593	41
1605	41
1605	41
1605	41
1617	41
1617	41
1617	41
1628	41
1628	41
1628	41
1640	41
1640	41
1640	41
1652	41
1652	41
1652	41
1664	41
1664	41
1664	41
1664	41
1675	41
1675	41
1675	41
1687	41
1687	41
1687	41
1699	41
1699	42
1699	42
1710	42
1710	42
1710	42
1722	42
1722	42
1722	42
1722	42
1734	42
1734	42
1734	42
1746	42
1746	42
1746	42
1757	42
1757	42
1757	42
1757	42
1769	42
1769	42
1769	42
1781	42
1781	42
1781	42
1792	42
1792	42
1792	42
1804	42
1804	42
1804	42
1804	42
1816	42
1816	42
1828	42
1828	42
1828	42
1828	42
1839	42
1839	42
1851	42
1851	42
1851	42
1851	42
1863	42
1863	42
1875	42
1875	42
1875	42
1875	42
1886	43
1886	43
1886	43
1898	43
1898	43
1910	43
1910	43
1910	43
1921	43
1921	43
1921	43
1933	43
1933	43
1933	43
1945	43
1945	43
1945	43
1957	43
1957	43
1957	43
1968	43
1968	43
1980	43
1980	43
1980	43
1992	43
1992	43
1992	43
2003	43
2003	43
2003	43
2015	43
2015	43
2015	43
2027	43
2027	43
2039	43
2039	43
2039	43
2050	43
2050	43
2050	43
2062	43
2062	43
2062	43
2074	43
2074	43
2074	43
2085	43
2085	43
2085	44
2097	44
2097	44
2109	44
2109	44
2109	44
2121	44
2121	44
2121	44
2132	44
2132	44
2132	44
2144	44
2144	44
2156	44
2156	44
2156	44
2167	44
2167	44
2167	44
2179	44
2179	44
2179	44
2191	44
2191	44
2203	44
2203	44
2203	44
2214	44
2214	44
2214	44
2226	44
2226	44
2238	44
2238	44
2238	44
2250	44
2250	44
2250	44
2261	44
2261	44
2273	44
2273	44
2273	44
2285	44
2285	44
2296	44
2296	44
2296	44
2308	44
2308	45
2320	45
2320	45
2320	45
2332	45
2332	45
2343	45
2343	45
2343	45
2355	45
2355	45
2367	45
2367	45
2367	45
2378	45
2378	45
2390	45
2390	45
2390	45
2402	45
2402	45
2414	45
2414	45
2414	45
2425	45
2425	45
2437	45
2437	45
2437	45
2449	45
2449	45
2460	45
2460	45
2460	45
2472	45
2472	45
2472	45
2484	45
2484	45
2484	45
2496	45
2496	45
2496	45
2507	45
2507	45
2507	45
2519	45
2519	45
2531	45
2531	45
2531	46
2542	46
2542	46
2554	46
2554	46
2554	46
2566	46
2566	46
2578	46
2578	46
2578	46
2589	46
2589	46
2601	46
2601	46
2613	46
2613	46
2613	46
2625	46
2625	46
2636	46
2636	46
2636	46
2648	46
2648	46
2660	46
2660	46
2660	46
2671	46
2671	46
2683	46
2683	46
2683	46
2695	46
2695	46
2707	46
2707	46
2718	46
2718	46
2718	46
2730	46
2730	46
2742	46
2742	46
2742	46
2753	46
2753	46
2765	46
2765	46
2777	46
2777	47
2789	47
2789	47
2789	47
2800	47
2800	47
2812	47
2812	47
2824	47
2824	47
2824	47
2835	47
2835	47
2847	47
2847	47
2847	47
2859	47
2859	47
2871	47
2871	47
2882	47
2882	47
2894	47
2894	47
2894	47
2906	47
2906	47
2917	47
2917	47
2929	47
2929	47
2929	47
2941	47
2941	47
2953	47
2953	47
2964	47
2964	47
2976	47
2976	47
2976	47
2988	47
2988	47
3000	47
3000	47
3011	47
3011	47
3023	47
3023	47
3035	47
3035	48
3046	48
3046	48
3058	48
3058	48
3070	48
3070	48
3082	48
3082	48
3093	48
3093	48
3105	48
3105	48
3117	48
3117	48
3128	48
3128	48
3140	48
3140	48
3140	48
3152	48
3152	48
3164	48
3164	48
3175	48
3175	48
3187	48
3187	48
3199	48
3199	48
3210	48
3210	48
3210	48
3222	48
3222	48
3234	48
3234	48
3246	48
3246	48
3246	48
3257	48
3257	48
3269	48
3269	48
3281	48
3281	48
3281	48
3292	48
3292	48
3304	48
3304	49
3316	49
3316	49
3328	49
3328	49
3339	49
3339	49
3351	49
3351	49
3363	49
3363	49
3375	49
3375	49
3386	49
3386	49
3386	49
3398	49
3398	49
3410	49
3410	49
3421	49
3421	49
3433	49
3433	49
3445	49
3445	49
3445	49
3457	49
3457	49
3468	49
3468	49
3480	49
3480	49
3492	49
3492	49
3503	49
3503	49
3515	49
3515	49
3527	49
3527	49
3539	49
3539	49
3550	49
3550	49
3562	49
3562	49
3574	49
3574	49
3585	49
3585	50
3597	50
3597	50
3597	50
3609	50
3609	50
3621	50
3621	50
3632	50
3632	50
3644	50
3644	50
3656	50
3656	50
3667	50
3667	50
3679	50
3679	50
3691	50
3691	50
3703	50
3703	50
3714	50
3714	50
3726	50
3726	50
3738	50
3738	50
3750	50
3750	50
3761	50
3773	50
3773	50
3785	50
3785	50
3796	50
3808	50
3808	50
3820	50
3820	50
3832	50
3843	50
3843	50
3855	50
3855	50
3867	50
3867	50
3878	50
3878	50
3890	50
3890	51
3902	51
3902	51
3914	51
3914	51
3925	51
3925	51
3937	51
3937	51
3949	51
3960	51
3960	51
3972	51
3972	51
3984	51
3984	51
3996	51
3996	51
4007	51
4007	51
4007	51
4019	51
4019	51
4031	51
4031	51
4042	51
4042	51
4054	51
4054	51
4066	51
4078	51
4078	51
4089	51
4089	51
4101	51
4101	51
4113	51
4113	51
4125	51
4125	51
4136	51
4136	51
4148	51
4148	51
4160	51
4160	51
4171	51
4183	51
4183	51
4195	51
4195	52
4207	52
4207	52
4218	52
4218	52
4230	52
4230	52
4242	52
4242	52
4253	52
4265	52
4265	52
4277	52
4277	52
4289	52
4289	52
4300	52
4300	52
4312	52
4324	52
4324	52
4335	52
4335	52
4347	52
4347	52
4359	52
4359	52
4371	52
4371	52
4382	52
4394	52
4394	52
4406	52
4406	52
4417	52
4417	52
4429	52
4429	52
4441	52
4441	52
4453	52
4464	52
4464	52
4476	52
4476	52
4488	52
4500	52
4500	52
4511	52
4511	52
4523	53
4535	53
4535	53
4546	53
4558	53
4558	53
4570	53
4582	53
4582	53
4593	53
4605	53
4605	53
4617	53
4628	53
4628	53
4640	53
4640	53
4652	53
4652	53
4664	53
4675	53
4675	53
4687	53
4687	53
4699	53
4699	53
4710	53
4722	53
4722	53
4734	53
4734	53
4746	53
4746	53
4757	53
4769	53
4769	53
4781	53
4781	53
4792	53
4792	53
4804	53
4816	53
4816	53
4828	53
4828	53
4839	53
4851	53
4851	53
4863	53
4863	53
4875	54
4886	54
4886	54
4898	54
4898	54
4910	54
4910	54
4921	54
4933	54
4933	54
4945	54
4945	54
4957	54
4968	54
4968	54
4980	54
4980	54
4992	54
5003	54
5003	54
5015	54
5015	54
5027	54
5039	54
5039	54
5050	54
5062	54
5062	54
5074	54
5074	54
5085	54
5085	54
5097	54
5109	54
5109	54
5121	54
5132	54
5132	54
5144	54
5144	54
5156	54
5167	54
5167	54
5179	54
5179	54
5191	54
5203	54
5203	54
5214	54
5226	54
5226	55
5238	55
5250	55
5250	55
5261	55
5273	55
5273	55
5285	55
5296	55
5296	55
5308	55
5320	55
5332	55
5332	55
5343	55
5355	55
5355	55
5367	55
5378	55
5378	55
5390	55
5402	55
5402	55
5414	55
5425	55
5425	55
5437	55
5437	55
5449	55
5460	55
5460	55
5472	55
5484	55
5484	55
5496	55
5496	55
5507	55
5519	55
5519	55
5531	55
5531	55
5542	55
5554	55
5554	55
5566	55
5578	55
5578	55
5589	55
5601	55
5601	55
5613	56
5613	56
5625	56
5636	56
5636	56
5648	56
5660	56
5660	56
5671	56
5671	56
5683	56
5695	56
5695	56
5707	56
5718	56
5718	56
5730	56
5742	56
5742	56
5753	56
5765	56
5765	56
5777	56
5789	56
5789	56
5800	56
5812	56
5812	56
5824	56
5835	56
5835	56
5847	56
5847	56
5859	56
5871	56
5871	56
5882	56
5882	56
5894	56
5906	56
5906	56
5917	56
5929	56
5929	56
5941	56
5953	56
5953	56
5964	56
5976	56
5976	56
5988	57
6000	57
6011	57
6011	57
6023	57
6035	57
6046	57
6046	57
6058	57
6070	57
6082	57
6082	57
6093	57
6105	57
6117	57
6117	57
6128	57
6140	57
6140	57
6152	57
6164	57
6164	57
6175	57
6187	57
6187	57
6199	57
6210	57
6222	57
6222	57
6234	57
6246	57
6246	57
6257	57
6269	57
6281	57
6281	57
6292	57
6304	57
6304	57
6316	57
6328	57
6328	57
6339	57
6351	57
6351	57
6363	57
6375	57
6386	57
6386	57
6398	57
6410	58
6421	58
6421	58
6433	58
6445	58
6445	58
6457	58
6468	58
6480	58
6480	58
6492	58
6503	58
6515	58
6515	58
6527	58
6539	58
6539	58
6550	58
6562	58
6574	58
6574	58
6585	58
6597	58
6597	58
6609	58
6621	58
6621	58
6632	58
6644	58
6644	58
6656	58
6667	58
6667	58
6679	58
6691	58
6691	58
6703	58
6714	58
6726	58
6726	58
6738	58
6750	58
6761	58
6761	58
6773	58
6785	58
6796	58
6796	58
6808	58
6820	58
6832	59
6843	59
6843	59
6855	59
6867	59
6878	59
6890	59
6890	59
6902	59
6914	59
6914	59
6925	59
6937	59
6949	59
6949	59
6960	59
6972	59
6984	59
6984	59
6996	59
7007	59
7019	59
7019	59
7031	59
7042	59
7054	59
7054	59
7066	59
7078	59
7089	59
7089	59
7101	59
7113	59
7125	59
7125	59
7136	59
7148	59
7160	59
7171	59
7171	59
7183	59
7195	59
7207	59
7218	59
7218	59
7230	59
7242	59
7253	59
7253	59
7265	59
7277	60
7289	60
7289	60
7300	60
7312	60
7324	60
7324	60
7335	60
7347	60
7359	60
7359	60
7371	60
7382	60
7394	60
7394	60
7406	60
7417	60
7429	60
7429	60
7441	60
7453	60
7464	60
7464	60
7476	60
7488	60
7500	60
7511	60
7511	60
7523	60
7535	60
7546	60
7558	60
7570	60
7582	60
7593	60
7593	60
7605	60
7617	60
7628	60
7640	60
7640	60
7652	60
7664	60
7675	60
7687	60
7687	60
7699	60
7710	60
7722	60
7734	60
7746	61
7757	61
7769	61
7769	61
7781	61
7792	61
7804	61
7816	61
7816	61
7828	61
7839	61
7851	61
7863	61
7863	61
7875	61
7886	61
7898	61
7910	61
7921	61
7933	61
7933	61
7945	61
7957	61
7968	61
7980	61
7992	61
7992	61
8003	61
8015	61
8027	61
8039	61
8050	61
8050	61
8062	61
8074	61
8085	61
8085	61
8097	61
8109	61
8109	61
8121	61
8132	61
8144	61
8144	61
8156	61
8167	61
8179	61
8179	61
8191	61
8203	61
8214	62
8226	62
8238	62
8238	62
8250	62
8261	62
8273	62
8273	62
8285	62
8296	62
8308	62
8320	62
8332	62
8332	62
8343	62
8355	62
8367	62
8378	62
8390	62
8390	62
8402	62
8414	62
8425	62
8437	62
8449	62
8449	62
8460	62
8472	62
8484	62
8496	62
8507	62
8519	62
8531	62
8542	62
8542	62
8554	62
8566	62
8578	62
8589	62
8589	62
8601	62
8613	62
8625	62
8636	62
8648	62
8660	62
8671	62
8683	62
8695	62
8707	62
8718	63
8730	63
8742	63
8753	63
8765	63
8777	63
8789	63
8789	63
8800	63
8812	63
8824	63
8835	63
8847	63
8859	63
8859	63
8871	63
8882	63
8894	63
8906	63
8917	63
8917	63
8929	63
8941	63
8953	63
8964	63
8976	63
8988	63
8988	63
9000	63
9011	63
9023	63
9035	63
9046	63
9058	63
9058	63
9070	63
9082	63
9093	63
9105	63
9117	63
9117	63
9128	63
9140	63
9152	63
9164	63
9175	63
9187	63
9199	63
9199	63
9210	63
9222	64
9234	64
9246	64
9257	64
9269	64
9281	64
9281	64
9292	64
9304	64
9316	64
9328	64
9339	64
9339	64
9351	64
9363	64
9375	64
9386	64
9398	64
9410	64
9421	64
9433	64
9445	64
9468	64
9480	64
9492	64
9492	64
9503	64
9515	64
9527	64
9539	64
9550	64
9562	64
9574	64
9585	64
9585	64
9597	64
9609	64
9621	64
9632	64
9644	64
9656	64
9667	64
9679	64
9679	64
9691	64
9703	64
9714	64
9726	64
9738	64
9750	64
9761	65
9773	65
9785	65
9785	65
9796	65
9808	65
9820	65
9832	65
9843	65
9855	65
9867	65
9878	65
9878	65
9890	65
9902	65
9914	65
9925	65
9937	65
9949	65
9960	65
9972	65
9984	65
9996	65
10007	65
10019	65
10031	65
10042	65
10042	65
10054	65
10066	65
10078	65
10089	65
10101	65
10113	65
10125	65
10136	65
10148	65
10160	65
10171	65
10183	65
10207	65
10218	65
10230	65
10242	65
10253	65
10265	65
10277	65
10277	65
10289	65
10300	65
10312	66
10324	66
10335	66
10347	66
10359	66
10371	66
10382	66
10394	66
10406	66
10406	66
10417	66
10429	66
10441	66
10453	66
10464	66
10476	66
10488	66
10500	66
10511	66
10523	66
10523	66
10535	66
10546	66
10558	66
10570	66
10582	66
10593	66
10593	66
10605	66
10617	66
10628	66
10640	66
10652	66
10664	66
10675	66
10687	66
10699	66
10710	66
10710	66
10722	66
10734	66
10746	66
10757	66
10769	66
10781	66
10792	66
10792	66
10804	66
10816	66
10828	66
10839	67
10851	67
10863	67
10875	67
10886	67
10898	67
10910	67
10921	67
10945	67
10957	67
10968	67
10980	67
10992	67
11003	67
11015	67
11027	67
11039	67
11050	67
11062	67
11074	67
11085	67
11097	67
11109	67
11121	67
11132	67
11144	67
11156	67
11167	67
11179	67
11191	67
11203	67
11214	67
11226	67
11238	67
11250	67
11250	67
11261	67
11273	67
11285	67
11296	67
11308	67
11320	67
11332	67
11343	67
11355	67
11367	67
11378	67
11390	67
11402	67
11414	67
11425	68
11437	68
11449	68
11449	68
11460	68
11472	68
11484	68
11484	68
11496	68
11507	68
11519	68
11531	68
11542	68
11554	68
11566	68
11578	68
11578	68
11589	68
11601	68
11613	68
11625	68
11636	68
11648	68
11660	68
11671	68
11695	68
11707	68
11718	68
11730	68
11742	68
11753	68
11765	68
11777	68
11789	68
11789	68
11800	68
11812	68
11824	68
11835	68
11847	68
11871	68
11882	68
11894	68
11906	68
11917	68
11917	68
11929	68
11941	68
11953	68
11964	68
11976	69
11988	69
12000	69
12011	69
12023	69
12035	69
12046	69
12058	69
12070	69
12082	69
12093	69
12105	69
12117	69
12128	69
12140	69
12152	69
12164	69
12175	69
12187	69
12199	69
12210	69
12222	69
12234	69
12246	69
12257	69
12269	69
12281	69
12281	69
12292	69
12304	69
12316	69
12328	69
12339	69
12351	69
12363	69
12375	69
12386	69
12398	69
12410	69
12433	69
12445	69
12457	69
12468	69
12480	69
12492	69
12503	69
12515	69
12527	69
12539	69
12550	69
12562	70
12574	70
12585	70
12597	70
12609	70
12621	70
12632	70
12644	70
12656	70
12656	70
12667	70
12679	70
12691	70
12703	70
12714	70
12726	70
12738	70
12750	70
12761	70
12773	70
12785	70
12796	70
12808	70
12820	70
12832	70
12843	70
12855	70
12867	70
12878	70
12890	70
12902	70
12914	70
12925	70
12937	70
12949	70
12960	70
12972	70
12984	70
12996	70
12996	70
13007	70
13019	70
13031	70
13042	70
13054	70
13066	70
13078	70
13089	70
13101	70
13113	70
13125	71
13136	71
13148	71
13160	71
13171	71
13183	71
13207	71
13218	71
13230	71
13242	71
13253	71
13265	71
13277	71
13289	71
13300	71
13312	71
13324	71
13335	71
13347	71
13371	71
13382	71
13394	71
13406	71
13417	71
13429	71
13441	71
13453	71
13464	71
13476	71
13488	71
13500	71
13511	71
13535	71
13546	71
13558	71
13570	71
13582	71
13593	71
13605	71
13617	71
13640	71
13652	71
13664	71
13675	71
13687	71
13699	71
13710	71
13722	71
13734	71
13746	71
13757	72
13769	72
13781	72
13792	72
13804	72
13816	72
13828	72
13839	72
13851	72
13863	72
13875	72
13886	72
13898	72
13910	72
13921	72
13933	72
13945	72
13957	72
13968	72
13992	72
14003	72
14015	72
14027	72
14039	72
14050	72
14062	72
14074	72
14085	72
14097	72
14109	72
14121	72
14132	72
14144	72
14156	72
14167	72
14179	72
14191	72
14203	72
14226	72
14238	72
14250	72
14261	72
14273	72
14285	72
14296	72
14308	72
14320	72
14343	72
14355	72
14367	72
14378	73
14390	73
14402	73
14414	73
14425	73
14437	73
14449	73
14460	73
14472	73
14484	73
14496	73
14507	73
14519	73
14531	73
14542	73
14554	73
14566	73
14578	73
14589	73
14601	73
14613	73
14625	73
14636	73
14648	73
14660	73
14671	73
14683	73
14695	73
14718	73
14730	73
14742	73
14753	73
14765	73
14777	73
14789	73
14800	73
14812	73
14824	73
14835	73
14847	73
14859	73
14882	73
14894	73
14906	73
14917	73
14929	73
14941	73
14953	73
14964	73
14976	73
14988	74
15000	74
15023	74
15035	74
15046	74
15058	74
15070	74
15093	74
15105	74
15117	74
15128	74
15140	74
15152	74
15164	74
15175	74
15187	74
15199	74
15210	74
15222	74
15234	74
15246	74
15257	74
15269	74
15281	74
15292	74
15316	74
15328	74
15339	74
15351	74
15363	74
15375	74
15386	74
15398	74
15410	74
15421	74
15433	74
15445	74
15457	74
15468	74
15492	74
15503	74
15515	74
15527	74
15539	74
15550	74
15562	74
15574	74
15585	74
15597	74
15609	74
15621	75
15644	75
15656	75
15667	75
15679	75
15691	75
15703	75
15714	75
15726	75
15738	75
15761	75
15773	75
15785	75
15796	75
15820	75
15832	75
15843	75
15855	75
15867	75
15890	75
15902	75
15914	75
15925	75
15937	75
15949	75
15960	75
15972	75
15984	75
15996	75
16007	75
16019	75
16031	75
16054	75
16066	75
16078	75
16089	75
16101	75
16113	75
16125	75
16136	75
16148	75
16160	75
16171	75
16195	75
16207	75
16218	75
16230	75
16242	75
16253	75
16265	75
16277	76
16300	76
16312	76
16324	76
16335	76
16347	76
16359	76
16371	76
16382	76
16394	76
16406	76
16429	76
16441	76
16453	76
16464	76
16476	76
16488	76
16500	76
16523	76
16535	76
16546	76
16570	76
16582	76
16593	76
16617	76
16628	76
16640	76
16652	76
16664	76
16675	76
16687	76
16710	76
16722	76
16734	76
16746	76
16757	76
16769	76
16781	76
16792	76
16804	76
16816	76
16839	76
16851	76
16863	76
16875	76
16886	76
16898	76
16910	76
16933	76
16945	76
16957	77
16968	77
16980	77
16992	77
17003	77
17027	77
17039	77
17050	77
17062	77
17074	77
17085	77
17097	77
17121	77
17132	77
17144	77
17156	77
17167	77
17179	77
17191	77
17214	77
17226	77
17238	77
17250	77
17273	77
17285	77
17296	77
17320	77
17332	77
17343	77
17355	77
17378	77
17390	77
17402	77
17414	77
17425	77
17449	77
17460	77
17472	77
17484	77
17496	77
17507	77
17519	77
17531	77
17542	77
17566	77
17578	77
17589	77
17601	77
17613	77
17625	77
17648	78
17660	78
17671	78
17683	78
17695	78
17707	78
17718	78
17730	78
17753	78
17765	78
17777	78
17789	78
17800	78
17824	78
17835	78
17847	78
17859	78
17871	78
17882	78
17894	78
17906	78
17929	78
17941	78
17953	78
17964	78
17976	78
17988	78
18011	78
18023	78
18035	78
18058	78
18070	78
18082	78
18105	78
18117	78
18128	78
18140	78
18152	78
18175	78
18187	78
18199	78
18210	78
18222	78
18246	78
18257	78
18269	78
18281	78
18292	78
18316	78
18328	78
18339	79
18351	79
18375	79
18386	79
18398	79
18410	79
18421	79
18445	79
18457	79
18468	79
18480	79
18503	79
18515	79
18527	79
18539	79
18562	79
18574	79
18585	79
18597	79
18609	79
18621	79
18632	79
18656	79
18667	79
18679	79
18691	79
18703	79
18726	79
18738	79
18750	79
18761	79
18785	79
18796	79
18808	79
18832	79
18843	79
18855	79
18867	79
18890	79
18902	79
18914	79
18925	79
18949	79
18960	79
18972	79
18984	79
19007	79
19019	79
19031	79
19042	79
19054	80
19078	80
19089	80
19101	80
19113	80
19136	80
19148	80
19160	80
19183	80
19195	80
19207	80
19218	80
19242	80
19253	80
19265	80
19277	80
19300	80
19312	80
19324	80
19335	80
19359	80
19371	80
19382	80
19394	80
19406	80
19417	80
19441	80
19453	80
19464	80
19476	80
19500	80
19511	80
19523	80
19546	80
19558	80
19570	80
19593	80
19605	80
19617	80
19640	80
19652	80
19664	80
19675	80
19699	80
19710	80
19734	80
19746	80
19769	80
19781	80
19792	80
19804	81
19828	81
19839	81
19851	81
19863	81
19886	81
19898	81
19910	81
19933	81
19945	81
19968	81
19980	81
19992	81
20003	81
20027	81
20039	81
20050	81
20074	81
20085	81
20097	81
20109	81
20121	81
20132	81
20144	81
20156	81
20167	81
20191	81
20203	81
20214	81
20238	81
20250	81
20261	81
20273	81
20296	81
20308	81
20320	81
20332	81
20355	81
20367	81
20378	81
20402	81
20414	81
20425	81
20437	81
20460	81
20472	81
20484	81
20507	81
20519	81
20542	81
20554	82
20566	82
20578	82
20589	82
20613	82
20625	82
20648	82
20660	82
20683	82
20695	82
20718	82
20730	82
20753	82
20765	82
20777	82
20800	82
20812	82
20824	82
20835	82
20859	82
20871	82
20882	82
20906	82
20917	82
20929	82
20941	82
20964	82
20976	82
20988	82
21011	82
21023	82
21035	82
21046	82
21070	82
21082	82
21093	82
21117	82
21128	82
21140	82
21164	82
21175	82
21187	82
21199	82
21222	82
21234	82
21246	82
21269	82
21281	82
21292	82
21316	82
21328	83
21339	83
21351	83
21375	83
21386	83
21410	83
21421	83
21445	83
21468	83
21480	83
21492	83
21515	83
21527	83
21539	83
21562	83
21574	83
21585	83
21609	83
21621	83
21644	83
21656	83
21667	83
21679	83
21703	83
21714	83
21726	83
21750	83
21761	83
21773	83
21796	83
21808	83
21820	83
21843	83
21855	83
21867	83
21890	83
21902	83
21914	83
21937	83
21949	83
21960	83
21984	83
21996	83
22007	83
22031	83
22042	83
22054	83
22078	83
22089	83
22101	83
22125	84
22136	84
22160	84
22183	84
22207	84
22218	84
22242	84
22253	84
22277	84
22289	84
22300	84
22312	84
22335	84
22347	84
22371	84
22382	84
22394	84
22417	84
22429	84
22441	84
22464	84
22476	84
22488	84
22511	84
22523	84
22535	84
22546	84
22570	84
22582	84
22593	84
22605	84
22628	84
22640	84
22664	84
22675	84
22687	84
22710	84
22722	84
22734	84
22746	84
22769	84
22781	84
22792	84
22816	84
22828	84
22839	84
22863	84
22875	84
22898	84
22921	84
22933	85
22957	85
22980	85
22992	85
23015	85
23027	85
23039	85
23062	85
23074	85
23097	85
23109	85
23132	85
23144	85
23167	85
23179	85
23191	85
23214	85
23226	85
23250	85
23261	85
23273	85
23296	85
23308	85
23320	85
23343	85
23355	85
23367	85
23390	85
23402	85
23425	85
23437	85
23449	85
23472	85
23484	85
23496	85
23507	85
23519	85
23542	85
23554	85
23566	85
23589	85
23601	85
23625	85
23636	85
23648	85
23671	85
23695	85
23707	85
23730	85
23742	85
23765	86
23777	86
23789	86
23812	86
23824	86
23847	86
23859	86
23882	86
23894	86
23917	86
23929	86
23941	86
23964	86
23976	86
24000	86
24011	86
24035	86
24046	86
24058	86
24082	86
24093	86
24117	86
24128	86
24152	86
24164	86
24187	86
24199	86
24210	86
24234	86
24246	86
24257	86
24281	86
24292	86
24304	86
24328	86
24339	86
24363	86
24375	86
24398	86
24410	86
24433	86
24445	86
24468	86
24480	86
24503	86
24515	86
24539	86
24550	86
24574	86
24585	86
24597	87
24621	87
24632	87
24656	87
24667	87
24679	87
24703	87
24714	87
24738	87
24750	87
24773	87
24785	87
24796	87
24820	87
24832	87
24855	87
24867	87
24878	87
24902	87
24914	87
24937	87
24949	87
24960	87
24984	87
24996	87
25007	87
25019	87
25031	87
25054	87
25066	87
25089	87
25101	87
25113	87
25136	87
25148	87
25171	87
25183	87
25207	87
25218	87
25242	87
25265	87
25277	87
25289	87
25312	87
25324	87
25347	87
25371	87
25382	87
25406	87
25417	87
25441	88
25453	88
25464	88
25488	88
25500	88
25523	88
25546	88
25558	88
25582	88
25593	88
25617	88
25628	88
25652	88
25664	88
25687	88
25699	88
25710	88
25734	88
25746	88
25757	88
25781	88
25792	88
25816	88
25828	88
25851	88
25863	88
25875	88
25898	88
25910	88
25933	88
25945	88
25968	88
25980	88
26003	88
26015	88
26039	88
26050	88
26074	88
26085	88
26097	88
26121	88
26132	88
26156	88
26167	88
26179	88
26203	88
26214	88
26238	88
26250	88
26273	88
26285	89
26308	89
26320	89
26343	89
26355	89
26378	89
26390	89
26414	89
26425	89
26449	89
26460	89
26472	89
26484	89
26507	89
26519	89
26531	89
26554	89
26566	89
26589	89
26601	89
26613	89
26636	89
26648	89
26671	89
26683	89
26695	89
26718	89
26730	89
26753	89
26765	89
26789	89
26800	89
26812	89
26835	89
26847	89
26871	89
26882	89
26906	89
26917	89
26929	89
26953	89
26964	89
26988	89
27000	89
27023	89
27035	89
27058	89
27070	89
27093	89
27117	89
27128	90
27152	90
27164	90
27175	90
27199	90
27210	90
27234	90
27246	90
27257	90
27281	90
27292	90
27304	90
27328	90
27339	90
27363	90
27375	90
27398	90
27410	90
27421	90
27445	90
27457	90
27480	90
27492	90
27515	90
27527	90
27550	90
27562	90
27574	90
27597	90
27609	90
27621	90
27644	90
27656	90
27679	90
27691	90
27714	90
27726	90
27750	90
27761	90
27785	90
27796	90
27820	90
27843	90
27855	90
27878	90
27890	90
27914	90
27925	90
27937	90
27960	90
27972	91
27996	91
28007	91
28019	91
28042	91
28054	91
28066	91
28089	91
28101	91
28125	91
28136	91
28160	91
28171	91
28183	91
28207	91
28218	91
28242	91
28253	91
28277	91
28289	91
28312	91
28324	91
28335	91
28359	91
28371	91
28394	91
28406	91
28417	91
28441	91
28453	91
28476	91
28488	91
28511	91
28535	91
28546	91
28570	91
28593	91
28605	91
28628	91
28640	91
28664	91
28675	91
28699	91
28710	91
28722	91
28746	91
28757	91
28781	91
28792	91
28804	91
28828	92
28839	92
28863	92
28875	92
28898	92
28910	92
28921	92
28945	92
28957	92
28980	92
28992	92
29015	92
29027	92
29050	92
29062	92
29074	92
29097	92
29109	92
29132	92
29144	92
29167	92
29179	92
29203	92
29214	92
29238	92
29250	92
29273	92
29285	92
29308	92
29332	92
29355	92
29367	92
29390	92
29402	92
29414	92
29437	92
29449	92
29472	92
29484	92
29507	92
29519	92
29531	92
29554	92
29566	92
29589	92
29601	92
29625	92
29636	92
29660	92
29671	92
29683	93
29707	93
29718	93
29742	93
29753	93
29777	93
29789	93
29812	93
29824	93
29847	93
29859	93
29871	93
29894	93
29906	93
29929	93
29941	93
29964	93
29976	93
30000	93
30011	93
30035	93
30046	93
30070	93
30093	93
30105	93
30128	93
30140	93
30164	93
30175	93
30199	93
30210	93
30234	93
30246	93
30269	93
30281	93
30304	93
30316	93
30339	93
30351	93
30375	93
30386	93
30410	93
30421	93
30445	93
30468	93
30480	93
30503	93
30515	93
30539	93
30550	93
30574	94
30585	94
30597	94
30621	94
30632	94
30656	94
30667	94
30691	94
30703	94
30726	94
30738	94
30761	94
30773	94
30796	94
30820	94
30832	94
30855	94
30867	94
30890	94
30914	94
30925	94
30949	94
30960	94
30984	94
30996	94
31019	94
31031	94
31054	94
31066	94
31089	94
31101	94
31125	94
31136	94
31160	94
31183	94
31195	94
31218	94
31230	94
31253	94
31265	94
31289	94
31312	94
31324	94
31335	94
31359	94
31371	94
31394	94
31406	94
31429	94
31441	94
31464	95
31476	95
31500	95
31523	95
31535	95
31558	95
31582	95
31593	95
31617	95
31640	95
31652	95
31675	95
31687	95
31710	95
31722	95
31746	95
31769	95
31792	95
31804	95
31828	95
31839	95
31863	95
31875	95
31898	95
31921	95
31933	95
31957	95
31980	95
31992	95
32015	95
32027	95
32050	95
32074	95
32085	95
32097	95
32121	95
32132	95
32144	95
32167	95
32179	95
32203	95
32214	95
32238	95
32250	95
32273	95
32285	95
32308	95
32332	95
32343	95
32367	95
32378	96
32402	96
32414	96
32437	96
32460	96
32472	96
32496	96
32519	96
32531	96
32554	96
32566	96
32589	96
32601	96
32625	96
32648	96
32671	96
32695	96
32718	96
32730	96
32753	96
32765	96
32789	96
32812	96
32824	96
32847	96
32859	96
32882	96
32894	96
32917	96
32929	96
32953	96
32976	96
32988	96
33011	96
33023	96
33046	96
33058	96
33082	96
33093	96
33117	96
33140	96
33152	96
33175	96
33187	96
33210	96
33222	96
33246	96
33269	96
33281	96
33304	96
33316	97
33339	97
33351	97
33375	97
33398	97
33421	97
33445	97
33468	97
33492	97
33503	97
33527	97
33539	97
33562	97
33585	97
33597	97
33621	97
33644	97
33656	97
33679	97
33691	97
33714	97
33738	97
33750	97
33773	97
33785	97
33808	97
33820	97
33843	97
33867	97
33878	97
33902	97
33925	97
33937	97
33960	97
33972	97
33996	97
34019	97
34031	97
34054	97
34066	97
34089	97
34113	97
34125	97
34148	97
34171	97
34195	97
34218	97
34242	97
34265	97
34277	97
34300	98
34324	98
34335	98
34359	98
34382	98
34394	98
34417	98
34429	98
34453	98
34476	98
34488	98
34511	98
34523	98
34546	98
34558	98
34582	98
34593	98
34617	98
34628	98
34652	98
34675	98
34687	98
34710	98
34722	98
34746	98
34757	98
34781	98
34792	98
34816	98
34839	98
34851	98
34875	98
34898	98
34921	98
34945	98
34968	98
34992	98
35015	98
35027	98
35050	98
35074	98
35085	98
35109	98
35132	98
35156	98
35179	98
35191	98
35214	98
35238	98
35250	98
35273	99
35285	99
35308	99
35332	99
35343	99
35367	99
35378	99
35402	99
35425	99
35437	99
35460	99
35472	99
35496	99
35507	99
35519	99
35542	99
35566	99
35578	99
35601	99
35625	99
35636	99
35660	99
35683	99
35707	99
35718	99
35742	99
35765	99
35777	99
35800	99
35824	99
35847	99
35859	99
35882	99
35906	99
35917	99
35941	99
35964	99
35976	99
36000	99
36023	99
36046	99
36058	99
36082	99
36105	99
36117	99
36140	99
36164	99
36187	99
36199	99
36222	99
36234	100
36257	100
36269	100
36292	100
36316	100
36328	100
36351	100
36375	100
36398	100
36410	100
36433	100
36457	100
36480	100
36503	100
36515	100
36539	100
36562	100
36574	100
36597	100
36621	100
36632	100
36656	100
36679	100
36691	100
36714	100
36738	100
36750	100
36773	100
36796	100
36808	100
36832	100
36855	100
36867	100
36890	100
36914	100
36937	100
36949	100
36972	100
36984	100
36996	100
37019	100
37031	100
37054	100
37078	100
37089	100
37113	100
37136	100
37148	100
37171	100
37195	100
37218	101
37242	101
37265	101
37277	101
37300	101
37324	101
37347	101
37371	101
37394	101
37417	101
37429	101
37453	101
37476	101
37488	101
37511	101
37535	101
37558	101
37582	101
37605	101
37628	101
37640	101
37664	101
37687	101
37710	101
37722	101
37746	101
37757	101
37781	101
37804	101
37816	101
37839	101
37863	101
37886	101
37898	101
37921	101
37945	101
37968	101
37992	101
38003	101
38027	101
38050	101
38074	101
38085	101
38109	101
38132	101
38144	101
38167	101
38191	101
38214	101
38226	101
38250	102
38273	102
38296	102
38320	102
38343	102
38355	102
38378	102
38402	102
38425	102
38437	102
38460	102
38484	102
38496	102
38519	102
38531	102
38554	102
38578	102
38589	102
38613	102
38636	102
38648	102
38671	102
38695	102
38718	102
38730	102
38753	102
38777	102
38800	102
38824	102
38835	102
38859	102
38882	102
38894	102
38917	102
38941	102
38964	102
38976	102
39000	102
39023	102
39046	102
39070	102
39093	102
39117	102
39140	102
39152	102
39175	102
39199	102
39222	102
39234	102
39257	102
39281	103
39292	103
39316	103
39339	103
39363	103
39375	103
39398	103
39421	103
39445	103
39457	103
39480	103
39503	103
39527	103
39539	103
39562	103
39585	103
39609	103
39621	103
39644	103
39667	103
39691	103
39703	103
39726	103
39750	103
39773	103
39796	103
39820	103
39843	103
39867	103
39890	103
39914	103
39925	103
39949	103
39972	103
39996	103
40007	103
40031	103
40054	103
40066	103
40089	103
40113	103
40136	103
40148	103
40171	103
40195	103
40218	103
40230	103
40253	103
40277	103
40300	103
40324	104
40335	104
40359	104
40382	104
40406	104
40417	104
40441	104
40464	104
40488	104
40511	104
40535	104
40558	104
40582	104
40605	104
40628	104
40640	104
40664	104
40687	104
40710	104
40734	104
40746	104
40769	104
40792	104
40804	104
40828	104
40851	104
40875	104
40898	104
40910	104
40933	104
40957	104
40980	104
40992	104
41015	104
41039	104
41062	104
41085	104
41109	104
41121	104
41144	104
41167	104
41191	104
41203	104
41226	104
41250	104
41273	104
41296	104
41320	104
41355	104
41367	104
41390	105
41414	105
41437	105
41460	105
41472	105
41496	105
41519	105
41531	105
41554	105
41578	105
41601	105
41625	105
41636	105
41660	105
41683	105
41707	105
41718	105
41742	105
41765	105
41789	105
41812	105
41824	105
41847	105
41871	105
41882	105
41906	105
41929	105
41953	105
41976	105
41988	105
42011	105
42035	105
42058	105
42082	105
42105	105
42128	105
42152	105
42175	105
42199	105
42222	105
42234	105
42257	105
42281	105
42304	105
42328	105
42339	105
42363	105
42386	105
42410	105
42433	105
42457	106
42480	106
42492	106
42515	106
42539	106
42562	106
42585	106
42597	106
42621	106
42644	106
42667	106
42679	106
42703	106
42726	106
42750	106
42773	106
42796	106
42820	106
42843	106
42867	106
42890	106
42902	106
42925	106
42949	106
42972	106
42996	106
43019	106
43031	106
43054	106
43078	106
43101	106
43125	106
43148	106
43171	106
43183	106
43207	106
43230	106
43253	106
43277	106
43300	106
43324	106
43335	106
43359	106
43382	106
43406	106
43417	106
43441	106
43464	106
43488	106
43511	106
43535	107
43558	107
43582	107
43605	107
43628	107
43652	107
43664	107
43687	107
43710	107
43734	107
43769	107
43792	107
43804	107
43828	107
43851	107
43875	107
43898	107
43921	107
43945	107
43968	107
43992	107
44015	107
44039	107
44050	107
44074	107
44097	107
44109	107
44132	107
44156	107
44167	107
44191	107
44214	107
44238	107
44261	107
44285	107
44296	107
44320	107
44343	107
44367	107
44390	107
44414	107
44437	107
44460	107
44472	107
44507	107
44531	107
44542	107
44566	107
44589	107
44613	107
44636	108
44660	108
44695	108
44718	108
44742	108
44765	108
44789	108
44800	108
44824	108
44847	108
44871	108
44894	108
44917	108
44941	108
44964	108
44988	108
45000	108
45023	108
45046	108
45070	108
45093	108
45117	108
45128	108
45152	108
45175	108
45199	108
45222	108
45246	108
45269	108
45292	108
45304	108
45328	108
45351	108
45375	108
45398	108
45433	108
45457	108
45480	108
45503	108
45527	108
45550	108
45574	108
45597	108
45621	108
45644	108
45656	108
45679	108
45703	108
45726	108
45750	108
45773	109
45796	109
45820	109
45832	109
45855	109
45878	109
45902	109
45925	109
45949	109
45972	109
45996	109
46019	109
46042	109
46066	109
46089	109
46101	109
46136	109
46160	109
46183	109
46218	109
46242	109
46265	109
46289	109
46312	109
46335	109
46359	109
46382	109
46394	109
46417	109
46441	109
46464	109
46488	109
46511	109
46535	109
46546	109
46570	109
46593	109
46617	109
46640	109
46664	109
46687	109
46699	109
46722	109
46746	109
46769	109
46792	109
46816	109
46828	109
46851	109
46875	109
46910	110
46933	110
46968	110
46992	110
47015	110
47039	110
47062	110
47085	110
47109	110
47132	110
47156	110
47179	110
47203	110
47226	110
47250	110
47273	110
47296	110
47320	110
47343	110
47367	110
47390	110
47414	110
47437	110
47449	110
47472	110
47496	110
47507	110
47531	110
47554	110
47578	110
47601	110
47625	110
47648	110
47671	110
47695	110
47718	110
47742	110
47765	110
47789	110
47812	110
47835	110
47859	110
47882	110
47906	110
47929	110
47953	110
47976	110
48000	110
48023	110
48046	110
48070	111
48093	111
48117	111
48140	111
48164	111
48187	111
48210	111
48234	111
48246	111
48269	111
48292	111
48316	111
48339	111
48363	111
48386	111
48410	111
48433	111
48468	111
48492	111
48515	111
48539	111
48562	111
48585	111
48609	111
48632	111
48656	111
48667	111
48691	111
48714	111
48738	111
48761	111
48785	111
48808	111
48832	111
48855	111
48878	111
48902	111
48925	111
48949	111
48972	111
48984	111
49007	111
49031	111
49054	111
49078	111
49101	111
49125	111
49148	111
49171	111
49195	111
49218	112
49242	112
49265	112
49289	112
49312	112
49335	112
49371	112
49394	112
49417	112
49441	112
49464	112
49488	112
49511	112
49546	112
49570	112
49593	112
49617	112
49640	112
49664	112
49687	112
49710	112
49734	112
49757	112
49781	112
49804	112
49828	112
49851	112
49875	112
49898	112
49921	112
49945	112
49968	112
49992	112
50015	112
50039	112
50062	112
50085	112
50109	112
50132	112
50156	112
50179	112
50203	112
50226	112
50250	112
50273	112
50296	112
50320	112
50343	112
50367	112
50402	112
50425	113
50449	113
50460	113
50484	113
50507	113
50531	113
50554	113
50578	113
50601	113
50625	113
50648	113
50671	113
50695	113
50718	113
50742	113
50765	113
50789	113
50812	113
50835	113
50859	113
50882	113
50906	113
50929	113
50953	113
50976	113
51000	113
51023	113
51058	113
51082	113
51105	113
51128	113
51152	113
51175	113
51199	113
51222	113
51246	113
51269	113
51292	113
51316	113
51339	113
51363	113
51386	113
51410	113
51433	113
51457	113
51480	113
51503	113
51527	113
51550	113
51574	113
51597	114
51621	114
51644	114
51667	114
51691	114
51714	114
51738	114
51761	114
51796	114
51820	114
51843	114
51878	114
51902	114
51925	114
51949	114
51972	114
51996	114
52007	114
52031	114
52054	114
52078	114
52101	114
52125	114
52148	114
52171	114
52195	114
52218	114
52242	114
52265	114
52300	114
52324	114
52335	114
52359	114
52394	114
52417	114
52441	114
52464	114
52488	114
52511	114
52535	114
52570	114
52593	114
52617	114
52640	114
52664	114
52699	114
52722	114
52746	114
52769	114
52792	114
52816	115
52839	115
52863	115
52886	115
52910	115
52933	115
52957	115
52980	115
53003	115
53027	115
53050	115
53074	115
53097	115
53132	115
53156	115
53179	115
53203	115
53226	115
53250	115
53273	115
53308	115
53332	115
53355	115
53390	115
53414	115
53437	115
53460	115
53484	115
53507	115
53531	115
53554	115
53578	115
53601	115
53625	115
53648	115
53671	115
53695	115
53718	115
53742	115
53765	115
53789	115
53812	115
53835	115
53859	115
53882	115
53906	115
53929	115
53953	115
53976	115
54000	115
54035	116
54058	116
54082	116
54117	116
54140	116
54164	116
54187	116
54210	116
54234	116
54257	116
54292	116
54316	116
54339	116
54363	116
54386	116
54410	116
54433	116
54468	116
54492	116
54515	116
54539	116
54562	116
54585	116
54609	116
54632	116
54656	116
54679	116
54703	116
54726	116
54761	116
54785	116
54808	116
54843	116
54867	116
54890	116
54914	116
54937	116
54960	116
54984	116
55007	116
55042	116
55066	116
55089	116
55113	116
55136	116
55160	116
55183	116
55218	116
55242	116
55265	116
55289	117
55312	117
55335	117
55359	117
55382	117
55406	117
55429	117
55453	117
55488	117
55511	117
55535	117
55558	117
55593	117
55617	117
55640	117
55664	117
55687	117
55722	117
55746	117
55781	117
55804	117
55828	117
55851	117
55875	117
55898	117
55933	117
55957	117
55980	117
56015	117
56039	117
56062	117
56085	117
56109	117
56121	117
56144	117
56167	117
56191	117
56226	117
56250	117
56273	117
56296	117
56320	117
56343	117
56367	117
56402	117
56425	117
56449	117
56472	117
56496	117
56531	117
56554	118
56578	118
56601	118
56625	118
56660	118
56695	118
56718	118
56742	118
56777	118
56800	118
56824	118
56847	118
56871	118
56894	118
56917	118
56941	118
56976	118
57000	118
57023	118
57046	118
57070	118
57093	118
57117	118
57140	118
57175	118
57199	118
57222	118
57246	118
57269	118
57292	118
57316	118
57339	118
57375	118
57398	118
57433	118
57457	118
57492	118
57515	118
57539	118
57562	118
57585	118
57621	118
57644	118
57667	118
57691	118
57714	118
57738	118
57761	118
57796	118
57820	118
57843	119
57867	119
57890	119
57925	119
57949	119
57972	119
57996	119
58019	119
58054	119
58078	119
58101	119
58125	119
58160	119
58195	119
58218	119
58253	119
58277	119
58300	119
58324	119
58347	119
58382	119
58406	119
58429	119
58453	119
58476	119
58500	119
58523	119
58546	119
58570	119
58593	119
58628	119
58652	119
58675	119
58699	119
58722	119
58746	119
58769	119
58792	119
58816	119
58851	119
58875	119
58898	119
58933	119
58968	119
58992	119
59027	119
59050	119
59074	119
59097	119
59132	119
59156	120
59179	120
59214	120
59238	120
59261	120
59285	120
59308	120
59332	120
59367	120
59390	120
59414	120
59437	120
59460	120
59484	120
59507	120
59531	120
59554	120
59578	120
59601	120
59625	120
59660	120
59683	120
59718	120
59742	120
59765	120
59789	120
59824	120
59847	120
59871	120
59906	120
59929	120
59953	120
59976	120
60011	120
60035	120
60058	120
60093	120
60117	120
60140	120
60164	120
60199	120
60222	120
60246	120
60269	120
60292	120
60316	120
60339	120
60375	120
60398	120
60421	120
60457	121
60480	121
60515	121
60539	121
60562	121
60585	121
60609	121
60644	121
60667	121
60691	121
60714	121
60738	121
60773	121
60796	121
60820	121
60843	121
60867	121
60890	121
60925	121
60949	121
60972	121
60996	121
61007	121
61031	121
61066	121
61089	121
61113	121
61136	121
61171	121
61195	121
61218	121
61253	121
61277	121
61300	121
61335	121
61359	121
61394	121
61417	121
61441	121
61476	121
61500	121
61523	121
61558	121
61582	121
61617	121
61640	121
61664	121
61699	121
61722	121
61746	121
61769	122
61792	122
61816	122
61851	122
61875	122
61898	122
61933	122
61957	122
61980	122
62015	122
62039	122
62062	122
62085	122
62121	122
62144	122
62167	122
62191	122
62226	122
62250	122
62273	122
62308	122
62332	122
62355	122
62390	122
62414	122
62437	122
62460	122
62484	122
62507	122
62531	122
62566	122
62589	122
62613	122
62636	122
62671	122
62695	122
62718	122
62742	122
62777	122
62800	122
62824	122
62847	122
62882	122
62906	122
62929	122
62953	122
62976	122
63011	122
63035	122
63070	122
63093	123
63128	123
63152	123
63175	123
63199	123
63234	123
63257	123
63281	123
63304	123
63328	123
63363	123
63386	123
63410	123
63433	123
63457	123
63492	123
63515	123
63539	123
63574	123
63597	123
63621	123
63644	123
63679	123
63703	123
63726	123
63761	123
63785	123
63820	123
63843	123
63878	123
63902	123
63925	123
63960	123
63984	123
64007	123
64031	123
64054	123
64089	123
64113	123
64136	123
64160	123
64195	123
64218	123
64242	123
64265	123
64300	123
64324	123
64347	123
64371	123
64406	123
64429	124
64453	124
64476	124
64511	124
64535	124
64570	124
64605	124
64628	124
64652	124
64687	124
64710	124
64734	124
64757	124
64781	124
64816	124
64839	124
64863	124
64898	124
64921	124
64945	124
64968	124
65003	124
65027	124
65050	124
65074	124
65109	124
65132	124
65156	124
65191	124
65214	124
65238	124
65273	124
65308	124
65332	124
65367	124
65390	124
65414	124
65449	124
65472	124
65496	124
65519	124
65554	124
65578	124
65601	124
65636	124
65660	124
65683	124
65707	124
65742	124
65765	124
65789	125
65824	125
65847	125
65871	125
65894	125
65929	125
65953	125
65976	125
66011	125
66035	125
66070	125
66093	125
66128	125
66152	125
66175	125
66210	125
66234	125
66269	125
66292	125
66316	125
66339	125
66375	125
66398	125
66433	125
66457	125
66480	125
66515	125
66539	125
66562	125
66585	125
66621	125
66644	125
66667	125
66691	125
66726	125
66750	125
66773	125
66808	125
66843	125
66867	125
66890	125
66925	125
66949	125
66972	125
67007	125
67031	125
67054	125
67089	125
67113	125
67136	125
67171	126
67195	126
67230	126
67253	126
67289	126
67312	126
67335	126
67359	126
67394	126
67417	126
67441	126
67476	126
67500	126
67535	126
67558	126
67593	126
67617	126
67652	126
67675	126
67710	126
67734	126
67769	126
67804	126
67828	126
67851	126
67886	126
67910	126
67945	126
67968	126
68003	126
68027	126
68062	126
68085	126
68109	126
68132	126
68156	126
68179	126
68214	126
68238	126
68261	126
68296	126
68320	126
68343	126
68378	126
68402	126
68437	126
68460	126
68484	126
68519	126
68554	126
68578	127
68601	127
68636	127
68671	127
68695	127
68730	127
68765	127
68789	127
68812	127
68847	127
68871	127
68894	127
68929	127
68953	127
68988	127
69011	127
69035	127
69058	127
69093	127
69117	127
69152	127
69175	127
69199	127
69234	127
69257	127
69292	127
69316	127
69339	127
69375	127
69398	127
69433	127
69468	127
69503	127
69527	127
69562	127
69585	127
69621	127
69644	127
69667	127
69703	127
69726	127
69761	127
69785	127
69808	127
69843	127
69867	127
69902	127
69925	127
69960	127
69984	127
70019	128
70042	128
70066	128
70101	128
70125	128
70160	128
70195	128
70230	128
70265	128
70289	128
70324	128
70347	128
70382	128
70406	128
70429	128
70464	128
70488	128
70511	128
70546	128
70570	128
70593	128
70617	128
70652	128
70675	128
70710	128
70734	128
70757	128
70781	128
70816	128
70839	128
70875	128
70898	128
70933	128
70968	128
71003	128
71027	128
71062	128
71085	128
71121	128
71156	128
71179	128
71214	128
71238	128
71273	128
71296	128
71320	128
71355	128
71378	128
71414	128
71437	128
71460	129
71484	129
71507	129
71531	129
71566	129
71589	129
71625	129
71648	129
71683	129
71718	129
71742	129
71777	129
71800	129
71835	129
71859	129
71894	129
71917	129
71953	129
71976	129
72011	129
72035	129
72070	129
72093	129
72128	129
72152	129
72187	129
72210	129
72234	129
72269	129
72292	129
72328	129
72351	129
72386	129
72410	129
72445	129
72480	129
72503	129
72539	129
72562	129
72597	129
72621	129
72644	129
72679	129
72703	129
72738	129
72761	129
72796	129
72820	129
72843	129
72878	129
72902	130
72937	130
72960	130
72984	130
73007	130
73031	130
73066	130
73089	130
73125	130
73148	130
73183	130
73207	130
73242	130
73265	130
73300	130
73324	130
73359	130
73394	130
73429	130
73453	130
73488	130
73511	130
73546	130
73582	130
73605	130
73640	130
73664	130
73699	130
73722	130
73757	130
73781	130
73804	130
73839	130
73863	130
73898	130
73933	130
73957	130
73992	130
74015	130
74050	130
74074	130
74109	130
74132	130
74167	130
74191	130
74226	130
74250	130
74285	130
74320	130
74343	130
74378	131
74402	131
74437	131
74460	131
74496	131
74519	131
74542	131
74578	131
74601	131
74636	131
74660	131
74695	131
74718	131
74753	131
74777	131
74812	131
74835	131
74871	131
74894	131
74929	131
74953	131
74976	131
75011	131
75046	131
75082	131
75105	131
75140	131
75164	131
75199	131
75222	131
75257	131
75281	131
75304	131
75339	131
75363	131
75398	131
75421	131
75457	131
75480	131
75515	131
75539	131
75574	131
75597	131
75621	131
75656	131
75679	131
75714	131
75750	131
75773	131
75808	131
75843	132
75878	132
75902	132
75937	132
75960	132
75996	132
76019	132
76042	132
76078	132
76113	132
76136	132
76160	132
76195	132
76218	132
76253	132
76289	132
76312	132
76347	132
76371	132
76406	132
76429	132
76464	132
76488	132
76523	132
76558	132
76593	132
76628	132
76652	132
76687	132
76710	132
76746	132
76769	132
76804	132
76828	132
76863	132
76886	132
76921	132
76945	132
76980	132
77003	132
77039	132
77074	132
77097	132
77132	132
77156	132
77191	132
77214	132
77250	132
77285	132
77320	132
77355	133
77378	133
77414	133
77437	133
77472	133
77496	133
77531	133
77554	133
77589	133
77613	133
77648	133
77671	133
77707	133
77730	133
77765	133
77789	133
77824	133
77847	133
77882	133
77906	133
77929	133
77964	133
78000	133
78023	133
78058	133
78093	133
78128	133
78164	133
78187	133
78222	133
78246	133
78281	133
78304	133
78339	133
78375	133
78398	133
78433	133
78468	133
78492	133
78527	133
78562	133
78585	133
78621	133
78644	133
78679	133
78703	133
78738	133
78761	133
78796	133
78832	133
78867	134
78902	134
78925	134
78960	134
78984	134
79019	134
79054	134
79078	134
79113	134
79136	134
79171	134
79207	134
79242	134
79265	134
79300	134
79335	134
79359	134
79382	134
79417	134
79453	134
79476	134
79511	134
79546	134
79582	134
79605	134
79640	134
79675	134
79699	134
79734	134
79769	134
79804	134
79828	134
79863	134
79898	134
79933	134
79968	134
79992	134
80027	134
80062	134
80085	134
80109	134
80132	134
80167	134
80203	134
80226	134
80261	134
80285	134
80320	134
80343	134
80378	134
80414	135
80437	135
80472	135
80507	135
80542	135
80566	135
80601	135
80636	135
80671	135
80707	135
80742	135
80777	135
80800	135
80835	135
80871	135
80894	135
80929	135
80964	135
80988	135
81023	135
81046	135
81082	135
81117	135
81140	135
81175	135
81210	135
81234	135
81269	135
81292	135
81328	135
81363	135
81386	135
81433	135
81468	135
81503	135
81527	135
81562	135
81597	135
81621	135
81656	135
81691	135
81714	135
81750	135
81773	135
81808	135
81843	135
81867	135
81902	135
81937	135
81960	135
81996	136
82031	136
82066	136
82089	136
82125	136
82160	136
82207	136
82242	136
82265	136
82300	136
82335	136
82359	136
82394	136
82429	136
82453	136
82488	136
82523	136
82546	136
82570	136
82605	136
82640	136
82664	136
82699	136
82722	136
82757	136
82792	136
82816	136
82851	136
82886	136
82921	136
82957	136
83003	136
83027	136
83062	136
83097	136
83132	136
83167	136
83191	136
83226	136
83261	136
83285	136
83320	136
83355	136
83378	136
83414	136
83449	136
83472	136
83496	136
83531	136
83554	136
83589	137
83625	137
83648	137
83683	137
83718	137
83753	137
83789	137
83812	137
83847	137
83882	137
83917	137
83941	137
83976	137
84011	137
84046	137
84070	137
84105	137
84140	137
84175	137
84199	137
84234	137
84257	137
84292	137
84328	137
84351	137
84386	137
84421	137
84457	137
84492	137
84527	137
84550	137
84585	137
84621	137
84644	137
84679	137
84714	137
84750	137
84773	137
84808	137
84832	137
84867	137
84902	137
84937	137
84960	137
84984	137
85007	137
85042	137
85078	137
85101	137
85136	137
85171	138
85207	138
85242	138
85265	138
85300	138
85335	138
85371	138
85406	138
85441	138
85464	138
85500	138
85535	138
85570	138
85605	138
85640	138
85675	138
85699	138
85734	138
85757	138
85792	138
85828	138
85851	138
85886	138
85921	138
85957	138
85980	138
86015	138
86050	138
86085	138
86109	138
86144	138
86179	138
86214	138
86238	138
86273	138
86308	138
86343	138
86378	138
86414	138
86437	138
86472	138
86496	138
86531	138
86554	138
86589	138
86625	138
86648	138
86683	138
86718	138
86753	138
86777	139
86812	139
86847	139
86871	139
86906	139
86941	139
86976	139
87000	139
87035	139
87070	139
87105	139
87140	139
87175	139
87210	139
87234	139
87269	139
87292	139
87328	139
87363	139
87386	139
87421	139
87457	139
87480	139
87515	139
87550	139
87574	139
87609	139
87644	139
87667	139
87703	139
87738	139
87773	139
87808	139
87843	139
87878	139
87914	139
87937	139
87972	139
87996	139
88031	139
88066	139
88089	139
88125	139
88160	139
88183	139
88218	139
88242	139
88277	139
88312	139
88347	139
88371	140
88406	140
88441	140
88464	140
88500	140
88535	140
88582	140
88617	140
88652	140
88675	140
88710	140
88746	140
88769	140
88804	140
88839	140
88863	140
88898	140
88933	140
88957	140
88992	140
89027	140
89062	140
89085	140
89121	140
89156	140
89191	140
89214	140
89250	140
89285	140
89320	140
89367	140
89390	140
89425	140
89460	140
89484	140
89519	140
89554	140
89578	140
89613	140
89648	140
89671	140
89707	140
89742	140
89765	140
89800	140
89835	140
89859	140
89894	140
89929	140
89953	140
89988	141
90023	141
90058	141
90093	141
90128	141
90164	141
90187	141
90222	141
90257	141
90292	141
90316	141
90351	141
90386	141
90421	141
90445	141
90480	141
90515	141
90550	141
90574	141
90609	141
90644	141
90667	141
90703	141
90738	141
90773	141
90796	141
90843	141
90867	141
90902	141
90937	141
90972	141
91007	141
91031	141
91066	141
91101	141
91136	141
91160	141
91195	141
91230	141
91265	141
91300	141
91335	141
91359	141
91394	141
91429	141
91453	141
91488	141
91523	141
91558	141
91593	141
91628	142
91664	142
91699	142
91734	142
91769	142
91804	142
91828	142
91863	142
91898	142
91933	142
91968	142
92003	142
92039	142
92074	142
92097	142
92121	142
92156	142
92179	142
92214	142
92250	142
92273	142
92308	142
92343	142
92378	142
92402	142
92437	142
92472	142
92507	142
92542	142
92578	142
92601	142
92636	142
92683	142
92718	142
92753	142
92789	142
92824	142
92847	142
92882	142
92917	142
92941	142
92976	142
93011	142
93046	142
93070	142
93105	142
93140	142
93175	142
93199	142
93234	142
93269	143
93304	143
93328	143
93363	143
93398	143
93445	143
93480	143
93515	143
93539	143
93574	143
93609	143
93644	143
93679	143
93703	143
93738	143
93773	143
93808	143
93832	143
93867	143
93902	143
93937	143
93960	143
93996	143
94031	143
94066	143
94101	143
94136	143
94171	143
94207	143
94242	143
94277	143
94312	143
94347	143
94371	143
94406	143
94441	143
94476	143
94500	143
94535	143
94558	143
94593	143
94617	143
94652	143
94687	143
94722	143
94746	143
94781	143
94804	143
94839	143
94875	143
94910	144
94957	144
94992	144
95027	144
95050	144
95085	144
95132	144
95167	144
95191	144
95226	144
95261	144
95296	144
95320	144
95355	144
95390	144
95425	144
95449	144
95484	144
95507	144
95531	144
95566	144
95601	144
95636	144
95671	144
95707	144
95742	144
95765	144
95800	144
95835	144
95871	144
95906	144
95941	144
95976	144
96000	144
96035	144
96070	144
96105	144
96140	144
96164	144
96199	144
96234	144
96257	144
96292	144
96328	144
96351	144
96386	144
96421	144
96457	144
96492	144
96527	144
96562	145
96585	145
96621	145
96656	145
96679	145
96714	145
96750	145
96785	145
96808	145
96843	145
96878	145
96902	145
96937	145
96972	145
96996	145
97019	145
97054	145
97078	145
97113	145
97148	145
97183	145
97218	145
97253	145
97277	145
97312	145
97347	145
97394	145
97417	145
97453	145
97488	145
97523	145
97558	145
97593	145
97628	145
97664	145
97699	145
97722	145
97757	145
97781	145
97816	145
97851	145
97886	145
97910	145
97945	145
97980	145
98015	145
98050	145
98085	145
98109	145
98144	145
98179	146
98214	146
98238	146
98273	146
98308	146
98343	146
98378	146
98414	146
98437	146
98472	146
98496	146
98531	146
98554	146
98589	146
98625	146
98648	146
98683	146
98718	146
98753	146
98777	146
98812	146
98847	146
98871	146
98906	146
98941	146
98976	146
99000	146
99035	146
99070	146
99105	146
99140	146
99175	146
99210	146
99234	146
99257	146
99292	146
99328	146
99351	146
99386	146
99421	146
99445	146
99480	146
99515	146
99550	146
99574	146
99609	146
99644	146
99667	146
99703	146
99738	146
99773	147
99808	147
99843	147
99878	147
99914	147
99937	147
99972	147
100007	147
100031	147
100066	147
100101	147
100125	147
100160	147
100183	147
100218	147
100253	147
100289	147
100312	147
100347	147
100382	147
100417	147
100441	147
100476	147
100511	147
100546	147
100582	147
100617	147
100652	147
100687	147
100710	147
100746	147
100769	147
100804	147
100839	147
100875	147
100898	147
100933	147
100968	147
100992	147
101027	147
101062	147
101085	147
101121	147
101156	147
101191	147
101214	147
101250	147
101285	147
101320	147
101355	147
101390	148
101425	148
101449	148
101484	148
101507	148
101542	148
101578	148
101601	148
101636	148
101671	148
101695	148
101730	148
101765	148
101789	148
101824	148
101859	148
101882	148
101917	148
101941	148
101976	148
102011	148
102046	148
102082	148
102117	148
102152	148
102175	148
102210	148
102246	148
102281	148
102304	148
102339	148
102375	148
102410	148
102445	148
102468	148
102503	148
102539	148
102574	148
102597	148
102632	148
102656	148
102691	148
102726	148
102761	148
102785	148
102820	148
102855	148
102890	148
102925	148
102960	148
102984	149
103019	149
103054	149
103078	149
103113	149
103148	149
103183	149
103218	149
103242	149
103277	149
103312	149
103347	149
103371	149
103406	149
103429	149
103464	149
103500	149
103523	149
103570	149
103593	149
103628	149
103664	149
103699	149
103734	149
103769	149
103804	149
103828	149
103863	149
103898	149
103933	149
103968	149
104003	149
104027	149
104062	149
104097	149
104121	149
104144	149
104179	149
104203	149
104238	149
104273	149
104296	149
104332	149
104367	149
104390	149
104425	149
104460	149
104496	149
104531	149
104566	149
104589	150
104625	150
104660	150
104707	150
104742	150
104765	150
104800	150
104835	150
104859	150
104894	150
104929	150
104953	150
104988	150
105023	150
105046	150
105082	150
105117	150
105140	150
105175	150
105210	150
105234	150
105269	150
105304	150
105328	150
105363	150
105398	150
105433	150
105468	150
105503	150
105539	150
105574	150
105597	150
105632	150
105667	150
105691	150
105726	150
105761	150
105785	150
105820	150
105855	150
105878	150
105914	150
105949	150
105984	150
106007	150
106042	150
106078	150
106101	150
106148	150
106183	150
106218	151
106253	151
106289	151
106312	151
106347	151
106382	151
106406	151
106441	151
106476	151
106500	151
106535	151
106558	151
106593	151
106617	151
106652	151
106687	151
106710	151
106746	151
106781	151
106804	151
106839	151
106875	151
106910	151
106945	151
106980	151
107015	151
107050	151
107085	151
107121	151
107156	151
107179	151
107214	151
107250	151
107273	151
107308	151
107343	151
107367	151
107402	151
107437	151
107460	151
107484	151
107507	151
107542	151
107578	151
107601	151
107636	151
107671	151
107707	151
107742	151
107765	151
107800	152
107835	152
107859	152
107894	152
107929	152
107964	152
107988	152
108023	152
108058	152
108093	152
108117	152
108152	152
108187	152
108210	152
108246	152
108269	152
108304	152
108328	152
108363	152
108398	152
108433	152
108468	152
108503	152
108527	152
108562	152
108597	152
108621	152
108656	152
108691	152
108714	152
108750	152
108785	152
108808	152
108843	152
108867	152
108902	152
108937	152
108960	152
108984	152
109019	152
109042	152
109078	152
109101	152
109136	152
109171	152
109207	152
109242	152
109265	152
109300	152
109335	152
109371	153
109406	153
109441	153
109464	153
109500	153
109535	153
109570	153
109605	153
109640	153
109664	153
109699	153
109734	153
109757	153
109781	153
109816	153
109851	153
109875	153
109910	153
109945	153
109968	153
110003	153
110039	153
110074	153
110097	153
110132	153
110167	153
110191	153
110226	153
110250	153
110285	153
110320	153
110355	153
110390	153
110414	153
110449	153
110472	153
110507	153
110531	153
110554	153
110589	153
110625	153
110648	153
110683	153
110718	153
110742	153
110777	153
110812	153
110835	153
110871	153
110906	153
110929	154
110964	154
111000	154
111023	154
111058	154
111093	154
111128	154
111164	154
111199	154
111222	154
111246	154
111281	154
111304	154
111339	154
111375	154
111398	154
111433	154
111468	154
111492	154
111527	154
111562	154
111585	154
111621	154
111644	154
111679	154
111714	154
111738	154
111773	154
111808	154
111843	154
111878	154
111914	154
111937	154
111972	154
111996	154
112031	154
112054	154
112089	154
112125	154
112148	154
112183	154
112207	154
112242	154
112265	154
112300	154
112335	154
112359	154
112394	154
112429	154
112453	154
112488	155
112523	155
112558	155
112593	155
112628	155
112652	155
112687	155
112710	155
112746	155
112769	155
112804	155
112839	155
112863	155
112898	155
112921	155
112957	155
112992	155
113015	155
113050	155
113085	155
113109	155
113144	155
113179	155
113203	155
113238	155
113273	155
113308	155
113343	155
113378	155
113414	155
113437	155
113472	155
113496	155
113531	155
113554	155
113589	155
113625	155
113648	155
113683	155
113707	155
113742	155
113777	155
113800	155
113835	155
113859	155
113894	155
113929	155
113953	155
113988	155
114023	155
114058	156
114093	156
114117	156
114152	156
114187	156
114210	156
114246	156
114281	156
114304	156
114339	156
114375	156
114398	156
114433	156
114468	156
114503	156
114527	156
114562	156
114585	156
114621	156
114644	156
114679	156
114714	156
114738	156
114773	156
114808	156
114843	156
114867	156
114902	156
114937	156
114960	156
114996	156
115031	156
115054	156
115089	156
115125	156
115160	156
115183	156
115218	156
115253	156
115289	156
115312	156
115347	156
115371	156
115406	156
115429	156
115464	156
115500	156
115535	156
115570	156
115605	156
115628	157
115664	157
115699	157
115734	157
115769	157
115804	157
115828	157
115863	157
115898	157
115933	157
115968	157
115992	157
116027	157
116062	157
116085	157
116109	157
116144	157
116167	157
116203	157
116238	157
116261	157
116296	157
116320	157
116355	157
116390	157
116414	157
116449	157
116484	157
116519	157
116542	157
116578	157
116613	157
116648	157
116683	157
116718	157
116753	157
116777	157
116812	157
116847	157
116871	157
116906	157
116929	157
116964	157
117000	157
117023	157
117058	157
117093	157
117117	157
117152	157
117187	157
117210	158
117246	158
117269	158
117304	158
117328	158
117363	158
117398	158
117433	158
117480	158
117503	158
117539	158
117574	158
117597	158
117632	158
117667	158
117691	158
117726	158
117761	158
117785	158
117820	158
117843	158
117878	158
117914	158
117949	158
117972	158
118007	158
118042	158
118066	158
118101	158
118136	158
118171	158
118218	158
118253	158
118277	158
118312	158
118347	158
118371	158
118406	158
118429	158
118464	158
118500	158
118523	158
118558	158
118582	158
118617	158
118640	158
118675	158
118710	158
118734	158
118757	158
118792	159
118828	159
118851	159
118886	159
118933	159
118968	159
119003	159
119027	159
119062	159
119097	159
119132	159
119167	159
119191	159
119226	159
119261	159
119285	159
119320	159
119343	159
119378	159
119402	159
119437	159
119460	159
119484	159
119519	159
119542	159
119578	159
119601	159
119636	159
119671	159
119707	159
119742	159
119777	159
119800	159
119835	159
119871	159
119894	159
119929	159
119964	159
119988	159
120023	159
120058	159
120093	159
120117	159
120152	159
120187	159
120210	159
120246	159
120269	159
120304	159
120339	159
120363	160
120398	160
120433	160
120468	160
120503	160
120527	160
120562	160
120597	160
120621	160
120656	160
120691	160
120714	160
120750	160
120785	160
120808	160
120843	160
120867	160
120902	160
120937	160
120960	160
120984	160
121007	160
121042	160
121078	160
121101	160
121136	160
121171	160
121207	160
121230	160
121265	160
121300	160
121335	160
121371	160
121406	160
121429	160
121464	160
121500	160
121523	160
121558	160
121593	160
121628	160
121664	160
121687	160
121722	160
121746	160
121781	160
121804	160
121839	160
121875	160
121898	160
121933	161
121968	161
122003	161
122027	161
122062	161
122097	161
122121	161
122156	161
122191	161
122214	161
122250	161
122285	161
122320	161
122343	161
122378	161
122414	161
122449	161
122472	161
122496	161
122531	161
122554	161
122589	161
122625	161
122648	161
122683	161
122718	161
122742	161
122777	161
122812	161
122835	161
122871	161
122906	161
122929	161
122964	161
123000	161
123035	161
123070	161
123105	161
123128	161
123164	161
123199	161
123222	161
123257	161
123281	161
123316	161
123351	161
123375	161
123410	161
123433	161
123468	161
123492	162
123527	162
123562	162
123585	162
123621	162
123656	162
123679	162
123714	162
123750	162
123773	162
123820	162
123843	162
123878	162
123914	162
123949	162
123972	162
123996	162
124031	162
124054	162
124089	162
124125	162
124148	162
124183	162
124207	162
124242	162
124277	162
124300	162
124335	162
124359	162
124394	162
124429	162
124453	162
124488	162
124523	162
124558	162
124593	162
124628	162
124664	162
124687	162
124722	162
124746	162
124781	162
124804	162
124839	162
124875	162
124910	162
124933	162
124968	162
124992	162
125027	162
125062	163
125097	163
125121	163
125156	163
125191	163
125214	163
125250	163
125285	163
125320	163
125355	163
125390	163
125425	163
125460	163
125484	163
125519	163
125542	163
125578	163
125613	163
125636	163
125671	163
125695	163
125730	163
125753	163
125789	163
125824	163
125847	163
125882	163
125906	163
125941	163
125976	163
126000	163
126035	163
126070	163
126105	163
126140	163
126164	163
126199	163
126234	163
126269	163
126292	163
126328	163
126351	163
126386	163
126421	163
126457	163
126480	163
126515	163
126550	163
126574	163
126609	163
126632	164
126667	164
126691	164
126726	164
126761	164
126796	164
126832	164
126855	164
126890	164
126925	164
126949	164
126984	164
127019	164
127054	164
127078	164
127113	164
127148	164
127183	164
127207	164
127242	164
127277	164
127312	164
127335	164
127371	164
127394	164
127429	164
127464	164
127488	164
127523	164
127558	164
127593	164
127628	164
127664	164
127687	164
127722	164
127769	164
127792	164
127828	164
127863	164
127898	164
127933	164
127957	164
127992	164
128027	164
128062	164
128085	164
128109	164
128144	164
128167	164
128203	164
128226	165
128261	165
128285	165
128320	165
128355	165
128378	165
128414	165
128449	165
128484	165
128519	165
128542	165
128578	165
128613	165
128648	165
128683	165
128718	165
128753	165
128777	165
128812	165
128847	165
128871	165
128906	165
128941	165
128964	165
129000	165
129035	165
129058	165
129093	165
129117	165
129152	165
129187	165
129222	165
129246	165
129281	165
129316	165
129339	165
129375	165
129410	165
129445	165
129492	165
129515	165
129550	165
129585	165
129621	165
129644	165
129679	165
129714	165
129738	165
129773	165
129808	165
129832	166
129867	166
129902	166
129937	166
129960	166
129996	166
130031	166
130066	166
130089	166
130125	166
130160	166
130207	166
130242	166
130277	166
130300	166
130335	166
130371	166
130394	166
130429	166
130464	166
130488	166
130523	166
130546	166
130582	166
130605	166
130640	166
130675	166
130699	166
130734	166
130757	166
130792	166
130816	166
130851	166
130886	166
130921	166
130957	166
130992	166
131027	166
131062	166
131097	166
131132	166
131167	166
131191	166
131226	166
131261	166
131285	166
131320	166
131343	166
131378	166
131414	166
131437	167
131472	167
131496	167
131519	167
131554	167
131578	167
131613	167
131648	167
131683	167
131718	167
131753	167
131777	167
131812	167
131847	167
131882	167
131906	167
131941	167
131976	167
132000	167
132035	167
132070	167
132105	167
132128	167
132164	167
132199	167
132222	167
132257	167
132281	167
132316	167
132351	167
132375	167
132410	167
132445	167
132480	167
132515	167
132550	167
132574	167
132609	167
132632	167
132667	167
132703	167
132726	167
132761	167
132796	167
132820	167
132855	167
132878	167
132914	167
132949	167
132972	167
132996	168
133019	168
133054	168
133089	168
133113	168
133148	168
133183	168
133218	168
133242	168
133277	168
133312	168
133347	168
133382	168
133417	168
133441	168
133476	168
133511	168
133546	168
133582	168
133605	168
133640	168
133675	168
133699	168
133734	168
133757	168
133792	168
133816	168
133851	168
133886	168
133910	168
133945	168
133980	168
134015	168
134039	168
134074	168
134109	168
134132	168
134167	168
134203	168
134226	168
134261	168
134296	168
134332	168
134355	168
134390	168
134425	168
134449	168
134484	168
134507	168
134531	168
134566	169
134601	169
134625	169
134660	169
134695	169
134718	169
134753	169
134789	169
134812	169
134847	169
134871	169
134906	169
134941	169
134964	169
135000	169
135035	169
135070	169
135105	169
135128	169
135164	169
135199	169
135222	169
135257	169
135281	169
135316	169
135339	169
135375	169
135398	169
135433	169
135468	169
135492	169
135527	169
135550	169
135585	169
135609	169
135644	169
135679	169
135703	169
135738	169
135773	169
135808	169
135843	169
135878	169
135902	169
135937	169
135972	169
135996	169
136019	169
136054	169
136089	169
136113	170
136148	170
136171	170
136207	170
136230	170
136265	170
136300	170
136324	170
136359	170
136394	170
136417	170
136453	170
136476	170
136511	170
136546	170
136582	170
136617	170
136652	170
136687	170
136710	170
136746	170
136769	170
136804	170
136828	170
136863	170
136886	170
136921	170
136957	170
136980	170
137015	170
137039	170
137074	170
137109	170
137132	170
137167	170
137191	170
137226	170
137261	170
137296	170
137332	170
137367	170
137390	170
137425	170
137460	170
137484	170
137519	170
137542	170
137578	170
137601	170
137636	170
137660	171
137695	171
137718	171
137753	171
137789	171
137824	171
137847	171
137871	171
137906	171
137941	171
137964	171
138000	171
138035	171
138070	171
138105	171
138128	171
138164	171
138199	171
138222	171
138257	171
138292	171
138316	171
138351	171
138386	171
138410	171
138445	171
138480	171
138503	171
138539	171
138574	171
138597	171
138632	171
138656	171
138691	171
138714	171
138750	171
138785	171
138820	171
138855	171
138878	171
138914	171
138949	171
138972	171
139007	171
139042	171
139066	171
139101	171
139125	171
139160	171
139195	171
139230	172
139253	172
139289	172
139324	172
139347	172
139382	172
139406	172
139441	172
139464	172
139500	172
139535	172
139570	172
139605	172
139628	172
139664	172
139699	172
139734	172
139769	172
139792	172
139828	172
139863	172
139886	172
139921	172
139957	172
139992	172
140027	172
140050	172
140085	172
140109	172
140132	172
140167	172
140191	172
140226	172
140261	172
140285	172
140320	172
140343	172
140378	172
140414	172
140449	172
140472	172
140507	172
140542	172
140578	172
140601	172
140636	172
140671	172
140718	172
140742	172
140777	172
140812	173
140835	173
140871	173
140906	173
140929	173
140964	173
141000	173
141023	173
141058	173
141082	173
141117	173
141152	173
141175	173
141210	173
141246	173
141269	173
141304	173
141328	173
141363	173
141398	173
141433	173
141468	173
141503	173
141539	173
141562	173
141597	173
141632	173
141656	173
141691	173
141726	173
141750	173
141785	173
141820	173
141843	173
141878	173
141914	173
141937	173
141972	173
142007	173
142042	173
142066	173
142101	173
142136	173
142171	173
142207	173
142242	173
142277	173
142312	173
142335	173
142371	173
142406	174
142429	174
142464	174
142500	174
142523	174
142546	174
142582	174
142605	174
142640	174
142675	174
142699	174
142734	174
142757	174
142792	174
142828	174
142851	174
142886	174
142933	174
142968	174
143003	174
143039	174
143062	174
143097	174
143132	174
143167	174
143203	174
143238	174
143261	174
143296	174
143320	174
143355	174
143390	174
143414	174
143449	174
143472	174
143496	174
143531	174
143554	174
143589	174
143625	174
143648	174
143683	174
143718	174
143753	174
143789	174
143812	174
143847	174
143882	174
143917	174
143941	174
143976	175
144011	175
144035	175
144070	175
144105	175
144140	175
144164	175
144199	175
144234	175
144257	175
144292	175
144316	175
144351	175
144386	175
144421	175
144457	175
144480	175
144515	175
144550	175
144585	175
144609	175
144644	175
144667	175
144703	175
144738	175
144773	175
144796	175
144832	175
144855	175
144890	175
144925	175
144960	175
144984	175
145007	175
145031	175
145066	175
145101	175
145125	175
145160	175
145195	175
145230	175
145265	175
145289	175
145324	175
145359	175
145394	175
145429	175
145464	175
145500	175
145523	175
145558	176
145593	176
145628	176
145664	176
145699	176
145722	176
145757	176
145781	176
145816	176
145839	176
145875	176
145910	176
145945	176
145968	176
146003	176
146039	176
146062	176
146097	176
146132	176
146167	176
146191	176
146226	176
146261	176
146285	176
146320	176
146355	176
146390	176
146414	176
146449	176
146484	176
146507	176
146531	176
146566	176
146601	176
146625	176
146660	176
146695	176
146718	176
146753	176
146789	176
146812	176
146847	176
146882	176
146917	176
146941	176
146976	176
147011	176
147046	176
147082	176
147117	176
147140	177
147175	177
147210	177
147234	177
147269	177
147292	177
147328	177
147363	177
147386	177
147421	177
147445	177
147480	177
147515	177
147550	177
147574	177
147609	177
147632	177
147667	177
147703	177
147726	177
147761	177
147796	177
147843	177
147867	177
147902	177
147937	177
147960	177
147996	177
148019	177
148054	177
148089	177
148113	177
148148	177
148171	177
148207	177
148230	177
148265	177
148300	177
148335	177
148359	177
148394	177
148429	177
148453	177
148488	177
148523	177
148558	177
148593	177
148628	177
148652	177
148687	177
148722	178
148746	178
148781	178
148804	178
148839	178
148875	178
148898	178
148933	178
148968	178
148992	178
149027	178
149062	178
149097	178
149121	178
149156	178
149191	178
149214	178
149250	178
149285	178
149332	178
149367	178
149390	178
149425	178
149460	178
149484	178
149519	178
149542	178
149578	178
149613	178
149636	178
149671	178
149707	178
149730	178
149765	178
149800	178
149824	178
149859	178
149882	178
149917	178
149953	178
149988	178
150011	178
150046	178
150082	178
150117	178
150152	178
150187	178
150210	178
150246	178
150281	178
150304	179
150339	179
150375	179
150410	179
150433	179
150468	179
150503	179
150539	179
150562	179
150597	179
150621	179
150656	179
150679	179
150714	179
150750	179
150785	179
150820	179
150843	179
150878	179
150914	179
150949	179
150972	179
151007	179
151042	179
151066	179
151101	179
151136	179
151171	179
151207	179
151230	179
151265	179
151300	179
151335	179
151359	179
151394	179
151417	179
151453	179
151488	179
151511	179
151546	179
151582	179
151617	179
151652	179
151687	179
151722	179
151757	179
151792	179
151816	179
151851	179
151886	179
151921	180
151957	180
151992	180
152027	180
152050	180
152085	180
152109	180
152144	180
152167	180
152203	180
152226	180
152261	180
152296	180
152320	180
152355	180
152390	180
152425	180
timepoint: 173.04