0	0
0	0
0	0
0	0
0	0
0	0
0	0
0	0
0	0
0	0
0	0
0	0
0	0
0	0
0	0
0	0
0	0
0	0
0	0
0	0
0	0
0	0
0	0
0	0
0	0
0	0
0	0
0	0
0	0
0	0
0	0
0	0
0	0
0	0
0	0
0	0
0	0
0	0
0	0
0	0
0	0
0	0
0	0
0	0
0	0
0	0
0	0
0	0
0	0
0	0
0	1
0	1
0	1
0	1
0	1
0	1
0	1
0	1
0	1
0	1
0	1
0	1
0	1
0	1
0	1
0	1
0	1
0	1
0	1
0	1
0	1
0	1
0	1
0	1
0	1
0	1
0	1
0	1
0	1
0	1
0	1
0	1
0	1
0	1
0	1
0	1
0	1
0	1
0	1
0	1
0	1
0	1
0	1
0	1
0	1
0	1
0	1
0	1
0	1
0	1
0	2
0	2
0	2
0	2
0	2
0	2
0	2
0	2
0	2
0	2
0	2
0	2
0	2
0	2
0	2
0	2
0	2
0	2
0	2
0	2
0	2
0	2
0	2
0	2
0	2
0	2
0	2
0	2
0	2
0	2
0	2
0	2
0	2
0	2
0	2
0	2
0	2
0	2
0	2
0	2
0	2
0	2
0	2
0	2
0	2
0	2
0	2
0	2
0	2
0	2
0	3
0	3
0	3
0	3
0	3
0	3
0	3
0	3
0	3
0	3
0	3
0	3
0	3
0	3
0	3
0	3
0	3
0	3
0	3
0	3
0	3
0	3
0	3
0	3
0	3
0	3
0	3
0	3
0	3
0	3
0	3
0	3
0	3
0	3
0	3
0	3
0	3
0	3
0	3
0	3
0	3
0	3
0	3
0	3
0	3
0	3
0	3
0	3
0	3
0	3
0	4
0	4
0	4
0	4
0	4
0	4
0	4
0	4
0	4
0	4
0	4
0	4
0	4
0	4
0	4
0	4
0	4
0	4
0	4
0	4
0	4
0	4
0	4
0	4
0	4
0	4
0	4
0	4
0	4
0	4
0	4
0	4
0	4
0	4
0	4
0	4
0	4
0	4
0	4
0	4
0	4
0	4
0	4
0	4
0	4
0	4
0	4
0	4
0	4
0	4
0	5
0	5
0	5
0	5
0	5
0	5
0	5
0	5
0	5
0	5
11	5
11	5
11	5
11	5
11	5
11	5
11	5
11	5
11	5
11	5
11	5
23	5
23	5
23	5
23	5
23	5
23	5
23	5
23	5
23	5
23	5
23	5
23	5
23	5
23	5
23	5
23	5
23	5
23	5
23	5
23	5
23	5
23	5
23	5
23	5
23	5
23	5
23	5
23	5
23	5
23	6
23	6
23	6
23	6
23	6
23	6
23	6
23	6
23	6
23	6
11	6
11	6
11	6
11	6
11	6
11	6
11	6
11	6
11	6
11	6
11	6
11	6
11	6
11	6
11	6
11	6
23	6
23	6
23	6
23	6
23	6
23	6
23	6
23	6
23	6
23	6
23	6
23	6
23	6
23	6
23	6
35	6
35	6
35	6
35	6
35	6
35	6
35	6
35	6
35	6
35	7
35	7
35	7
35	7
35	7
35	7
35	7
35	7
35	7
35	7
35	7
35	7
35	7
35	7
35	7
35	7
35	7
35	7
35	7
35	7
35	7
35	7
35	7
35	7
35	7
23	7
23	7
23	7
23	7
23	7
23	7
23	7
23	7
23	7
23	7
23	7
23	7
23	7
23	7
23	7
23	7
23	7
23	7
23	7
23	7
23	7
23	7
23	7
23	7
23	7
23	8
23	8
23	8
23	8
23	8
23	8
23	8
23	8
35	8
35	8
35	8
35	8
35	8
35	8
35	8
35	8
35	8
35	8
35	8
35	8
35	8
35	8
35	8
35	8
35	8
35	8
35	8
35	8
35	8
35	8
35	8
35	8
35	8
35	8
35	8
35	8
35	8
35	8
35	8
35	8
35	8
35	8
35	8
35	8
35	8
35	8
35	8
35	8
35	8
35	8
35	9
35	9
35	9
35	9
35	9
35	9
35	9
35	9
35	9
23	9
23	9
23	9
23	9
23	9
23	9
23	9
23	9
23	9
23	9
23	9
23	9
23	9
23	9
23	9
35	9
35	9
35	9
35	9
35	9
35	9
35	9
35	9
35	9
35	9
35	9
35	9
35	9
35	9
35	9
35	9
35	9
35	9
35	9
35	9
35	9
35	9
35	9
35	9
35	9
35	9
35	10
35	10
35	10
35	10
35	10
35	10
35	10
35	10
35	10
35	10
35	10
35	10
35	10
35	10
35	10
35	10
35	10
35	10
35	10
35	10
35	10
35	10
35	10
35	10
35	10
35	10
35	10
35	10
35	10
35	10
35	10
35	10
35	10
35	10
35	10
35	10
35	10
35	10
35	10
35	10
35	10
35	10
35	10
35	10
35	10
35	10
35	10
35	10
35	10
35	10
35	11
35	11
35	11
35	11
35	11
35	11
35	11
35	11
35	11
35	11
35	11
35	11
35	11
35	11
35	11
35	11
35	11
35	11
35	11
35	11
35	11
35	11
35	11
35	11
35	11
35	11
35	11
35	11
35	11
35	11
35	11
35	11
35	11
35	11
35	11
35	11
35	11
35	11
35	11
35	11
35	11
35	11
35	11
35	11
35	11
35	11
35	11
35	11
35	11
35	11
35	12
35	12
35	12
35	12
35	12
35	12
35	12
35	12
35	12
35	12
35	12
35	12
35	12
35	12
35	12
35	12
35	12
35	12
35	12
35	12
35	12
35	12
35	12
35	12
35	12
35	12
35	12
35	12
35	12
35	12
35	12
35	12
35	12
35	12
35	12
35	12
35	12
35	12
35	12
35	12
35	12
35	12
35	12
35	12
35	12
35	12
35	12
35	12
35	12
35	12
35	13
35	13
35	13
35	13
35	13
35	13
35	13
35	13
35	13
35	13
35	13
35	13
35	13
35	13
35	13
35	13
35	13
35	13
35	13
35	13
35	13
35	13
35	13
35	13
35	13
35	13
35	13
35	13
35	13
35	13
35	13
35	13
35	13
35	13
35	13
35	13
35	13
35	13
35	13
35	13
35	13
35	13
35	13
35	13
35	13
35	13
35	13
35	13
35	13
35	13
35	14
35	14
35	14
35	14
35	14
35	14
35	14
35	14
35	14
35	14
35	14
35	14
35	14
35	14
35	14
35	14
35	14
35	14
35	14
35	14
35	14
35	14
35	14
35	14
35	14
35	14
35	14
35	14
35	14
35	14
35	14
35	14
35	14
35	14
35	14
35	14
35	14
35	14
35	14
35	14
35	14
35	14
35	14
35	14
35	14
35	14
35	14
35	14
35	14
35	14
35	15
35	15
35	15
35	15
35	15
35	15
35	15
35	15
35	15
35	15
35	15
35	15
35	15
35	15
35	15
35	15
35	15
35	15
35	15
35	15
35	15
35	15
35	15
35	15
35	15
35	15
35	15
35	15
35	15
35	15
35	15
35	15
35	15
35	15
35	15
35	15
35	15
35	15
35	15
35	15
35	15
35	15
35	15
35	15
35	15
35	15
35	15
35	15
35	15
35	15
35	16
35	16
35	16
35	16
35	16
35	16
35	16
35	16
35	16
35	16
35	16
35	16
35	16
35	16
35	16
35	16
35	16
35	16
35	16
35	16
35	16
35	16
35	16
35	16
35	16
35	16
35	16
35	16
35	16
35	16
35	16
35	16
35	16
35	16
35	16
35	16
35	16
35	16
35	16
35	16
35	16
35	16
35	16
35	16
35	16
35	16
35	16
35	16
35	16
35	16
35	17
35	17
35	17
35	17
35	17
35	17
35	17
35	17
35	17
35	17
35	17
35	17
35	17
35	17
35	17
35	17
35	17
35	17
35	17
35	17
35	17
35	17
35	17
35	17
35	17
35	17
35	17
35	17
35	17
35	17
35	17
35	17
35	17
35	17
35	17
35	17
35	17
35	17
35	17
35	17
35	17
35	17
35	17
35	17
35	17
35	17
35	17
35	17
35	17
35	17
35	18
35	18
35	18
35	18
35	18
35	18
35	18
35	18
35	18
35	18
35	18
35	18
35	18
35	18
35	18
35	18
35	18
35	18
35	18
35	18
35	18
35	18
35	18
35	18
35	18
35	18
35	18
35	18
35	18
35	18
35	18
35	18
35	18
35	18
35	18
35	18
35	18
35	18
35	18
35	18
35	18
35	18
35	18
35	18
35	18
35	18
35	18
35	18
35	18
35	18
35	19
35	19
35	19
35	19
35	19
35	19
35	19
35	19
35	19
35	19
35	19
35	19
35	19
35	19
35	19
35	19
35	19
35	19
35	19
35	19
35	19
35	19
35	19
35	19
35	19
35	19
35	19
35	19
35	19
35	19
35	19
35	19
35	19
35	19
35	19
35	19
35	19
35	19
35	19
35	19
35	19
35	19
35	19
35	19
35	19
35	19
35	19
35	19
35	19
35	19
35	20
35	20
35	20
35	20
35	20
35	20
35	20
35	20
35	20
35	20
35	20
35	20
35	20
35	20
35	20
35	20
35	20
35	20
35	20
35	20
35	20
35	20
35	20
35	20
35	20
35	20
35	20
35	20
35	20
35	20
35	20
35	20
35	20
35	20
35	20
35	20
35	20
35	20
35	20
35	20
35	20
35	20
35	20
35	20
35	20
35	20
35	20
35	20
35	20
35	20
35	21
35	21
35	21
35	21
35	21
35	21
35	21
35	21
35	21
35	21
35	21
35	21
35	21
35	21
35	21
35	21
35	21
35	21
35	21
35	21
35	21
35	21
35	21
35	21
35	21
35	21
35	21
35	21
35	21
35	21
35	21
35	21
35	21
35	21
35	21
35	21
35	21
35	21
35	21
35	21
35	21
35	21
35	21
35	21
35	21
35	21
35	21
35	21
35	21
35	21
35	22
35	22
35	22
35	22
35	22
35	22
35	22
35	22
35	22
35	22
35	22
35	22
35	22
35	22
35	22
35	22
35	22
35	22
35	22
35	22
35	22
35	22
35	22
35	22
35	22
35	22
35	22
35	22
35	22
35	22
35	22
35	22
35	22
35	22
35	22
35	22
35	22
35	22
35	22
35	22
35	22
35	22
35	22
35	22
35	22
35	22
35	22
35	22
35	22
35	22
35	23
35	23
35	23
35	23
35	23
35	23
35	23
35	23
35	23
35	23
35	23
35	23
35	23
35	23
35	23
35	23
35	23
35	23
35	23
35	23
35	23
35	23
35	23
35	23
35	23
35	23
35	23
35	23
35	23
35	23
35	23
35	23
35	23
35	23
35	23
35	23
35	23
35	23
35	23
35	23
35	23
35	23
35	23
35	23
35	23
35	23
35	23
35	23
35	23
35	23
35	24
35	24
35	24
35	24
35	24
35	24
35	24
35	24
35	24
35	24
35	24
35	24
35	24
35	24
35	24
35	24
35	24
35	24
35	24
35	24
35	24
35	24
35	24
35	24
35	24
35	24
35	24
35	24
35	24
35	24
35	24
35	24
35	24
35	24
35	24
35	24
35	24
35	24
35	24
35	24
35	24
35	24
35	24
35	24
35	24
35	24
35	24
35	24
35	24
35	24
35	25
35	25
35	25
35	25
35	25
35	25
35	25
35	25
35	25
35	25
35	25
35	25
35	25
35	25
35	25
35	25
35	25
35	25
35	25
35	25
35	25
35	25
35	25
35	25
35	25
35	25
35	25
35	25
35	25
35	25
35	25
35	25
35	25
35	25
35	25
35	25
35	25
35	25
35	25
35	25
35	25
35	25
35	25
35	25
35	25
35	25
35	25
35	25
35	25
35	25
35	26
35	26
35	26
35	26
35	26
35	26
35	26
35	26
35	26
35	26
35	26
35	26
35	26
35	26
35	26
35	26
35	26
35	26
35	26
35	26
35	26
35	26
35	26
35	26
35	26
35	26
35	26
35	26
35	26
35	26
35	26
35	26
35	26
35	26
35	26
35	26
35	26
35	26
35	26
35	26
35	26
35	26
35	26
35	26
35	26
35	26
35	26
35	26
35	26
35	26
35	27
35	27
35	27
35	27
35	27
35	27
35	27
35	27
35	27
35	27
35	27
35	27
35	27
35	27
35	27
35	27
35	27
35	27
35	27
35	27
35	27
35	27
35	27
35	27
35	27
35	27
35	27
35	27
35	27
35	27
35	27
35	27
35	27
35	27
35	27
35	27
35	27
35	27
35	27
35	27
35	27
35	27
35	27
35	27
35	27
35	27
35	27
35	27
35	27
35	27
35	28
35	28
35	28
35	28
35	28
35	28
35	28
35	28
35	28
35	28
35	28
35	28
35	28
35	28
35	28
35	28
35	28
35	28
35	28
35	28
35	28
35	28
35	28
35	28
35	28
35	28
35	28
35	28
35	28
35	28
35	28
35	28
35	28
35	28
35	28
35	28
35	28
35	28
35	28
35	28
35	28
35	28
35	28
35	28
35	28
35	28
35	28
35	28
35	28
35	28
35	29
35	29
35	29
35	29
35	29
35	29
35	29
35	29
35	29
35	29
35	29
35	29
35	29
35	29
35	29
35	29
35	29
35	29
35	29
35	29
35	29
35	29
35	29
35	29
35	29
35	29
35	29
35	29
35	29
35	29
35	29
35	29
35	29
35	29
35	29
35	29
35	29
35	29
35	29
35	29
35	29
35	29
35	29
35	29
35	29
35	29
35	29
35	29
35	29
35	29
35	30
35	30
35	30
35	30
35	30
35	30
35	30
35	30
35	30
35	30
35	30
35	30
35	30
35	30
35	30
35	30
35	30
35	30
35	30
35	30
35	30
35	30
35	30
35	30
35	30
35	30
35	30
35	30
35	30
35	30
35	30
35	30
35	30
35	30
35	30
35	30
35	30
35	30
35	30
35	30
35	30
35	30
35	30
35	30
35	30
35	30
35	30
35	30
35	30
35	30
35	31
35	31
35	31
35	31
35	31
35	31
35	31
35	31
35	31
35	31
35	31
35	31
35	31
35	31
35	31
35	31
35	31
35	31
35	31
35	31
35	31
35	31
35	31
35	31
35	31
35	31
35	31
35	31
46	31
46	31
46	31
46	31
46	31
46	31
46	31
46	31
46	31
46	31
46	31
46	31
46	31
46	31
46	31
46	31
46	31
46	31
46	31
46	31
46	31
46	31
46	32
46	32
46	32
46	32
46	32
46	32
46	32
46	32
46	32
46	32
46	32
46	32
46	32
46	32
58	32
58	32
58	32
58	32
58	32
58	32
58	32
58	32
58	32
58	32
58	32
58	32
58	32
58	32
58	32
58	32
58	32
58	32
58	32
58	32
70	32
70	32
70	32
70	32
70	32
70	32
70	32
70	32
70	32
70	32
70	32
70	32
70	32
70	32
82	32
82	32
82	33
82	33
82	33
82	33
82	33
82	33
82	33
82	33
82	33
82	33
93	33
93	33
93	33
93	33
93	33
93	33
93	33
93	33
93	33
93	33
93	33
105	33
105	33
105	33
105	33
105	33
105	33
105	33
105	33
105	33
105	33
105	33
105	33
105	33
105	33
117	33
117	33
117	33
117	33
117	33
117	33
117	33
117	33
117	33
117	33
117	33
117	33
128	33
128	33
128	33
128	34
128	34
128	34
128	34
128	34
128	34
128	34
128	34
128	34
140	34
140	34
140	34
140	34
140	34
140	34
140	34
140	34
140	34
140	34
140	34
152	34
152	34
152	34
152	34
152	34
152	34
152	34
152	34
152	34
152	34
152	34
164	34
164	34
164	34
164	34
164	34
164	34
164	34
164	34
164	34
164	34
175	34
175	34
175	34
175	34
175	34
175	34
175	34
175	34
175	34
187	35
187	35
187	35
187	35
187	35
187	35
187	35
187	35
187	35
187	35
199	35
199	35
199	35
199	35
199	35
199	35
199	35
199	35
210	35
210	35
210	35
210	35
210	35
210	35
210	35
210	35
222	35
222	35
222	35
222	35
222	35
222	35
222	35
222	35
234	35
234	35
234	35
234	35
234	35
234	35
246	35
246	35
246	35
246	35
246	35
246	35
246	35
257	35
257	35
257	35
257	36
257	36
257	36
257	36
269	36
269	36
269	36
269	36
269	36
269	36
281	36
281	36
281	36
281	36
281	36
281	36
292	36
292	36
292	36
292	36
292	36
292	36
292	36
304	36
304	36
304	36
304	36
304	36
304	36
316	36
316	36
316	36
316	36
316	36
316	36
328	36
328	36
328	36
328	36
328	36
328	36
339	36
339	36
339	36
339	36
339	36
339	36
351	36
351	36
351	36
351	37
351	37
363	37
363	37
363	37
363	37
363	37
363	37
375	37
375	37
375	37
375	37
375	37
386	37
386	37
386	37
386	37
386	37
398	37
398	37
398	37
398	37
398	37
410	37
410	37
410	37
410	37
410	37
421	37
421	37
421	37
421	37
421	37
433	37
433	37
433	37
433	37
433	37
433	37
445	37
445	37
445	37
445	37
445	37
457	37
457	37
457	37
457	37
457	37
457	37
468	38
468	38
468	38
468	38
468	38
480	38
480	38
480	38
480	38
480	38
480	38
492	38
492	38
492	38
492	38
492	38
503	38
503	38
503	38
503	38
503	38
515	38
515	38
515	38
515	38
527	38
527	38
527	38
527	38
527	38
539	38
539	38
539	38
539	38
550	38
550	38
550	38
550	38
550	38
562	38
562	38
562	38
562	38
562	38
574	38
574	38
574	38
574	38
574	38
585	38
585	39
585	39
585	39
585	39
597	39
597	39
597	39
597	39
597	39
609	39
609	39
609	39
609	39
609	39
621	39
621	39
621	39
621	39
632	39
632	39
632	39
632	39
632	39
644	39
644	39
644	39
644	39
644	39
656	39
656	39
656	39
656	39
667	39
667	39
667	39
667	39
667	39
679	39
679	39
679	39
679	39
691	39
691	39
691	39
691	39
691	39
703	39
703	39
703	39
703	39
714	40
714	40
714	40
714	40
726	40
726	40
726	40
726	40
738	40
738	40
738	40
738	40
738	40
750	40
750	40
750	40
750	40
761	40
761	40
761	40
761	40
773	40
773	40
773	40
773	40
773	40
785	40
785	40
785	40
785	40
796	40
796	40
796	40
796	40
808	40
808	40
808	40
808	40
820	40
820	40
820	40
820	40
832	40
832	40
832	40
832	40
832	40
843	40
843	40
843	40
843	41
855	41
855	41
855	41
855	41
867	41
867	41
867	41
867	41
878	41
878	41
878	41
878	41
878	41
890	41
890	41
890	41
890	41
902	41
902	41
902	41
902	41
914	41
914	41
914	41
914	41
914	41
925	41
925	41
925	41
925	41
937	41
937	41
937	41
937	41
949	41
949	41
949	41
949	41
960	41
960	41
960	41
960	41
972	41
972	41
972	41
972	41
984	41
984	41
984	41
984	42
996	42
996	42
996	42
996	42
1007	42
1007	42
1007	42
1007	42
1019	42
1019	42
1019	42
1031	42
1031	42
1031	42
1031	42
1042	42
1042	42
1042	42
1042	42
1054	42
1054	42
1054	42
1054	42
1066	42
1066	42
1066	42
1078	42
1078	42
1078	42
1089	42
1089	42
1089	42
1089	42
1101	42
1101	42
1101	42
1113	42
1113	42
1113	42
1113	42
1125	42
1125	42
1125	42
1136	42
1136	42
1136	42
1148	42
1148	42
1148	42
1148	43
1160	43
1160	43
1160	43
1171	43
1171	43
1171	43
1171	43
1183	43
1183	43
1183	43
1183	43
1195	43
1195	43
1195	43
1207	43
1207	43
1207	43
1207	43
1218	43
1218	43
1218	43
1230	43
1230	43
1230	43
1230	43
1242	43
1242	43
1242	43
1242	43
1253	43
1253	43
1253	43
1265	43
1265	43
1265	43
1265	43
1277	43
1277	43
1277	43
1277	43
1289	43
1289	43
1289	43
1300	43
1300	43
1300	43
1300	43
1312	43
1312	43
1312	44
1324	44
1324	44
1324	44
1324	44
1335	44
1335	44
1335	44
1335	44
1347	44
1347	44
1347	44
1359	44
1359	44
1359	44
1359	44
1371	44
1371	44
1371	44
1382	44
1382	44
1382	44
1394	44
1394	44
1394	44
1406	44
1406	44
1406	44
1406	44
1417	44
1417	44
1417	44
1429	44
1429	44
1429	44
1429	44
1441	44
1441	44
1441	44
1453	44
1453	44
1453	44
1464	44
1464	44
1464	44
1464	44
1476	44
1476	44
1476	44
1488	44
1488	45
1488	45
1488	45
1500	45
1500	45
1500	45
1511	45
1511	45
1511	45
1511	45
1523	45
1523	45
1523	45
1535	45
1535	45
1535	45
1546	45
1546	45
1546	45
1546	45
1558	45
1558	45
1558	45
1570	45
1570	45
1570	45
1582	45
1582	45
1582	45
1593	45
1593	45
1593	45
1605	45
1605	45
1605	45
1617	45
1617	45
1617	45
1617	45
1628	45
1628	45
1628	45
1628	45
1640	45
1640	45
1640	45
1652	45
1652	45
1652	45
1652	45
1652	46
1664	46
1664	46
1664	46
1664	46
1675	46
1675	46
1675	46
1687	46
1687	46
1687	46
1687	46
1699	46
1699	46
1699	46
1710	46
1710	46
1710	46
1722	46
1722	46
1722	46
1722	46
1734	46
1734	46
1734	46
1746	46
1746	46
1746	46
1757	46
1757	46
1757	46
1769	46
1769	46
1769	46
1781	46
1781	46
1781	46
1792	46
1792	46
1792	46
1804	46
1804	46
1804	46
1816	46
1816	46
1816	46
1828	46
1828	46
1828	46
1839	46
1839	47
1839	47
1851	47
1851	47
1863	47
1863	47
1863	47
1875	47
1875	47
1875	47
1886	47
1886	47
1886	47
1898	47
1898	47
1910	47
1910	47
1910	47
1921	47
1921	47
1921	47
1933	47
1933	47
1933	47
1945	47
1945	47
1945	47
1957	47
1957	47
1957	47
1968	47
1968	47
1968	47
1980	47
1980	47
1980	47
1992	47
1992	47
2003	47
2003	47
2003	47
2015	47
2015	47
2027	47
2027	47
2027	47
2039	47
2039	47
2050	47
2050	47
2062	48
2062	48
2062	48
2074	48
2074	48
2074	48
2085	48
2085	48
2097	48
2097	48
2097	48
2109	48
2109	48
2109	48
2121	48
2121	48
2121	48
2132	48
2132	48
2132	48
2144	48
2144	48
2156	48
2156	48
2156	48
2167	48
2167	48
2179	48
2179	48
2179	48
2191	48
2191	48
2203	48
2203	48
2203	48
2214	48
2214	48
2226	48
2226	48
2238	48
2238	48
2238	48
2250	48
2250	48
2261	48
2261	48
2261	48
2273	48
2273	48
2285	48
2285	49
2285	49
2296	49
2296	49
2308	49
2308	49
2308	49
2320	49
2320	49
2320	49
2332	49
2332	49
2343	49
2343	49
2343	49
2355	49
2355	49
2355	49
2367	49
2367	49
2378	49
2378	49
2378	49
2390	49
2390	49
2390	49
2402	49
2402	49
2402	49
2414	49
2414	49
2425	49
2425	49
2425	49
2437	49
2437	49
2437	49
2449	49
2449	49
2460	49
2460	49
2460	49
2472	49
2472	49
2484	49
2484	49
2484	49
2496	49
2496	49
2507	49
2507	50
2507	50
2519	50
2519	50
2531	50
2531	50
2531	50
2542	50
2542	50
2554	50
2554	50
2554	50
2566	50
2566	50
2578	50
2578	50
2589	50
2589	50
2589	50
2601	50
2601	50
2613	50
2613	50
2625	50
2625	50
2625	50
2636	50
2636	50
2648	50
2648	50
2660	50
2660	50
2660	50
2671	50
2671	50
2683	50
2683	50
2683	50
2695	50
2695	50
2707	50
2707	50
2718	50
2718	50
2730	50
2730	50
2730	50
2742	50
2742	50
2753	50
2753	51
2753	51
2765	51
2765	51
2777	51
2777	51
2789	51
2789	51
2789	51
2800	51
2800	51
2812	51
2812	51
2824	51
2824	51
2824	51
2835	51
2835	51
2847	51
2847	51
2859	51
2859	51
2859	51
2871	51
2871	51
2882	51
2882	51
2894	51
2894	51
2906	51
2906	51
2906	51
2917	51
2917	51
2929	51
2929	51
2941	51
2941	51
2953	51
2953	51
2964	51
2964	51
2976	51
2976	51
2988	51
2988	51
2988	51
3000	51
3000	51
3011	51
3011	52
3023	52
3023	52
3035	52
3035	52
3046	52
3046	52
3058	52
3058	52
3058	52
3070	52
3070	52
3082	52
3082	52
3093	52
3093	52
3105	52
3105	52
3117	52
3117	52
3117	52
3128	52
3128	52
3140	52
3140	52
3152	52
3152	52
3152	52
3164	52
3164	52
3175	52
3175	52
3175	52
3187	52
3187	52
3199	52
3199	52
3199	52
3210	52
3210	52
3222	52
3222	52
3234	52
3234	52
3246	52
3246	52
3257	52
3257	52
3269	52
3269	52
3281	53
3281	53
3292	53
3292	53
3292	53
3304	53
3304	53
3316	53
3316	53
3328	53
3328	53
3339	53
3339	53
3351	53
3351	53
3363	53
3363	53
3375	53
3375	53
3375	53
3386	53
3386	53
3398	53
3398	53
3410	53
3410	53
3421	53
3421	53
3433	53
3433	53
3445	53
3445	53
3457	53
3457	53
3468	53
3468	53
3480	53
3480	53
3492	53
3492	53
3503	53
3503	53
3515	53
3515	53
3527	53
3527	53
3539	53
3539	53
3550	53
3550	53
3562	54
3562	54
3574	54
3574	54
3574	54
3585	54
3585	54
3597	54
3597	54
3609	54
3609	54
3621	54
3621	54
3632	54
3632	54
3644	54
3644	54
3656	54
3656	54
3667	54
3667	54
3679	54
3691	54
3691	54
3703	54
3703	54
3714	54
3714	54
3726	54
3726	54
3738	54
3750	54
3750	54
3761	54
3761	54
3773	54
3773	54
3785	54
3785	54
3796	54
3796	54
3808	54
3808	54
3820	54
3820	54
3832	54
3832	54
3843	54
3855	54
3855	54
3867	55
3867	55
3878	55
3878	55
3890	55
3890	55
3902	55
3902	55
3902	55
3914	55
3914	55
3925	55
3925	55
3937	55
3937	55
3949	55
3949	55
3960	55
3960	55
3972	55
3972	55
3984	55
3984	55
3996	55
3996	55
4007	55
4019	55
4019	55
4031	55
4031	55
4042	55
4042	55
4054	55
4054	55
4066	55
4066	55
4078	55
4078	55
4089	55
4089	55
4101	55
4101	55
4113	55
4113	55
4125	55
4125	55
4136	55
4136	55
4148	55
4148	55
4160	56
4160	56
4171	56
4171	56
4183	56
4195	56
4195	56
4207	56
4207	56
4218	56
4218	56
4230	56
4230	56
4242	56
4242	56
4253	56
4253	56
4265	56
4265	56
4277	56
4277	56
4289	56
4289	56
4300	56
4300	56
4312	56
4324	56
4324	56
4335	56
4335	56
4347	56
4347	56
4359	56
4359	56
4371	56
4371	56
4382	56
4382	56
4394	56
4406	56
4406	56
4417	56
4417	56
4429	56
4441	56
4441	56
4453	56
4453	56
4464	56
4476	56
4476	57
4488	57
4500	57
4500	57
4511	57
4523	57
4523	57
4535	57
4535	57
4546	57
4546	57
4558	57
4570	57
4570	57
4582	57
4582	57
4593	57
4593	57
4605	57
4605	57
4617	57
4617	57
4628	57
4640	57
4640	57
4652	57
4652	57
4664	57
4664	57
4675	57
4675	57
4687	57
4687	57
4699	57
4699	57
4710	57
4710	57
4722	57
4722	57
4734	57
4746	57
4746	57
4757	57
4757	57
4769	57
4781	57
4781	57
4792	57
4792	57
4804	57
4804	58
4816	58
4816	58
4828	58
4828	58
4839	58
4839	58
4851	58
4863	58
4863	58
4875	58
4875	58
4886	58
4886	58
4898	58
4898	58
4910	58
4921	58
4921	58
4933	58
4933	58
4945	58
4957	58
4957	58
4968	58
4968	58
4980	58
4992	58
4992	58
5003	58
5003	58
5015	58
5015	58
5027	58
5027	58
5039	58
5050	58
5050	58
5062	58
5062	58
5074	58
5085	58
5085	58
5097	58
5097	58
5109	58
5109	58
5121	58
5132	58
5132	58
5144	59
5144	59
5156	59
5167	59
5167	59
5179	59
5191	59
5191	59
5203	59
5214	59
5214	59
5226	59
5238	59
5238	59
5250	59
5261	59
5261	59
5273	59
5285	59
5285	59
5296	59
5308	59
5308	59
5320	59
5320	59
5332	59
5343	59
5343	59
5355	59
5355	59
5367	59
5378	59
5378	59
5390	59
5390	59
5402	59
5414	59
5414	59
5425	59
5425	59
5437	59
5437	59
5449	59
5460	59
5460	59
5472	59
5472	59
5484	59
5496	59
5496	59
5507	60
5519	60
5519	60
5531	60
5542	60
5542	60
5554	60
5554	60
5566	60
5566	60
5578	60
5589	60
5589	60
5601	60
5613	60
5613	60
5625	60
5625	60
5636	60
5648	60
5648	60
5660	60
5671	60
5671	60
5683	60
5683	60
5695	60
5707	60
5707	60
5718	60
5730	60
5730	60
5742	60
5753	60
5753	60
5765	60
5765	60
5777	60
5789	60
5789	60
5800	60
5812	60
5812	60
5824	60
5835	60
5835	60
5847	60
5859	60
5859	60
5871	60
5871	61
5882	61
5894	61
5894	61
5906	61
5917	61
5929	61
5929	61
5941	61
5953	61
5964	61
5964	61
5976	61
5988	61
6000	61
6000	61
6011	61
6023	61
6035	61
6035	61
6046	61
6058	61
6058	61
6070	61
6082	61
6082	61
6093	61
6105	61
6105	61
6117	61
6128	61
6128	61
6140	61
6152	61
6152	61
6164	61
6164	61
6175	61
6187	61
6187	61
6199	61
6210	61
6210	61
6222	61
6222	61
6234	61
6246	61
6257	61
6257	61
6269	61
6281	62
6281	62
6292	62
6304	62
6304	62
6316	62
6328	62
6328	62
6339	62
6351	62
6351	62
6363	62
6375	62
6375	62
6386	62
6398	62
6398	62
6410	62
6421	62
6421	62
6433	62
6445	62
6445	62
6457	62
6468	62
6480	62
6480	62
6492	62
6503	62
6503	62
6515	62
6527	62
6527	62
6539	62
6539	62
6550	62
6562	62
6574	62
6574	62
6585	62
6597	62
6597	62
6609	62
6621	62
6621	62
6632	62
6644	62
6656	62
6656	62
6667	62
6679	63
6691	63
6691	63
6703	63
6714	63
6726	63
6738	63
6738	63
6750	63
6761	63
6773	63
6773	63
6785	63
6796	63
6808	63
6808	63
6820	63
6832	63
6843	63
6843	63
6855	63
6867	63
6867	63
6878	63
6890	63
6902	63
6902	63
6914	63
6925	63
6937	63
6937	63
6949	63
6960	63
6972	63
6972	63
6984	63
6996	63
6996	63
7007	63
7019	63
7031	63
7042	63
7042	63
7054	63
7066	63
7078	63
7078	63
7089	63
7101	63
7113	63
7113	64
7125	64
7136	64
7148	64
7148	64
7160	64
7171	64
7183	64
7183	64
7195	64
7207	64
7218	64
7230	64
7230	64
7242	64
7253	64
7253	64
7265	64
7277	64
7289	64
7289	64
7300	64
7312	64
7312	64
7324	64
7335	64
7347	64
7347	64
7359	64
7371	64
7382	64
7382	64
7394	64
7406	64
7417	64
7417	64
7429	64
7441	64
7453	64
7464	64
7464	64
7476	64
7488	64
7500	64
7511	64
7523	64
7523	64
7535	64
7546	64
7558	64
7570	65
7570	65
7582	65
7593	65
7605	65
7605	65
7617	65
7628	65
7640	65
7652	65
7652	65
7664	65
7675	65
7687	65
7699	65
7699	65
7710	65
7722	65
7734	65
7734	65
7746	65
7757	65
7769	65
7781	65
7781	65
7792	65
7804	65
7816	65
7828	65
7828	65
7839	65
7851	65
7863	65
7875	65
7886	65
7886	65
7898	65
7910	65
7921	65
7933	65
7945	65
7945	65
7957	65
7968	65
7980	65
7992	65
7992	65
8003	65
8015	65
8027	65
8027	66
8039	66
8050	66
8062	66
8062	66
8074	66
8085	66
8097	66
8109	66
8109	66
8121	66
8132	66
8144	66
8156	66
8156	66
8167	66
8179	66
8191	66
8203	66
8214	66
8226	66
8238	66
8238	66
8250	66
8261	66
8273	66
8285	66
8296	66
8308	66
8308	66
8320	66
8332	66
8343	66
8355	66
8367	66
8367	66
8378	66
8390	66
8402	66
8414	66
8425	66
8437	66
8449	66
8460	66
8472	66
8472	66
8484	66
8496	66
8507	66
8519	66
8531	67
8542	67
8542	67
8554	67
8566	67
8578	67
8589	67
8601	67
8613	67
8625	67
8636	67
8648	67
8648	67
8660	67
8671	67
8683	67
8695	67
8707	67
8707	67
8718	67
8730	67
8742	67
8753	67
8765	67
8765	67
8777	67
8789	67
8789	67
8800	67
8812	67
8824	67
8824	67
8835	67
8847	67
8859	67
8871	67
8882	67
8882	67
8894	67
8906	67
8917	67
8929	67
8941	67
8941	67
8953	67
8964	67
8976	67
8988	67
9000	67
9000	67
9011	68
9023	68
9035	68
9046	68
9058	68
9070	68
9082	68
9082	68
9093	68
9105	68
9117	68
9128	68
9140	68
9152	68
9164	68
9175	68
9187	68
9199	68
9199	68
9210	68
9222	68
9234	68
9246	68
9257	68
9257	68
9269	68
9281	68
9292	68
9304	68
9316	68
9328	68
9339	68
9363	68
9375	68
9386	68
9398	68
9410	68
9410	68
9421	68
9433	68
9445	68
9457	68
9468	68
9480	68
9492	68
9492	68
9503	68
9515	68
9527	68
9539	68
9550	69
9562	69
9574	69
9574	69
9585	69
9597	69
9609	69
9621	69
9632	69
9644	69
9656	69
9656	69
9667	69
9679	69
9691	69
9703	69
9714	69
9726	69
9726	69
9738	69
9750	69
9761	69
9773	69
9785	69
9796	69
9808	69
9808	69
9820	69
9832	69
9843	69
9855	69
9867	69
9878	69
9890	69
9902	69
9902	69
9914	69
9925	69
9937	69
9949	69
9960	69
9972	69
9984	69
9984	69
9996	69
10007	69
10019	69
10031	69
10042	69
10054	69
10066	70
10078	70
10089	70
10101	70
10113	70
10136	70
10148	70
10160	70
10171	70
10171	70
10183	70
10195	70
10207	70
10218	70
10230	70
10242	70
10253	70
10265	70
10277	70
10289	70
10289	70
10300	70
10312	70
10324	70
10335	70
10347	70
10359	70
10371	70
10382	70
10394	70
10394	70
10406	70
10417	70
10429	70
10441	70
10453	70
10464	70
10476	70
10488	70
10488	70
10500	70
10511	70
10523	70
10535	70
10546	70
10558	70
10570	70
10582	70
10593	70
10605	70
10605	71
10617	71
10628	71
10640	71
10652	71
10664	71
10675	71
10687	71
10699	71
10710	71
10722	71
10734	71
10734	71
10746	71
10757	71
10769	71
10781	71
10792	71
10804	71
10816	71
10839	71
10851	71
10863	71
10875	71
10886	71
10898	71
10910	71
10921	71
10933	71
10945	71
10957	71
10968	71
10980	71
10992	71
11003	71
11015	71
11015	71
11027	71
11039	71
11050	71
11062	71
11074	71
11085	71
11097	71
11109	71
11121	71
11132	71
11144	71
11144	71
11156	71
11167	72
11179	72
11191	72
11203	72
11214	72
11214	72
11226	72
11238	72
11250	72
11261	72
11273	72
11285	72
11296	72
11308	72
11308	72
11320	72
11332	72
11343	72
11355	72
11367	72
11378	72
11390	72
11402	72
11402	72
11414	72
11425	72
11437	72
11449	72
11460	72
11472	72
11484	72
11496	72
11507	72
11519	72
11531	72
11542	72
11554	72
11566	72
11578	72
11589	72
11601	72
11625	72
11636	72
11648	72
11660	72
11671	72
11683	72
11695	72
11707	72
11718	72
11718	73
11730	73
11753	73
11765	73
11777	73
11789	73
11800	73
11812	73
11824	73
11835	73
11847	73
11859	73
11871	73
11882	73
11894	73
11906	73
11917	73
11917	73
11929	73
11941	73
11953	73
11964	73
11976	73
11988	73
12000	73
12011	73
12023	73
12035	73
12046	73
12058	73
12058	73
12082	73
12093	73
12105	73
12105	73
12117	73
12128	73
12140	73
12152	73
12152	73
12164	73
12175	73
12187	73
12199	73
12210	73
12210	73
12222	73
12234	73
12246	73
12257	73
12269	74
12281	74
12292	74
12304	74
12316	74
12328	74
12339	74
12351	74
12363	74
12386	74
12398	74
12410	74
12421	74
12433	74
12445	74
12457	74
12457	74
12468	74
12480	74
12492	74
12503	74
12515	74
12539	74
12550	74
12562	74
12574	74
12585	74
12597	74
12597	74
12609	74
12621	74
12632	74
12644	74
12656	74
12667	74
12679	74
12691	74
12703	74
12714	74
12726	74
12738	74
12750	74
12761	74
12773	74
12785	74
12796	74
12808	74
12820	74
12832	74
12843	74
12855	75
12867	75
12878	75
12890	75
12902	75
12914	75
12925	75
12937	75
12949	75
12960	75
12972	75
12984	75
12996	75
13007	75
13019	75
13031	75
13042	75
13054	75
13066	75
13078	75
13089	75
13101	75
13113	75
13125	75
13136	75
13148	75
13160	75
13171	75
13183	75
13195	75
13207	75
13218	75
13230	75
13242	75
13253	75
13265	75
13277	75
13289	75
13300	75
13312	75
13324	75
13335	75
13347	75
13359	75
13371	75
13382	75
13394	75
13406	75
13417	75
13429	75
13441	76
13453	76
13464	76
13476	76
13488	76
13500	76
13511	76
13523	76
13535	76
13546	76
13558	76
13570	76
13582	76
13593	76
13605	76
13617	76
13628	76
13640	76
13652	76
13652	76
13664	76
13675	76
13687	76
13699	76
13710	76
13722	76
13734	76
13746	76
13757	76
13769	76
13781	76
13792	76
13804	76
13816	76
13828	76
13839	76
13851	76
13863	76
13886	76
13898	76
13910	76
13921	76
13933	76
13945	76
13957	76
13968	76
13980	76
13992	76
14003	76
14015	76
14039	77
14050	77
14062	77
14074	77
14085	77
14097	77
14109	77
14121	77
14132	77
14144	77
14156	77
14167	77
14179	77
14203	77
14214	77
14226	77
14238	77
14250	77
14261	77
14273	77
14296	77
14308	77
14320	77
14332	77
14343	77
14355	77
14367	77
14378	77
14390	77
14402	77
14414	77
14425	77
14437	77
14449	77
14460	77
14472	77
14484	77
14496	77
14507	77
14519	77
14531	77
14542	77
14554	77
14566	77
14578	77
14589	77
14601	77
14613	77
14625	77
14648	77
14660	78
14671	78
14683	78
14695	78
14707	78
14718	78
14730	78
14742	78
14753	78
14765	78
14777	78
14789	78
14800	78
14812	78
14824	78
14835	78
14847	78
14871	78
14882	78
14894	78
14906	78
14917	78
14929	78
14941	78
14953	78
14964	78
14976	78
15000	78
15011	78
15023	78
15035	78
15046	78
15058	78
15070	78
15082	78
15093	78
15105	78
15117	78
15128	78
15140	78
15152	78
15164	78
15175	78
15187	78
15199	78
15210	78
15222	78
15234	78
15246	78
15257	78
15269	79
15281	79
15292	79
15304	79
15316	79
15339	79
15351	79
15363	79
15375	79
15386	79
15398	79
15410	79
15421	79
15433	79
15445	79
15457	79
15468	79
15492	79
15503	79
15515	79
15527	79
15539	79
15550	79
15562	79
15574	79
15585	79
15597	79
15609	79
15621	79
15632	79
15644	79
15667	79
15679	79
15691	79
15703	79
15714	79
15726	79
15750	79
15761	79
15773	79
15785	79
15796	79
15808	79
15820	79
15843	79
15855	79
15867	79
15878	79
15890	79
15902	79
15914	80
15925	80
15937	80
15949	80
15960	80
15972	80
15984	80
15996	80
16007	80
16019	80
16042	80
16054	80
16066	80
16078	80
16089	80
16101	80
16113	80
16125	80
16136	80
16148	80
16160	80
16171	80
16183	80
16195	80
16218	80
16230	80
16242	80
16253	80
16265	80
16277	80
16289	80
16300	80
16312	80
16324	80
16335	80
16347	80
16359	80
16371	80
16394	80
16406	80
16417	80
16429	80
16441	80
16464	80
16476	80
16488	80
16500	80
16523	80
16535	80
16546	80
16558	81
16570	81
16582	81
16593	81
16605	81
16628	81
16640	81
16652	81
16664	81
16675	81
16687	81
16699	81
16710	81
16722	81
16734	81
16746	81
16757	81
16769	81
16792	81
16804	81
16816	81
16828	81
16839	81
16851	81
16863	81
16875	81
16886	81
16898	81
16910	81
16921	81
16945	81
16957	81
16968	81
16980	81
16992	81
17003	81
17015	81
17027	81
17039	81
17062	81
17074	81
17085	81
17097	81
17109	81
17121	81
17132	81
17144	81
17167	81
17179	81
17191	81
17203	82
17226	82
17238	82
17250	82
17273	82
17285	82
17296	82
17308	82
17320	82
17332	82
17343	82
17367	82
17378	82
17390	82
17402	82
17414	82
17425	82
17437	82
17449	82
17460	82
17472	82
17496	82
17507	82
17519	82
17531	82
17542	82
17554	82
17566	82
17578	82
17601	82
17613	82
17625	82
17636	82
17648	82
17660	82
17671	82
17695	82
17707	82
17718	82
17730	82
17742	82
17753	82
17765	82
17789	82
17800	82
17812	82
17824	82
17835	82
17847	82
17871	82
17882	83
17894	83
17906	83
17917	83
17941	83
17953	83
17964	83
17988	83
18000	83
18011	83
18035	83
18046	83
18058	83
18070	83
18082	83
18093	83
18117	83
18128	83
18140	83
18152	83
18164	83
18175	83
18187	83
18199	83
18210	83
18234	83
18246	83
18257	83
18269	83
18281	83
18292	83
18316	83
18328	83
18339	83
18351	83
18363	83
18375	83
18386	83
18398	83
18421	83
18433	83
18445	83
18457	83
18468	83
18492	83
18503	83
18515	83
18527	83
18539	83
18550	83
18562	84
18574	84
18585	84
18609	84
18621	84
18632	84
18644	84
18656	84
18679	84
18691	84
18703	84
18726	84
18738	84
18750	84
18773	84
18785	84
18796	84
18808	84
18820	84
18843	84
18855	84
18867	84
18878	84
18890	84
18914	84
18925	84
18937	84
18949	84
18960	84
18984	84
18996	84
19007	84
19019	84
19031	84
19054	84
19066	84
19078	84
19089	84
19113	84
19125	84
19136	84
19148	84
19171	84
19183	84
19195	84
19207	84
19218	84
19242	84
19253	84
19265	84
19277	85
19289	85
19300	85
19312	85
19335	85
19347	85
19359	85
19371	85
19382	85
19406	85
19417	85
19429	85
19441	85
19464	85
19476	85
19488	85
19511	85
19523	85
19535	85
19558	85
19570	85
19582	85
19593	85
19605	85
19628	85
19640	85
19652	85
19664	85
19687	85
19699	85
19710	85
19722	85
19734	85
19757	85
19769	85
19781	85
19792	85
19816	85
19828	85
19839	85
19863	85
19875	85
19886	85
19910	85
19921	85
19933	85
19945	85
19968	85
19980	85
19992	85
20003	86
20015	86
20039	86
20050	86
20062	86
20074	86
20085	86
20109	86
20121	86
20132	86
20144	86
20167	86
20179	86
20191	86
20214	86
20226	86
20238	86
20261	86
20273	86
20285	86
20308	86
20320	86
20332	86
20343	86
20367	86
20378	86
20390	86
20414	86
20425	86
20449	86
20460	86
20472	86
20484	86
20507	86
20519	86
20531	86
20542	86
20566	86
20578	86
20601	86
20613	86
20625	86
20648	86
20660	86
20671	86
20683	86
20707	86
20718	86
20730	86
20742	86
20765	87
20777	87
20789	87
20800	87
20812	87
20824	87
20835	87
20847	87
20871	87
20882	87
20894	87
20917	87
20929	87
20941	87
20953	87
20964	87
20988	87
21000	87
21011	87
21035	87
21046	87
21058	87
21082	87
21093	87
21105	87
21117	87
21140	87
21152	87
21175	87
21187	87
21199	87
21222	87
21234	87
21246	87
21257	87
21281	87
21292	87
21316	87
21328	87
21351	87
21363	87
21386	87
21398	87
21421	87
21433	87
21445	87
21457	87
21480	87
21492	87
21503	87
21527	88
21539	88
21550	88
21562	88
21585	88
21597	88
21609	88
21621	88
21644	88
21656	88
21667	88
21691	88
21703	88
21714	88
21726	88
21750	88
21761	88
21773	88
21796	88
21808	88
21820	88
21843	88
21855	88
21867	88
21878	88
21902	88
21914	88
21925	88
21949	88
21960	88
21972	88
21984	88
22007	88
22019	88
22031	88
22054	88
22066	88
22089	88
22113	88
22125	88
22148	88
22160	88
22183	88
22195	88
22207	88
22218	88
22242	88
22253	88
22277	88
22289	88
22300	89
22324	89
22335	89
22347	89
22359	89
22382	89
22394	89
22406	89
22429	89
22441	89
22453	89
22476	89
22488	89
22500	89
22523	89
22535	89
22546	89
22570	89
22582	89
22593	89
22617	89
22628	89
22640	89
22664	89
22675	89
22699	89
22710	89
22722	89
22734	89
22757	89
22769	89
22792	89
22804	89
22828	89
22851	89
22863	89
22886	89
22898	89
22921	89
22933	89
22957	89
22968	89
22980	89
23003	89
23015	89
23027	89
23050	89
23062	89
23074	89
23097	89
23109	90
23121	90
23144	90
23156	90
23167	90
23191	90
23203	90
23214	90
23226	90
23250	90
23261	90
23273	90
23296	90
23308	90
23320	90
23343	90
23355	90
23367	90
23390	90
23402	90
23414	90
23437	90
23449	90
23460	90
23484	90
23496	90
23507	90
23531	90
23542	90
23566	90
23578	90
23601	90
23625	90
23648	90
23660	90
23683	90
23695	90
23707	90
23730	90
23742	90
23765	90
23777	90
23800	90
23812	90
23835	90
23847	90
23859	90
23882	90
23894	90
23917	90
23929	91
23941	91
23964	91
23976	91
23988	91
24011	91
24023	91
24035	91
24058	91
24070	91
24093	91
24105	91
24117	91
24140	91
24152	91
24164	91
24175	91
24187	91
24210	91
24222	91
24234	91
24257	91
24269	91
24292	91
24304	91
24316	91
24339	91
24363	91
24375	91
24398	91
24410	91
24433	91
24445	91
24457	91
24480	91
24492	91
24515	91
24527	91
24550	91
24562	91
24585	91
24597	91
24609	91
24632	91
24644	91
24667	91
24679	91
24703	91
24714	91
24738	91
24750	92
24761	92
24785	92
24796	92
24820	92
24832	92
24855	92
24867	92
24878	92
24902	92
24914	92
24925	92
24949	92
24960	92
24972	92
24996	92
25007	92
25031	92
25042	92
25066	92
25078	92
25101	92
25113	92
25136	92
25148	92
25171	92
25183	92
25207	92
25218	92
25242	92
25253	92
25265	92
25289	92
25300	92
25324	92
25335	92
25347	92
25371	92
25382	92
25406	92
25417	92
25441	92
25453	92
25464	92
25488	92
25500	92
25523	92
25535	92
25558	92
25570	92
25593	93
25605	93
25617	93
25640	93
25652	93
25664	93
25675	93
25687	93
25710	93
25722	93
25734	93
25757	93
25769	93
25792	93
25804	93
25828	93
25839	93
25863	93
25875	93
25898	93
25910	93
25933	93
25945	93
25968	93
25980	93
26003	93
26015	93
26039	93
26062	93
26074	93
26097	93
26109	93
26121	93
26144	93
26156	93
26179	93
26191	93
26214	93
26238	93
26250	93
26273	93
26285	93
26308	93
26320	93
26343	93
26355	93
26367	93
26390	93
26402	93
26425	93
26437	94
26449	94
26472	94
26484	94
26496	94
26519	94
26531	94
26554	94
26566	94
26589	94
26601	94
26625	94
26636	94
26660	94
26671	94
26695	94
26707	94
26730	94
26742	94
26753	94
26777	94
26789	94
26812	94
26824	94
26847	94
26859	94
26871	94
26894	94
26906	94
26929	94
26941	94
26964	94
26976	94
27000	94
27011	94
27035	94
27046	94
27070	94
27082	94
27105	94
27117	94
27128	94
27152	94
27164	94
27175	94
27199	94
27210	94
27222	94
27246	94
27257	94
27281	95
27292	95
27304	95
27328	95
27339	95
27363	95
27375	95
27386	95
27410	95
27421	95
27445	95
27457	95
27480	95
27492	95
27503	95
27527	95
27539	95
27562	95
27574	95
27597	95
27609	95
27621	95
27644	95
27656	95
27679	95
27691	95
27714	95
27738	95
27750	95
27773	95
27785	95
27808	95
27820	95
27843	95
27855	95
27878	95
27890	95
27902	95
27925	95
27937	95
27949	95
27972	95
27984	95
28007	95
28019	95
28042	95
28054	95
28066	95
28089	95
28101	95
28125	96
28136	96
28148	96
28171	96
28183	96
28207	96
28218	96
28242	96
28253	96
28265	96
28289	96
28300	96
28324	96
28335	96
28359	96
28371	96
28382	96
28406	96
28417	96
28441	96
28464	96
28476	96
28500	96
28523	96
28535	96
28558	96
28570	96
28582	96
28605	96
28617	96
28640	96
28652	96
28675	96
28687	96
28699	96
28722	96
28734	96
28746	96
28769	96
28781	96
28804	96
28816	96
28828	96
28851	96
28863	96
28886	96
28898	96
28910	96
28933	96
28957	96
28968	97
28980	97
29003	97
29015	97
29039	97
29050	97
29074	97
29085	97
29097	97
29121	97
29132	97
29156	97
29167	97
29191	97
29214	97
29226	97
29250	97
29273	97
29285	97
29308	97
29320	97
29343	97
29355	97
29378	97
29390	97
29402	97
29425	97
29437	97
29449	97
29472	97
29484	97
29507	97
29519	97
29542	97
29554	97
29578	97
29589	97
29601	97
29625	97
29636	97
29660	97
29671	97
29695	97
29707	97
29730	97
29742	97
29753	97
29777	97
29789	97
29812	97
29824	98
29847	98
29859	98
29882	98
29894	98
29917	98
29929	98
29953	98
29976	98
29988	98
30011	98
30035	98
30046	98
30070	98
30082	98
30105	98
30117	98
30128	98
30152	98
30164	98
30187	98
30199	98
30210	98
30234	98
30246	98
30269	98
30281	98
30304	98
30316	98
30339	98
30351	98
30363	98
30386	98
30398	98
30421	98
30433	98
30457	98
30468	98
30492	98
30503	98
30527	98
30539	98
30550	98
30574	98
30585	98
30609	98
30621	98
30644	98
30656	98
30679	98
30691	99
30714	99
30738	99
30750	99
30773	99
30796	99
30808	99
30832	99
30843	99
30855	99
30878	99
30902	99
30914	99
30937	99
30949	99
30960	99
30984	99
30996	99
31019	99
31031	99
31054	99
31066	99
31089	99
31113	99
31125	99
31148	99
31160	99
31183	99
31195	99
31218	99
31230	99
31253	99
31265	99
31289	99
31300	99
31312	99
31335	99
31347	99
31371	99
31382	99
31406	99
31417	99
31441	99
31464	99
31476	99
31500	99
31523	99
31535	99
31558	99
31570	99
31593	100
31605	100
31628	100
31640	100
31664	100
31675	100
31699	100
31710	100
31734	100
31746	100
31769	100
31792	100
31804	100
31828	100
31839	100
31863	100
31886	100
31898	100
31921	100
31933	100
31957	100
31968	100
31992	100
32003	100
32027	100
32039	100
32062	100
32074	100
32097	100
32109	100
32132	100
32144	100
32167	100
32179	100
32203	100
32226	100
32250	100
32261	100
32285	100
32296	100
32320	100
32332	100
32355	100
32378	100
32390	100
32414	100
32437	100
32460	100
32472	100
32496	100
32507	101
32531	101
32542	101
32566	101
32589	101
32601	101
32625	101
32648	101
32660	101
32683	101
32695	101
32718	101
32742	101
32753	101
32765	101
32789	101
32800	101
32812	101
32835	101
32847	101
32871	101
32882	101
32906	101
32917	101
32941	101
32953	101
32976	101
33000	101
33011	101
33035	101
33046	101
33070	101
33082	101
33105	101
33128	101
33140	101
33164	101
33187	101
33199	101
33222	101
33234	101
33257	101
33269	101
33292	101
33316	101
33339	101
33363	101
33386	101
33398	101
33421	101
33445	102
33457	102
33480	102
33492	102
33515	102
33527	102
33550	102
33574	102
33585	102
33609	102
33621	102
33644	102
33656	102
33679	102
33691	102
33714	102
33726	102
33750	102
33773	102
33785	102
33808	102
33820	102
33843	102
33867	102
33878	102
33902	102
33914	102
33937	102
33949	102
33972	102
33984	102
34007	102
34031	102
34042	102
34066	102
34089	102
34113	102
34136	102
34160	102
34171	102
34195	102
34207	102
34230	102
34253	102
34265	102
34289	102
34312	102
34324	102
34347	102
34359	102
34382	103
34406	103
34417	103
34441	103
34453	103
34476	103
34500	103
34511	103
34535	103
34546	103
34570	103
34593	103
34605	103
34628	103
34652	103
34664	103
34687	103
34710	103
34722	103
34746	103
34757	103
34781	103
34804	103
34828	103
34851	103
34875	103
34898	103
34921	103
34933	103
34957	103
34968	103
34992	103
35015	103
35027	103
35050	103
35062	103
35085	103
35097	103
35121	103
35144	103
35156	103
35179	103
35191	103
35214	103
35226	103
35250	103
35261	103
35285	103
35308	103
35320	103
35343	104
35367	104
35378	104
35390	104
35414	104
35425	104
35449	104
35472	104
35484	104
35507	104
35519	104
35542	104
35566	104
35589	104
35613	104
35636	104
35660	104
35683	104
35707	104
35718	104
35742	104
35765	104
35789	104
35812	104
35824	104
35847	104
35859	104
35882	104
35906	104
35917	104
35941	104
35964	104
35976	104
36000	104
36011	104
36035	104
36058	104
36070	104
36093	104
36117	104
36128	104
36140	104
36164	104
36175	104
36199	104
36210	104
36234	104
36246	104
36269	104
36292	104
36304	105
36328	105
36351	105
36375	105
36398	105
36410	105
36433	105
36457	105
36468	105
36492	105
36515	105
36539	105
36550	105
36574	105
36597	105
36609	105
36632	105
36656	105
36667	105
36691	105
36714	105
36726	105
36750	105
36773	105
36796	105
36808	105
36832	105
36855	105
36867	105
36890	105
36902	105
36925	105
36949	105
36960	105
36984	105
36996	105
37019	105
37042	105
37066	105
37089	105
37101	105
37125	105
37148	105
37171	105
37195	105
37207	105
37230	105
37253	105
37265	105
37289	105
37312	106
37324	106
37347	106
37359	106
37382	106
37406	106
37429	106
37441	106
37464	106
37488	106
37500	106
37523	106
37546	106
37558	106
37582	106
37605	106
37617	106
37640	106
37652	106
37664	106
37687	106
37699	106
37722	106
37746	106
37757	106
37781	106
37804	106
37828	106
37839	106
37863	106
37886	106
37910	106
37933	106
37945	106
37968	106
37992	106
38015	106
38039	106
38062	106
38085	106
38097	106
38121	106
38144	106
38156	106
38179	106
38203	106
38226	106
38250	106
38273	106
38296	106
38308	107
38332	107
38355	107
38378	107
38390	107
38414	107
38425	107
38449	107
38472	107
38484	107
38507	107
38531	107
38554	107
38566	107
38589	107
38613	107
38636	107
38660	107
38671	107
38695	107
38718	107
38742	107
38753	107
38777	107
38800	107
38812	107
38835	107
38859	107
38882	107
38894	107
38917	107
38941	107
38964	107
38988	107
39000	107
39023	107
39046	107
39070	107
39082	107
39105	107
39128	107
39140	107
39164	107
39175	107
39199	107
39222	107
39234	107
39257	107
39281	107
39304	107
39316	108
39339	108
39363	108
39386	108
39398	108
39421	108
39445	108
39468	108
39480	108
39503	108
39527	108
39539	108
39562	108
39585	108
39609	108
39621	108
39644	108
39667	108
39691	108
39714	108
39738	108
39761	108
39785	108
39808	108
39820	108
39843	108
39867	108
39890	108
39902	108
39925	108
39937	108
39960	108
39984	108
40007	108
40031	108
40042	108
40066	108
40089	108
40101	108
40125	108
40148	108
40171	108
40183	108
40207	108
40230	108
40253	108
40265	108
40289	108
40312	108
40335	108
40347	109
40371	109
40394	109
40417	109
40441	109
40464	109
40488	109
40511	109
40535	109
40558	109
40570	109
40593	109
40617	109
40640	109
40652	109
40675	109
40699	109
40710	109
40734	109
40757	109
40781	109
40792	109
40816	109
40839	109
40851	109
40875	109
40898	109
40921	109
40933	109
40957	109
40980	109
41003	109
41015	109
41039	109
41062	109
41085	109
41109	109
41121	109
41144	109
41167	109
41191	109
41214	109
41238	109
41261	109
41285	109
41308	109
41332	109
41355	109
41367	109
41390	109
41414	110
41437	110
41449	110
41472	110
41496	110
41519	110
41531	110
41554	110
41578	110
41601	110
41613	110
41636	110
41660	110
41683	110
41707	110
41730	110
41742	110
41765	110
41789	110
41812	110
41835	110
41847	110
41871	110
41894	110
41917	110
41941	110
41964	110
41988	110
42011	110
42035	110
42058	110
42082	110
42093	110
42117	110
42140	110
42164	110
42175	110
42199	110
42222	110
42234	110
42257	110
42281	110
42304	110
42328	110
42339	110
42363	110
42386	110
42398	110
42421	110
42445	110
42468	111
42492	111
42503	111
42527	111
42550	111
42562	111
42585	111
42609	111
42632	111
42656	111
42667	111
42691	111
42714	111
42738	111
42761	111
42785	111
42808	111
42832	111
42855	111
42878	111
42902	111
42914	111
42937	111
42960	111
42984	111
43007	111
43019	111
43042	111
43066	111
43089	111
43113	111
43136	111
43160	111
43171	111
43195	111
43218	111
43242	111
43265	111
43277	111
43300	111
43324	111
43347	111
43359	111
43382	111
43406	111
43429	111
43453	111
43476	111
43500	111
43523	111
43535	112
43558	112
43582	112
43605	112
43628	112
43652	112
43664	112
43687	112
43710	112
43734	112
43757	112
43769	112
43792	112
43816	112
43839	112
43863	112
43886	112
43910	112
43933	112
43945	112
43968	112
43992	112
44015	112
44039	112
44050	112
44074	112
44097	112
44121	112
44144	112
44156	112
44179	112
44203	112
44226	112
44250	112
44273	112
44296	112
44320	112
44343	112
44367	112
44390	112
44414	112
44437	112
44460	112
44484	112
44507	112
44531	112
44542	112
44566	112
44601	112
44625	112
44648	113
44660	113
44683	113
44707	113
44730	113
44753	113
44765	113
44789	113
44812	113
44824	113
44847	113
44871	113
44894	113
44917	113
44929	113
44953	113
44976	113
45000	113
45023	113
45046	113
45070	113
45082	113
45105	113
45128	113
45152	113
45175	113
45199	113
45222	113
45246	113
45269	113
45292	113
45316	113
45339	113
45363	113
45386	113
45410	113
45433	113
45457	113
45480	113
45503	113
45527	113
45550	113
45562	113
45585	113
45609	113
45632	113
45656	113
45679	113
45703	113
45714	113
45738	114
45761	114
45785	114
45808	114
45832	114
45855	114
45878	114
45890	114
45914	114
45937	114
45960	114
45984	114
46007	114
46031	114
46054	114
46078	114
46101	114
46125	114
46160	114
46183	114
46195	114
46218	114
46242	114
46265	114
46289	114
46312	114
46335	114
46359	114
46382	114
46406	114
46429	114
46441	114
46464	114
46488	114
46511	114
46535	114
46558	114
46582	114
46605	114
46628	114
46652	114
46675	114
46699	114
46722	114
46734	114
46757	114
46781	114
46804	114
46839	114
46863	114
46898	115
46921	115
46945	115
46957	115
46980	115
47003	115
47027	115
47050	115
47074	115
47097	115
47121	115
47144	115
47167	115
47179	115
47203	115
47226	115
47250	115
47261	115
47285	115
47308	115
47332	115
47355	115
47378	115
47402	115
47414	115
47437	115
47460	115
47484	115
47507	115
47531	115
47554	115
47589	115
47613	115
47636	115
47671	115
47695	115
47707	115
47730	115
47765	115
47789	115
47812	115
47835	115
47859	115
47882	115
47906	115
47929	115
47953	115
47976	115
47988	115
48011	115
48035	116
48058	116
48082	116
48105	116
48128	116
48140	116
48164	116
48187	116
48199	116
48222	116
48246	116
48269	116
48292	116
48316	116
48339	116
48363	116
48398	116
48421	116
48445	116
48457	116
48480	116
48515	116
48539	116
48562	116
48585	116
48609	116
48632	116
48656	116
48679	116
48703	116
48726	116
48750	116
48773	116
48796	116
48820	116
48843	116
48867	116
48878	116
48902	116
48925	116
48949	116
48972	116
48996	116
49019	116
49042	116
49066	116
49089	116
49113	116
49136	116
49171	116
49195	117
49207	117
49242	117
49253	117
49277	117
49300	117
49324	117
49347	117
49371	117
49394	117
49417	117
49441	117
49464	117
49488	117
49511	117
49535	117
49558	117
49582	117
49605	117
49628	117
49652	117
49664	117
49687	117
49710	117
49734	117
49757	117
49781	117
49804	117
49828	117
49851	117
49875	117
49898	117
49921	117
49945	117
49968	117
49992	117
50027	117
50050	117
50074	117
50097	117
50121	117
50144	117
50167	117
50191	117
50226	117
50250	117
50273	117
50296	117
50320	117
50343	117
50367	118
50390	118
50414	118
50437	118
50460	118
50484	118
50507	118
50531	118
50554	118
50578	118
50601	118
50625	118
50648	118
50671	118
50695	118
50718	118
50742	118
50765	118
50789	118
50812	118
50835	118
50859	118
50882	118
50906	118
50929	118
50953	118
50976	118
51011	118
51035	118
51058	118
51082	118
51105	118
51128	118
51152	118
51164	118
51187	118
51210	118
51234	118
51257	118
51281	118
51304	118
51328	118
51351	118
51375	118
51398	118
51421	118
51445	118
51480	118
51492	118
51515	118
51539	119
51574	119
51597	119
51621	119
51644	119
51667	119
51691	119
51714	119
51738	119
51773	119
51796	119
51820	119
51843	119
51867	119
51890	119
51914	119
51937	119
51960	119
51984	119
52007	119
52031	119
52054	119
52078	119
52101	119
52125	119
52148	119
52171	119
52195	119
52218	119
52242	119
52265	119
52289	119
52312	119
52335	119
52359	119
52382	119
52406	119
52429	119
52453	119
52488	119
52511	119
52535	119
52558	119
52582	119
52605	119
52628	119
52652	119
52675	119
52699	119
52722	119
52746	120
52769	120
52792	120
52816	120
52839	120
52863	120
52886	120
52910	120
52933	120
52957	120
52980	120
53003	120
53027	120
53050	120
53085	120
53109	120
53132	120
53156	120
53179	120
53203	120
53238	120
53261	120
53285	120
53320	120
53343	120
53367	120
53390	120
53414	120
53437	120
53460	120
53484	120
53507	120
53531	120
53554	120
53578	120
53601	120
53625	120
53648	120
53671	120
53695	120
53730	120
53753	120
53777	120
53800	120
53824	120
53847	120
53871	120
53894	120
53917	120
53953	120
53976	121
54000	121
54035	121
54058	121
54082	121
54105	121
54128	121
54152	121
54175	121
54199	121
54222	121
54246	121
54269	121
54292	121
54316	121
54339	121
54363	121
54386	121
54410	121
54433	121
54457	121
54492	121
54503	121
54527	121
54550	121
54574	121
54597	121
54621	121
54656	121
54679	121
54703	121
54726	121
54761	121
54785	121
54808	121
54832	121
54855	121
54878	121
54914	121
54937	121
54960	121
54984	121
55007	121
55031	121
55054	121
55078	121
55113	121
55136	121
55160	121
55183	121
55207	122
55230	122
55253	122
55277	122
55300	122
55324	122
55347	122
55371	122
55406	122
55429	122
55453	122
55476	122
55511	122
55535	122
55558	122
55582	122
55605	122
55628	122
55652	122
55675	122
55710	122
55734	122
55757	122
55781	122
55804	122
55828	122
55851	122
55886	122
55910	122
55933	122
55957	122
55980	122
56003	122
56027	122
56050	122
56074	122
56097	122
56121	122
56144	122
56179	122
56203	122
56226	122
56261	122
56285	122
56308	122
56332	122
56355	122
56390	122
56414	122
56437	122
56472	123
56496	123
56519	123
56542	123
56566	123
56601	123
56625	123
56648	123
56671	123
56695	123
56730	123
56753	123
56765	123
56789	123
56812	123
56835	123
56859	123
56882	123
56906	123
56929	123
56953	123
56988	123
57011	123
57035	123
57058	123
57082	123
57105	123
57128	123
57164	123
57187	123
57210	123
57234	123
57257	123
57292	123
57316	123
57351	123
57375	123
57410	123
57433	123
57457	123
57480	123
57503	123
57527	123
57550	123
57574	123
57609	123
57632	123
57656	123
57679	123
57703	123
57726	124
57750	124
57773	124
57796	124
57832	124
57855	124
57878	124
57902	124
57925	124
57949	124
57972	124
57996	124
58019	124
58054	124
58078	124
58113	124
58136	124
58171	124
58195	124
58218	124
58242	124
58265	124
58300	124
58324	124
58347	124
58371	124
58394	124
58417	124
58441	124
58476	124
58500	124
58523	124
58546	124
58570	124
58593	124
58628	124
58652	124
58675	124
58699	124
58722	124
58746	124
58781	124
58804	124
58839	124
58875	124
58898	124
58921	124
58957	124
58980	124
59003	124
59027	125
59050	125
59074	125
59097	125
59132	125
59156	125
59179	125
59203	125
59226	125
59250	125
59273	125
59296	125
59320	125
59355	125
59378	125
59390	125
59414	125
59449	125
59472	125
59496	125
59519	125
59542	125
59578	125
59613	125
59636	125
59671	125
59695	125
59718	125
59742	125
59777	125
59812	125
59835	125
59859	125
59882	125
59906	125
59929	125
59964	125
59988	125
60011	125
60035	125
60058	125
60082	125
60117	125
60128	125
60152	125
60175	125
60199	125
60222	125
60246	125
60269	125
60304	126
60328	126
60351	126
60386	126
60410	126
60433	126
60468	126
60492	126
60515	126
60550	126
60574	126
60597	126
60621	126
60644	126
60679	126
60703	126
60726	126
60750	126
60785	126
60808	126
60832	126
60855	126
60878	126
60902	126
60937	126
60960	126
60984	126
61007	126
61031	126
61066	126
61089	126
61113	126
61148	126
61171	126
61195	126
61230	126
61253	126
61277	126
61300	126
61324	126
61347	126
61382	126
61406	126
61429	126
61453	126
61476	126
61511	126
61535	126
61558	126
61582	126
61605	127
61628	127
61652	127
61675	127
61699	127
61722	127
61746	127
61769	127
61804	127
61828	127
61851	127
61886	127
61910	127
61933	127
61968	127
61992	127
62015	127
62050	127
62074	127
62109	127
62132	127
62156	127
62179	127
62214	127
62238	127
62273	127
62296	127
62320	127
62355	127
62378	127
62402	127
62425	127
62449	127
62472	127
62507	127
62531	127
62554	127
62578	127
62613	127
62636	127
62660	127
62695	127
62718	127
62742	127
62765	127
62789	127
62824	127
62847	127
62871	127
62894	127
62929	128
62953	128
62976	128
63011	128
63035	128
63058	128
63093	128
63117	128
63140	128
63164	128
63187	128
63210	128
63234	128
63269	128
63292	128
63316	128
63339	128
63363	128
63386	128
63421	128
63445	128
63468	128
63503	128
63527	128
63550	128
63574	128
63597	128
63632	128
63656	128
63679	128
63714	128
63738	128
63773	128
63796	128
63820	128
63855	128
63878	128
63902	128
63925	128
63949	128
63972	128
64007	128
64031	128
64054	128
64078	128
64101	128
64136	128
64160	128
64183	128
64207	128
64242	129
64265	129
64289	129
64312	129
64335	129
64371	129
64394	129
64417	129
64453	129
64488	129
64511	129
64546	129
64570	129
64593	129
64617	129
64652	129
64675	129
64699	129
64722	129
64746	129
64781	129
64804	129
64828	129
64851	129
64875	129
64898	129
64933	129
64957	129
64980	129
65003	129
65039	129
65062	129
65085	129
65109	129
65144	129
65167	129
65203	129
65226	129
65261	129
65285	129
65320	129
65343	129
65367	129
65390	129
65425	129
65449	129
65472	129
65496	129
65519	129
65554	129
65578	130
65601	130
65625	130
65660	130
65683	130
65707	130
65742	130
65765	130
65789	130
65812	130
65847	130
65871	130
65894	130
65929	130
65953	130
65988	130
66011	130
66046	130
66070	130
66093	130
66128	130
66152	130
66175	130
66199	130
66222	130
66257	130
66281	130
66304	130
66339	130
66363	130
66386	130
66410	130
66445	130
66468	130
66492	130
66515	130
66539	130
66574	130
66597	130
66621	130
66644	130
66679	130
66703	130
66738	130
66773	130
66796	130
66820	130
66855	130
66878	130
66902	130
66937	131
66960	131
66984	131
67007	131
67042	131
67066	131
67089	131
67125	131
67148	131
67183	131
67207	131
67230	131
67253	131
67277	131
67312	131
67335	131
67359	131
67382	131
67417	131
67441	131
67476	131
67500	131
67535	131
67558	131
67582	131
67617	131
67640	131
67664	131
67699	131
67722	131
67746	131
67781	131
67804	131
67828	131
67863	131
67886	131
67921	131
67945	131
67980	131
68003	131
68027	131
68050	131
68085	131
68109	131
68132	131
68167	131
68191	131
68226	131
68250	131
68285	131
68308	132
68343	132
68367	132
68402	132
68425	132
68460	132
68484	132
68507	132
68542	132
68566	132
68601	132
68636	132
68660	132
68683	132
68718	132
68742	132
68765	132
68789	132
68812	132
68835	132
68871	132
68894	132
68917	132
68953	132
68976	132
69000	132
69035	132
69058	132
69082	132
69117	132
69140	132
69175	132
69199	132
69222	132
69257	132
69281	132
69316	132
69351	132
69386	132
69410	132
69445	132
69468	132
69492	132
69527	132
69550	132
69574	132
69609	132
69632	132
69656	132
69691	132
69714	133
69738	133
69773	133
69796	133
69832	133
69855	133
69878	133
69902	133
69937	133
69960	133
69996	133
70019	133
70054	133
70078	133
70113	133
70148	133
70183	133
70207	133
70230	133
70265	133
70289	133
70324	133
70347	133
70371	133
70406	133
70429	133
70464	133
70488	133
70511	133
70546	133
70570	133
70605	133
70628	133
70652	133
70687	133
70710	133
70746	133
70769	133
70804	133
70839	133
70875	133
70910	133
70933	133
70957	133
70992	133
71015	133
71050	133
71074	133
71097	133
71132	133
71156	134
71179	134
71214	134
71238	134
71261	134
71285	134
71320	134
71343	134
71367	134
71390	134
71425	134
71449	134
71472	134
71507	134
71531	134
71566	134
71601	134
71636	134
71671	134
71695	134
71718	134
71753	134
71789	134
71824	134
71847	134
71871	134
71906	134
71929	134
71953	134
71988	134
72011	134
72035	134
72070	134
72105	134
72128	134
72152	134
72175	134
72199	134
72222	134
72257	134
72281	134
72316	134
72339	134
72375	134
72410	134
72433	134
72457	134
72492	134
72527	134
72550	134
72585	135
72609	135
72644	135
72667	135
72691	135
72726	135
72761	135
72785	135
72808	135
72843	135
72867	135
72902	135
72925	135
72949	135
72984	135
73007	135
73042	135
73066	135
73101	135
73136	135
73160	135
73195	135
73218	135
73242	135
73277	135
73300	135
73335	135
73359	135
73394	135
73417	135
73441	135
73476	135
73500	135
73523	135
73558	135
73582	135
73617	135
73640	135
73664	135
73687	135
73710	135
73746	135
73769	135
73792	135
73828	135
73863	135
73886	135
73921	135
73945	135
73980	135
74003	136
74039	136
74074	136
74109	136
74132	136
74167	136
74191	136
74226	136
74261	136
74285	136
74320	136
74343	136
74378	136
74402	136
74425	136
74460	136
74484	136
74519	136
74542	136
74578	136
74601	136
74636	136
74671	136
74695	136
74730	136
74753	136
74789	136
74812	136
74847	136
74871	136
74894	136
74929	136
74964	136
74988	136
75023	136
75046	136
75082	136
75105	136
75140	136
75164	136
75187	136
75210	136
75246	136
75269	136
75304	136
75328	136
75363	136
75386	136
75421	136
75445	136
75480	137
75503	137
75527	137
75562	137
75585	137
75621	137
75644	137
75679	137
75714	137
75738	137
75773	137
75808	137
75832	137
75867	137
75890	137
75914	137
75949	137
75972	137
76007	137
76031	137
76054	137
76089	137
76113	137
76148	137
76171	137
76207	137
76230	137
76265	137
76289	137
76324	137
76347	137
76382	137
76406	137
76441	137
76476	137
76511	137
76535	137
76570	137
76593	137
76628	137
76652	137
76687	137
76710	137
76746	137
76769	137
76804	137
76828	137
76851	137
76886	137
76910	137
76945	138
76980	138
77003	138
77027	138
77062	138
77085	138
77121	138
77144	138
77179	138
77214	138
77250	138
77285	138
77308	138
77343	138
77367	138
77402	138
77425	138
77460	138
77484	138
77519	138
77542	138
77578	138
77601	138
77636	138
77660	138
77695	138
77718	138
77753	138
77777	138
77812	138
77835	138
77871	138
77894	138
77929	138
77964	138
78000	138
78035	138
78058	138
78093	138
78117	138
78152	138
78175	138
78210	138
78234	138
78269	138
78292	138
78328	138
78351	138
78386	138
78410	138
78445	139
78468	139
78503	139
78527	139
78562	139
78585	139
78621	139
78644	139
78679	139
78714	139
78738	139
78773	139
78808	139
78832	139
78867	139
78902	139
78925	139
78960	139
78984	139
79019	139
79054	139
79078	139
79113	139
79148	139
79171	139
79207	139
79230	139
79265	139
79289	139
79324	139
79347	139
79382	139
79406	139
79441	139
79476	139
79511	139
79535	139
79570	139
79605	139
79628	139
79664	139
79687	139
79722	139
79746	139
79781	139
79816	139
79851	139
79875	139
79910	139
79945	139
79968	140
80003	140
80027	140
80062	140
80085	140
80121	140
80144	140
80179	140
80214	140
80250	140
80285	140
80308	140
80343	140
80367	140
80402	140
80437	140
80472	140
80496	140
80531	140
80566	140
80601	140
80636	140
80660	140
80695	140
80730	140
80753	140
80777	140
80800	140
80835	140
80859	140
80894	140
80929	140
80953	140
80988	140
81011	140
81046	140
81082	140
81105	140
81140	140
81175	140
81210	140
81234	140
81269	140
81304	140
81339	140
81375	140
81410	140
81445	140
81468	140
81503	140
81527	141
81562	141
81597	141
81621	141
81656	141
81679	141
81714	141
81750	141
81773	141
81808	141
81843	141
81867	141
81902	141
81925	141
81960	141
81984	141
82019	141
82054	141
82089	141
82125	141
82160	141
82195	141
82218	141
82253	141
82289	141
82312	141
82347	141
82371	141
82406	141
82441	141
82464	141
82500	141
82535	141
82558	141
82593	141
82628	141
82652	141
82687	141
82722	141
82746	141
82781	141
82816	141
82851	141
82898	141
82933	141
82957	141
82992	141
83015	141
83050	141
83085	141
83109	142
83144	142
83179	142
83203	142
83238	142
83261	142
83285	142
83320	142
83355	142
83378	142
83414	142
83437	142
83472	142
83507	142
83531	142
83578	142
83613	142
83648	142
83683	142
83718	142
83742	142
83777	142
83824	142
83847	142
83882	142
83917	142
83941	142
83976	142
84000	142
84035	142
84070	142
84093	142
84128	142
84152	142
84175	142
84210	142
84234	142
84269	142
84292	142
84328	142
84363	142
84398	142
84433	142
84468	142
84492	142
84527	142
84562	142
84597	142
84621	142
84656	142
84691	143
84714	143
84750	143
84785	143
84820	143
84843	143
84878	143
84902	143
84937	143
84972	143
84996	143
85031	143
85066	143
85101	143
85136	143
85160	143
85195	143
85230	143
85265	143
85289	143
85324	143
85347	143
85382	143
85417	143
85453	143
85476	143
85511	143
85546	143
85570	143
85605	143
85640	143
85664	143
85687	143
85710	143
85746	143
85781	143
85816	143
85839	143
85875	143
85910	143
85945	143
85980	143
86015	143
86050	143
86085	143
86109	143
86144	143
86179	143
86214	143
86250	143
86285	144
86320	144
86343	144
86378	144
86402	144
86437	144
86472	144
86496	144
86531	144
86566	144
86589	144
86625	144
86660	144
86695	144
86718	144
86753	144
86789	144
86824	144
86847	144
86882	144
86917	144
86941	144
86976	144
87011	144
87046	144
87082	144
87105	144
87140	144
87164	144
87199	144
87222	144
87257	144
87292	144
87316	144
87351	144
87386	144
87410	144
87445	144
87480	144
87515	144
87539	144
87574	144
87609	144
87632	144
87667	144
87703	144
87738	144
87773	144
87808	144
87843	144
87878	145
87902	145
87937	145
87960	145
87996	145
88031	145
88054	145
88089	145
88125	145
88148	145
88183	145
88218	145
88253	145
88277	145
88312	145
88347	145
88371	145
88406	145
88441	145
88476	145
88511	145
88546	145
88582	145
88605	145
88640	145
88675	145
88699	145
88734	145
88757	145
88792	145
88828	145
88851	145
88886	145
88910	145
88945	145
88980	145
89015	145
89039	145
89074	145
89109	145
89132	145
89167	145
89203	145
89238	145
89273	145
89308	145
89343	145
89378	145
89402	145
89437	145
89460	146
89496	146
89531	146
89566	146
89589	146
89625	146
89660	146
89683	146
89718	146
89753	146
89789	146
89812	146
89847	146
89882	146
89917	146
89953	146
89988	146
90023	146
90058	146
90093	146
90117	146
90152	146
90175	146
90210	146
90246	146
90281	146
90304	146
90339	146
90363	146
90398	146
90433	146
90468	146
90492	146
90527	146
90550	146
90585	146
90621	146
90656	146
90679	146
90726	146
90761	146
90796	146
90820	146
90855	146
90890	146
90925	146
90949	146
90984	146
91019	146
91054	146
91078	147
91113	147
91148	147
91183	147
91218	147
91242	147
91277	147
91300	147
91335	147
91371	147
91394	147
91429	147
91464	147
91500	147
91535	147
91570	147
91593	147
91628	147
91664	147
91699	147
91722	147
91757	147
91792	147
91828	147
91863	147
91886	147
91921	147
91957	147
91992	147
92015	147
92050	147
92074	147
92109	147
92144	147
92179	147
92214	147
92250	147
92285	147
92320	147
92343	147
92378	147
92414	147
92449	147
92484	147
92519	147
92554	147
92589	147
92625	147
92660	147
92695	147
92718	148
92753	148
92777	148
92812	148
92835	148
92871	148
92906	148
92929	148
92964	148
93000	148
93035	148
93070	148
93093	148
93128	148
93164	148
93199	148
93234	148
93257	148
93292	148
93339	148
93375	148
93410	148
93445	148
93480	148
93503	148
93539	148
93574	148
93609	148
93632	148
93667	148
93703	148
93726	148
93761	148
93796	148
93832	148
93867	148
93890	148
93925	148
93960	148
93984	148
94019	148
94054	148
94089	148
94136	148
94171	148
94195	148
94230	148
94265	148
94300	148
94324	148
94359	149
94394	149
94417	149
94453	149
94488	149
94523	149
94546	149
94582	149
94617	149
94652	149
94687	149
94710	149
94746	149
94781	149
94816	149
94851	149
94898	149
94933	149
94957	149
94992	149
95027	149
95062	149
95085	149
95121	149
95156	149
95179	149
95214	149
95238	149
95273	149
95308	149
95343	149
95367	149
95402	149
95425	149
95460	149
95496	149
95519	149
95554	149
95601	149
95636	149
95671	149
95707	149
95742	149
95777	149
95812	149
95847	149
95882	149
95917	149
95941	149
95976	149
96011	150
96035	150
96070	150
96105	150
96128	150
96164	150
96187	150
96222	150
96246	150
96281	150
96316	150
96351	150
96386	150
96421	150
96457	150
96480	150
96515	150
96550	150
96585	150
96621	150
96644	150
96679	150
96714	150
96750	150
96785	150
96808	150
96843	150
96878	150
96902	150
96937	150
96960	150
96996	150
97031	150
97066	150
97101	150
97136	150
97171	150
97195	150
97230	150
97265	150
97289	150
97324	150
97359	150
97394	150
97417	150
97453	150
97488	150
97511	150
97546	150
97582	150
97617	151
97640	151
97664	151
97699	151
97722	151
97757	151
97792	151
97828	151
97863	151
97898	151
97933	151
97957	151
97992	151
98027	151
98074	151
98097	151
98132	151
98167	151
98203	151
98238	151
98273	151
98308	151
98343	151
98378	151
98402	151
98437	151
98460	151
98496	151
98531	151
98566	151
98589	151
98625	151
98660	151
98695	151
98730	151
98753	151
98789	151
98824	151
98847	151
98882	151
98917	151
98953	151
98988	151
99023	151
99046	151
99082	151
99117	151
99140	151
99175	151
99199	151
99234	152
99257	152
99292	152
99328	152
99351	152
99386	152
99421	152
99457	152
99480	152
99515	152
99550	152
99585	152
99609	152
99644	152
99679	152
99714	152
99750	152
99785	152
99820	152
99843	152
99878	152
99914	152
99937	152
99972	152
99996	152
100031	152
100066	152
100101	152
100125	152
100160	152
100195	152
100230	152
100253	152
100289	152
100324	152
100347	152
100382	152
100417	152
100453	152
100488	152
100523	152
100558	152
100593	152
100628	152
100652	152
100687	152
100710	152
100746	152
100781	152
100816	152
100839	153
100875	153
100898	153
100933	153
100968	153
101003	153
101027	153
101062	153
101097	153
101121	153
101156	153
101191	153
101226	153
101273	153
101296	153
101332	153
101367	153
101390	153
101425	153
101460	153
101484	153
101519	153
101554	153
101578	153
101613	153
101648	153
101671	153
101707	153
101742	153
101777	153
101800	153
101835	153
101871	153
101894	153
101929	153
101976	153
102011	153
102046	153
102070	153
102105	153
102140	153
102164	153
102199	153
102234	153
102257	153
102292	153
102328	153
102351	153
102386	153
102421	153
102457	154
102480	154
102515	154
102550	154
102574	154
102609	154
102644	154
102667	154
102714	154
102750	154
102785	154
102808	154
102843	154
102878	154
102914	154
102949	154
102972	154
103007	154
103042	154
103078	154
103101	154
103136	154
103171	154
103207	154
103242	154
103265	154
103300	154
103324	154
103359	154
103394	154
103429	154
103453	154
103488	154
103523	154
103558	154
103593	154
103628	154
103652	154
103687	154
103722	154
103746	154
103781	154
103816	154
103851	154
103886	154
103921	154
103945	154
103980	154
104015	154
104039	154
104074	155
104109	155
104132	155
104167	155
104203	155
104238	155
104273	155
104308	155
104332	155
104367	155
104402	155
104449	155
104472	155
104507	155
104542	155
104578	155
104613	155
104648	155
104671	155
104707	155
104742	155
104765	155
104800	155
104824	155
104859	155
104882	155
104917	155
104953	155
104976	155
105011	155
105046	155
105082	155
105105	155
105140	155
105175	155
105210	155
105246	155
105269	155
105316	155
105351	155
105386	155
105421	155
105457	155
105480	155
105515	155
105550	155
105574	155
105609	155
105644	155
105667	155
105703	156
105738	156
105761	156
105796	156
105832	156
105867	156
105890	156
105925	156
105960	156
105984	156
106019	156
106054	156
106089	156
106125	156
106160	156
106195	156
106230	156
106253	156
106289	156
106324	156
106347	156
106382	156
106417	156
106453	156
106476	156
106511	156
106546	156
106582	156
106605	156
106640	156
106675	156
106710	156
106734	156
106769	156
106804	156
106851	156
106886	156
106921	156
106957	156
106980	156
107015	156
107050	156
107074	156
107109	156
107144	156
107167	156
107203	156
107226	156
107261	156
107296	156
107320	157
107355	157
107390	157
107414	157
107449	157
107472	157
107507	157
107542	157
107578	157
107625	157
107660	157
107695	157
107718	157
107753	157
107789	157
107824	157
107859	157
107882	157
107917	157
107953	157
107976	157
108011	157
108035	157
108070	157
108105	157
108128	157
108152	157
108187	157
108210	157
108246	157
108281	157
108304	157
108339	157
108375	157
108410	157
108445	157
108468	157
108503	157
108539	157
108574	157
108597	157
108632	157
108667	157
108703	157
108726	157
108761	157
108796	157
108832	157
108855	157
108890	157
108914	158
108949	158
108984	158
109007	158
109042	158
109078	158
109113	158
109148	158
109183	158
109207	158
109242	158
109277	158
109300	158
109335	158
109371	158
109406	158
109429	158
109464	158
109500	158
109523	158
109558	158
109593	158
109617	158
109652	158
109675	158
109699	158
109734	158
109757	158
109792	158
109828	158
109863	158
109898	158
109921	158
109957	158
109992	158
110027	158
110062	158
110097	158
110121	158
110156	158
110191	158
110226	158
110261	158
110296	158
110320	158
110355	158
110390	158
110414	158
110437	158
110472	158
110507	159
110531	159
110566	159
110601	159
110625	159
110660	159
110695	159
110730	159
110753	159
110789	159
110824	159
110847	159
110882	159
110917	159
110941	159
110976	159
111011	159
111046	159
111070	159
111105	159
111140	159
111164	159
111187	159
111222	159
111246	159
111281	159
111316	159
111339	159
111375	159
111410	159
111433	159
111468	159
111503	159
111527	159
111562	159
111597	159
111632	159
111656	159
111691	159
111726	159
111761	159
111796	159
111832	159
111855	159
111890	159
111914	159
111949	159
111972	159
112007	159
112042	159
112066	160
112101	160
112136	160
112160	160
112195	160
112230	160
112253	160
112289	160
112312	160
112347	160
112382	160
112406	160
112441	160
112476	160
112511	160
112546	160
112582	160
112605	160
112640	160
112664	160
112699	160
112722	160
112757	160
112792	160
112816	160
112851	160
112875	160
112910	160
112933	160
112968	160
113003	160
113027	160
113062	160
113097	160
113121	160
113156	160
113191	160
113226	160
113261	160
113296	160
113320	160
113355	160
113390	160
113414	160
113449	160
113472	160
113507	160
113542	160
113566	160
113601	160
113636	161
113660	161
113695	161
113730	161
113753	161
113789	161
113824	161
113847	161
113882	161
113917	161
113953	161
113988	161
114023	161
114058	161
114082	161
114117	161
114152	161
114175	161
114210	161
114234	161
114269	161
114304	161
114328	161
114363	161
114386	161
114421	161
114457	161
114480	161
114515	161
114539	161
114574	161
114597	161
114632	161
114667	161
114703	161
114738	161
114761	161
114796	161
114832	161
114855	161
114890	161
114925	161
114960	161
114984	161
115019	161
115042	161
115078	161
115113	161
115148	161
115171	161
115207	162
115242	162
115265	162
115300	162
115324	162
115359	162
115382	162
115417	162
115453	162
115488	162
115523	162
115546	162
115582	162
115617	162
115640	162
115675	162
115710	162
115734	162
115769	162
115804	162
115839	162
115863	162
115898	162
115933	162
115968	162
115992	162
116027	162
116050	162
116085	162
116121	162
116144	162
116179	162
116214	162
116250	162
116285	162
116320	162
116343	162
116378	162
116414	162
116449	162
116484	162
116507	162
116542	162
116578	162
116613	162
116648	162
116683	162
116707	162
116742	162
116765	162
116789	163
116824	163
116847	163
116882	163
116917	163
116941	163
116976	163
117000	163
117035	163
117070	163
117093	163
117128	163
117164	163
117199	163
117222	163
117257	163
117292	163
117328	163
117363	163
117398	163
117433	163
117457	163
117492	163
117527	163
117550	163
117585	163
117609	163
117644	163
117667	163
117703	163
117738	163
117761	163
117796	163
117832	163
117855	163
117890	163
117914	163
117949	163
117984	163
118007	163
118042	163
118078	163
118113	163
118148	163
118183	163
118218	163
118242	163
118277	163
118312	163
118335	163
118371	164
118406	164
118429	164
118464	164
118500	164
118523	164
118558	164
118593	164
118628	164
118652	164
118687	164
118722	164
118746	164
118781	164
118816	164
118863	164
118898	164
118933	164
118957	164
118992	164
119027	164
119050	164
119085	164
119109	164
119144	164
119179	164
119203	164
119238	164
119261	164
119296	164
119320	164
119355	164
119378	164
119414	164
119437	164
119472	164
119496	164
119531	164
119566	164
119613	164
119648	164
119683	164
119707	164
119742	164
119777	164
119812	164
119835	164
119871	164
119906	164
119929	164
119964	165
119988	165
120023	165
120058	165
120082	165
120117	165
120140	165
120164	165
120199	165
120222	165
120257	165
120292	165
120316	165
120351	165
120386	165
120421	165
120457	165
120480	165
120515	165
120550	165
120585	165
120609	165
120644	165
120679	165
120703	165
120738	165
120773	165
120808	165
120832	165
120867	165
120902	165
120925	165
120960	165
120984	165
121019	165
121054	165
121089	165
121125	165
121148	165
121183	165
121218	165
121242	165
121277	165
121312	165
121335	165
121371	165
121406	165
121429	165
121464	165
121488	165
121523	166
121558	166
121582	166
121617	166
121640	166
121664	166
121699	166
121722	166
121757	166
121781	166
121816	166
121851	166
121886	166
121921	166
121945	166
121980	166
122015	166
122050	166
122085	166
122109	166
122144	166
122179	166
122214	166
122250	166
122285	166
122308	166
122343	166
122378	166
122402	166
122437	166
122460	166
122496	166
122531	166
122554	166
122589	166
122625	166
122648	166
122683	166
122718	166
122753	166
122777	166
122812	166
122847	166
122871	166
122906	166
122941	166
122976	166
123011	166
123035	166
123070	166
123105	167
123128	167
123164	167
123187	167
123222	167
123246	167
123281	167
123316	167
123339	167
123375	167
123398	167
123433	167
123468	167
123503	167
123527	167
123562	167
123585	167
123621	167
123656	167
123691	167
123714	167
123750	167
123785	167
123820	167
123843	167
123878	167
123902	167
123937	167
123960	167
123996	167
124031	167
124054	167
124089	167
124113	167
124148	167
124171	167
124207	167
124242	167
124265	167
124300	167
124324	167
124359	167
124394	167
124417	167
124453	167
124488	167
124523	167
124558	167
124593	167
124617	167
124652	168
124675	168
124710	168
124746	168
124769	168
124804	168
124828	168
124863	168
124898	168
124921	168
124957	168
124992	168
125015	168
125050	168
125085	168
125109	168
125144	168
125179	168
125214	168
125250	168
125285	168
125320	168
125355	168
125378	168
125414	168
125449	168
125472	168
125507	168
125542	168
125566	168
125601	168
125625	168
125660	168
125695	168
125730	168
125753	168
125789	168
125824	168
125847	168
125882	168
125917	168
125941	168
125988	168
126023	168
126046	168
126082	168
126117	168
126140	168
126175	168
126199	168
126234	169
126257	169
126292	169
126316	169
126351	169
126386	169
126410	169
126445	169
126480	169
126503	169
126527	169
126562	169
126597	169
126621	169
126656	169
126691	169
126726	169
126761	169
126785	169
126820	169
126855	169
126890	169
126914	169
126949	169
126984	169
127007	169
127042	169
127078	169
127113	169
127148	169
127171	169
127207	169
127242	169
127265	169
127300	169
127324	169
127359	169
127394	169
127429	169
127453	169
127488	169
127523	169
127558	169
127593	169
127628	169
127652	169
127687	169
127722	169
127757	169
127781	169
127816	170
127851	170
127886	170
127921	170
127945	170
127980	170
128015	170
128039	170
128074	170
128097	170
128132	170
128167	170
128191	170
128226	170
128261	170
128296	170
128332	170
128355	170
128390	170
128437	170
128460	170
128496	170
128531	170
128554	170
128589	170
128625	170
128660	170
128695	170
128718	170
128753	170
128777	170
128800	170
128835	170
128859	170
128894	170
128929	170
128953	170
128988	170
129011	170
129046	170
129082	170
129117	170
129140	170
129175	170
129210	170
129246	170
129281	170
129316	170
129351	170
129386	170
129421	171
129457	171
129480	171
129515	171
129550	171
129574	171
129609	171
129644	171
129679	171
129703	171
129738	171
129773	171
129796	171
129832	171
129867	171
129902	171
129925	171
129960	171
129996	171
130019	171
130054	171
130101	171
130136	171
130171	171
130207	171
130230	171
130265	171
130300	171
130324	171
130359	171
130394	171
130417	171
130453	171
130488	171
130511	171
130546	171
130582	171
130617	171
130640	171
130675	171
130710	171
130734	171
130769	171
130804	171
130839	171
130886	171
130921	171
130945	171
130980	171
131015	171
131039	172
131074	172
131097	172
131132	172
131167	172
131191	172
131226	172
131250	172
131285	172
131308	172
131343	172
131378	172
131402	172
131437	172
131472	172
131496	172
131531	172
131566	172
131601	172
131648	172
131683	172
131707	172
131742	172
131777	172
131812	172
131847	172
131882	172
131906	172
131941	172
131976	172
132000	172
132035	172
132070	172
132105	172
132128	172
132152	172
132175	172
132210	172
132246	172
132269	172
132304	172
132339	172
132375	172
132410	172
132445	172
132468	172
132503	172
132539	172
132574	172
132609	172
132632	173
132667	173
132703	173
132738	173
132761	173
132796	173
132832	173
132867	173
132890	173
132925	173
132949	173
132984	173
133007	173
133042	173
133078	173
133113	173
133148	173
133183	173
133207	173
133242	173
133277	173
133300	173
133335	173
133371	173
133394	173
133429	173
133464	173
133488	173
133523	173
133558	173
133582	173
133617	173
133640	173
133664	173
133699	173
133722	173
133757	173
133792	173
133816	173
133851	173
133886	173
133921	173
133957	173
133992	173
134027	173
134062	173
134097	173
134121	173
134156	173
134191	173
134226	174
134261	174
134296	174
134332	174
134355	174
134390	174
134425	174
134449	174
134484	174
134507	174
134542	174
134578	174
134613	174
134636	174
134671	174
134707	174
134742	174
134765	174
134800	174
134835	174
134859	174
134894	174
134929	174
134964	174
134988	174
135023	174
135058	174
135093	174
135117	174
135152	174
135175	174
135199	174
135234	174
135269	174
135292	174
135328	174
135351	174
135386	174
135421	174
135457	174
135480	174
135515	174
135539	174
135574	174
135609	174
135632	174
135667	174
135703	174
135738	174
135773	174
135808	175
135832	175
135867	175
135890	175
135925	175
135949	175
135984	175
136019	175
136042	175
136078	175
136101	175
136136	175
136160	175
136195	175
136230	175
136253	175
136289	175
136324	175
136347	175
136382	175
136417	175
136453	175
136488	175
136523	175
136546	175
136582	175
136617	175
136640	175
136675	175
136699	175
136734	175
136757	175
136792	175
136816	175
136851	175
136886	175
136910	175
136945	175
136980	175
137003	175
137039	175
137062	175
137097	175
137132	175
137156	175
137191	175
137226	175
137261	175
137296	175
137332	175
137367	176
137390	176
137425	176
137449	176
137484	176
137507	176
137542	176
137578	176
137601	176
137636	176
137660	176
137695	176
137730	176
137753	176
137789	176
137824	176
137847	176
137882	176
137917	176
137953	176
137988	176
138023	176
138058	176
138082	176
138117	176
138140	176
138175	176
138199	176
138234	176
138269	176
138292	176
138328	176
138351	176
138386	176
138410	176
138445	176
138480	176
138503	176
138539	176
138562	176
138597	176
138632	176
138656	176
138691	176
138726	176
138761	176
138796	176
138820	176
138855	176
138890	176
138914	177
138949	177
138984	177
139007	177
139042	177
139078	177
139113	177
139136	177
139171	177
139207	177
139230	177
139265	177
139289	177
139324	177
139347	177
139382	177
139417	177
139441	177
139476	177
139511	177
139546	177
139582	177
139605	177
139640	177
139675	177
139699	177
139734	177
139769	177
139792	177
139828	177
139863	177
139898	177
139921	177
139957	177
139992	177
140015	177
140050	177
140074	177
140109	177
140132	177
140167	177
140203	177
140238	177
140273	177
140308	177
140332	177
140367	177
140402	177
140437	177
140472	177
140496	178
140531	178
140566	178
140601	178
140636	178
140671	178
140695	178
140730	178
140753	178
140789	178
140812	178
140835	178
140871	178
140906	178
140929	178
140964	178
140988	178
141023	178
141058	178
141082	178
141117	178
141152	178
141187	178
141222	178
141246	178
141281	178
141316	178
141351	178
141386	178
141421	178
141457	178
141480	178
141515	178
141550	178
141574	178
141609	178
141644	178
141667	178
141703	178
141726	178
141761	178
141796	178
141820	178
141855	178
141890	178
141914	178
141949	178
141984	178
142007	178
142042	178
142078	179
142113	179
142148	179
142183	179
142218	179
142242	179
142277	179
142312	179
142335	179
142371	179
142406	179
142429	179
142464	179
142500	179
142523	179
142558	179
142593	179
142617	179
142652	179
142687	179
142722	179
142746	179
142781	179
142816	179
142863	179
142898	179
142933	179
142957	179
142992	179
143027	179
143050	179
143085	179
143109	179
143144	179
143179	179
143203	179
143238	179
143261	179
143296	179
143320	179
143355	179
143390	179
143414	179
143449	179
143472	179
143507	179
143542	179
143578	179
143613	179
143648	179
143683	180
143718	180
143753	180
143789	180
143824	180
143847	180
143882	180
143917	180
143941	180
143976	180
144000	180
144035	180
144070	180
144105	180
144128	180
144152	180
144175	180
144210	180
144234	180
144269	180
144304	180
144339	180
144375	180
144410	180
144433	180
144468	180
144503	180
144539	180
144574	180
144597	180
144632	180
144667	180
144691	180
144726	180
144761	180
144785	180
144820	180
144855	180
144890	180
144914	180
144949	180
144972	180
145007	180
145042	180
145066	180
145101	180
145136	180
145171	180
145207	180
145242	180
145265	181
145300	181
145335	181
145359	181
145394	181
145417	181
145453	181
145488	181
145511	181
145546	181
145582	181
145617	181
145640	181
145664	181
145687	181
145722	181
145746	181
145781	181
145816	181
145839	181
145875	181
145910	181
145945	181
145980	181
146003	181
146050	181
146085	181
146109	181
146144	181
146179	181
146214	181
146250	181
146273	181
146308	181
146343	181
146367	181
146402	181
146425	181
146460	181
146496	181
146519	181
146554	181
146589	181
146613	181
146648	181
146683	181
146718	181
146742	181
146777	181
146812	181
146835	182
146871	182
146906	182
146941	182
146964	182
147000	182
147035	182
147070	182
147105	182
147128	182
147164	182
147187	182
147210	182
147246	182
147281	182
147304	182
147339	182
147375	182
147398	182
147433	182
147468	182
147503	182
147527	182
147562	182
147597	182
147621	182
147656	182
147691	182
147726	182
147761	182
147796	182
147820	182
147855	182
147890	182
147914	182
147949	182
147972	182
148007	182
148042	182
148066	182
148101	182
148125	182
148160	182
148195	182
148218	182
148253	182
148289	182
148312	182
148347	182
148371	182
148406	183
148441	183
148476	183
148511	183
148546	183
148582	183
148605	183
148640	183
148664	183
148699	183
148722	183
148757	183
148792	183
148816	183
148851	183
148875	183
148910	183
148945	183
148980	183
149003	183
149039	183
149062	183
149097	183
149132	183
149156	183
149191	183
149226	183
149261	183
149296	183
149332	183
149367	183
149390	183
149425	183
149449	183
149484	183
149519	183
149542	183
149578	183
149613	183
149636	183
149671	183
149707	183
149730	183
149765	183
149800	183
149835	183
149859	183
149894	183
149929	183
149964	183
150000	184
150035	184
150070	184
150093	184
150128	184
150152	184
150187	184
150222	184
150246	184
150281	184
150316	184
150339	184
150375	184
150398	184
150433	184
150468	184
150503	184
150527	184
150562	184
150585	184
150621	184
150656	184
150679	184
150714	184
150750	184
150785	184
150820	184
150855	184
150878	184
150914	184
150949	184
150972	184
151007	184
151042	184
151078	184
151101	184
151136	184
151171	184
151207	184
151230	184
151265	184
151289	184
151324	184
151347	184
151382	184
151417	184
151453	184
151488	184
151511	184
151546	184
151582	185
151605	185
151640	185
151675	185
151710	185
151734	185
151769	185
151804	185
151839	185
151863	185
151898	185
151933	185
151968	185
151992	185
152027	185
152050	185
152085	185
152121	185
152144	185
152179	185
152214	185
152250	185
152285	185
152320	185
152343	185
152378	185
152425	185
152449	185
152484	185
152519	185
152554	185
152589	185
152625	185
152648	185
152683	185
152718	185
timepoint: 176.58