0	0
0	0
0	0
0	0
0	0
0	0
0	0
0	0
0	0
0	0
0	0
0	0
0	0
0	0
0	0
0	0
0	0
0	0
0	0
0	0
0	0
0	0
0	0
0	0
0	0
0	0
0	0
0	0
0	0
0	0
0	0
0	0
0	0
0	0
0	0
0	0
0	0
0	0
0	0
0	0
0	0
0	0
0	0
0	0
0	0
0	0
0	0
0	0
0	0
0	0
0	1
0	1
0	1
0	1
0	1
0	1
0	1
0	1
0	1
0	1
0	1
0	1
0	1
0	1
0	1
0	1
0	1
0	1
0	1
0	1
0	1
0	1
0	1
0	1
0	1
0	1
0	1
0	1
0	1
0	1
0	1
0	1
0	1
0	1
0	1
0	1
0	1
0	1
0	1
0	1
0	1
0	1
0	1
0	1
0	1
0	1
0	1
0	1
0	1
0	1
0	2
0	2
0	2
0	2
0	2
0	2
0	2
0	2
0	2
0	2
0	2
0	2
0	2
0	2
0	2
0	2
0	2
0	2
0	2
0	2
0	2
0	2
0	2
0	2
0	2
0	2
0	2
0	2
0	2
0	2
0	2
0	2
0	2
0	2
0	2
0	2
0	2
0	2
0	2
0	2
0	2
0	2
0	2
0	2
0	2
0	2
0	2
0	2
0	2
0	2
0	3
0	3
0	3
0	3
0	3
0	3
0	3
0	3
0	3
0	3
0	3
0	3
0	3
0	3
0	3
0	3
0	3
0	3
0	3
0	3
0	3
0	3
0	3
0	3
0	3
0	3
0	3
0	3
0	3
0	3
0	3
0	3
0	3
0	3
0	3
0	3
0	3
0	3
0	3
0	3
0	3
0	3
0	3
0	3
0	3
0	3
0	3
0	3
0	3
0	3
0	4
0	4
0	4
0	4
0	4
0	4
0	4
0	4
0	4
0	4
0	4
0	4
0	4
0	4
0	4
0	4
0	4
0	4
0	4
0	4
0	4
0	4
0	4
0	4
0	4
0	4
0	4
0	4
0	4
0	4
0	4
0	4
0	4
0	4
0	4
0	4
0	4
0	4
0	4
0	4
11	4
11	4
11	4
11	4
11	4
11	4
11	4
11	4
11	4
11	4
23	5
23	5
23	5
23	5
23	5
23	5
23	5
23	5
23	5
23	5
23	5
23	5
23	5
35	5
35	5
35	5
35	5
35	5
35	5
35	5
35	5
35	5
35	5
35	5
35	5
35	5
23	5
23	5
23	5
23	5
23	5
23	5
23	5
23	5
23	5
23	5
23	5
23	5
23	5
23	5
23	5
23	5
11	5
11	5
11	5
11	5
11	5
11	5
11	5
11	5
11	6
11	6
11	6
11	6
11	6
11	6
11	6
11	6
11	6
11	6
11	6
11	6
11	6
23	6
23	6
23	6
23	6
23	6
23	6
23	6
23	6
23	6
23	6
23	6
23	6
23	6
23	6
23	6
35	6
35	6
35	6
35	6
35	6
35	6
35	6
35	6
35	6
35	6
35	6
35	6
35	6
35	6
35	6
35	6
35	6
35	6
35	6
35	6
35	6
35	6
35	7
35	7
35	7
35	7
35	7
35	7
35	7
35	7
23	7
23	7
23	7
23	7
23	7
23	7
23	7
23	7
23	7
23	7
23	7
23	7
23	7
23	7
23	7
23	7
23	7
23	7
23	7
23	7
23	7
23	7
23	7
23	7
23	7
23	7
23	7
23	7
23	7
23	7
23	7
23	7
23	7
23	7
35	7
35	7
35	7
35	7
35	7
35	7
35	7
35	7
35	8
35	8
35	8
35	8
35	8
35	8
35	8
35	8
35	8
35	8
35	8
35	8
35	8
35	8
35	8
35	8
35	8
35	8
35	8
35	8
35	8
35	8
35	8
35	8
35	8
35	8
35	8
35	8
35	8
35	8
35	8
35	8
35	8
35	8
35	8
35	8
35	8
35	8
35	8
35	8
35	8
35	8
35	8
35	8
35	8
35	8
35	8
23	8
23	8
35	8
35	9
23	9
35	9
35	9
35	9
35	9
35	9
35	9
35	9
35	9
35	9
35	9
35	9
35	9
35	9
35	9
35	9
35	9
35	9
35	9
35	9
35	9
35	9
35	9
35	9
35	9
35	9
35	9
35	9
35	9
35	9
35	9
35	9
35	9
35	9
35	9
35	9
35	9
35	9
35	9
35	9
35	9
35	9
35	9
35	9
35	9
35	9
35	9
35	9
35	9
35	10
35	10
35	10
35	10
35	10
35	10
35	10
35	10
35	10
35	10
35	10
35	10
35	10
35	10
35	10
35	10
35	10
35	10
35	10
35	10
35	10
35	10
35	10
35	10
35	10
35	10
35	10
35	10
35	10
35	10
35	10
35	10
35	10
35	10
35	10
35	10
35	10
35	10
35	10
35	10
35	10
35	10
35	10
35	10
35	10
35	10
35	10
35	10
35	10
35	10
35	11
35	11
35	11
35	11
35	11
35	11
35	11
35	11
35	11
35	11
35	11
35	11
35	11
35	11
35	11
35	11
35	11
35	11
35	11
35	11
35	11
35	11
35	11
35	11
35	11
35	11
35	11
35	11
35	11
35	11
35	11
35	11
35	11
35	11
35	11
35	11
35	11
35	11
35	11
35	11
35	11
35	11
35	11
35	11
35	11
35	11
35	11
35	11
35	11
35	11
35	12
35	12
35	12
35	12
35	12
35	12
35	12
35	12
35	12
35	12
35	12
35	12
35	12
35	12
35	12
35	12
35	12
35	12
35	12
35	12
35	12
35	12
35	12
35	12
35	12
35	12
35	12
35	12
35	12
35	12
35	12
35	12
35	12
35	12
35	12
35	12
35	12
35	12
35	12
35	12
35	12
35	12
35	12
35	12
35	12
35	12
35	12
35	12
35	12
35	12
35	13
35	13
35	13
35	13
35	13
35	13
35	13
35	13
35	13
35	13
35	13
35	13
35	13
35	13
35	13
35	13
35	13
35	13
35	13
35	13
35	13
35	13
35	13
35	13
35	13
35	13
35	13
35	13
35	13
35	13
35	13
35	13
35	13
35	13
35	13
35	13
35	13
35	13
35	13
35	13
35	13
35	13
35	13
35	13
35	13
35	13
35	13
35	13
35	13
35	13
35	14
35	14
35	14
35	14
35	14
35	14
35	14
35	14
35	14
35	14
35	14
35	14
35	14
35	14
35	14
35	14
35	14
35	14
35	14
35	14
35	14
35	14
35	14
35	14
35	14
35	14
35	14
35	14
35	14
35	14
35	14
35	14
35	14
35	14
35	14
35	14
35	14
35	14
35	14
35	14
35	14
35	14
35	14
35	14
35	14
35	14
35	14
35	14
35	14
35	14
35	15
35	15
35	15
35	15
35	15
35	15
35	15
35	15
35	15
35	15
35	15
35	15
35	15
35	15
35	15
35	15
35	15
35	15
35	15
35	15
35	15
35	15
35	15
35	15
35	15
35	15
35	15
35	15
35	15
35	15
35	15
35	15
35	15
35	15
35	15
35	15
35	15
35	15
35	15
35	15
35	15
35	15
35	15
35	15
35	15
35	15
35	15
35	15
35	15
35	15
35	16
35	16
35	16
35	16
35	16
35	16
35	16
35	16
35	16
35	16
35	16
35	16
35	16
35	16
35	16
35	16
35	16
35	16
35	16
35	16
35	16
35	16
35	16
35	16
35	16
35	16
35	16
35	16
35	16
35	16
35	16
35	16
35	16
35	16
35	16
35	16
35	16
35	16
35	16
35	16
35	16
35	16
35	16
35	16
35	16
35	16
35	16
35	16
35	16
35	16
35	17
35	17
35	17
35	17
35	17
35	17
35	17
35	17
35	17
35	17
35	17
35	17
35	17
35	17
35	17
35	17
35	17
35	17
35	17
35	17
35	17
35	17
35	17
35	17
35	17
35	17
35	17
35	17
35	17
35	17
35	17
35	17
35	17
35	17
35	17
35	17
35	17
35	17
35	17
35	17
35	17
35	17
35	17
35	17
35	17
35	17
35	17
35	17
35	17
35	17
35	18
35	18
35	18
35	18
35	18
35	18
35	18
35	18
35	18
35	18
35	18
35	18
35	18
35	18
35	18
35	18
35	18
35	18
35	18
35	18
35	18
35	18
35	18
35	18
35	18
35	18
35	18
35	18
35	18
35	18
35	18
35	18
35	18
35	18
35	18
35	18
35	18
35	18
35	18
35	18
35	18
35	18
35	18
35	18
35	18
35	18
35	18
35	18
35	18
35	18
35	19
35	19
35	19
35	19
35	19
35	19
35	19
35	19
35	19
35	19
35	19
35	19
35	19
35	19
35	19
35	19
35	19
35	19
35	19
35	19
35	19
35	19
35	19
35	19
35	19
35	19
35	19
35	19
35	19
35	19
35	19
35	19
35	19
35	19
35	19
35	19
35	19
35	19
35	19
35	19
35	19
35	19
35	19
35	19
35	19
35	19
35	19
35	19
35	19
35	19
35	20
35	20
35	20
35	20
35	20
35	20
35	20
35	20
35	20
35	20
35	20
35	20
35	20
35	20
35	20
35	20
35	20
35	20
35	20
35	20
35	20
35	20
35	20
35	20
35	20
35	20
35	20
35	20
35	20
35	20
35	20
35	20
35	20
35	20
35	20
35	20
35	20
35	20
35	20
35	20
35	20
35	20
35	20
35	20
35	20
35	20
35	20
35	20
35	20
35	20
35	21
35	21
35	21
35	21
35	21
35	21
35	21
35	21
35	21
35	21
35	21
35	21
35	21
35	21
35	21
35	21
35	21
35	21
35	21
35	21
35	21
35	21
35	21
35	21
35	21
35	21
35	21
35	21
35	21
35	21
35	21
35	21
35	21
35	21
35	21
35	21
35	21
35	21
35	21
35	21
35	21
35	21
35	21
35	21
35	21
35	21
35	21
35	21
35	21
35	21
35	22
35	22
35	22
35	22
35	22
35	22
35	22
35	22
35	22
35	22
35	22
35	22
35	22
35	22
35	22
35	22
35	22
35	22
35	22
35	22
35	22
35	22
35	22
35	22
35	22
35	22
35	22
35	22
35	22
35	22
35	22
35	22
35	22
35	22
35	22
35	22
35	22
35	22
35	22
35	22
35	22
35	22
35	22
35	22
35	22
35	22
35	22
35	22
35	22
35	22
35	23
35	23
35	23
35	23
35	23
35	23
35	23
35	23
35	23
35	23
35	23
35	23
35	23
35	23
35	23
35	23
35	23
35	23
35	23
35	23
35	23
35	23
35	23
35	23
35	23
35	23
35	23
35	23
35	23
35	23
35	23
35	23
35	23
35	23
35	23
35	23
35	23
35	23
35	23
35	23
35	23
35	23
35	23
35	23
35	23
35	23
35	23
35	23
35	23
35	23
35	24
35	24
35	24
35	24
35	24
35	24
35	24
35	24
35	24
35	24
35	24
35	24
35	24
35	24
35	24
35	24
35	24
35	24
35	24
35	24
35	24
35	24
35	24
35	24
35	24
35	24
35	24
35	24
35	24
35	24
35	24
35	24
35	24
35	24
35	24
35	24
35	24
35	24
35	24
35	24
35	24
35	24
35	24
35	24
35	24
35	24
35	24
35	24
35	24
35	24
35	25
35	25
35	25
35	25
35	25
35	25
35	25
35	25
35	25
35	25
35	25
35	25
35	25
35	25
35	25
35	25
35	25
35	25
35	25
35	25
35	25
35	25
35	25
35	25
35	25
35	25
35	25
35	25
35	25
35	25
35	25
35	25
35	25
35	25
35	25
35	25
35	25
35	25
35	25
35	25
35	25
35	25
35	25
35	25
35	25
35	25
35	25
35	25
35	25
35	25
35	26
35	26
35	26
35	26
35	26
35	26
35	26
35	26
35	26
35	26
35	26
35	26
35	26
35	26
35	26
35	26
35	26
35	26
35	26
35	26
35	26
35	26
35	26
35	26
35	26
35	26
35	26
35	26
35	26
35	26
35	26
35	26
35	26
35	26
35	26
35	26
35	26
35	26
35	26
35	26
35	26
35	26
35	26
35	26
35	26
35	26
35	26
35	26
35	26
35	26
35	27
35	27
35	27
35	27
35	27
35	27
35	27
35	27
35	27
35	27
35	27
35	27
35	27
35	27
35	27
35	27
35	27
35	27
35	27
35	27
35	27
35	27
35	27
35	27
35	27
35	27
35	27
35	27
35	27
35	27
35	27
35	27
35	27
35	27
35	27
35	27
35	27
35	27
35	27
35	27
35	27
35	27
35	27
35	27
35	27
35	27
35	27
35	27
35	27
35	27
35	28
35	28
35	28
35	28
35	28
35	28
35	28
35	28
35	28
35	28
35	28
35	28
35	28
35	28
35	28
35	28
35	28
35	28
35	28
35	28
35	28
35	28
35	28
35	28
35	28
35	28
35	28
35	28
35	28
35	28
35	28
35	28
35	28
35	28
35	28
35	28
35	28
35	28
35	28
35	28
35	28
35	28
35	28
35	28
35	28
35	28
35	28
35	28
35	28
35	28
35	29
35	29
35	29
35	29
35	29
35	29
35	29
35	29
35	29
35	29
35	29
35	29
35	29
35	29
35	29
35	29
35	29
35	29
35	29
35	29
35	29
35	29
35	29
35	29
35	29
35	29
35	29
35	29
35	29
35	29
35	29
35	29
35	29
35	29
35	29
35	29
35	29
35	29
35	29
35	29
35	29
35	29
35	29
35	29
35	29
35	29
35	29
35	29
35	29
35	29
35	30
35	30
35	30
35	30
35	30
35	30
35	30
35	30
35	30
35	30
35	30
35	30
35	30
35	30
35	30
35	30
35	30
35	30
35	30
35	30
35	30
35	30
35	30
35	30
35	30
35	30
35	30
35	30
35	30
35	30
35	30
35	30
35	30
35	30
35	30
35	30
35	30
35	30
35	30
35	30
35	30
35	30
35	30
35	30
35	30
35	30
35	30
35	30
35	30
35	30
35	31
35	31
35	31
35	31
35	31
35	31
35	31
35	31
35	31
35	31
35	31
35	31
35	31
35	31
35	31
35	31
35	31
35	31
35	31
35	31
35	31
35	31
35	31
35	31
35	31
35	31
35	31
35	31
35	31
35	31
35	31
35	31
35	31
35	31
35	31
35	31
35	31
35	31
35	31
35	31
35	31
35	31
35	31
35	31
35	31
35	31
35	31
35	31
35	31
35	31
35	32
35	32
35	32
35	32
35	32
35	32
35	32
35	32
35	32
35	32
35	32
35	32
35	32
35	32
35	32
35	32
35	32
35	32
35	32
46	32
46	32
46	32
46	32
46	32
46	32
46	32
46	32
46	32
46	32
46	32
46	32
46	32
46	32
46	32
46	32
46	32
46	32
46	32
46	32
46	32
46	32
46	32
46	32
46	32
46	32
46	32
46	32
46	32
46	32
46	32
58	33
58	33
58	33
58	33
58	33
58	33
58	33
58	33
58	33
58	33
58	33
58	33
58	33
58	33
58	33
58	33
58	33
58	33
58	33
58	33
58	33
70	33
70	33
70	33
70	33
70	33
70	33
70	33
70	33
70	33
70	33
70	33
70	33
82	33
82	33
82	33
82	33
82	33
82	33
82	33
82	33
82	33
82	33
93	33
93	33
93	33
93	33
93	33
93	33
93	33
93	34
93	34
93	34
93	34
93	34
105	34
105	34
105	34
105	34
105	34
105	34
105	34
105	34
105	34
105	34
105	34
105	34
105	34
105	34
117	34
117	34
117	34
117	34
117	34
117	34
117	34
117	34
117	34
117	34
128	34
128	34
128	34
128	34
128	34
128	34
128	34
128	34
128	34
140	34
140	34
140	34
140	34
140	34
140	34
140	34
140	34
140	34
152	34
152	34
152	34
152	35
152	35
152	35
152	35
152	35
152	35
164	35
164	35
164	35
164	35
164	35
164	35
164	35
164	35
164	35
175	35
175	35
175	35
175	35
175	35
175	35
175	35
175	35
175	35
187	35
187	35
187	35
187	35
187	35
187	35
187	35
187	35
199	35
199	35
199	35
199	35
199	35
199	35
199	35
199	35
199	35
210	35
210	35
210	35
210	35
210	35
210	35
210	35
210	35
222	35
222	36
222	36
222	36
222	36
222	36
222	36
222	36
234	36
234	36
234	36
234	36
234	36
234	36
234	36
234	36
246	36
246	36
246	36
246	36
246	36
246	36
246	36
257	36
257	36
257	36
257	36
257	36
257	36
257	36
269	36
269	36
269	36
269	36
269	36
269	36
269	36
281	36
281	36
281	36
281	36
281	36
281	36
281	36
281	36
292	36
292	36
292	36
292	36
292	36
292	36
292	37
304	37
304	37
304	37
304	37
304	37
304	37
304	37
316	37
316	37
316	37
316	37
316	37
316	37
316	37
328	37
328	37
328	37
328	37
328	37
328	37
339	37
339	37
339	37
339	37
339	37
339	37
339	37
351	37
351	37
351	37
351	37
351	37
351	37
363	37
363	37
363	37
363	37
363	37
363	37
375	37
375	37
375	37
375	37
375	37
386	37
386	37
386	37
386	37
386	37
386	38
398	38
398	38
398	38
398	38
398	38
398	38
410	38
410	38
410	38
410	38
410	38
410	38
421	38
421	38
421	38
421	38
421	38
421	38
433	38
433	38
433	38
433	38
433	38
433	38
445	38
445	38
445	38
445	38
445	38
445	38
457	38
457	38
457	38
457	38
457	38
468	38
468	38
468	38
468	38
468	38
468	38
480	38
480	38
480	38
480	38
480	38
492	38
492	38
492	38
492	39
492	39
492	39
503	39
503	39
503	39
503	39
503	39
515	39
515	39
515	39
515	39
515	39
527	39
527	39
527	39
527	39
527	39
539	39
539	39
539	39
539	39
539	39
539	39
550	39
550	39
550	39
550	39
562	39
562	39
562	39
562	39
562	39
574	39
574	39
574	39
574	39
574	39
585	39
585	39
585	39
585	39
585	39
585	39
597	39
597	39
597	39
597	39
597	39
609	39
609	40
609	40
609	40
609	40
621	40
621	40
621	40
621	40
621	40
621	40
632	40
632	40
632	40
632	40
632	40
644	40
644	40
644	40
644	40
644	40
656	40
656	40
656	40
656	40
656	40
667	40
667	40
667	40
667	40
679	40
679	40
679	40
679	40
679	40
691	40
691	40
691	40
691	40
691	40
703	40
703	40
703	40
703	40
703	40
714	40
714	40
714	40
714	40
714	40
726	40
726	41
726	41
726	41
738	41
738	41
738	41
738	41
738	41
750	41
750	41
750	41
750	41
750	41
761	41
761	41
761	41
761	41
773	41
773	41
773	41
773	41
785	41
785	41
785	41
785	41
796	41
796	41
796	41
796	41
808	41
808	41
808	41
808	41
820	41
820	41
820	41
820	41
832	41
832	41
832	41
832	41
843	41
843	41
843	41
843	41
855	41
855	41
855	41
855	41
867	41
867	42
867	42
867	42
878	42
878	42
878	42
878	42
890	42
890	42
890	42
890	42
890	42
902	42
902	42
902	42
902	42
914	42
914	42
914	42
914	42
925	42
925	42
925	42
925	42
925	42
937	42
937	42
937	42
937	42
949	42
949	42
949	42
949	42
949	42
960	42
960	42
960	42
960	42
972	42
972	42
972	42
972	42
972	42
984	42
984	42
984	42
984	42
996	42
996	42
996	42
996	43
996	43
1007	43
1007	43
1007	43
1007	43
1007	43
1019	43
1019	43
1019	43
1019	43
1019	43
1031	43
1031	43
1031	43
1031	43
1031	43
1042	43
1042	43
1042	43
1042	43
1054	43
1054	43
1054	43
1054	43
1054	43
1066	43
1066	43
1066	43
1066	43
1078	43
1078	43
1078	43
1078	43
1078	43
1089	43
1089	43
1089	43
1089	43
1101	43
1101	43
1101	43
1101	43
1113	43
1113	43
1113	43
1113	43
1125	43
1125	43
1125	43
1125	44
1136	44
1136	44
1136	44
1136	44
1136	44
1148	44
1148	44
1148	44
1148	44
1160	44
1160	44
1160	44
1160	44
1160	44
1171	44
1171	44
1171	44
1171	44
1171	44
1183	44
1183	44
1183	44
1183	44
1195	44
1195	44
1195	44
1195	44
1195	44
1207	44
1207	44
1207	44
1207	44
1218	44
1218	44
1218	44
1218	44
1230	44
1230	44
1230	44
1230	44
1230	44
1242	44
1242	44
1242	44
1242	44
1253	44
1253	44
1253	44
1253	44
1265	45
1265	45
1265	45
1265	45
1277	45
1277	45
1277	45
1277	45
1289	45
1289	45
1289	45
1289	45
1289	45
1300	45
1300	45
1300	45
1312	45
1312	45
1312	45
1312	45
1312	45
1324	45
1324	45
1324	45
1324	45
1335	45
1335	45
1335	45
1335	45
1347	45
1347	45
1347	45
1347	45
1359	45
1359	45
1359	45
1359	45
1359	45
1371	45
1371	45
1371	45
1371	45
1382	45
1382	45
1382	45
1382	45
1394	45
1394	45
1394	45
1394	45
1406	46
1406	46
1406	46
1406	46
1406	46
1417	46
1417	46
1417	46
1417	46
1429	46
1429	46
1429	46
1429	46
1441	46
1441	46
1441	46
1441	46
1453	46
1453	46
1453	46
1453	46
1453	46
1464	46
1464	46
1464	46
1464	46
1476	46
1476	46
1476	46
1476	46
1488	46
1488	46
1488	46
1488	46
1500	46
1500	46
1500	46
1500	46
1511	46
1511	46
1511	46
1511	46
1523	46
1523	46
1523	46
1523	46
1535	46
1535	46
1535	46
1535	46
1546	47
1546	47
1546	47
1558	47
1558	47
1558	47
1570	47
1570	47
1570	47
1570	47
1582	47
1582	47
1582	47
1593	47
1593	47
1593	47
1593	47
1605	47
1605	47
1605	47
1617	47
1617	47
1617	47
1617	47
1628	47
1628	47
1628	47
1628	47
1640	47
1640	47
1640	47
1652	47
1652	47
1652	47
1652	47
1664	47
1664	47
1664	47
1664	47
1664	47
1675	47
1675	47
1675	47
1675	47
1687	47
1687	47
1687	47
1687	47
1699	47
1699	47
1699	48
1699	48
1710	48
1710	48
1710	48
1710	48
1722	48
1722	48
1722	48
1722	48
1734	48
1734	48
1734	48
1734	48
1746	48
1746	48
1746	48
1746	48
1757	48
1757	48
1757	48
1757	48
1769	48
1769	48
1769	48
1769	48
1781	48
1781	48
1781	48
1781	48
1781	48
1792	48
1792	48
1792	48
1792	48
1804	48
1804	48
1804	48
1804	48
1816	48
1816	48
1816	48
1816	48
1828	48
1828	48
1828	48
1839	48
1839	48
1839	48
1839	48
1851	49
1851	49
1851	49
1851	49
1863	49
1863	49
1863	49
1863	49
1875	49
1875	49
1875	49
1875	49
1886	49
1886	49
1886	49
1898	49
1898	49
1898	49
1898	49
1898	49
1910	49
1910	49
1910	49
1910	49
1921	49
1921	49
1921	49
1921	49
1933	49
1933	49
1933	49
1933	49
1945	49
1945	49
1945	49
1945	49
1957	49
1957	49
1957	49
1968	49
1968	49
1968	49
1968	49
1980	49
1980	49
1980	49
1980	49
1992	49
1992	49
1992	49
2003	50
2003	50
2003	50
2003	50
2015	50
2015	50
2015	50
2027	50
2027	50
2027	50
2039	50
2039	50
2039	50
2039	50
2050	50
2050	50
2050	50
2062	50
2062	50
2062	50
2062	50
2074	50
2074	50
2074	50
2085	50
2085	50
2085	50
2085	50
2097	50
2097	50
2097	50
2109	50
2109	50
2109	50
2109	50
2121	50
2121	50
2121	50
2132	50
2132	50
2132	50
2132	50
2144	50
2144	50
2144	50
2156	50
2156	50
2156	50
2167	50
2167	50
2167	51
2167	51
2179	51
2179	51
2179	51
2191	51
2191	51
2191	51
2191	51
2203	51
2203	51
2203	51
2214	51
2214	51
2214	51
2214	51
2226	51
2226	51
2226	51
2238	51
2238	51
2238	51
2250	51
2250	51
2250	51
2261	51
2261	51
2261	51
2273	51
2273	51
2273	51
2285	51
2285	51
2285	51
2296	51
2296	51
2296	51
2308	51
2308	51
2308	51
2320	51
2320	51
2332	51
2332	51
2332	51
2343	51
2343	51
2343	51
2355	51
2355	51
2355	52
2367	52
2367	52
2378	52
2378	52
2378	52
2390	52
2390	52
2390	52
2390	52
2402	52
2402	52
2402	52
2414	52
2414	52
2414	52
2425	52
2425	52
2425	52
2437	52
2437	52
2437	52
2449	52
2449	52
2449	52
2449	52
2460	52
2460	52
2460	52
2472	52
2472	52
2472	52
2484	52
2484	52
2484	52
2496	52
2496	52
2496	52
2507	52
2507	52
2507	52
2519	52
2519	52
2519	52
2531	52
2531	52
2531	52
2531	52
2542	52
2542	52
2542	53
2554	53
2554	53
2554	53
2566	53
2566	53
2566	53
2578	53
2578	53
2578	53
2589	53
2589	53
2589	53
2601	53
2601	53
2601	53
2613	53
2613	53
2625	53
2625	53
2625	53
2636	53
2636	53
2636	53
2648	53
2648	53
2648	53
2660	53
2660	53
2660	53
2671	53
2671	53
2671	53
2683	53
2683	53
2683	53
2695	53
2695	53
2695	53
2707	53
2707	53
2707	53
2718	53
2718	53
2718	53
2730	53
2730	53
2730	53
2742	53
2742	53
2753	54
2753	54
2753	54
2765	54
2765	54
2765	54
2777	54
2777	54
2777	54
2789	54
2789	54
2800	54
2800	54
2800	54
2812	54
2812	54
2824	54
2824	54
2824	54
2835	54
2835	54
2835	54
2847	54
2847	54
2847	54
2859	54
2859	54
2871	54
2871	54
2871	54
2882	54
2882	54
2882	54
2894	54
2894	54
2906	54
2906	54
2906	54
2917	54
2917	54
2917	54
2929	54
2929	54
2941	54
2941	54
2941	54
2953	54
2953	54
2953	54
2964	54
2964	55
2976	55
2976	55
2976	55
2988	55
2988	55
2988	55
3000	55
3000	55
3011	55
3011	55
3023	55
3023	55
3023	55
3035	55
3035	55
3046	55
3046	55
3046	55
3058	55
3058	55
3070	55
3070	55
3082	55
3082	55
3093	55
3093	55
3093	55
3105	55
3105	55
3117	55
3117	55
3128	55
3128	55
3140	55
3140	55
3140	55
3152	55
3152	55
3164	55
3164	55
3164	55
3175	55
3175	55
3187	55
3187	55
3187	55
3199	55
3199	55
3210	55
3210	56
3222	56
3222	56
3222	56
3234	56
3234	56
3246	56
3246	56
3257	56
3257	56
3269	56
3269	56
3269	56
3281	56
3281	56
3292	56
3292	56
3304	56
3304	56
3304	56
3316	56
3316	56
3328	56
3328	56
3328	56
3339	56
3339	56
3351	56
3351	56
3351	56
3363	56
3363	56
3375	56
3375	56
3386	56
3386	56
3386	56
3398	56
3398	56
3410	56
3410	56
3421	56
3421	56
3421	56
3433	56
3433	56
3445	56
3445	56
3457	56
3457	56
3468	57
3468	57
3468	57
3480	57
3480	57
3492	57
3492	57
3503	57
3503	57
3515	57
3515	57
3527	57
3527	57
3527	57
3539	57
3539	57
3550	57
3550	57
3562	57
3562	57
3574	57
3574	57
3574	57
3585	57
3585	57
3597	57
3597	57
3609	57
3609	57
3609	57
3621	57
3621	57
3632	57
3632	57
3644	57
3644	57
3656	57
3656	57
3656	57
3667	57
3667	57
3679	57
3679	57
3691	57
3691	57
3691	57
3703	57
3703	57
3714	57
3714	57
3726	58
3726	58
3738	58
3738	58
3750	58
3750	58
3750	58
3761	58
3761	58
3773	58
3773	58
3785	58
3785	58
3796	58
3796	58
3808	58
3808	58
3820	58
3820	58
3832	58
3832	58
3843	58
3843	58
3855	58
3855	58
3867	58
3867	58
3878	58
3878	58
3890	58
3890	58
3902	58
3902	58
3914	58
3914	58
3925	58
3925	58
3937	58
3937	58
3949	58
3949	58
3949	58
3960	58
3960	58
3972	58
3972	58
3984	58
3984	58
3996	58
3996	58
4007	59
4007	59
4019	59
4019	59
4031	59
4031	59
4042	59
4042	59
4054	59
4054	59
4066	59
4066	59
4078	59
4078	59
4089	59
4089	59
4101	59
4101	59
4113	59
4113	59
4125	59
4125	59
4125	59
4136	59
4148	59
4148	59
4148	59
4160	59
4160	59
4171	59
4183	59
4183	59
4195	59
4195	59
4207	59
4207	59
4218	59
4218	59
4230	59
4230	59
4242	59
4242	59
4253	59
4253	59
4265	59
4265	59
4277	59
4277	59
4289	59
4289	59
4300	60
4300	60
4312	60
4312	60
4324	60
4324	60
4335	60
4335	60
4347	60
4347	60
4359	60
4359	60
4371	60
4371	60
4371	60
4382	60
4382	60
4394	60
4394	60
4406	60
4406	60
4417	60
4417	60
4429	60
4429	60
4441	60
4441	60
4453	60
4453	60
4464	60
4464	60
4476	60
4476	60
4488	60
4488	60
4500	60
4500	60
4511	60
4511	60
4523	60
4523	60
4535	60
4535	60
4546	60
4558	60
4558	60
4570	60
4570	60
4582	60
4582	60
4593	61
4605	61
4605	61
4617	61
4617	61
4628	61
4628	61
4640	61
4640	61
4652	61
4652	61
4664	61
4664	61
4675	61
4675	61
4687	61
4687	61
4699	61
4710	61
4710	61
4722	61
4722	61
4734	61
4734	61
4746	61
4757	61
4757	61
4769	61
4769	61
4781	61
4792	61
4792	61
4804	61
4804	61
4816	61
4816	61
4828	61
4828	61
4839	61
4839	61
4851	61
4851	61
4863	61
4875	61
4875	61
4886	61
4886	61
4898	61
4898	61
4910	61
4910	62
4921	62
4933	62
4933	62
4945	62
4945	62
4957	62
4968	62
4968	62
4980	62
4980	62
4992	62
5003	62
5003	62
5015	62
5015	62
5027	62
5027	62
5039	62
5039	62
5050	62
5062	62
5062	62
5074	62
5074	62
5085	62
5085	62
5097	62
5097	62
5109	62
5109	62
5121	62
5121	62
5132	62
5132	62
5144	62
5144	62
5156	62
5156	62
5167	62
5167	62
5179	62
5179	62
5191	62
5191	62
5203	62
5203	62
5214	62
5214	62
5226	62
5226	63
5238	63
5250	63
5250	63
5261	63
5261	63
5273	63
5273	63
5285	63
5285	63
5296	63
5296	63
5308	63
5320	63
5320	63
5332	63
5332	63
5343	63
5343	63
5355	63
5367	63
5367	63
5378	63
5378	63
5390	63
5402	63
5402	63
5414	63
5414	63
5425	63
5425	63
5437	63
5449	63
5449	63
5460	63
5460	63
5472	63
5472	63
5484	63
5496	63
5496	63
5507	63
5507	63
5519	63
5531	63
5531	63
5542	63
5554	63
5554	63
5566	63
5566	64
5578	64
5589	64
5589	64
5601	64
5601	64
5613	64
5613	64
5625	64
5636	64
5636	64
5648	64
5648	64
5660	64
5671	64
5671	64
5683	64
5695	64
5707	64
5707	64
5718	64
5730	64
5742	64
5742	64
5753	64
5765	64
5765	64
5777	64
5777	64
5789	64
5800	64
5800	64
5812	64
5812	64
5824	64
5824	64
5835	64
5847	64
5847	64
5859	64
5871	64
5871	64
5882	64
5882	64
5894	64
5906	64
5906	64
5917	64
5917	64
5929	64
5941	65
5941	65
5953	65
5953	65
5964	65
5976	65
5976	65
5988	65
5988	65
6000	65
6011	65
6011	65
6023	65
6023	65
6035	65
6046	65
6046	65
6058	65
6058	65
6070	65
6082	65
6082	65
6093	65
6105	65
6105	65
6117	65
6117	65
6128	65
6140	65
6140	65
6152	65
6164	65
6164	65
6175	65
6175	65
6187	65
6199	65
6199	65
6210	65
6222	65
6222	65
6234	65
6234	65
6246	65
6257	65
6257	65
6269	65
6281	65
6281	65
6292	65
6304	66
6304	66
6316	66
6316	66
6328	66
6339	66
6339	66
6351	66
6351	66
6363	66
6375	66
6375	66
6386	66
6398	66
6398	66
6410	66
6421	66
6433	66
6445	66
6445	66
6457	66
6468	66
6480	66
6480	66
6492	66
6503	66
6515	66
6515	66
6527	66
6539	66
6539	66
6550	66
6562	66
6562	66
6574	66
6574	66
6585	66
6597	66
6597	66
6609	66
6621	66
6632	66
6632	66
6644	66
6656	66
6656	66
6667	66
6679	66
6679	66
6691	66
6703	67
6703	67
6714	67
6714	67
6726	67
6738	67
6738	67
6750	67
6761	67
6761	67
6773	67
6785	67
6785	67
6796	67
6808	67
6808	67
6820	67
6832	67
6832	67
6843	67
6855	67
6855	67
6867	67
6878	67
6878	67
6890	67
6902	67
6914	67
6914	67
6925	67
6937	67
6937	67
6949	67
6960	67
6960	67
6972	67
6984	67
6984	67
6996	67
7007	67
7007	67
7019	67
7031	67
7042	67
7042	67
7054	67
7066	67
7066	67
7078	67
7089	67
7089	68
7101	68
7101	68
7113	68
7125	68
7125	68
7136	68
7148	68
7160	68
7171	68
7171	68
7183	68
7195	68
7207	68
7218	68
7230	68
7242	68
7242	68
7253	68
7265	68
7277	68
7277	68
7289	68
7300	68
7300	68
7312	68
7324	68
7324	68
7335	68
7347	68
7347	68
7359	68
7371	68
7382	68
7382	68
7394	68
7406	68
7406	68
7417	68
7429	68
7429	68
7441	68
7453	68
7453	68
7464	68
7476	68
7476	68
7488	68
7500	68
7511	68
7511	69
7523	69
7535	69
7535	69
7546	69
7558	69
7558	69
7570	69
7582	69
7582	69
7593	69
7605	69
7605	69
7617	69
7617	69
7628	69
7640	69
7652	69
7652	69
7664	69
7675	69
7687	69
7687	69
7699	69
7710	69
7710	69
7722	69
7734	69
7734	69
7746	69
7757	69
7757	69
7769	69
7781	69
7781	69
7792	69
7804	69
7804	69
7816	69
7828	69
7828	69
7839	69
7851	69
7863	69
7863	69
7875	69
7886	69
7898	69
7898	69
7910	69
7921	70
7933	70
7945	70
7957	70
7968	70
7980	70
7992	70
7992	70
8003	70
8015	70
8027	70
8039	70
8039	70
8050	70
8062	70
8062	70
8074	70
8085	70
8097	70
8097	70
8109	70
8121	70
8132	70
8144	70
8156	70
8167	70
8167	70
8179	70
8191	70
8203	70
8203	70
8214	70
8226	70
8226	70
8238	70
8250	70
8261	70
8273	70
8273	70
8285	70
8296	70
8296	70
8308	70
8320	70
8332	70
8332	70
8343	70
8355	70
8367	70
8367	70
8378	71
8390	71
8402	71
8402	71
8414	71
8425	71
8437	71
8437	71
8449	71
8460	71
8472	71
8472	71
8484	71
8496	71
8496	71
8507	71
8507	71
8519	71
8531	71
8531	71
8542	71
8554	71
8554	71
8566	71
8578	71
8589	71
8589	71
8601	71
8613	71
8625	71
8636	71
8636	71
8648	71
8660	71
8671	71
8683	71
8683	71
8695	71
8707	71
8718	71
8730	71
8742	71
8742	71
8753	71
8765	71
8777	71
8789	71
8789	71
8800	71
8812	71
8824	72
8835	72
8835	72
8847	72
8859	72
8871	72
8882	72
8882	72
8894	72
8906	72
8917	72
8929	72
8929	72
8941	72
8953	72
8964	72
8964	72
8976	72
8988	72
9000	72
9011	72
9011	72
9023	72
9035	72
9046	72
9058	72
9058	72
9070	72
9082	72
9093	72
9105	72
9105	72
9117	72
9128	72
9140	72
9152	72
9152	72
9164	72
9175	72
9187	72
9199	72
9199	72
9210	72
9222	72
9234	72
9234	72
9246	72
9257	72
9269	72
9269	72
9281	73
9292	73
9304	73
9316	73
9316	73
9328	73
9339	73
9351	73
9351	73
9363	73
9375	73
9386	73
9398	73
9398	73
9410	73
9421	73
9433	73
9445	73
9457	73
9468	73
9480	73
9492	73
9492	73
9503	73
9515	73
9527	73
9539	73
9550	73
9550	73
9562	73
9574	73
9585	73
9585	73
9597	73
9609	73
9621	73
9632	73
9632	73
9644	73
9656	73
9667	73
9679	73
9679	73
9691	73
9703	73
9714	73
9726	73
9726	73
9738	73
9750	73
9761	74
9773	74
9773	74
9785	74
9796	74
9808	74
9820	74
9820	74
9832	74
9843	74
9855	74
9867	74
9867	74
9878	74
9890	74
9902	74
9914	74
9925	74
9925	74
9937	74
9949	74
9960	74
9972	74
9972	74
9984	74
9996	74
10007	74
10007	74
10019	74
10031	74
10031	74
10042	74
10054	74
10054	74
10066	74
10078	74
10089	74
10101	74
10113	74
10113	74
10125	74
10136	74
10148	74
10160	74
10171	74
10171	74
10183	74
10195	74
10207	74
10218	74
10230	75
10242	75
10253	75
10265	75
10277	75
10277	75
10289	75
10300	75
10312	75
10324	75
10324	75
10335	75
10347	75
10359	75
10371	75
10382	75
10394	75
10406	75
10417	75
10429	75
10441	75
10453	75
10453	75
10464	75
10476	75
10488	75
10500	75
10500	75
10511	75
10523	75
10535	75
10546	75
10558	75
10570	75
10582	75
10593	75
10605	75
10617	75
10628	75
10640	75
10640	75
10652	75
10664	75
10675	75
10687	75
10699	75
10699	75
10710	75
10722	75
10734	75
10746	76
10757	76
10757	76
10769	76
10781	76
10792	76
10804	76
10804	76
10816	76
10828	76
10839	76
10851	76
10863	76
10875	76
10875	76
10886	76
10898	76
10910	76
10921	76
10933	76
10945	76
10945	76
10957	76
10968	76
10980	76
10992	76
11003	76
11015	76
11027	76
11039	76
11039	76
11050	76
11062	76
11074	76
11085	76
11097	76
11109	76
11109	76
11121	76
11132	76
11144	76
11156	76
11167	76
11179	76
11179	76
11191	76
11203	76
11214	76
11226	76
11226	76
11238	77
11250	77
11261	77
11273	77
11285	77
11296	77
11308	77
11320	77
11320	77
11332	77
11343	77
11355	77
11367	77
11378	77
11390	77
11402	77
11414	77
11414	77
11425	77
11437	77
11449	77
11460	77
11472	77
11484	77
11484	77
11496	77
11507	77
11519	77
11531	77
11531	77
11542	77
11554	77
11566	77
11578	77
11578	77
11589	77
11601	77
11613	77
11625	77
11636	77
11648	77
11648	77
11660	77
11671	77
11683	77
11695	77
11707	77
11718	77
11730	77
11730	77
11742	78
11753	78
11765	78
11777	78
11789	78
11800	78
11812	78
11812	78
11824	78
11835	78
11847	78
11859	78
11871	78
11882	78
11882	78
11894	78
11906	78
11917	78
11929	78
11941	78
11953	78
11953	78
11964	78
11976	78
11988	78
12000	78
12011	78
12023	78
12035	78
12046	78
12058	78
12070	78
12082	78
12093	78
12105	78
12117	78
12128	78
12128	78
12140	78
12152	78
12164	78
12175	78
12187	78
12199	78
12210	78
12222	78
12222	78
12234	78
12246	78
12257	78
12269	79
12281	79
12281	79
12292	79
12304	79
12316	79
12328	79
12339	79
12351	79
12363	79
12375	79
12375	79
12386	79
12398	79
12410	79
12421	79
12433	79
12445	79
12457	79
12468	79
12468	79
12480	79
12492	79
12503	79
12515	79
12527	79
12539	79
12550	79
12562	79
12574	79
12574	79
12585	79
12597	79
12609	79
12621	79
12632	79
12644	79
12656	79
12656	79
12667	79
12679	79
12691	79
12703	79
12714	79
12726	79
12738	79
12750	79
12761	79
12773	79
12773	79
12785	80
12796	80
12820	80
12832	80
12843	80
12855	80
12867	80
12878	80
12890	80
12902	80
12914	80
12914	80
12925	80
12937	80
12949	80
12960	80
12972	80
12984	80
12996	80
13007	80
13019	80
13019	80
13031	80
13042	80
13054	80
13066	80
13078	80
13089	80
13101	80
13113	80
13125	80
13136	80
13136	80
13148	80
13160	80
13171	80
13183	80
13195	80
13207	80
13218	80
13230	80
13242	80
13253	80
13253	80
13265	80
13277	80
13289	80
13300	80
13312	80
13324	80
13335	81
13347	81
13359	81
13371	81
13382	81
13394	81
13406	81
13417	81
13429	81
13429	81
13441	81
13453	81
13464	81
13476	81
13488	81
13500	81
13511	81
13523	81
13535	81
13546	81
13558	81
13570	81
13582	81
13593	81
13617	81
13628	81
13640	81
13652	81
13664	81
13664	81
13675	81
13687	81
13699	81
13710	81
13722	81
13734	81
13746	81
13757	81
13769	81
13781	81
13792	81
13804	81
13816	81
13828	81
13828	81
13839	81
13851	81
13863	81
13875	81
13886	81
13898	82
13910	82
13921	82
13933	82
13945	82
13957	82
13968	82
13980	82
13992	82
14003	82
14015	82
14027	82
14039	82
14050	82
14062	82
14074	82
14085	82
14097	82
14109	82
14121	82
14132	82
14144	82
14156	82
14167	82
14179	82
14191	82
14203	82
14214	82
14226	82
14226	82
14238	82
14250	82
14273	82
14285	82
14296	82
14308	82
14320	82
14332	82
14343	82
14355	82
14367	82
14378	82
14402	82
14414	82
14414	82
14425	82
14437	82
14449	82
14460	82
14472	82
14484	83
14496	83
14507	83
14519	83
14531	83
14542	83
14554	83
14566	83
14578	83
14589	83
14601	83
14613	83
14625	83
14636	83
14648	83
14660	83
14671	83
14683	83
14695	83
14707	83
14718	83
14730	83
14742	83
14753	83
14765	83
14777	83
14789	83
14800	83
14812	83
14824	83
14835	83
14847	83
14859	83
14871	83
14882	83
14894	83
14906	83
14906	83
14929	83
14929	83
14941	83
14953	83
14964	83
14976	83
14988	83
15000	83
15023	83
15035	83
15046	83
15058	83
15070	84
15082	84
15093	84
15105	84
15117	84
15140	84
15152	84
15164	84
15175	84
15187	84
15199	84
15210	84
15222	84
15234	84
15246	84
15257	84
15269	84
15281	84
15292	84
15304	84
15316	84
15328	84
15339	84
15351	84
15363	84
15375	84
15386	84
15398	84
15410	84
15421	84
15433	84
15457	84
15468	84
15480	84
15492	84
15503	84
15515	84
15527	84
15539	84
15550	84
15562	84
15574	84
15585	84
15597	84
15609	84
15621	84
15632	84
15644	84
15656	84
15667	84
15679	85
15691	85
15703	85
15714	85
15726	85
15738	85
15750	85
15773	85
15785	85
15796	85
15808	85
15820	85
15832	85
15843	85
15855	85
15878	85
15890	85
15902	85
15914	85
15925	85
15937	85
15949	85
15960	85
15972	85
15984	85
15996	85
16007	85
16019	85
16031	85
16042	85
16054	85
16066	85
16078	85
16089	85
16113	85
16125	85
16136	85
16148	85
16160	85
16171	85
16183	85
16195	85
16207	85
16230	85
16242	85
16253	85
16265	85
16277	85
16289	85
16300	85
16312	86
16324	86
16335	86
16347	86
16359	86
16382	86
16394	86
16406	86
16417	86
16429	86
16441	86
16453	86
16464	86
16476	86
16488	86
16500	86
16511	86
16523	86
16535	86
16558	86
16570	86
16582	86
16593	86
16617	86
16628	86
16640	86
16652	86
16664	86
16675	86
16687	86
16699	86
16710	86
16734	86
16746	86
16757	86
16769	86
16792	86
16804	86
16816	86
16828	86
16839	86
16851	86
16863	86
16875	86
16886	86
16910	86
16921	86
16933	86
16945	86
16957	86
16980	87
16992	87
17003	87
17015	87
17027	87
17039	87
17050	87
17062	87
17085	87
17097	87
17109	87
17121	87
17132	87
17132	87
17144	87
17156	87
17167	87
17179	87
17191	87
17214	87
17226	87
17238	87
17250	87
17261	87
17273	87
17285	87
17296	87
17308	87
17332	87
17343	87
17355	87
17367	87
17378	87
17390	87
17402	87
17414	87
17437	87
17449	87
17460	87
17472	87
17484	87
17496	87
17519	87
17531	87
17542	87
17554	87
17566	87
17578	87
17589	87
17613	87
17625	88
17636	88
17648	88
17660	88
17683	88
17695	88
17707	88
17730	88
17742	88
17753	88
17777	88
17789	88
17800	88
17812	88
17824	88
17835	88
17847	88
17859	88
17882	88
17894	88
17906	88
17917	88
17929	88
17941	88
17953	88
17964	88
17988	88
18000	88
18011	88
18023	88
18035	88
18046	88
18058	88
18070	88
18093	88
18105	88
18117	88
18128	88
18140	88
18152	88
18175	88
18187	88
18199	88
18210	88
18222	88
18234	88
18246	88
18269	88
18281	88
18292	88
18304	89
18316	89
18328	89
18339	89
18363	89
18375	89
18386	89
18398	89
18410	89
18433	89
18445	89
18468	89
18480	89
18492	89
18515	89
18527	89
18539	89
18550	89
18562	89
18574	89
18597	89
18609	89
18621	89
18632	89
18656	89
18667	89
18679	89
18691	89
18703	89
18714	89
18726	89
18750	89
18761	89
18773	89
18785	89
18796	89
18808	89
18832	89
18843	89
18855	89
18867	89
18878	89
18890	89
18914	89
18925	89
18937	89
18949	89
18960	89
18984	89
18996	89
19007	90
19019	90
19031	90
19054	90
19066	90
19078	90
19089	90
19101	90
19113	90
19136	90
19148	90
19160	90
19183	90
19195	90
19218	90
19230	90
19253	90
19265	90
19277	90
19289	90
19312	90
19324	90
19335	90
19347	90
19359	90
19382	90
19394	90
19406	90
19417	90
19429	90
19441	90
19453	90
19476	90
19488	90
19500	90
19511	90
19523	90
19546	90
19558	90
19570	90
19582	90
19593	90
19605	90
19617	90
19628	90
19640	90
19664	90
19675	90
19687	90
19699	90
19710	91
19734	91
19746	91
19757	91
19769	91
19781	91
19792	91
19804	91
19816	91
19828	91
19851	91
19863	91
19875	91
19886	91
19898	91
19921	91
19933	91
19957	91
19968	91
19992	91
20003	91
20015	91
20039	91
20050	91
20062	91
20074	91
20085	91
20097	91
20121	91
20132	91
20156	91
20167	91
20179	91
20191	91
20203	91
20226	91
20238	91
20250	91
20261	91
20273	91
20285	91
20308	91
20320	91
20332	91
20343	91
20355	91
20367	91
20390	91
20402	91
20414	91
20425	92
20437	92
20460	92
20472	92
20484	92
20496	92
20507	92
20519	92
20531	92
20542	92
20554	92
20566	92
20578	92
20589	92
20613	92
20625	92
20636	92
20648	92
20660	92
20683	92
20695	92
20707	92
20730	92
20742	92
20753	92
20765	92
20789	92
20800	92
20812	92
20824	92
20835	92
20859	92
20871	92
20882	92
20906	92
20917	92
20929	92
20941	92
20953	92
20964	92
20988	92
21000	92
21011	92
21023	92
21035	92
21058	92
21070	92
21082	92
21093	92
21117	92
21128	93
21140	93
21152	93
21164	93
21187	93
21199	93
21210	93
21222	93
21234	93
21257	93
21269	93
21281	93
21292	93
21304	93
21316	93
21339	93
21351	93
21363	93
21375	93
21386	93
21410	93
21421	93
21433	93
21457	93
21468	93
21480	93
21503	93
21515	93
21527	93
21539	93
21550	93
21574	93
21585	93
21597	93
21609	93
21621	93
21644	93
21656	93
21667	93
21679	93
21691	93
21703	93
21726	93
21738	93
21750	93
21761	93
21785	93
21796	93
21808	93
21820	93
21832	94
21855	94
21867	94
21878	94
21890	94
21902	94
21914	94
21937	94
21949	94
21960	94
21972	94
21984	94
21996	94
22007	94
22019	94
22031	94
22042	94
22054	94
22078	94
22089	94
22101	94
22113	94
22125	94
22148	94
22160	94
22171	94
22183	94
22207	94
22218	94
22230	94
22253	94
22265	94
22277	94
22300	94
22312	94
22324	94
22335	94
22347	94
22371	94
22382	94
22406	94
22417	94
22429	94
22453	94
22464	94
22476	94
22488	94
22500	94
22523	94
22535	94
22546	95
22570	95
22582	95
22593	95
22617	95
22628	95
22640	95
22664	95
22675	95
22687	95
22699	95
22722	95
22734	95
22746	95
22757	95
22769	95
22781	95
22804	95
22816	95
22828	95
22839	95
22851	95
22875	95
22886	95
22898	95
22910	95
22921	95
22945	95
22957	95
22968	95
22992	95
23003	95
23015	95
23027	95
23050	95
23062	95
23074	95
23085	95
23109	95
23121	95
23132	95
23144	95
23156	95
23179	95
23191	95
23203	95
23214	95
23226	95
23250	95
23261	95
23273	96
23285	96
23308	96
23320	96
23332	96
23355	96
23367	96
23378	96
23390	96
23414	96
23425	96
23437	96
23449	96
23472	96
23484	96
23496	96
23507	96
23519	96
23531	96
23542	96
23566	96
23578	96
23589	96
23601	96
23613	96
23636	96
23648	96
23660	96
23671	96
23695	96
23707	96
23718	96
23730	96
23742	96
23765	96
23777	96
23789	96
23812	96
23824	96
23835	96
23847	96
23859	96
23882	96
23894	96
23906	96
23917	96
23929	96
23953	96
23964	96
23976	96
23988	97
24011	97
24023	97
24035	97
24046	97
24070	97
24082	97
24105	97
24117	97
24128	97
24152	97
24164	97
24175	97
24187	97
24210	97
24222	97
24234	97
24246	97
24257	97
24269	97
24292	97
24304	97
24316	97
24328	97
24339	97
24363	97
24375	97
24386	97
24398	97
24421	97
24433	97
24445	97
24457	97
24468	97
24492	97
24503	97
24515	97
24527	97
24550	97
24562	97
24574	97
24585	97
24609	97
24621	97
24632	97
24644	97
24656	97
24679	97
24691	97
24703	97
24714	98
24726	98
24750	98
24761	98
24773	98
24796	98
24808	98
24832	98
24843	98
24855	98
24878	98
24890	98
24902	98
24925	98
24937	98
24949	98
24960	98
24984	98
24996	98
25007	98
25019	98
25031	98
25042	98
25066	98
25078	98
25089	98
25101	98
25125	98
25136	98
25148	98
25160	98
25183	98
25195	98
25207	98
25218	98
25230	98
25253	98
25265	98
25277	98
25300	98
25312	98
25324	98
25335	98
25359	98
25371	98
25382	98
25394	98
25417	98
25429	98
25441	98
25453	99
25464	99
25488	99
25500	99
25511	99
25535	99
25546	99
25570	99
25582	99
25605	99
25617	99
25628	99
25652	99
25664	99
25675	99
25687	99
25710	99
25722	99
25734	99
25757	99
25769	99
25781	99
25792	99
25804	99
25828	99
25839	99
25851	99
25863	99
25886	99
25898	99
25910	99
25921	99
25945	99
25957	99
25968	99
25992	99
26003	99
26015	99
26027	99
26050	99
26062	99
26074	99
26097	99
26109	99
26121	99
26132	99
26156	99
26167	99
26179	99
26203	99
26214	100
26226	100
26238	100
26261	100
26273	100
26296	100
26308	100
26332	100
26343	100
26367	100
26378	100
26390	100
26414	100
26425	100
26437	100
26449	100
26472	100
26484	100
26496	100
26519	100
26531	100
26542	100
26554	100
26566	100
26589	100
26601	100
26613	100
26636	100
26648	100
26660	100
26671	100
26695	100
26707	100
26718	100
26742	100
26753	100
26765	100
26789	100
26800	100
26812	100
26835	100
26847	100
26859	100
26871	100
26882	100
26906	100
26917	100
26929	100
26953	100
26964	100
26976	101
27000	101
27011	101
27023	101
27046	101
27058	101
27082	101
27093	101
27117	101
27128	101
27140	101
27164	101
27175	101
27187	101
27210	101
27222	101
27234	101
27257	101
27269	101
27281	101
27304	101
27316	101
27328	101
27351	101
27363	101
27375	101
27398	101
27410	101
27421	101
27445	101
27457	101
27480	101
27492	101
27503	101
27527	101
27539	101
27550	101
27574	101
27585	101
27597	101
27621	101
27632	101
27644	101
27656	101
27679	101
27691	101
27703	101
27726	101
27738	101
27750	101
27773	102
27785	102
27808	102
27820	102
27832	102
27855	102
27867	102
27890	102
27902	102
27925	102
27937	102
27949	102
27972	102
27984	102
27996	102
28019	102
28031	102
28042	102
28066	102
28078	102
28089	102
28113	102
28125	102
28136	102
28160	102
28171	102
28195	102
28207	102
28230	102
28242	102
28253	102
28277	102
28289	102
28312	102
28324	102
28335	102
28359	102
28371	102
28382	102
28406	102
28417	102
28429	102
28453	102
28464	102
28476	102
28500	102
28511	102
28523	102
28546	102
28558	102
28582	103
28593	103
28617	103
28628	103
28652	103
28664	103
28687	103
28699	103
28710	103
28734	103
28746	103
28769	103
28792	103
28804	103
28816	103
28839	103
28851	103
28863	103
28886	103
28898	103
28921	103
28933	103
28957	103
28968	103
28992	103
29003	103
29027	103
29039	103
29050	103
29074	103
29085	103
29109	103
29121	103
29132	103
29144	103
29156	103
29179	103
29191	103
29203	103
29226	103
29238	103
29250	103
29273	103
29285	103
29296	103
29320	103
29332	103
29355	103
29367	103
29378	103
29402	104
29414	104
29437	104
29449	104
29460	104
29484	104
29496	104
29519	104
29531	104
29554	104
29566	104
29589	104
29601	104
29613	104
29636	104
29648	104
29671	104
29695	104
29707	104
29730	104
29753	104
29765	104
29789	104
29800	104
29812	104
29835	104
29847	104
29871	104
29882	104
29894	104
29917	104
29929	104
29941	104
29964	104
29976	104
30000	104
30011	104
30035	104
30046	104
30058	104
30082	104
30093	104
30117	104
30128	104
30140	104
30164	104
30175	104
30199	104
30210	104
30234	104
30246	105
30257	105
30281	105
30292	105
30316	105
30328	105
30339	105
30363	105
30375	105
30398	105
30410	105
30433	105
30457	105
30468	105
30492	105
30515	105
30527	105
30550	105
30562	105
30574	105
30597	105
30609	105
30632	105
30644	105
30667	105
30679	105
30703	105
30714	105
30726	105
30750	105
30761	105
30785	105
30796	105
30820	105
30832	105
30855	105
30867	105
30878	105
30902	105
30914	105
30937	105
30949	105
30972	105
30984	105
31007	105
31019	105
31042	105
31054	105
31078	105
31089	105
31101	106
31125	106
31136	106
31160	106
31183	106
31195	106
31218	106
31242	106
31265	106
31277	106
31300	106
31312	106
31324	106
31347	106
31359	106
31382	106
31406	106
31417	106
31429	106
31453	106
31464	106
31488	106
31500	106
31523	106
31535	106
31546	106
31570	106
31582	106
31593	106
31617	106
31628	106
31652	106
31664	106
31687	106
31699	106
31722	106
31734	106
31746	106
31769	106
31781	106
31792	106
31816	106
31828	106
31851	106
31863	106
31886	106
31898	106
31921	106
31945	106
31968	106
31992	107
32003	107
32027	107
32039	107
32062	107
32074	107
32097	107
32109	107
32132	107
32156	107
32167	107
32191	107
32203	107
32226	107
32238	107
32261	107
32273	107
32296	107
32308	107
32332	107
32343	107
32355	107
32378	107
32390	107
32414	107
32425	107
32449	107
32460	107
32484	107
32496	107
32507	107
32519	107
32542	107
32554	107
32566	107
32589	107
32601	107
32625	107
32636	107
32660	107
32683	107
32695	107
32718	107
32742	107
32753	107
32777	107
32789	107
32812	107
32824	107
32847	107
32859	108
32882	108
32894	108
32917	108
32941	108
32953	108
32964	108
32988	108
33000	108
33023	108
33046	108
33058	108
33082	108
33093	108
33117	108
33128	108
33152	108
33164	108
33187	108
33199	108
33222	108
33234	108
33257	108
33269	108
33292	108
33304	108
33328	108
33339	108
33351	108
33375	108
33398	108
33410	108
33433	108
33445	108
33468	108
33492	108
33503	108
33527	108
33539	108
33562	108
33585	108
33597	108
33621	108
33632	108
33656	108
33667	108
33679	108
33703	108
33714	108
33738	108
33761	109
33773	109
33796	109
33808	109
33832	109
33843	109
33867	109
33878	109
33902	109
33914	109
33937	109
33949	109
33972	109
33984	109
33996	109
34019	109
34031	109
34042	109
34066	109
34078	109
34101	109
34113	109
34136	109
34148	109
34171	109
34183	109
34207	109
34230	109
34242	109
34265	109
34289	109
34300	109
34324	109
34335	109
34359	109
34382	109
34394	109
34417	109
34441	109
34453	109
34476	109
34488	109
34511	109
34523	109
34546	109
34570	109
34582	109
34605	109
34628	109
34640	109
34664	110
34675	110
34699	110
34710	110
34734	110
34746	110
34769	110
34781	110
34804	110
34816	110
34839	110
34851	110
34875	110
34886	110
34910	110
34921	110
34945	110
34968	110
34980	110
35003	110
35015	110
35039	110
35050	110
35074	110
35085	110
35109	110
35121	110
35144	110
35156	110
35179	110
35203	110
35214	110
35226	110
35250	110
35273	110
35285	110
35308	110
35320	110
35343	110
35367	110
35378	110
35402	110
35414	110
35437	110
35460	110
35472	110
35484	110
35507	110
35519	110
35542	110
35554	111
35566	111
35589	111
35613	111
35625	111
35648	111
35660	111
35683	111
35695	111
35718	111
35730	111
35753	111
35765	111
35789	111
35800	111
35824	111
35847	111
35859	111
35882	111
35894	111
35917	111
35929	111
35953	111
35964	111
35988	111
36000	111
36023	111
36035	111
36058	111
36082	111
36093	111
36117	111
36140	111
36152	111
36175	111
36187	111
36210	111
36222	111
36246	111
36257	111
36281	111
36292	111
36316	111
36328	111
36351	111
36363	111
36386	111
36398	111
36421	111
36433	111
36457	112
36468	112
36492	112
36503	112
36527	112
36550	112
36562	112
36585	112
36597	112
36621	112
36632	112
36656	112
36667	112
36691	112
36703	112
36726	112
36738	112
36761	112
36785	112
36796	112
36820	112
36843	112
36867	112
36878	112
36902	112
36914	112
36937	112
36949	112
36972	112
36996	112
37007	112
37019	112
37042	112
37054	112
37078	112
37089	112
37113	112
37136	112
37148	112
37171	112
37183	112
37195	112
37218	112
37242	112
37253	112
37277	112
37289	112
37312	112
37324	112
37347	112
37359	113
37382	113
37394	113
37417	113
37429	113
37453	113
37464	113
37488	113
37511	113
37523	113
37546	113
37570	113
37593	113
37605	113
37628	113
37652	113
37664	113
37687	113
37699	113
37722	113
37746	113
37757	113
37781	113
37792	113
37804	113
37828	113
37851	113
37863	113
37886	113
37898	113
37921	113
37933	113
37957	113
37968	113
37992	113
38015	113
38027	113
38050	113
38062	113
38085	113
38097	113
38121	113
38144	113
38156	113
38179	113
38191	113
38214	113
38226	113
38250	113
38273	113
38285	114
38308	114
38332	114
38355	114
38367	114
38390	114
38414	114
38425	114
38449	114
38460	114
38484	114
38496	114
38519	114
38531	114
38554	114
38566	114
38589	114
38601	114
38625	114
38648	114
38660	114
38683	114
38695	114
38718	114
38730	114
38753	114
38765	114
38789	114
38812	114
38824	114
38847	114
38859	114
38882	114
38894	114
38917	114
38929	114
38953	114
38964	114
38988	114
39011	114
39023	114
39046	114
39070	114
39082	114
39105	114
39128	114
39152	114
39164	114
39187	114
39199	114
39222	115
39246	115
39257	115
39281	115
39304	115
39316	115
39339	115
39351	115
39375	115
39386	115
39410	115
39433	115
39445	115
39468	115
39492	115
39503	115
39527	115
39550	115
39562	115
39585	115
39597	115
39621	115
39632	115
39656	115
39679	115
39691	115
39714	115
39726	115
39750	115
39761	115
39785	115
39808	115
39832	115
39843	115
39867	115
39890	115
39902	115
39925	115
39949	115
39960	115
39984	115
39996	115
40019	115
40042	115
40054	115
40078	115
40089	115
40113	115
40136	115
40148	115
40171	116
40195	116
40218	116
40230	116
40253	116
40277	116
40289	116
40312	116
40324	116
40347	116
40371	116
40382	116
40406	116
40417	116
40441	116
40464	116
40476	116
40500	116
40523	116
40535	116
40558	116
40582	116
40605	116
40628	116
40640	116
40664	116
40687	116
40699	116
40722	116
40746	116
40769	116
40792	116
40804	116
40828	116
40851	116
40863	116
40886	116
40910	116
40921	116
40945	116
40968	116
40992	116
41003	116
41027	116
41050	116
41062	116
41085	116
41109	116
41121	116
41132	116
41156	117
41167	117
41191	117
41203	117
41226	117
41250	117
41273	117
41285	117
41308	117
41320	117
41343	117
41367	117
41378	117
41402	117
41425	117
41437	117
41460	117
41484	117
41507	117
41519	117
41542	117
41566	117
41589	117
41601	117
41625	117
41648	117
41660	117
41683	117
41707	117
41742	117
41753	117
41777	117
41800	117
41812	117
41835	117
41859	117
41871	117
41894	117
41917	117
41929	117
41953	117
41976	117
41988	117
42011	117
42035	117
42046	117
42070	117
42093	117
42105	117
42128	117
42152	118
42175	118
42187	118
42210	118
42234	118
42246	118
42269	118
42292	118
42304	118
42328	118
42339	118
42363	118
42386	118
42410	118
42433	118
42457	118
42480	118
42503	118
42515	118
42539	118
42562	118
42574	118
42597	118
42621	118
42644	118
42667	118
42679	118
42703	118
42714	118
42738	118
42761	118
42785	118
42796	118
42820	118
42843	118
42855	118
42878	118
42902	118
42925	118
42937	118
42960	118
42984	118
42996	118
43019	118
43042	118
43066	118
43078	118
43101	118
43125	118
43148	118
43171	119
43195	119
43218	119
43242	119
43265	119
43289	119
43300	119
43324	119
43347	119
43371	119
43382	119
43406	119
43429	119
43441	119
43464	119
43488	119
43511	119
43523	119
43546	119
43570	119
43582	119
43605	119
43617	119
43640	119
43664	119
43687	119
43699	119
43722	119
43746	119
43757	119
43781	119
43804	119
43816	119
43839	119
43863	119
43875	119
43898	119
43921	119
43957	119
43980	119
44003	119
44027	119
44039	119
44062	119
44085	119
44109	119
44132	119
44156	119
44179	119
44191	119
44214	120
44238	120
44250	120
44273	120
44296	120
44320	120
44332	120
44355	120
44378	120
44402	120
44414	120
44437	120
44460	120
44484	120
44496	120
44507	120
44531	120
44542	120
44566	120
44589	120
44613	120
44625	120
44648	120
44671	120
44695	120
44718	120
44742	120
44765	120
44789	120
44800	120
44824	120
44847	120
44871	120
44894	120
44917	120
44929	120
44953	120
44976	120
45000	120
45011	120
45035	120
45058	120
45082	120
45105	120
45117	120
45140	120
45164	120
45187	120
45210	120
45222	120
45246	121
45269	121
45281	121
45304	121
45328	121
45351	121
45363	121
45386	121
45410	121
45433	121
45457	121
45480	121
45503	121
45527	121
45539	121
45562	121
45585	121
45609	121
45621	121
45644	121
45667	121
45691	121
45703	121
45726	121
45750	121
45773	121
45785	121
45808	121
45832	121
45855	121
45867	121
45890	121
45914	121
45937	121
45960	121
45972	121
45996	121
46007	121
46031	121
46042	121
46066	121
46089	121
46113	121
46125	121
46148	121
46171	121
46195	121
46218	121
46242	121
46265	121
46289	122
46312	122
46324	122
46347	122
46371	122
46394	122
46417	122
46441	122
46464	122
46488	122
46511	122
46535	122
46558	122
46582	122
46605	122
46628	122
46640	122
46664	122
46687	122
46710	122
46734	122
46746	122
46769	122
46792	122
46816	122
46828	122
46851	122
46875	122
46898	122
46921	122
46933	122
46957	122
46980	122
47003	122
47027	122
47050	122
47074	122
47085	122
47109	122
47132	122
47156	122
47179	122
47191	122
47214	122
47238	122
47261	122
47273	122
47296	122
47320	122
47343	122
47367	123
47390	123
47414	123
47437	123
47449	123
47472	123
47496	123
47507	123
47531	123
47554	123
47566	123
47589	123
47613	123
47636	123
47660	123
47671	123
47695	123
47718	123
47742	123
47765	123
47789	123
47800	123
47824	123
47847	123
47871	123
47894	123
47906	123
47929	123
47953	123
47976	123
48000	123
48023	123
48035	123
48058	123
48082	123
48117	123
48128	123
48152	123
48175	123
48199	123
48222	123
48246	123
48257	123
48281	123
48304	123
48316	123
48339	123
48363	123
48386	123
48410	123
48421	124
48445	124
48468	124
48492	124
48503	124
48527	124
48550	124
48574	124
48597	124
48609	124
48632	124
48656	124
48679	124
48703	124
48714	124
48738	124
48761	124
48785	124
48808	124
48832	124
48855	124
48878	124
48902	124
48925	124
48937	124
48960	124
48984	124
49007	124
49031	124
49042	124
49066	124
49089	124
49113	124
49125	124
49148	124
49171	124
49195	124
49218	124
49230	124
49253	124
49277	124
49300	124
49324	124
49347	124
49359	124
49382	124
49406	124
49429	124
49453	124
49464	124
49488	125
49511	125
49535	125
49558	125
49582	125
49605	125
49628	125
49652	125
49675	125
49699	125
49722	125
49746	125
49757	125
49781	125
49804	125
49828	125
49839	125
49863	125
49886	125
49910	125
49933	125
49945	125
49968	125
49992	125
50015	125
50039	125
50062	125
50074	125
50097	125
50121	125
50144	125
50167	125
50191	125
50203	125
50226	125
50250	125
50273	125
50296	125
50320	125
50343	125
50367	125
50390	125
50414	125
50437	125
50460	125
50472	125
50496	125
50519	125
50542	125
50554	125
50578	126
50601	126
50625	126
50648	126
50660	126
50683	126
50707	126
50730	126
50753	126
50765	126
50789	126
50812	126
50835	126
50859	126
50871	126
50894	126
50917	126
50941	126
50964	126
50976	126
51000	126
51023	126
51046	126
51070	126
51093	126
51117	126
51140	126
51164	126
51187	126
51210	126
51234	126
51257	126
51281	126
51292	126
51316	126
51339	126
51363	126
51386	126
51410	126
51421	126
51445	126
51468	126
51492	126
51515	126
51539	126
51562	126
51585	126
51597	126
51621	126
51644	126
51667	127
51691	127
51703	127
51726	127
51750	127
51773	127
51796	127
51820	127
51843	127
51867	127
51890	127
51914	127
51925	127
51949	127
51972	127
51996	127
52019	127
52042	127
52066	127
52078	127
52101	127
52125	127
52148	127
52171	127
52195	127
52218	127
52242	127
52265	127
52289	127
52300	127
52324	127
52347	127
52371	127
52394	127
52417	127
52429	127
52453	127
52476	127
52500	127
52523	127
52546	127
52570	127
52593	127
52617	127
52640	127
52664	127
52687	127
52710	127
52734	127
52757	127
52781	128
52804	128
52828	128
52851	128
52875	128
52898	128
52921	128
52945	128
52968	128
52992	128
53015	128
53039	128
53062	128
53074	128
53097	128
53121	128
53132	128
53156	128
53179	128
53203	128
53214	128
53238	128
53261	128
53285	128
53308	128
53332	128
53355	128
53378	128
53390	128
53414	128
53437	128
53460	128
53484	128
53507	128
53531	128
53554	128
53578	128
53601	128
53625	128
53648	128
53671	128
53695	128
53730	128
53753	128
53777	128
53800	128
53812	128
53835	128
53859	128
53882	128
53906	129
53929	129
53953	129
53976	129
54000	129
54023	129
54046	129
54058	129
54082	129
54105	129
54128	129
54152	129
54175	129
54199	129
54222	129
54246	129
54269	129
54281	129
54304	129
54328	129
54351	129
54375	129
54398	129
54421	129
54457	129
54480	129
54503	129
54527	129
54550	129
54574	129
54597	129
54621	129
54644	129
54667	129
54691	129
54703	129
54726	129
54750	129
54773	129
54796	129
54820	129
54843	129
54867	129
54890	129
54914	129
54937	129
54960	129
54984	129
55007	129
55031	129
55054	130
55078	130
55089	130
55113	130
55136	130
55171	130
55195	130
55218	130
55253	130
55277	130
55300	130
55324	130
55347	130
55371	130
55394	130
55417	130
55429	130
55453	130
55476	130
55500	130
55523	130
55546	130
55570	130
55582	130
55605	130
55628	130
55652	130
55675	130
55699	130
55722	130
55746	130
55769	130
55781	130
55804	130
55828	130
55851	130
55875	130
55898	130
55921	130
55957	130
55980	130
56015	130
56039	130
56062	130
56085	130
56109	130
56132	130
56156	130
56179	130
56203	130
56226	131
56250	131
56273	131
56296	131
56320	131
56343	131
56367	131
56390	131
56414	131
56437	131
56460	131
56484	131
56496	131
56519	131
56542	131
56554	131
56578	131
56601	131
56625	131
56648	131
56671	131
56695	131
56730	131
56753	131
56777	131
56800	131
56824	131
56847	131
56871	131
56894	131
56917	131
56941	131
56964	131
56988	131
57011	131
57035	131
57058	131
57082	131
57105	131
57128	131
57152	131
57175	131
57199	131
57222	131
57246	131
57269	131
57292	131
57316	131
57339	131
57351	131
57375	132
57410	132
57433	132
57457	132
57480	132
57503	132
57527	132
57550	132
57574	132
57597	132
57621	132
57644	132
57667	132
57691	132
57714	132
57738	132
57761	132
57785	132
57808	132
57832	132
57855	132
57878	132
57902	132
57925	132
57949	132
57972	132
57996	132
58007	132
58031	132
58054	132
58078	132
58101	132
58125	132
58148	132
58171	132
58195	132
58218	132
58242	132
58265	132
58289	132
58312	132
58335	132
58371	132
58394	132
58417	132
58441	132
58464	132
58488	132
58511	132
58546	132
58570	133
58593	133
58617	133
58640	133
58664	133
58687	133
58710	133
58734	133
58757	133
58781	133
58804	133
58828	133
58851	133
58875	133
58898	133
58921	133
58945	133
58968	133
58992	133
59027	133
59050	133
59074	133
59097	133
59121	133
59144	133
59167	133
59191	133
59214	133
59238	133
59261	133
59285	133
59308	133
59332	133
59355	133
59378	133
59402	133
59425	133
59460	133
59472	133
59496	133
59519	133
59542	133
59566	133
59589	133
59613	133
59636	133
59660	133
59683	133
59707	133
59730	133
59753	134
59777	134
59800	134
59824	134
59847	134
59871	134
59894	134
59917	134
59941	134
59964	134
59988	134
60011	134
60046	134
60070	134
60093	134
60117	134
60140	134
60175	134
60199	134
60222	134
60246	134
60269	134
60281	134
60304	134
60328	134
60351	134
60375	134
60398	134
60421	134
60445	134
60468	134
60492	134
60515	134
60550	134
60574	134
60597	134
60621	134
60644	134
60667	134
60691	134
60714	134
60738	134
60761	134
60785	134
60808	134
60843	134
60867	134
60890	134
60914	134
60937	134
60960	135
60984	135
61007	135
61031	135
61054	135
61078	135
61101	135
61125	135
61148	135
61171	135
61195	135
61218	135
61242	135
61265	135
61300	135
61324	135
61347	135
61371	135
61394	135
61417	135
61441	135
61464	135
61488	135
61511	135
61535	135
61570	135
61593	135
61617	135
61652	135
61675	135
61699	135
61722	135
61746	135
61769	135
61792	135
61816	135
61839	135
61863	135
61886	135
61910	135
61933	135
61957	135
61980	135
62003	135
62039	135
62062	135
62085	135
62109	135
62132	135
62156	135
62179	136
62203	136
62226	136
62250	136
62285	136
62308	136
62343	136
62367	136
62390	136
62414	136
62437	136
62460	136
62496	136
62519	136
62531	136
62554	136
62578	136
62613	136
62636	136
62660	136
62683	136
62707	136
62730	136
62753	136
62777	136
62800	136
62824	136
62847	136
62871	136
62894	136
62917	136
62953	136
62976	136
63000	136
63023	136
63046	136
63082	136
63105	136
63128	136
63152	136
63187	136
63210	136
63234	136
63257	136
63281	136
63304	136
63328	136
63351	136
63386	136
63410	136
63433	137
63457	137
63492	137
63515	137
63539	137
63562	137
63585	137
63609	137
63632	137
63656	137
63679	137
63703	137
63738	137
63761	137
63785	137
63808	137
63843	137
63867	137
63890	137
63914	137
63937	137
63972	137
63996	137
64019	137
64042	137
64066	137
64089	137
64113	137
64148	137
64171	137
64195	137
64218	137
64253	137
64277	137
64300	137
64324	137
64347	137
64371	137
64406	137
64429	137
64453	137
64476	137
64500	137
64523	137
64558	137
64582	137
64617	137
64640	137
64664	137
64687	137
64710	138
64746	138
64769	138
64804	138
64828	138
64851	138
64875	138
64898	138
64933	138
64957	138
64992	138
65015	138
65039	138
65062	138
65085	138
65109	138
65132	138
65156	138
65179	138
65203	138
65226	138
65261	138
65285	138
65308	138
65332	138
65355	138
65378	138
65414	138
65437	138
65460	138
65484	138
65519	138
65542	138
65566	138
65589	138
65613	138
65648	138
65671	138
65707	138
65742	138
65765	138
65789	138
65812	138
65835	138
65871	138
65894	138
65917	138
65941	138
65964	138
65988	138
66023	139
66046	139
66070	139
66093	139
66117	139
66140	139
66175	139
66199	139
66222	139
66246	139
66269	139
66292	139
66328	139
66351	139
66375	139
66398	139
66433	139
66457	139
66492	139
66515	139
66550	139
66574	139
66597	139
66621	139
66656	139
66679	139
66703	139
66726	139
66750	139
66785	139
66808	139
66832	139
66855	139
66890	139
66914	139
66937	139
66960	139
66984	139
67019	139
67042	139
67066	139
67089	139
67125	139
67148	139
67183	139
67218	139
67242	139
67277	139
67300	139
67324	139
67347	140
67382	140
67406	140
67429	140
67453	140
67476	140
67511	140
67535	140
67558	140
67582	140
67605	140
67628	140
67652	140
67687	140
67710	140
67734	140
67757	140
67781	140
67804	140
67828	140
67851	140
67886	140
67910	140
67945	140
67980	140
68003	140
68039	140
68062	140
68085	140
68109	140
68144	140
68179	140
68203	140
68226	140
68250	140
68273	140
68308	140
68332	140
68355	140
68378	140
68402	140
68437	140
68460	140
68484	140
68507	140
68531	140
68554	140
68578	140
68601	140
68625	140
68660	141
68683	141
68707	141
68742	141
68765	141
68800	141
68824	141
68847	141
68871	141
68906	141
68929	141
68953	141
68976	141
69011	141
69035	141
69058	141
69093	141
69117	141
69140	141
69164	141
69199	141
69222	141
69246	141
69269	141
69292	141
69316	141
69351	141
69375	141
69398	141
69433	141
69457	141
69492	141
69515	141
69539	141
69562	141
69597	141
69621	141
69644	141
69667	141
69691	141
69726	141
69750	141
69773	141
69796	141
69820	141
69855	141
69878	141
69902	141
69925	141
69960	141
69984	142
70007	142
70019	142
70042	142
70078	142
70101	142
70125	142
70148	142
70183	142
70207	142
70242	142
70265	142
70289	142
70312	142
70347	142
70371	142
70406	142
70429	142
70464	142
70488	142
70511	142
70546	142
70570	142
70605	142
70628	142
70652	142
70687	142
70710	142
70734	142
70757	142
70781	142
70816	142
70839	142
70863	142
70886	142
70921	142
70945	142
70968	142
71003	142
71027	142
71050	142
71085	142
71109	142
71132	142
71156	142
71191	142
71214	142
71238	142
71261	142
71296	142
71320	143
71343	143
71378	143
71402	143
71425	143
71460	143
71484	143
71507	143
71531	143
71554	143
71578	143
71601	143
71636	143
71660	143
71683	143
71707	143
71742	143
71765	143
71789	143
71812	143
71847	143
71871	143
71894	143
71917	143
71953	143
71976	143
72000	143
72023	143
72058	143
72082	143
72117	143
72140	143
72164	143
72199	143
72222	143
72246	143
72269	143
72292	143
72316	143
72351	143
72375	143
72398	143
72421	143
72457	143
72480	143
72503	143
72527	143
72562	143
72585	143
72609	143
72632	144
72667	144
72691	144
72714	144
72738	144
72773	144
72796	144
72832	144
72855	144
72890	144
72914	144
72937	144
72960	144
72996	144
73019	144
73042	144
73066	144
73089	144
73125	144
73148	144
73171	144
73195	144
73218	144
73253	144
73277	144
73300	144
73335	144
73359	144
73382	144
73406	144
73429	144
73464	144
73488	144
73511	144
73546	144
73570	144
73605	144
73628	144
73664	144
73687	144
73710	144
73734	144
73769	144
73792	144
73816	144
73839	144
73875	144
73898	144
73921	144
73945	144
73980	145
74003	145
74027	145
74050	145
74085	145
74109	145
74132	145
74167	145
74191	145
74214	145
74238	145
74273	145
74296	145
74332	145
74355	145
74390	145
74414	145
74437	145
74472	145
74496	145
74519	145
74542	145
74566	145
74601	145
74625	145
74648	145
74671	145
74707	145
74730	145
74753	145
74777	145
74812	145
74835	145
74859	145
74882	145
74906	145
74941	145
74964	145
74988	145
75011	145
75046	145
75070	145
75105	145
75128	145
75164	145
75187	145
75210	145
75246	145
75269	145
75292	145
75328	146
75351	146
75375	146
75398	146
75433	146
75457	146
75492	146
75515	146
75539	146
75574	146
75597	146
75621	146
75644	146
75667	146
75703	146
75726	146
75750	146
75785	146
75808	146
75843	146
75867	146
75890	146
75925	146
75949	146
75972	146
76007	146
76031	146
76054	146
76089	146
76113	146
76136	146
76171	146
76195	146
76230	146
76253	146
76277	146
76312	146
76335	146
76359	146
76394	146
76417	146
76441	146
76464	146
76500	146
76523	146
76546	146
76582	146
76617	146
76640	146
76675	146
76699	147
76722	147
76757	147
76792	147
76816	147
76839	147
76875	147
76898	147
76921	147
76957	147
76992	147
77015	147
77039	147
77074	147
77097	147
77121	147
77144	147
77167	147
77191	147
77214	147
77250	147
77273	147
77296	147
77332	147
77355	147
77378	147
77414	147
77437	147
77460	147
77496	147
77519	147
77554	147
77578	147
77601	147
77636	147
77660	147
77695	147
77730	147
77765	147
77789	147
77812	147
77847	147
77871	147
77894	147
77929	147
77953	147
77976	147
78011	147
78035	147
78058	147
78093	148
78117	148
78140	148
78175	148
78199	148
78222	148
78257	148
78281	148
78304	148
78339	148
78363	148
78386	148
78421	148
78457	148
78492	148
78515	148
78550	148
78574	148
78597	148
78632	148
78656	148
78691	148
78714	148
78738	148
78773	148
78796	148
78832	148
78855	148
78878	148
78914	148
78937	148
78960	148
78996	148
79019	148
79054	148
79078	148
79101	148
79136	148
79160	148
79195	148
79230	148
79265	148
79300	148
79324	148
79347	148
79382	148
79406	148
79429	148
79464	148
79488	148
79511	149
79546	149
79570	149
79593	149
79617	149
79652	149
79675	149
79710	149
79734	149
79757	149
79781	149
79816	149
79839	149
79863	149
79898	149
79921	149
79968	149
79992	149
80027	149
80050	149
80085	149
80109	149
80144	149
80179	149
80203	149
80238	149
80261	149
80285	149
80320	149
80343	149
80367	149
80402	149
80425	149
80460	149
80484	149
80507	149
80531	149
80554	149
80578	149
80613	149
80636	149
80671	149
80695	149
80730	149
80765	149
80789	149
80812	149
80847	149
80871	149
80906	149
80941	150
80964	150
80988	150
81023	150
81046	150
81082	150
81105	150
81140	150
81164	150
81199	150
81222	150
81246	150
81269	150
81304	150
81328	150
81351	150
81386	150
81410	150
81445	150
81480	150
81503	150
81539	150
81562	150
81597	150
81621	150
81656	150
81679	150
81703	150
81738	150
81761	150
81785	150
81820	150
81843	150
81878	150
81902	150
81925	150
81960	150
81984	150
82007	150
82031	150
82054	150
82089	150
82113	150
82148	150
82171	150
82207	150
82230	150
82265	150
82289	150
82324	150
82347	151
82382	151
82417	151
82441	151
82476	151
82500	151
82535	151
82570	151
82593	151
82628	151
82652	151
82687	151
82710	151
82746	151
82769	151
82792	151
82828	151
82851	151
82886	151
82910	151
82945	151
82968	151
83003	151
83027	151
83062	151
83085	151
83121	151
83144	151
83167	151
83203	151
83226	151
83261	151
83285	151
83320	151
83343	151
83378	151
83402	151
83437	151
83460	151
83496	151
83519	151
83542	151
83566	151
83601	151
83625	151
83660	151
83683	151
83718	151
83742	151
83765	151
83800	152
83824	152
83859	152
83882	152
83917	152
83941	152
83964	152
84000	152
84023	152
84058	152
84093	152
84128	152
84152	152
84187	152
84210	152
84234	152
84269	152
84292	152
84316	152
84351	152
84375	152
84410	152
84433	152
84468	152
84492	152
84515	152
84550	152
84585	152
84609	152
84632	152
84667	152
84691	152
84726	152
84750	152
84785	152
84808	152
84843	152
84878	152
84914	152
84937	152
84972	152
84996	152
85019	152
85054	152
85078	152
85113	152
85136	152
85171	152
85195	152
85218	152
85253	153
85277	153
85312	153
85335	153
85371	153
85394	153
85429	153
85453	153
85476	153
85511	153
85546	153
85582	153
85605	153
85640	153
85675	153
85699	153
85734	153
85757	153
85781	153
85816	153
85839	153
85875	153
85898	153
85933	153
85957	153
85992	153
86015	153
86039	153
86074	153
86097	153
86132	153
86167	153
86191	153
86214	153
86250	153
86285	153
86308	153
86343	153
86378	153
86414	153
86437	153
86472	153
86496	153
86531	153
86554	153
86578	153
86613	153
86636	153
86671	153
86695	153
86730	154
86753	154
86789	154
86812	154
86847	154
86871	154
86906	154
86929	154
86964	154
86988	154
87023	154
87046	154
87082	154
87117	154
87152	154
87175	154
87210	154
87234	154
87269	154
87304	154
87328	154
87363	154
87386	154
87421	154
87445	154
87480	154
87515	154
87539	154
87574	154
87597	154
87632	154
87656	154
87691	154
87714	154
87750	154
87773	154
87808	154
87843	154
87867	154
87902	154
87937	154
87960	154
87996	154
88019	154
88054	154
88078	154
88113	154
88136	154
88171	154
88207	154
88230	155
88265	155
88300	155
88324	155
88359	155
88382	155
88417	155
88441	155
88476	155
88500	155
88535	155
88570	155
88605	155
88628	155
88664	155
88687	155
88722	155
88757	155
88792	155
88828	155
88851	155
88886	155
88910	155
88945	155
88980	155
89015	155
89039	155
89074	155
89097	155
89132	155
89156	155
89179	155
89203	155
89238	155
89273	155
89296	155
89332	155
89355	155
89390	155
89414	155
89449	155
89484	155
89507	155
89542	155
89578	155
89601	155
89636	155
89671	155
89707	155
89742	155
89777	156
89800	156
89835	156
89859	156
89894	156
89917	156
89953	156
89976	156
90011	156
90046	156
90070	156
90105	156
90128	156
90164	156
90199	156
90222	156
90257	156
90281	156
90316	156
90339	156
90375	156
90410	156
90445	156
90480	156
90515	156
90539	156
90574	156
90609	156
90632	156
90667	156
90703	156
90726	156
90761	156
90785	156
90820	156
90855	156
90878	156
90914	156
90949	156
90972	156
91007	156
91042	156
91066	156
91101	156
91125	156
91160	156
91195	156
91242	156
91277	156
91300	156
91335	157
91359	157
91394	157
91429	157
91453	157
91488	157
91511	157
91546	157
91570	157
91605	157
91628	157
91664	157
91687	157
91722	157
91746	157
91781	157
91804	157
91839	157
91863	157
91898	157
91933	157
91968	157
92015	157
92039	157
92074	157
92097	157
92132	157
92167	157
92203	157
92238	157
92261	157
92296	157
92332	157
92355	157
92390	157
92414	157
92449	157
92484	157
92507	157
92531	157
92554	157
92589	157
92625	157
92648	157
92683	157
92718	157
92753	157
92789	157
92812	157
92847	157
92882	158
92917	158
92941	158
92976	158
93000	158
93035	158
93070	158
93105	158
93128	158
93164	158
93199	158
93222	158
93257	158
93281	158
93316	158
93339	158
93375	158
93410	158
93445	158
93468	158
93503	158
93539	158
93574	158
93597	158
93632	158
93656	158
93691	158
93726	158
93750	158
93785	158
93808	158
93843	158
93878	158
93902	158
93937	158
93972	158
93996	158
94019	158
94042	158
94078	158
94113	158
94136	158
94171	158
94207	158
94242	158
94277	158
94300	158
94335	158
94371	158
94406	158
94441	159
94464	159
94500	159
94535	159
94570	159
94605	159
94640	159
94664	159
94699	159
94734	159
94757	159
94792	159
94816	159
94851	159
94886	159
94910	159
94945	159
94980	159
95015	159
95050	159
95074	159
95109	159
95144	159
95167	159
95203	159
95226	159
95261	159
95296	159
95332	159
95367	159
95390	159
95425	159
95460	159
95484	159
95507	159
95542	159
95566	159
95601	159
95636	159
95660	159
95695	159
95718	159
95753	159
95789	159
95812	159
95847	159
95882	159
95906	159
95941	159
95964	159
96000	160
96035	160
96070	160
96105	160
96140	160
96164	160
96199	160
96234	160
96257	160
96292	160
96316	160
96351	160
96386	160
96410	160
96445	160
96468	160
96503	160
96539	160
96574	160
96597	160
96632	160
96656	160
96691	160
96726	160
96750	160
96785	160
96820	160
96855	160
96890	160
96925	160
96960	160
96984	160
97019	160
97042	160
97078	160
97113	160
97136	160
97171	160
97207	160
97230	160
97265	160
97300	160
97324	160
97359	160
97394	160
97417	160
97453	160
97476	160
97511	160
97546	160
97582	161
97617	161
97652	161
97687	161
97710	161
97746	161
97781	161
97804	161
97839	161
97863	161
97898	161
97933	161
97957	161
97992	161
98027	161
98050	161
98085	161
98121	161
98144	161
98179	161
98214	161
98238	161
98273	161
98308	161
98343	161
98378	161
98414	161
98449	161
98472	161
98507	161
98531	161
98566	161
98601	161
98625	161
98660	161
98683	161
98718	161
98753	161
98777	161
98812	161
98847	161
98871	161
98906	161
98941	161
98964	161
99000	161
99035	161
99070	161
99105	161
99140	161
99164	162
99199	162
99234	162
99269	162
99292	162
99328	162
99363	162
99386	162
99421	162
99457	162
99492	162
99527	162
99550	162
99585	162
99621	162
99644	162
99679	162
99703	162
99738	162
99773	162
99808	162
99843	162
99867	162
99902	162
99937	162
99972	162
99996	162
100031	162
100066	162
100089	162
100125	162
100160	162
100195	162
100230	162
100253	162
100289	162
100324	162
100347	162
100382	162
100417	162
100441	162
100476	162
100511	162
100535	162
100570	162
100617	162
100640	162
100675	162
100710	162
100746	162
100781	163
100816	163
100839	163
100875	163
100910	163
100945	163
100980	163
101015	163
101050	163
101074	163
101109	163
101132	163
101167	163
101191	163
101226	163
101261	163
101285	163
101320	163
101355	163
101390	163
101414	163
101449	163
101484	163
101519	163
101554	163
101578	163
101613	163
101648	163
101683	163
101718	163
101765	163
101789	163
101824	163
101859	163
101882	163
101917	163
101953	163
101976	163
102011	163
102046	163
102070	163
102105	163
102140	163
102175	163
102199	163
102234	163
102269	163
102292	163
102328	163
102363	163
102386	164
102421	164
102468	164
102503	164
102539	164
102562	164
102597	164
102632	164
102667	164
102691	164
102726	164
102761	164
102785	164
102820	164
102855	164
102890	164
102914	164
102949	164
102984	164
103019	164
103054	164
103078	164
103113	164
103148	164
103183	164
103230	164
103265	164
103300	164
103324	164
103359	164
103394	164
103429	164
103453	164
103488	164
103523	164
103546	164
103582	164
103617	164
103640	164
103675	164
103710	164
103734	164
103769	164
103804	164
103828	164
103863	164
103898	164
103933	164
103980	164
104015	164
104050	165
104074	165
104109	165
104144	165
104179	165
104214	165
104250	165
104273	165
104308	165
104343	165
104367	165
104402	165
104437	165
104472	165
104496	165
104519	165
104554	165
104578	165
104613	165
104648	165
104683	165
104718	165
104753	165
104777	165
104812	165
104847	165
104882	165
104917	165
104941	165
104976	165
105011	165
105046	165
105070	165
105105	165
105140	165
105175	165
105210	165
105234	165
105269	165
105292	165
105328	165
105363	165
105398	165
105421	165
105468	165
105492	165
105527	165
105562	165
105597	165
105632	165
105656	166
105691	166
105726	166
105750	166
105785	166
105820	166
105855	166
105878	166
105914	166
105949	166
105984	166
106007	166
106031	166
106066	166
106089	166
106125	166
106160	166
106195	166
106230	166
106265	166
106300	166
106324	166
106359	166
106394	166
106429	166
106464	166
106500	166
106535	166
106570	166
106605	166
106640	166
106664	166
106699	166
106734	166
106757	166
106792	166
106828	166
106851	166
106886	166
106921	166
106957	166
106992	166
107015	166
107050	166
107085	166
107109	166
107144	166
107179	166
107214	166
107238	166
107273	167
107308	167
107343	167
107378	167
107402	167
107437	167
107472	167
107496	167
107531	167
107554	167
107589	167
107625	167
107660	167
107683	167
107718	167
107753	167
107789	167
107812	167
107847	167
107882	167
107917	167
107941	167
107976	167
108011	167
108046	167
108082	167
108117	167
108152	167
108187	167
108210	167
108246	167
108269	167
108304	167
108339	167
108375	167
108398	167
108433	167
108468	167
108492	167
108527	167
108562	167
108597	167
108621	167
108656	167
108691	167
108714	167
108750	167
108785	167
108820	167
108855	167
108890	168
108925	168
108960	168
108984	168
109019	168
109042	168
109078	168
109113	168
109136	168
109171	168
109207	168
109230	168
109265	168
109300	168
109324	168
109359	168
109394	168
109429	168
109453	168
109488	168
109523	168
109558	168
109593	168
109628	168
109664	168
109687	168
109722	168
109757	168
109781	168
109816	168
109851	168
109886	168
109910	168
109945	168
109980	168
110003	168
110039	168
110074	168
110109	168
110132	168
110167	168
110203	168
110238	168
110261	168
110296	168
110343	168
110378	168
110414	168
110437	168
110472	168
110507	169
110531	169
110566	169
110601	169
110625	169
110660	169
110695	169
110718	169
110753	169
110789	169
110824	169
110847	169
110882	169
110906	169
110941	169
110976	169
111011	169
111035	169
111070	169
111117	169
111140	169
111175	169
111210	169
111246	169
111269	169
111304	169
111339	169
111363	169
111398	169
111433	169
111468	169
111503	169
111527	169
111562	169
111597	169
111621	169
111656	169
111691	169
111714	169
111750	169
111785	169
111820	169
111843	169
111878	169
111914	169
111949	169
111984	169
112007	169
112042	169
112078	169
112101	170
112136	170
112171	170
112207	170
112242	170
112277	170
112300	170
112335	170
112371	170
112394	170
112429	170
112464	170
112488	170
112523	170
112558	170
112593	170
112628	170
112664	170
112699	170
112722	170
112769	170
112804	170
112828	170
112863	170
112898	170
112933	170
112968	170
113003	170
113027	170
113062	170
113097	170
113121	170
113156	170
113179	170
113214	170
113238	170
113273	170
113308	170
113332	170
113367	170
113402	170
113425	170
113460	170
113496	170
113531	170
113566	170
113589	170
113625	170
113660	170
113695	170
113730	171
113765	171
113800	171
113835	171
113859	171
113894	171
113929	171
113953	171
113988	171
114023	171
114046	171
114082	171
114105	171
114140	171
114175	171
114210	171
114234	171
114269	171
114304	171
114328	171
114363	171
114398	171
114433	171
114468	171
114503	171
114539	171
114562	171
114597	171
114632	171
114667	171
114691	171
114726	171
114761	171
114785	171
114820	171
114855	171
114878	171
114914	171
114949	171
114972	171
115007	171
115042	171
115078	171
115101	171
115136	171
115171	171
115218	171
115253	171
115289	171
115312	171
115347	172
115382	172
115406	172
115441	172
115464	172
115500	172
115535	172
115558	172
115593	172
115617	172
115652	172
115687	172
115710	172
115746	172
115769	172
115804	172
115828	172
115863	172
115898	172
115933	172
115968	172
116003	172
116039	172
116074	172
116097	172
116132	172
116167	172
116203	172
116238	172
116261	172
116296	172
116332	172
116355	172
116390	172
116414	172
116449	172
116484	172
116507	172
116531	172
116566	172
116589	172
116625	172
116648	172
116683	172
116718	172
116753	172
116789	172
116812	172
116847	172
116882	172
116917	173
116941	173
116976	173
117011	173
117035	173
117070	173
117105	173
117140	173
117164	173
117199	173
117234	173
117257	173
117292	173
117316	173
117351	173
117375	173
117410	173
117445	173
117480	173
117515	173
117550	173
117574	173
117609	173
117632	173
117667	173
117703	173
117726	173
117761	173
117785	173
117820	173
117855	173
117878	173
117914	173
117949	173
117972	173
117996	173
118019	173
118054	173
118078	173
118113	173
118148	173
118171	173
118207	173
118242	173
118277	173
118300	173
118335	173
118371	173
118406	173
118441	173
118464	174
118500	174
118535	174
118570	174
118605	174
118628	174
118664	174
118699	174
118722	174
118757	174
118781	174
118816	174
118839	174
118875	174
118910	174
118933	174
118968	174
119003	174
119039	174
119062	174
119097	174
119121	174
119156	174
119191	174
119214	174
119250	174
119285	174
119308	174
119343	174
119378	174
119402	174
119437	174
119472	174
119496	174
119519	174
119554	174
119578	174
119613	174
119648	174
119671	174
119707	174
119730	174
119765	174
119800	174
119824	174
119859	174
119882	174
119917	174
119953	174
119976	174
120011	175
120035	175
120070	175
120105	175
120140	175
120175	175
120199	175
120234	175
120257	175
120292	175
120316	175
120351	175
120375	175
120410	175
120433	175
120468	175
120503	175
120527	175
120562	175
120585	175
120621	175
120644	175
120679	175
120714	175
120738	175
120773	175
120808	175
120843	175
120878	175
120902	175
120937	175
120972	175
120996	175
121019	175
121054	175
121078	175
121113	175
121148	175
121171	175
121207	175
121230	175
121265	175
121289	175
121324	175
121359	175
121382	175
121417	175
121441	175
121476	175
121500	175
121535	176
121570	176
121605	176
121640	176
121675	176
121699	176
121734	176
121757	176
121792	176
121816	176
121851	176
121875	176
121910	176
121933	176
121968	176
122003	176
122027	176
122062	176
122085	176
122121	176
122156	176
122179	176
122214	176
122238	176
122273	176
122308	176
122343	176
122378	176
122402	176
122437	176
122472	176
122496	176
122531	176
122554	176
122578	176
122613	176
122648	176
122671	176
122707	176
122730	176
122765	176
122789	176
122824	176
122859	176
122882	176
122906	176
122941	176
122976	176
123000	176
123035	176
123070	177
123105	177
123128	177
123164	177
123199	177
123222	177
123257	177
123281	177
123316	177
123339	177
123375	177
123410	177
123433	177
123468	177
123503	177
123527	177
123562	177
123597	177
123621	177
123656	177
123679	177
123703	177
123738	177
123773	177
123796	177
123832	177
123867	177
123902	177
123925	177
123960	177
123984	177
124019	177
124054	177
124078	177
124113	177
124136	177
124171	177
124207	177
124242	177
124265	177
124300	177
124324	177
124359	177
124382	177
124417	177
124441	177
124476	177
124511	177
124535	177
124570	177
124605	178
124640	178
124664	178
124699	178
124734	178
124769	178
124804	178
124828	178
124863	178
124886	178
124921	178
124957	178
124992	178
125015	178
125050	178
125085	178
125109	178
125132	178
125156	178
125191	178
125214	178
125250	178
125273	178
125308	178
125343	178
125367	178
125402	178
125425	178
125460	178
125496	178
125531	178
125554	178
125589	178
125613	178
125648	178
125683	178
125718	178
125753	178
125789	178
125812	178
125847	178
125882	178
125906	178
125941	178
125964	178
126000	178
126023	178
126058	178
126082	178
126117	178
126152	179
126175	179
126210	179
126234	179
126269	179
126304	179
126328	179
126351	179
126386	179
126421	179
126457	179
126492	179
126527	179
126550	179
126585	179
126621	179
126644	179
126679	179
126703	179
126738	179
126773	179
126796	179
126832	179
126855	179
126890	179
126925	179
126949	179
126984	179
127007	179
127042	179
127078	179
127101	179
127136	179
127171	179
127207	179
127242	179
127277	179
127300	179
127335	179
127371	179
127394	179
127429	179
127453	179
127488	179
127511	179
127546	179
127570	179
127605	179
127628	179
127664	179
127687	180
127722	180
127746	180
127781	180
127804	180
127839	180
127863	180
127898	180
127933	180
127968	180
128003	180
128039	180
128062	180
128097	180
128132	180
128167	180
128191	180
128226	180
128261	180
128285	180
128320	180
128343	180
128378	180
128402	180
128437	180
128472	180
128496	180
128519	180
128542	180
128578	180
128601	180
128636	180
128660	180
128695	180
128730	180
128765	180
128789	180
128824	180
128859	180
128882	180
128917	180
128953	180
128976	180
129011	180
129035	180
129070	180
129105	180
129140	180
129164	180
129199	180
129222	181
129257	181
129281	181
129316	181
129339	181
129375	181
129410	181
129433	181
129468	181
129503	181
129539	181
129562	181
129597	181
129621	181
129656	181
129691	181
129714	181
129750	181
129773	181
129808	181
129832	181
129867	181
129902	181
129925	181
129960	181
129984	181
130007	181
130031	181
130066	181
130089	181
130125	181
130160	181
130183	181
130218	181
130253	181
130289	181
130312	181
130347	181
130382	181
130417	181
130453	181
130476	181
130511	181
130535	181
130570	181
130605	181
130640	181
130675	181
130699	181
130734	181
130757	182
130792	182
130816	182
130851	182
130875	182
130910	182
130945	182
130968	182
131003	182
131039	182
131062	182
131097	182
131132	182
131156	182
131191	182
131214	182
131250	182
131285	182
131308	182
131343	182
131378	182
131414	182
131437	182
131472	182
131496	182
131531	182
131554	182
131578	182
131613	182
131648	182
131671	182
131707	182
131742	182
131765	182
131800	182
131824	182
131859	182
131894	182
131917	182
131953	182
131976	182
132011	182
132046	182
132082	182
132117	182
132140	182
132175	182
132210	182
132234	182
132269	182
132292	183
132328	183
132351	183
132386	183
132410	183
132445	183
132468	183
132503	183
132539	183
132562	183
132597	183
132621	183
132656	183
132691	183
132714	183
132750	183
132785	183
132808	183
132843	183
132878	183
132914	183
132949	183
132972	183
133007	183
133031	183
133066	183
133089	183
133125	183
133148	183
133183	183
133218	183
133242	183
133277	183
133300	183
133335	183
133371	183
133394	183
133429	183
133453	183
133488	183
133523	183
133558	183
133593	183
133628	183
133664	183
133687	183
133722	183
133746	183
133781	183
133804	183
133839	184
133875	184
133898	184
133933	184
133968	184
133992	184
134027	184
134062	184
134085	184
134121	184
134156	184
134179	184
134214	184
134238	184
134273	184
134308	184
134343	184
134378	184
134414	184
134437	184
134472	184
134507	184
134531	184
134566	184
134589	184
134625	184
134648	184
134683	184
134718	184
134742	184
134777	184
134812	184
134835	184
134871	184
134894	184
134929	184
134953	184
134988	184
135023	184
135046	184
135082	184
135117	184
135152	184
135187	184
135210	184
135246	184
135281	184
135304	184
135339	184
135363	184
135398	185
135433	185
135468	185
135492	185
135527	185
135562	185
135585	185
135621	185
135644	185
135679	185
135703	185
135738	185
135773	185
135796	185
135832	185
135867	185
135902	185
135937	185
135960	185
135996	185
136031	185
136054	185
136089	185
136125	185
136148	185
136183	185
136218	185
136253	185
136289	185
136312	185
136347	185
136371	185
136406	185
136441	185
136464	185
136500	185
136535	185
136558	185
136593	185
136628	185
136664	185
136699	185
136734	185
136769	185
136804	185
136828	185
136863	185
136898	185
136921	185
136957	185
136992	186
137027	186
137062	186
137085	186
137121	186
137144	186
137167	186
137203	186
137226	186
137261	186
137296	186
137320	186
137355	186
137378	186
137414	186
137449	186
137484	186
137507	186
137542	186
137578	186
137601	186
137636	186
137671	186
137707	186
137753	186
137777	186
137812	186
137847	186
137871	186
137906	186
137929	186
137964	186
138000	186
138023	186
138058	186
138093	186
138117	186
138152	186
138187	186
138210	186
138246	186
138281	186
138304	186
138339	186
138375	186
138398	186
138445	186
138480	186
138515	186
138539	186
138574	187
138609	187
138644	187
138667	187
138703	187
138738	187
138761	187
138796	187
138832	187
138855	187
138890	187
138925	187
138960	187
138984	187
139019	187
139054	187
139078	187
139113	187
139148	187
139183	187
139218	187
139265	187
139289	187
139324	187
139347	187
139382	187
139417	187
139441	187
139476	187
139511	187
139535	187
139570	187
139593	187
139628	187
139652	187
139687	187
139722	187
139746	187
139769	187
139804	187
139839	187
139863	187
139898	187
139933	187
139968	187
140015	187
140039	187
140074	187
140109	187
140144	187
140179	188
140203	188
140238	188
140261	188
140296	188
140332	188
140355	188
140390	188
140414	188
140449	188
140484	188
140507	188
140531	188
140566	188
140589	188
140625	188
140648	188
140683	188
140718	188
140753	188
140789	188
140812	188
140847	188
140882	188
140917	188
140941	188
140976	188
141011	188
141035	188
141070	188
141105	188
141128	188
141164	188
141199	188
141222	188
141257	188
141281	188
141316	188
141351	188
141375	188
141410	188
141445	188
141480	188
141515	188
141539	188
141574	188
141597	188
141632	188
141667	188
141691	188
141726	189
141750	189
141785	189
141820	189
141843	189
141878	189
141902	189
141937	189
141972	189
141996	189
142019	189
142042	189
142078	189
142101	189
142136	189
142171	189
142195	189
142230	189
142265	189
142300	189
142324	189
142359	189
142394	189
142429	189
142464	189
142488	189
142523	189
142558	189
142593	189
142628	189
142652	189
142687	189
142722	189
142746	189
142781	189
142804	189
142839	189
142863	189
142898	189
142921	189
142957	189
142992	189
143027	189
143050	189
143085	189
143121	189
143144	189
143179	189
143203	189
143238	189
143273	190
143296	190
143332	190
143367	190
143402	190
143425	190
143460	190
143484	190
143519	190
143542	190
143566	190
143601	190
143636	190
143660	190
143695	190
143718	190
143753	190
143789	190
143812	190
143847	190
143871	190
143906	190
143941	190
143964	190
144000	190
144023	190
144058	190
144093	190
144128	190
144164	190
144187	190
144222	190
144246	190
144281	190
144304	190
144339	190
144363	190
144398	190
144421	190
144457	190
144492	190
144515	190
144550	190
144574	190
144609	190
144632	190
144667	190
144703	190
144726	190
144761	190
144785	191
144820	191
144855	191
144890	191
144925	191
144949	191
144984	191
145007	191
145042	191
145066	191
145101	191
145136	191
145160	191
145195	191
145218	191
145253	191
145277	191
145312	191
145347	191
145371	191
145406	191
145429	191
145464	191
145488	191
145523	191
145558	191
145593	191
145628	191
145664	191
145687	191
145722	191
145746	191
145781	191
145804	191
145839	191
145875	191
145898	191
145933	191
145957	191
145992	191
146015	191
146050	191
146085	191
146109	191
146144	191
146179	191
146203	191
146238	191
146261	191
146296	191
146332	192
146367	192
146402	192
146437	192
146460	192
146496	192
146519	192
146554	192
146578	192
146613	192
146636	192
146671	192
146695	192
146730	192
146753	192
146789	192
146824	192
146847	192
146882	192
146906	192
146941	192
146964	192
147000	192
147035	192
147058	192
147093	192
147128	192
147164	192
147199	192
147222	192
147257	192
147292	192
147316	192
147351	192
147375	192
147410	192
147445	192
147480	192
147503	192
147539	192
147574	192
147597	192
147632	192
147656	192
147691	192
147714	192
147750	192
147785	192
147820	192
147855	192
147878	193
147914	193
147949	193
147972	193
148007	193
148042	193
148066	193
148101	193
148136	193
148160	193
148195	193
148230	193
148265	193
148289	193
148324	193
148359	193
148382	193
148417	193
148441	193
148476	193
148500	193
148535	193
148570	193
148605	193
148640	193
148675	193
148699	193
148734	193
148769	193
148804	193
148839	193
148863	193
148898	193
148933	193
148968	193
148992	193
149027	193
149062	193
149085	193
149121	193
149144	193
149167	193
149203	193
149226	193
149261	193
149296	193
149320	193
149355	193
149390	193
149414	193
149449	194
149484	194
149519	194
149554	194
149578	194
149613	194
149648	194
149683	194
149718	194
149753	194
149789	194
149812	194
149847	194
149882	194
149906	194
149941	194
149964	194
150000	194
150035	194
150058	194
150093	194
150128	194
150152	194
150187	194
150222	194
150246	194
150281	194
150316	194
150339	194
150375	194
150410	194
150445	194
150480	194
150515	194
150550	194
150574	194
150609	194
150644	194
150679	194
150703	194
150738	194
150761	194
150796	194
150832	194
150867	194
150890	194
150925	194
150960	194
150984	194
151019	194
151054	195
151078	195
151113	195
151148	195
151183	195
151218	195
151253	195
151289	195
151324	195
151347	195
151382	195
151417	195
151441	195
151476	195
151511	195
151535	195
151570	195
151593	195
151628	195
151664	195
151687	195
151722	195
151746	195
151781	195
151816	195
151839	195
151875	195
151910	195
151945	195
151980	195
152015	195
152050	195
152085	195
152121	195
152156	195
152191	195
152214	195
152250	195
152285	195
152308	195
152343	195
152367	195
152402	195
152437	195
152472	195
152496	195
152519	195
152542	195
152578	195
152613	195
152636	196
152671	196
152707	196
152742	196
152777	196
152812	196
152835	196
152871	196
152906	196
152941	196
152964	196
153000	196
153035	196
153058	196
153093	196
153128	196
153164	196
153187	196
153222	196
153257	196
153281	196
153316	196
153339	196
153375	196
153410	196
153445	196
153480	196
153515	196
153539	196
153574	196
153609	196
153632	196
153667	196
153703	196
153726	196
153761	196
153796	196
153820	196
153855	196
153890	196
153914	196
153949	196
153984	196
154007	196
154031	196
154054	196
154089	196
154125	196
154148	196
154183	196
154218	197
154253	197
154289	197
154324	197
154347	197
154394	197
154429	197
154453	197
154488	197
154523	197
154558	197
154593	197
154628	197
154664	197
154687	197
154722	197
154757	197
154781	197
154816	197
154839	197
154875	197
154910	197
154945	197
154968	197
155003	197
155039	197
155074	197
155097	197
155132	197
155167	197
155191	197
155226	197
155261	197
155296	197
155320	197
155355	197
155390	197
155425	197
155460	197
155484	197
155507	197
155542	197
155566	197
155601	197
155636	197
155660	197
155695	197
155730	197
155765	197
155789	197
155824	198
155859	198
155882	198
155917	198
155953	198
155976	198
156011	198
156046	198
156082	198
156117	198
156152	198
156187	198
156210	198
156246	198
156269	198
156304	198
156328	198
156363	198
156398	198
156433	198
156457	198
156492	198
156527	198
156550	198
156585	198
156621	198
156644	198
156679	198
156714	198
156738	198
156773	198
156808	198
156843	198
156878	198
156914	198
156949	198
156984	198
157007	198
157042	198
157066	198
157101	198
157136	198
157160	198
157195	198
157230	198
157253	198
157289	198
157324	198
157347	198
157382	198
157417	199
157441	199
157476	199
157511	199
157546	199
157582	199
157617	199
157652	199
157687	199
157710	199
157746	199
157781	199
157804	199
157839	199
157875	199
157898	199
timepoint: 187.29999999999998