0	0
0	0
0	0
0	0
0	0
0	0
0	0
0	0
0	0
0	0
0	0
0	0
0	0
0	0
0	0
0	0
0	0
0	0
0	0
0	0
0	0
0	0
0	0
0	0
0	0
0	0
0	0
0	0
0	0
0	0
0	0
0	0
0	0
0	0
0	0
0	0
0	0
0	0
0	0
0	0
0	0
0	0
0	0
0	0
0	0
0	0
0	0
0	0
0	0
0	0
0	1
0	1
0	1
0	1
0	1
0	1
0	1
0	1
0	1
0	1
0	1
0	1
0	1
0	1
0	1
0	1
0	1
0	1
0	1
0	1
0	1
0	1
0	1
0	1
0	1
0	1
0	1
0	1
0	1
0	1
0	1
0	1
0	1
0	1
0	1
0	1
0	1
0	1
0	1
0	1
0	1
0	1
0	1
0	1
0	1
0	1
0	1
0	1
0	1
0	1
0	2
0	2
0	2
0	2
0	2
0	2
0	2
0	2
0	2
0	2
0	2
0	2
0	2
0	2
0	2
0	2
0	2
0	2
0	2
0	2
0	2
0	2
0	2
0	2
0	2
0	2
0	2
0	2
0	2
0	2
0	2
0	2
0	2
0	2
0	2
0	2
0	2
0	2
0	2
0	2
0	2
0	2
0	2
0	2
0	2
0	2
0	2
0	2
0	2
0	2
0	3
0	3
0	3
0	3
0	3
0	3
0	3
0	3
0	3
0	3
0	3
0	3
0	3
0	3
0	3
0	3
0	3
0	3
0	3
0	3
0	3
0	3
0	3
0	3
0	3
0	3
0	3
0	3
0	3
0	3
0	3
0	3
0	3
0	3
0	3
0	3
0	3
0	3
0	3
0	3
0	3
0	3
0	3
0	3
0	3
0	3
0	3
0	3
0	3
0	3
0	4
0	4
0	4
0	4
0	4
0	4
0	4
0	4
0	4
0	4
0	4
0	4
0	4
0	4
0	4
0	4
0	4
0	4
0	4
0	4
0	4
0	4
0	4
0	4
0	4
0	4
0	4
0	4
0	4
0	4
0	4
0	4
0	4
0	4
0	4
0	4
0	4
0	4
0	4
0	4
0	4
0	4
0	4
0	4
11	4
11	4
11	4
11	4
11	4
11	4
11	5
11	5
11	5
11	5
23	5
23	5
23	5
23	5
23	5
23	5
23	5
23	5
23	5
23	5
23	5
23	5
23	5
23	5
23	5
23	5
23	5
23	5
23	5
23	5
23	5
23	5
23	5
23	5
23	5
23	5
23	5
23	5
23	5
23	5
23	5
23	5
23	5
11	5
11	5
11	5
11	5
11	5
11	5
11	5
11	5
11	5
11	5
11	5
11	5
11	5
11	6
11	6
11	6
11	6
11	6
11	6
11	6
11	6
11	6
11	6
11	6
11	6
11	6
11	6
11	6
23	6
23	6
23	6
23	6
23	6
23	6
23	6
23	6
23	6
23	6
23	6
23	6
23	6
35	6
35	6
35	6
35	6
35	6
35	6
35	6
35	6
35	6
35	6
35	6
35	6
35	6
35	6
35	6
35	6
35	6
35	6
35	6
35	6
35	6
35	6
35	7
35	7
35	7
35	7
23	7
23	7
23	7
23	7
23	7
23	7
23	7
23	7
23	7
23	7
23	7
23	7
23	7
23	7
23	7
23	7
23	7
23	7
23	7
23	7
23	7
23	7
23	7
23	7
23	7
23	7
23	7
23	7
23	7
23	7
23	7
23	7
23	7
23	7
23	7
23	7
23	7
35	7
35	7
35	7
35	7
35	7
35	7
35	7
35	7
35	7
35	8
35	8
35	8
35	8
35	8
35	8
35	8
35	8
35	8
35	8
35	8
35	8
35	8
35	8
35	8
35	8
35	8
35	8
35	8
35	8
35	8
35	8
35	8
35	8
35	8
35	8
35	8
35	8
35	8
35	8
35	8
35	8
35	8
35	8
35	8
35	8
35	8
23	8
23	8
23	8
23	8
23	8
23	8
23	8
23	8
23	8
23	8
23	8
23	8
23	8
23	9
23	9
23	9
23	9
23	9
23	9
23	9
23	9
35	9
35	9
35	9
35	9
35	9
35	9
35	9
35	9
35	9
35	9
35	9
35	9
35	9
35	9
35	9
35	9
35	9
35	9
35	9
35	9
35	9
35	9
35	9
35	9
35	9
35	9
35	9
35	9
35	9
35	9
35	9
35	9
35	9
35	9
35	9
35	9
35	9
35	9
35	9
35	9
35	9
35	9
35	10
35	10
35	10
35	10
35	10
35	10
35	10
35	10
35	10
35	10
35	10
35	10
35	10
35	10
35	10
35	10
35	10
35	10
35	10
35	10
35	10
35	10
35	10
35	10
35	10
35	10
35	10
35	10
35	10
35	10
35	10
35	10
35	10
35	10
35	10
35	10
35	10
35	10
35	10
35	10
35	10
35	10
35	10
35	10
35	10
35	10
35	10
35	10
35	10
35	10
35	11
35	11
35	11
35	11
35	11
35	11
35	11
35	11
35	11
35	11
35	11
35	11
35	11
35	11
35	11
35	11
35	11
35	11
35	11
35	11
35	11
35	11
35	11
35	11
35	11
35	11
35	11
35	11
35	11
35	11
35	11
35	11
35	11
35	11
35	11
35	11
35	11
35	11
35	11
35	11
35	11
35	11
35	11
35	11
35	11
35	11
35	11
35	11
35	11
35	11
35	12
35	12
35	12
35	12
35	12
35	12
35	12
35	12
35	12
35	12
35	12
35	12
35	12
35	12
35	12
35	12
35	12
35	12
35	12
35	12
35	12
35	12
35	12
35	12
35	12
35	12
35	12
35	12
35	12
35	12
35	12
35	12
35	12
35	12
35	12
35	12
35	12
35	12
35	12
35	12
35	12
35	12
35	12
35	12
35	12
35	12
35	12
35	12
35	12
35	12
35	13
35	13
35	13
35	13
35	13
35	13
35	13
35	13
35	13
35	13
35	13
35	13
35	13
35	13
35	13
35	13
35	13
35	13
35	13
35	13
35	13
35	13
35	13
35	13
35	13
35	13
35	13
35	13
35	13
35	13
35	13
35	13
35	13
35	13
35	13
35	13
35	13
35	13
35	13
35	13
35	13
35	13
35	13
35	13
35	13
35	13
35	13
35	13
35	13
35	13
35	14
35	14
35	14
35	14
35	14
35	14
35	14
35	14
35	14
35	14
35	14
35	14
35	14
35	14
35	14
35	14
35	14
35	14
35	14
35	14
35	14
35	14
35	14
35	14
35	14
35	14
35	14
35	14
35	14
35	14
35	14
35	14
35	14
35	14
35	14
35	14
35	14
35	14
35	14
35	14
35	14
35	14
35	14
35	14
35	14
35	14
35	14
35	14
35	14
35	14
35	15
35	15
35	15
35	15
35	15
35	15
35	15
35	15
35	15
35	15
35	15
35	15
35	15
35	15
35	15
35	15
35	15
35	15
35	15
35	15
35	15
35	15
35	15
35	15
35	15
35	15
35	15
35	15
35	15
35	15
35	15
35	15
35	15
35	15
35	15
35	15
35	15
35	15
35	15
35	15
35	15
35	15
35	15
35	15
35	15
35	15
35	15
35	15
35	15
35	15
35	16
35	16
35	16
35	16
35	16
35	16
35	16
35	16
35	16
35	16
35	16
35	16
35	16
35	16
35	16
35	16
35	16
35	16
35	16
35	16
35	16
35	16
35	16
35	16
35	16
35	16
35	16
35	16
35	16
35	16
35	16
35	16
35	16
35	16
35	16
35	16
35	16
35	16
35	16
35	16
35	16
35	16
35	16
35	16
35	16
35	16
35	16
35	16
35	16
35	16
35	17
35	17
35	17
35	17
35	17
35	17
35	17
35	17
35	17
35	17
35	17
35	17
35	17
35	17
35	17
35	17
35	17
35	17
35	17
35	17
35	17
35	17
35	17
35	17
35	17
35	17
35	17
35	17
35	17
35	17
35	17
35	17
35	17
35	17
35	17
35	17
35	17
35	17
35	17
35	17
35	17
35	17
35	17
35	17
35	17
35	17
35	17
35	17
35	17
35	17
35	18
35	18
35	18
35	18
35	18
35	18
35	18
35	18
35	18
35	18
35	18
35	18
35	18
35	18
35	18
35	18
35	18
35	18
35	18
35	18
35	18
35	18
35	18
35	18
35	18
35	18
35	18
35	18
35	18
35	18
35	18
35	18
35	18
35	18
35	18
35	18
35	18
35	18
35	18
35	18
35	18
35	18
35	18
35	18
35	18
35	18
35	18
35	18
35	18
35	18
35	19
35	19
35	19
35	19
35	19
35	19
35	19
35	19
35	19
35	19
35	19
35	19
35	19
35	19
35	19
35	19
35	19
35	19
35	19
35	19
35	19
35	19
35	19
35	19
35	19
35	19
35	19
35	19
35	19
35	19
35	19
35	19
35	19
35	19
35	19
35	19
35	19
35	19
35	19
35	19
35	19
35	19
35	19
35	19
35	19
35	19
35	19
35	19
35	19
35	19
35	20
35	20
35	20
35	20
35	20
35	20
35	20
35	20
35	20
35	20
35	20
35	20
35	20
35	20
35	20
35	20
35	20
35	20
35	20
35	20
35	20
35	20
35	20
35	20
35	20
35	20
35	20
35	20
35	20
35	20
35	20
35	20
35	20
35	20
35	20
35	20
35	20
35	20
35	20
35	20
35	20
35	20
35	20
35	20
35	20
35	20
35	20
35	20
35	20
35	20
35	21
35	21
35	21
35	21
35	21
35	21
35	21
35	21
35	21
35	21
35	21
35	21
35	21
35	21
35	21
35	21
35	21
35	21
35	21
35	21
35	21
35	21
35	21
35	21
35	21
35	21
35	21
35	21
35	21
35	21
35	21
35	21
35	21
35	21
35	21
35	21
35	21
35	21
35	21
35	21
35	21
35	21
35	21
35	21
35	21
35	21
35	21
35	21
35	21
35	21
35	22
35	22
35	22
35	22
35	22
35	22
35	22
35	22
35	22
35	22
35	22
35	22
35	22
35	22
35	22
35	22
35	22
35	22
35	22
35	22
35	22
35	22
35	22
35	22
35	22
35	22
35	22
35	22
35	22
35	22
35	22
35	22
35	22
35	22
35	22
35	22
35	22
35	22
35	22
35	22
35	22
35	22
35	22
35	22
35	22
35	22
35	22
35	22
35	22
35	22
35	23
35	23
35	23
35	23
35	23
35	23
35	23
35	23
35	23
35	23
35	23
35	23
35	23
35	23
35	23
35	23
35	23
35	23
35	23
35	23
35	23
35	23
35	23
35	23
35	23
35	23
35	23
35	23
35	23
35	23
35	23
35	23
35	23
35	23
35	23
35	23
35	23
35	23
35	23
35	23
35	23
35	23
35	23
35	23
35	23
35	23
35	23
35	23
35	23
35	23
35	24
35	24
35	24
35	24
35	24
35	24
35	24
35	24
35	24
35	24
35	24
35	24
35	24
35	24
35	24
35	24
35	24
35	24
35	24
35	24
35	24
35	24
35	24
35	24
35	24
35	24
35	24
35	24
35	24
35	24
35	24
35	24
35	24
35	24
35	24
35	24
35	24
35	24
35	24
35	24
35	24
35	24
35	24
35	24
35	24
35	24
35	24
35	24
35	24
35	24
35	25
35	25
35	25
35	25
35	25
35	25
35	25
35	25
35	25
35	25
35	25
35	25
35	25
35	25
35	25
35	25
35	25
35	25
35	25
35	25
35	25
35	25
35	25
35	25
35	25
35	25
35	25
35	25
35	25
35	25
35	25
35	25
35	25
35	25
35	25
35	25
35	25
35	25
35	25
35	25
35	25
35	25
35	25
35	25
35	25
35	25
35	25
35	25
35	25
35	25
35	26
35	26
35	26
35	26
35	26
35	26
35	26
35	26
35	26
35	26
35	26
35	26
35	26
35	26
35	26
35	26
35	26
35	26
35	26
35	26
35	26
35	26
35	26
35	26
35	26
35	26
35	26
35	26
35	26
35	26
35	26
35	26
35	26
35	26
35	26
35	26
35	26
35	26
35	26
35	26
35	26
35	26
35	26
35	26
35	26
35	26
35	26
35	26
35	26
35	26
35	27
35	27
35	27
35	27
35	27
35	27
35	27
35	27
35	27
35	27
35	27
35	27
35	27
35	27
35	27
35	27
35	27
35	27
35	27
35	27
35	27
35	27
35	27
35	27
35	27
35	27
35	27
35	27
35	27
35	27
35	27
35	27
35	27
35	27
35	27
35	27
35	27
35	27
35	27
35	27
35	27
35	27
35	27
35	27
35	27
35	27
35	27
35	27
35	27
35	27
35	28
35	28
35	28
35	28
35	28
35	28
35	28
35	28
35	28
35	28
35	28
35	28
35	28
35	28
35	28
35	28
35	28
35	28
35	28
35	28
35	28
35	28
35	28
35	28
35	28
35	28
35	28
35	28
35	28
35	28
35	28
35	28
35	28
35	28
35	28
35	28
35	28
35	28
35	28
35	28
35	28
35	28
35	28
35	28
35	28
35	28
35	28
35	28
35	28
35	28
35	29
35	29
35	29
35	29
35	29
35	29
35	29
35	29
35	29
35	29
35	29
35	29
35	29
35	29
35	29
35	29
35	29
35	29
35	29
35	29
35	29
35	29
35	29
35	29
35	29
35	29
35	29
35	29
35	29
35	29
35	29
35	29
35	29
35	29
35	29
35	29
35	29
35	29
35	29
35	29
35	29
35	29
35	29
35	29
35	29
35	29
35	29
35	29
35	29
35	29
35	30
35	30
35	30
35	30
35	30
35	30
35	30
35	30
35	30
35	30
35	30
35	30
35	30
35	30
35	30
35	30
35	30
35	30
35	30
35	30
35	30
35	30
35	30
35	30
35	30
35	30
35	30
35	30
35	30
35	30
35	30
35	30
35	30
35	30
35	30
35	30
35	30
35	30
35	30
35	30
35	30
35	30
35	30
35	30
35	30
35	30
35	30
35	30
35	30
35	30
35	31
35	31
35	31
35	31
35	31
35	31
35	31
35	31
35	31
35	31
35	31
35	31
35	31
35	31
35	31
35	31
35	31
35	31
35	31
35	31
35	31
35	31
35	31
35	31
35	31
35	31
35	31
35	31
35	31
35	31
35	31
35	31
35	31
35	31
35	31
35	31
35	31
35	31
35	31
35	31
35	31
35	31
35	31
35	31
35	31
35	31
35	31
35	31
35	31
35	31
35	32
35	32
35	32
35	32
35	32
35	32
35	32
35	32
46	32
46	32
46	32
46	32
46	32
46	32
46	32
46	32
46	32
46	32
46	32
46	32
46	32
46	32
46	32
46	32
46	32
46	32
46	32
46	32
46	32
46	32
46	32
46	32
46	32
46	32
46	32
46	32
46	32
46	32
58	32
58	32
58	32
58	32
58	32
58	32
58	32
58	32
58	32
58	32
58	32
58	32
58	33
58	33
58	33
58	33
58	33
58	33
58	33
58	33
58	33
58	33
70	33
70	33
70	33
70	33
70	33
70	33
70	33
70	33
70	33
70	33
70	33
70	33
82	33
82	33
82	33
82	33
82	33
82	33
82	33
82	33
82	33
82	33
82	33
82	33
82	33
93	33
93	33
93	33
93	33
93	33
93	33
93	33
93	33
93	33
93	33
105	33
105	33
105	33
105	33
105	33
105	34
105	34
105	34
105	34
105	34
105	34
105	34
117	34
117	34
117	34
117	34
117	34
117	34
117	34
117	34
117	34
128	34
128	34
128	34
128	34
128	34
128	34
128	34
128	34
128	34
140	34
140	34
140	34
140	34
140	34
140	34
140	34
140	34
140	34
152	34
152	34
152	34
152	34
152	34
152	34
152	34
152	34
152	34
164	34
164	34
164	34
164	34
164	34
164	34
164	34
164	35
164	35
175	35
175	35
175	35
175	35
175	35
175	35
175	35
175	35
175	35
187	35
187	35
187	35
187	35
187	35
187	35
187	35
187	35
199	35
199	35
199	35
199	35
199	35
199	35
199	35
199	35
210	35
210	35
210	35
210	35
210	35
210	35
210	35
210	35
222	35
222	35
222	35
222	35
222	35
222	35
222	35
222	35
234	35
234	35
234	35
234	35
234	35
234	35
234	35
246	36
246	36
246	36
246	36
246	36
246	36
246	36
257	36
257	36
257	36
257	36
257	36
257	36
257	36
269	36
269	36
269	36
269	36
269	36
269	36
269	36
269	36
281	36
281	36
281	36
281	36
281	36
281	36
281	36
292	36
292	36
292	36
292	36
292	36
292	36
292	36
304	36
304	36
304	36
304	36
304	36
304	36
304	36
316	36
316	36
316	36
316	36
316	36
316	36
316	36
328	37
328	37
328	37
328	37
328	37
328	37
328	37
339	37
339	37
339	37
339	37
339	37
339	37
351	37
351	37
351	37
351	37
351	37
351	37
363	37
363	37
363	37
363	37
363	37
363	37
375	37
375	37
375	37
375	37
375	37
375	37
386	37
386	37
386	37
386	37
386	37
386	37
398	37
398	37
398	37
398	37
398	37
398	37
410	37
410	37
410	37
410	37
410	37
410	37
421	37
421	38
421	38
421	38
421	38
433	38
433	38
433	38
433	38
433	38
433	38
445	38
445	38
445	38
445	38
445	38
445	38
457	38
457	38
457	38
457	38
457	38
457	38
468	38
468	38
468	38
468	38
468	38
480	38
480	38
480	38
480	38
480	38
480	38
492	38
492	38
492	38
492	38
492	38
503	38
503	38
503	38
503	38
503	38
503	38
515	38
515	38
515	38
515	38
515	38
527	38
527	39
527	39
527	39
527	39
539	39
539	39
539	39
539	39
539	39
550	39
550	39
550	39
550	39
550	39
550	39
562	39
562	39
562	39
562	39
574	39
574	39
574	39
574	39
574	39
574	39
585	39
585	39
585	39
585	39
597	39
597	39
597	39
597	39
597	39
597	39
609	39
609	39
609	39
609	39
609	39
621	39
621	39
621	39
621	39
621	39
621	39
632	39
632	39
632	39
632	39
632	40
644	40
644	40
644	40
644	40
644	40
656	40
656	40
656	40
656	40
656	40
667	40
667	40
667	40
667	40
667	40
679	40
679	40
679	40
679	40
691	40
691	40
691	40
691	40
691	40
703	40
703	40
703	40
703	40
703	40
714	40
714	40
714	40
714	40
714	40
726	40
726	40
726	40
726	40
726	40
738	40
738	40
738	40
738	40
738	40
750	40
750	40
750	40
750	40
750	40
761	41
761	41
761	41
761	41
773	41
773	41
773	41
773	41
773	41
785	41
785	41
785	41
785	41
796	41
796	41
796	41
796	41
808	41
808	41
808	41
808	41
820	41
820	41
820	41
820	41
832	41
832	41
832	41
832	41
843	41
843	41
843	41
843	41
855	41
855	41
855	41
855	41
867	41
867	41
867	41
867	41
878	41
878	41
878	41
878	41
890	41
890	41
890	41
890	41
890	41
902	42
902	42
902	42
902	42
914	42
914	42
914	42
914	42
925	42
925	42
925	42
925	42
925	42
937	42
937	42
937	42
937	42
937	42
949	42
949	42
949	42
949	42
960	42
960	42
960	42
960	42
960	42
972	42
972	42
972	42
972	42
984	42
984	42
984	42
984	42
984	42
996	42
996	42
996	42
996	42
996	42
1007	42
1007	42
1007	42
1007	42
1019	42
1019	42
1019	42
1019	42
1019	42
1031	43
1031	43
1031	43
1031	43
1031	43
1042	43
1042	43
1042	43
1042	43
1042	43
1054	43
1054	43
1054	43
1054	43
1054	43
1066	43
1066	43
1066	43
1066	43
1066	43
1078	43
1078	43
1078	43
1078	43
1089	43
1089	43
1089	43
1089	43
1089	43
1101	43
1101	43
1101	43
1101	43
1113	43
1113	43
1113	43
1113	43
1125	43
1125	43
1125	43
1125	43
1125	43
1136	43
1136	43
1136	43
1136	43
1148	43
1148	43
1148	43
1148	43
1160	44
1160	44
1160	44
1160	44
1160	44
1171	44
1171	44
1171	44
1171	44
1183	44
1183	44
1183	44
1183	44
1183	44
1195	44
1195	44
1195	44
1195	44
1207	44
1207	44
1207	44
1207	44
1207	44
1218	44
1218	44
1218	44
1218	44
1230	44
1230	44
1230	44
1230	44
1230	44
1242	44
1242	44
1242	44
1242	44
1253	44
1253	44
1253	44
1253	44
1253	44
1265	44
1265	44
1265	44
1265	44
1277	44
1277	44
1277	44
1277	44
1277	44
1289	45
1289	45
1289	45
1289	45
1300	45
1300	45
1300	45
1300	45
1312	45
1312	45
1312	45
1312	45
1324	45
1324	45
1324	45
1324	45
1335	45
1335	45
1335	45
1335	45
1347	45
1347	45
1347	45
1347	45
1347	45
1359	45
1359	45
1359	45
1359	45
1371	45
1371	45
1371	45
1371	45
1382	45
1382	45
1382	45
1382	45
1382	45
1394	45
1394	45
1394	45
1394	45
1406	45
1406	45
1406	45
1406	45
1417	45
1417	45
1417	45
1417	45
1429	46
1429	46
1429	46
1429	46
1429	46
1441	46
1441	46
1441	46
1441	46
1453	46
1453	46
1453	46
1453	46
1464	46
1464	46
1464	46
1464	46
1464	46
1476	46
1476	46
1476	46
1476	46
1488	46
1488	46
1488	46
1488	46
1488	46
1500	46
1500	46
1500	46
1500	46
1511	46
1511	46
1511	46
1511	46
1523	46
1523	46
1523	46
1523	46
1535	46
1535	46
1535	46
1535	46
1546	46
1546	46
1546	46
1558	46
1558	46
1558	46
1558	46
1570	47
1570	47
1570	47
1582	47
1582	47
1582	47
1582	47
1593	47
1593	47
1593	47
1605	47
1605	47
1605	47
1605	47
1617	47
1617	47
1617	47
1628	47
1628	47
1628	47
1628	47
1640	47
1640	47
1640	47
1640	47
1652	47
1652	47
1652	47
1652	47
1664	47
1664	47
1664	47
1664	47
1675	47
1675	47
1675	47
1675	47
1687	47
1687	47
1687	47
1687	47
1699	47
1699	47
1699	47
1699	47
1699	47
1710	47
1710	47
1710	47
1710	47
1722	48
1722	48
1722	48
1722	48
1734	48
1734	48
1734	48
1734	48
1746	48
1746	48
1746	48
1746	48
1757	48
1757	48
1757	48
1757	48
1769	48
1769	48
1769	48
1769	48
1781	48
1781	48
1781	48
1781	48
1792	48
1792	48
1792	48
1792	48
1804	48
1804	48
1804	48
1804	48
1816	48
1816	48
1816	48
1816	48
1816	48
1828	48
1828	48
1828	48
1828	48
1839	48
1839	48
1839	48
1839	48
1851	48
1851	48
1851	48
1851	48
1863	48
1863	49
1863	49
1863	49
1875	49
1875	49
1875	49
1875	49
1886	49
1886	49
1886	49
1886	49
1898	49
1898	49
1898	49
1898	49
1910	49
1910	49
1910	49
1910	49
1921	49
1921	49
1921	49
1921	49
1933	49
1933	49
1933	49
1933	49
1945	49
1945	49
1945	49
1945	49
1957	49
1957	49
1957	49
1957	49
1968	49
1968	49
1968	49
1980	49
1980	49
1980	49
1980	49
1992	49
1992	49
1992	49
2003	49
2003	49
2003	49
2003	49
2015	49
2015	50
2015	50
2027	50
2027	50
2027	50
2027	50
2039	50
2039	50
2039	50
2050	50
2050	50
2050	50
2050	50
2062	50
2062	50
2062	50
2074	50
2074	50
2074	50
2074	50
2085	50
2085	50
2085	50
2097	50
2097	50
2097	50
2097	50
2109	50
2109	50
2109	50
2109	50
2121	50
2121	50
2121	50
2132	50
2132	50
2132	50
2132	50
2144	50
2144	50
2144	50
2156	50
2156	50
2156	50
2156	50
2167	50
2167	50
2167	50
2179	50
2179	50
2179	51
2191	51
2191	51
2191	51
2191	51
2203	51
2203	51
2203	51
2214	51
2214	51
2214	51
2226	51
2226	51
2226	51
2226	51
2238	51
2238	51
2238	51
2250	51
2250	51
2250	51
2261	51
2261	51
2261	51
2261	51
2273	51
2273	51
2273	51
2285	51
2285	51
2285	51
2296	51
2296	51
2296	51
2308	51
2308	51
2320	51
2320	51
2320	51
2332	51
2332	51
2332	51
2343	51
2343	51
2343	51
2355	51
2355	51
2355	51
2367	51
2367	51
2378	52
2378	52
2378	52
2378	52
2390	52
2390	52
2390	52
2402	52
2402	52
2402	52
2414	52
2414	52
2414	52
2425	52
2425	52
2425	52
2437	52
2437	52
2437	52
2449	52
2449	52
2449	52
2449	52
2460	52
2460	52
2460	52
2472	52
2472	52
2472	52
2484	52
2484	52
2484	52
2496	52
2496	52
2496	52
2507	52
2507	52
2507	52
2519	52
2519	52
2519	52
2531	52
2531	52
2531	52
2542	52
2542	52
2542	52
2554	52
2554	52
2554	52
2566	53
2566	53
2566	53
2566	53
2578	53
2578	53
2578	53
2589	53
2589	53
2589	53
2601	53
2601	53
2601	53
2613	53
2613	53
2613	53
2625	53
2625	53
2636	53
2636	53
2636	53
2648	53
2648	53
2648	53
2660	53
2660	53
2660	53
2671	53
2671	53
2671	53
2683	53
2683	53
2683	53
2695	53
2695	53
2695	53
2707	53
2707	53
2707	53
2718	53
2718	53
2718	53
2730	53
2730	53
2730	53
2742	53
2742	53
2742	53
2753	53
2753	53
2765	54
2765	54
2765	54
2777	54
2777	54
2777	54
2789	54
2789	54
2800	54
2800	54
2800	54
2812	54
2812	54
2824	54
2824	54
2824	54
2835	54
2835	54
2835	54
2847	54
2847	54
2847	54
2859	54
2859	54
2871	54
2871	54
2871	54
2882	54
2882	54
2882	54
2894	54
2894	54
2894	54
2906	54
2906	54
2906	54
2917	54
2917	54
2917	54
2929	54
2929	54
2941	54
2941	54
2941	54
2953	54
2953	54
2953	54
2964	54
2964	54
2976	54
2976	55
2976	55
2988	55
2988	55
2988	55
3000	55
3000	55
3011	55
3011	55
3011	55
3023	55
3023	55
3035	55
3035	55
3035	55
3046	55
3046	55
3058	55
3058	55
3070	55
3070	55
3082	55
3082	55
3082	55
3093	55
3093	55
3105	55
3105	55
3117	55
3117	55
3128	55
3128	55
3140	55
3140	55
3140	55
3152	55
3152	55
3164	55
3164	55
3175	55
3175	55
3175	55
3187	55
3187	55
3199	55
3199	55
3199	55
3210	55
3210	55
3222	55
3222	56
3222	56
3234	56
3234	56
3246	56
3246	56
3246	56
3257	56
3257	56
3269	56
3269	56
3281	56
3281	56
3281	56
3292	56
3292	56
3304	56
3304	56
3304	56
3316	56
3316	56
3328	56
3328	56
3328	56
3339	56
3339	56
3351	56
3351	56
3351	56
3363	56
3363	56
3375	56
3375	56
3386	56
3386	56
3386	56
3398	56
3398	56
3410	56
3410	56
3421	56
3421	56
3433	56
3433	56
3433	56
3445	56
3445	56
3457	56
3457	56
3468	56
3468	57
3480	57
3480	57
3492	57
3492	57
3492	57
3503	57
3503	57
3515	57
3515	57
3527	57
3527	57
3539	57
3539	57
3539	57
3550	57
3550	57
3562	57
3562	57
3574	57
3574	57
3574	57
3585	57
3585	57
3597	57
3597	57
3609	57
3609	57
3609	57
3621	57
3621	57
3632	57
3632	57
3644	57
3644	57
3644	57
3656	57
3656	57
3667	57
3667	57
3679	57
3679	57
3679	57
3691	57
3691	57
3703	57
3703	57
3714	57
3714	57
3714	57
3726	58
3726	58
3738	58
3738	58
3750	58
3750	58
3761	58
3761	58
3773	58
3773	58
3785	58
3785	58
3785	58
3796	58
3796	58
3808	58
3808	58
3820	58
3820	58
3832	58
3832	58
3843	58
3855	58
3855	58
3867	58
3867	58
3878	58
3878	58
3890	58
3890	58
3902	58
3902	58
3902	58
3914	58
3914	58
3925	58
3925	58
3937	58
3937	58
3949	58
3949	58
3960	58
3960	58
3972	58
3972	58
3984	58
3984	58
3984	58
3996	58
3996	58
4007	59
4007	59
4019	59
4019	59
4031	59
4031	59
4042	59
4042	59
4054	59
4054	59
4066	59
4066	59
4078	59
4078	59
4089	59
4089	59
4089	59
4101	59
4101	59
4113	59
4113	59
4125	59
4125	59
4136	59
4136	59
4148	59
4148	59
4160	59
4160	59
4171	59
4171	59
4183	59
4183	59
4195	59
4195	59
4207	59
4207	59
4218	59
4230	59
4230	59
4242	59
4242	59
4253	59
4253	59
4265	59
4265	59
4277	59
4277	59
4289	59
4289	59
4300	60
4300	60
4312	60
4312	60
4324	60
4324	60
4335	60
4335	60
4347	60
4347	60
4359	60
4359	60
4371	60
4371	60
4371	60
4382	60
4382	60
4394	60
4394	60
4406	60
4406	60
4417	60
4417	60
4429	60
4429	60
4441	60
4441	60
4453	60
4453	60
4464	60
4464	60
4476	60
4476	60
4488	60
4488	60
4500	60
4500	60
4511	60
4511	60
4523	60
4523	60
4535	60
4535	60
4546	60
4546	60
4558	60
4558	60
4570	60
4570	60
4582	60
4593	61
4593	61
4605	61
4605	61
4617	61
4628	61
4628	61
4640	61
4640	61
4652	61
4652	61
4664	61
4664	61
4675	61
4675	61
4687	61
4687	61
4699	61
4699	61
4710	61
4722	61
4722	61
4734	61
4734	61
4746	61
4746	61
4757	61
4769	61
4769	61
4781	61
4781	61
4792	61
4804	61
4804	61
4816	61
4816	61
4828	61
4828	61
4839	61
4839	61
4851	61
4851	61
4863	61
4863	61
4875	61
4875	61
4886	61
4898	61
4898	61
4910	61
4910	62
4921	62
4921	62
4933	62
4933	62
4945	62
4957	62
4957	62
4968	62
4968	62
4980	62
4992	62
4992	62
5003	62
5003	62
5015	62
5015	62
5027	62
5039	62
5039	62
5050	62
5050	62
5062	62
5062	62
5074	62
5074	62
5085	62
5097	62
5097	62
5109	62
5109	62
5121	62
5121	62
5132	62
5132	62
5144	62
5144	62
5144	62
5156	62
5156	62
5167	62
5167	62
5179	62
5179	62
5191	62
5191	62
5203	62
5203	62
5214	62
5226	62
5226	63
5238	63
5238	63
5250	63
5250	63
5261	63
5261	63
5273	63
5285	63
5285	63
5296	63
5296	63
5308	63
5308	63
5320	63
5320	63
5332	63
5332	63
5343	63
5343	63
5355	63
5367	63
5367	63
5378	63
5378	63
5390	63
5390	63
5402	63
5414	63
5414	63
5425	63
5425	63
5437	63
5437	63
5449	63
5460	63
5460	63
5472	63
5472	63
5484	63
5484	63
5496	63
5507	63
5507	63
5519	63
5519	63
5531	63
5542	63
5542	63
5554	63
5566	64
5566	64
5578	64
5578	64
5589	64
5601	64
5601	64
5613	64
5613	64
5625	64
5625	64
5636	64
5648	64
5648	64
5660	64
5660	64
5671	64
5683	64
5683	64
5695	64
5707	64
5718	64
5718	64
5730	64
5742	64
5742	64
5753	64
5765	64
5765	64
5777	64
5789	64
5789	64
5800	64
5800	64
5812	64
5824	64
5824	64
5835	64
5835	64
5847	64
5847	64
5859	64
5871	64
5871	64
5882	64
5882	64
5894	64
5906	64
5906	64
5917	64
5917	65
5929	65
5941	65
5941	65
5953	65
5953	65
5964	65
5964	65
5976	65
5988	65
5988	65
6000	65
6011	65
6011	65
6023	65
6023	65
6035	65
6046	65
6046	65
6058	65
6058	65
6070	65
6082	65
6082	65
6093	65
6093	65
6105	65
6117	65
6117	65
6128	65
6140	65
6140	65
6152	65
6152	65
6164	65
6175	65
6175	65
6187	65
6199	65
6199	65
6210	65
6210	65
6222	65
6234	65
6234	65
6246	65
6246	65
6257	65
6269	65
6269	65
6281	66
6292	66
6292	66
6304	66
6304	66
6316	66
6328	66
6328	66
6339	66
6339	66
6351	66
6363	66
6363	66
6375	66
6375	66
6386	66
6398	66
6398	66
6410	66
6421	66
6433	66
6433	66
6445	66
6457	66
6468	66
6468	66
6480	66
6492	66
6503	66
6503	66
6515	66
6527	66
6527	66
6539	66
6550	66
6550	66
6562	66
6574	66
6574	66
6585	66
6585	66
6597	66
6609	66
6609	66
6621	66
6632	66
6644	66
6644	66
6656	66
6667	66
6667	67
6679	67
6691	67
6691	67
6703	67
6703	67
6714	67
6726	67
6726	67
6738	67
6750	67
6750	67
6761	67
6773	67
6773	67
6785	67
6785	67
6796	67
6808	67
6808	67
6820	67
6832	67
6832	67
6843	67
6855	67
6855	67
6867	67
6878	67
6878	67
6890	67
6902	67
6902	67
6914	67
6914	67
6925	67
6937	67
6937	67
6949	67
6960	67
6960	67
6972	67
6984	67
6984	67
6996	67
7007	67
7007	67
7019	67
7031	67
7031	67
7042	67
7054	68
7066	68
7066	68
7078	68
7089	68
7089	68
7101	68
7101	68
7113	68
7125	68
7125	68
7136	68
7148	68
7160	68
7160	68
7171	68
7183	68
7195	68
7207	68
7207	68
7218	68
7230	68
7242	68
7253	68
7265	68
7265	68
7277	68
7289	68
7289	68
7300	68
7312	68
7312	68
7324	68
7335	68
7335	68
7347	68
7359	68
7359	68
7371	68
7382	68
7394	68
7394	68
7406	68
7417	68
7417	68
7429	68
7441	68
7441	68
7453	68
7453	68
7464	69
7476	69
7488	69
7488	69
7500	69
7511	69
7511	69
7523	69
7535	69
7535	69
7546	69
7558	69
7558	69
7570	69
7582	69
7582	69
7593	69
7593	69
7605	69
7617	69
7617	69
7628	69
7640	69
7640	69
7652	69
7664	69
7664	69
7675	69
7687	69
7699	69
7699	69
7710	69
7722	69
7722	69
7734	69
7746	69
7746	69
7757	69
7769	69
7769	69
7781	69
7792	69
7792	69
7804	69
7816	69
7816	69
7828	69
7839	69
7851	69
7851	69
7863	70
7875	70
7875	70
7886	70
7898	70
7910	70
7910	70
7921	70
7933	70
7945	70
7957	70
7968	70
7980	70
7980	70
7992	70
8003	70
8015	70
8027	70
8039	70
8039	70
8050	70
8062	70
8062	70
8074	70
8085	70
8085	70
8097	70
8109	70
8121	70
8132	70
8144	70
8144	70
8156	70
8167	70
8179	70
8191	70
8191	70
8203	70
8214	70
8214	70
8226	70
8238	70
8250	70
8250	70
8261	70
8273	70
8285	70
8285	70
8296	70
8308	70
8320	71
8320	71
8332	71
8343	71
8355	71
8355	71
8367	71
8378	71
8378	71
8390	71
8402	71
8414	71
8414	71
8425	71
8437	71
8449	71
8449	71
8460	71
8472	71
8484	71
8484	71
8496	71
8507	71
8507	71
8519	71
8519	71
8531	71
8542	71
8542	71
8554	71
8566	71
8566	71
8578	71
8589	71
8601	71
8601	71
8613	71
8625	71
8636	71
8636	71
8648	71
8660	71
8671	71
8671	71
8683	71
8695	71
8707	71
8718	71
8718	71
8730	71
8742	72
8753	72
8765	72
8777	72
8777	72
8789	72
8800	72
8812	72
8812	72
8824	72
8835	72
8847	72
8847	72
8859	72
8871	72
8882	72
8894	72
8894	72
8906	72
8917	72
8929	72
8941	72
8941	72
8953	72
8964	72
8976	72
8976	72
8988	72
9000	72
9011	72
9011	72
9023	72
9035	72
9046	72
9058	72
9058	72
9070	72
9082	72
9093	72
9105	72
9105	72
9117	72
9128	72
9140	72
9152	72
9152	72
9164	72
9175	72
9187	72
9187	72
9199	73
9210	73
9222	73
9234	73
9234	73
9246	73
9257	73
9269	73
9269	73
9281	73
9292	73
9304	73
9304	73
9316	73
9328	73
9339	73
9339	73
9351	73
9363	73
9375	73
9375	73
9386	73
9398	73
9410	73
9421	73
9421	73
9433	73
9445	73
9457	73
9468	73
9480	73
9492	73
9503	73
9503	73
9515	73
9527	73
9539	73
9550	73
9562	73
9562	73
9574	73
9585	73
9597	73
9597	73
9609	73
9621	73
9632	73
9644	73
9644	73
9656	73
9667	74
9679	74
9691	74
9691	74
9703	74
9714	74
9726	74
9738	74
9738	74
9750	74
9761	74
9773	74
9785	74
9785	74
9796	74
9808	74
9820	74
9832	74
9832	74
9843	74
9855	74
9867	74
9878	74
9878	74
9890	74
9902	74
9914	74
9925	74
9925	74
9937	74
9949	74
9960	74
9972	74
9984	74
9984	74
9996	74
10007	74
10007	74
10019	74
10031	74
10031	74
10042	74
10054	74
10054	74
10066	74
10078	74
10089	74
10101	74
10101	74
10113	74
10125	75
10136	75
10148	75
10148	75
10160	75
10171	75
10183	75
10195	75
10207	75
10218	75
10230	75
10230	75
10242	75
10253	75
10265	75
10277	75
10289	75
10300	75
10300	75
10312	75
10324	75
10335	75
10347	75
10359	75
10359	75
10371	75
10382	75
10394	75
10406	75
10417	75
10429	75
10441	75
10453	75
10464	75
10476	75
10476	75
10488	75
10500	75
10511	75
10523	75
10535	75
10535	75
10546	75
10558	75
10570	75
10582	75
10593	75
10605	75
10617	75
10628	75
10640	76
10652	76
10652	76
10664	76
10675	76
10687	76
10699	76
10710	76
10722	76
10722	76
10734	76
10746	76
10757	76
10769	76
10769	76
10781	76
10792	76
10804	76
10816	76
10816	76
10828	76
10839	76
10851	76
10863	76
10863	76
10875	76
10886	76
10898	76
10910	76
10921	76
10933	76
10933	76
10945	76
10957	76
10968	76
10980	76
10992	76
11003	76
11015	76
11027	76
11027	76
11039	76
11050	76
11062	76
11074	76
11085	76
11097	76
11097	76
11109	76
11121	76
11132	77
11144	77
11156	77
11156	77
11167	77
11179	77
11191	77
11203	77
11214	77
11214	77
11226	77
11238	77
11250	77
11261	77
11273	77
11285	77
11285	77
11296	77
11308	77
11320	77
11332	77
11343	77
11355	77
11367	77
11378	77
11378	77
11390	77
11402	77
11414	77
11425	77
11437	77
11449	77
11449	77
11460	77
11472	77
11484	77
11496	77
11507	77
11507	77
11519	77
11531	77
11542	77
11542	77
11554	77
11566	77
11578	77
11589	77
11601	77
11601	77
11613	77
11625	78
11636	78
11648	78
11660	78
11671	78
11671	78
11683	78
11695	78
11707	78
11718	78
11730	78
11742	78
11742	78
11753	78
11765	78
11777	78
11789	78
11800	78
11812	78
11824	78
11824	78
11835	78
11847	78
11859	78
11871	78
11882	78
11894	78
11894	78
11906	78
11917	78
11929	78
11941	78
11953	78
11964	78
11964	78
11976	78
11988	78
12000	78
12011	78
12023	78
12035	78
12046	78
12058	78
12058	78
12070	78
12082	78
12093	78
12105	78
12117	78
12128	78
12140	79
12152	79
12164	79
12175	79
12187	79
12199	79
12210	79
12210	79
12222	79
12234	79
12246	79
12257	79
12269	79
12281	79
12281	79
12292	79
12304	79
12316	79
12328	79
12339	79
12339	79
12351	79
12363	79
12375	79
12386	79
12398	79
12410	79
12421	79
12433	79
12433	79
12445	79
12457	79
12468	79
12480	79
12492	79
12503	79
12515	79
12515	79
12527	79
12539	79
12550	79
12562	79
12574	79
12585	79
12597	79
12609	79
12621	79
12621	79
12632	79
12644	79
12656	80
12667	80
12679	80
12691	80
12703	80
12703	80
12714	80
12726	80
12738	80
12750	80
12761	80
12773	80
12785	80
12796	80
12808	80
12820	80
12832	80
12843	80
12855	80
12867	80
12878	80
12890	80
12902	80
12914	80
12925	80
12937	80
12949	80
12949	80
12960	80
12972	80
12984	80
12996	80
13007	80
13019	80
13031	80
13042	80
13042	80
13054	80
13066	80
13078	80
13089	80
13101	80
13113	80
13125	80
13136	80
13148	80
13160	80
13160	80
13171	80
13183	80
13195	81
13207	81
13218	81
13230	81
13242	81
13253	81
13253	81
13265	81
13277	81
13289	81
13300	81
13312	81
13324	81
13335	81
13347	81
13359	81
13371	81
13382	81
13394	81
13394	81
13406	81
13417	81
13429	81
13441	81
13453	81
13464	81
13476	81
13488	81
13500	81
13511	81
13523	81
13535	81
13546	81
13558	81
13570	81
13582	81
13593	81
13605	81
13617	81
13628	81
13640	81
13652	81
13664	81
13675	81
13687	81
13699	81
13710	81
13722	81
13734	81
13746	81
13757	82
13769	82
13781	82
13792	82
13792	82
13804	82
13816	82
13828	82
13839	82
13851	82
13863	82
13875	82
13886	82
13898	82
13910	82
13921	82
13933	82
13945	82
13957	82
13968	82
13980	82
13992	82
14003	82
14003	82
14015	82
14027	82
14039	82
14050	82
14062	82
14074	82
14085	82
14097	82
14109	82
14121	82
14132	82
14144	82
14156	82
14167	82
14179	82
14191	82
14203	82
14214	82
14226	82
14238	82
14250	82
14261	82
14273	82
14285	82
14296	82
14308	82
14320	83
14332	83
14343	83
14367	83
14378	83
14390	83
14402	83
14414	83
14425	83
14437	83
14449	83
14460	83
14472	83
14484	83
14496	83
14507	83
14519	83
14531	83
14531	83
14542	83
14554	83
14566	83
14578	83
14589	83
14601	83
14613	83
14625	83
14636	83
14648	83
14660	83
14671	83
14683	83
14695	83
14707	83
14718	83
14730	83
14742	83
14753	83
14765	83
14777	83
14789	83
14800	83
14812	83
14824	83
14835	83
14847	83
14859	83
14871	83
14882	83
14894	83
14906	84
14917	84
14929	84
14941	84
14953	84
14964	84
14976	84
14988	84
15000	84
15011	84
15023	84
15035	84
15046	84
15058	84
15070	84
15082	84
15093	84
15105	84
15117	84
15140	84
15152	84
15164	84
15175	84
15187	84
15199	84
15210	84
15222	84
15234	84
15246	84
15257	84
15269	84
15281	84
15292	84
15304	84
15316	84
15328	84
15339	84
15351	84
15363	84
15375	84
15386	84
15398	84
15410	84
15421	84
15433	84
15445	84
15457	84
15480	84
15492	84
15503	84
15515	85
15527	85
15539	85
15550	85
15562	85
15574	85
15585	85
15597	85
15609	85
15621	85
15632	85
15644	85
15656	85
15667	85
15679	85
15691	85
15703	85
15714	85
15726	85
15738	85
15750	85
15761	85
15773	85
15785	85
15808	85
15820	85
15832	85
15843	85
15855	85
15867	85
15878	85
15890	85
15914	85
15925	85
15937	85
15949	85
15960	85
15972	85
15984	85
15996	85
16007	85
16019	85
16031	85
16042	85
16054	85
16066	85
16078	85
16089	85
16101	85
16113	85
16125	86
16148	86
16160	86
16171	86
16183	86
16195	86
16207	86
16218	86
16230	86
16253	86
16265	86
16277	86
16289	86
16300	86
16312	86
16324	86
16335	86
16347	86
16359	86
16371	86
16382	86
16394	86
16406	86
16417	86
16441	86
16453	86
16464	86
16476	86
16488	86
16500	86
16511	86
16523	86
16535	86
16546	86
16558	86
16582	86
16593	86
16605	86
16617	86
16640	86
16652	86
16664	86
16675	86
16687	86
16699	86
16710	86
16722	86
16734	86
16757	86
16769	86
16781	87
16792	87
16816	87
16828	87
16839	87
16851	87
16863	87
16875	87
16886	87
16898	87
16910	87
16921	87
16945	87
16957	87
16968	87
16980	87
17003	87
17015	87
17027	87
17039	87
17050	87
17062	87
17074	87
17085	87
17097	87
17109	87
17121	87
17132	87
17144	87
17156	87
17167	87
17179	87
17191	87
17203	87
17214	87
17226	87
17238	87
17261	87
17273	87
17285	87
17296	87
17308	87
17320	87
17332	87
17343	87
17355	87
17378	87
17390	87
17402	87
17414	87
17425	88
17437	88
17449	88
17460	88
17484	88
17496	88
17507	88
17519	88
17531	88
17554	88
17566	88
17578	88
17589	88
17601	88
17613	88
17625	88
17636	88
17660	88
17671	88
17683	88
17707	88
17718	88
17730	88
17753	88
17765	88
17777	88
17789	88
17800	88
17812	88
17835	88
17847	88
17859	88
17871	88
17882	88
17894	88
17906	88
17917	88
17941	88
17953	88
17964	88
17976	88
17988	88
18000	88
18011	88
18023	88
18046	88
18058	88
18070	88
18082	88
18093	88
18105	89
18117	89
18128	89
18152	89
18164	89
18175	89
18187	89
18199	89
18210	89
18222	89
18246	89
18257	89
18269	89
18281	89
18292	89
18304	89
18316	89
18339	89
18351	89
18363	89
18375	89
18386	89
18398	89
18410	89
18433	89
18445	89
18468	89
18480	89
18492	89
18515	89
18527	89
18539	89
18550	89
18562	89
18574	89
18597	89
18609	89
18621	89
18632	89
18644	89
18667	89
18679	89
18691	89
18703	89
18714	89
18726	89
18750	89
18761	89
18773	89
18785	89
18796	90
18808	90
18832	90
18843	90
18855	90
18867	90
18878	90
18890	90
18914	90
18925	90
18937	90
18949	90
18960	90
18972	90
18996	90
19007	90
19019	90
19031	90
19042	90
19066	90
19078	90
19089	90
19101	90
19113	90
19125	90
19136	90
19160	90
19171	90
19195	90
19207	90
19230	90
19242	90
19253	90
19277	90
19289	90
19300	90
19312	90
19324	90
19335	90
19359	90
19371	90
19382	90
19394	90
19417	90
19429	90
19441	90
19453	90
19464	90
19476	90
19488	90
19511	91
19523	91
19535	91
19546	91
19558	91
19570	91
19582	91
19593	91
19605	91
19628	91
19640	91
19652	91
19664	91
19675	91
19687	91
19710	91
19722	91
19734	91
19746	91
19757	91
19769	91
19781	91
19792	91
19804	91
19828	91
19839	91
19851	91
19863	91
19875	91
19886	91
19898	91
19921	91
19933	91
19957	91
19968	91
19980	91
20003	91
20015	91
20039	91
20050	91
20062	91
20074	91
20085	91
20097	91
20109	91
20132	91
20144	91
20167	91
20179	91
20191	91
20203	92
20214	92
20226	92
20250	92
20261	92
20273	92
20285	92
20296	92
20308	92
20332	92
20343	92
20355	92
20367	92
20378	92
20390	92
20402	92
20425	92
20437	92
20449	92
20460	92
20472	92
20484	92
20496	92
20507	92
20519	92
20531	92
20542	92
20554	92
20578	92
20589	92
20601	92
20613	92
20625	92
20636	92
20660	92
20671	92
20683	92
20695	92
20707	92
20730	92
20742	92
20753	92
20777	92
20789	92
20800	92
20812	92
20824	92
20835	92
20859	92
20871	92
20882	93
20894	93
20917	93
20929	93
20941	93
20953	93
20964	93
20988	93
21000	93
21011	93
21023	93
21035	93
21058	93
21070	93
21082	93
21093	93
21105	93
21128	93
21140	93
21152	93
21164	93
21175	93
21199	93
21210	93
21222	93
21234	93
21246	93
21257	93
21269	93
21292	93
21304	93
21316	93
21328	93
21339	93
21351	93
21375	93
21386	93
21398	93
21410	93
21421	93
21445	93
21457	93
21468	93
21492	93
21503	93
21515	93
21527	93
21550	93
21562	93
21574	93
21585	94
21597	94
21621	94
21632	94
21644	94
21656	94
21667	94
21679	94
21703	94
21714	94
21726	94
21738	94
21750	94
21761	94
21785	94
21796	94
21808	94
21820	94
21832	94
21855	94
21867	94
21878	94
21890	94
21902	94
21925	94
21937	94
21949	94
21960	94
21972	94
21984	94
21996	94
22007	94
22019	94
22031	94
22042	94
22054	94
22078	94
22089	94
22101	94
22113	94
22125	94
22136	94
22160	94
22171	94
22183	94
22195	94
22218	94
22230	94
22242	94
22265	94
22277	95
22289	95
22300	95
22312	95
22335	95
22347	95
22359	95
22371	95
22394	95
22406	95
22429	95
22441	95
22453	95
22464	95
22476	95
22500	95
22511	95
22523	95
22535	95
22558	95
22570	95
22582	95
22605	95
22617	95
22628	95
22652	95
22664	95
22675	95
22687	95
22710	95
22722	95
22734	95
22746	95
22757	95
22769	95
22792	95
22804	95
22816	95
22828	95
22839	95
22851	95
22875	95
22886	95
22898	95
22910	95
22933	95
22945	95
22957	95
22968	95
22992	95
23003	96
23015	96
23027	96
23050	96
23062	96
23074	96
23085	96
23097	96
23121	96
23132	96
23144	96
23156	96
23167	96
23191	96
23203	96
23214	96
23226	96
23238	96
23261	96
23273	96
23285	96
23296	96
23320	96
23332	96
23343	96
23355	96
23378	96
23390	96
23402	96
23414	96
23437	96
23449	96
23460	96
23472	96
23484	96
23507	96
23519	96
23531	96
23542	96
23554	96
23566	96
23578	96
23589	96
23613	96
23625	96
23636	96
23648	96
23660	96
23683	96
23695	96
23707	97
23718	97
23742	97
23753	97
23765	97
23777	97
23789	97
23812	97
23824	97
23835	97
23847	97
23871	97
23882	97
23894	97
23906	97
23917	97
23941	97
23953	97
23964	97
23976	97
23988	97
24011	97
24023	97
24035	97
24046	97
24070	97
24082	97
24093	97
24117	97
24128	97
24140	97
24164	97
24175	97
24187	97
24199	97
24222	97
24234	97
24246	97
24257	97
24269	97
24281	97
24304	97
24316	97
24328	97
24339	97
24351	97
24375	97
24386	97
24398	97
24410	97
24421	98
24445	98
24457	98
24468	98
24480	98
24492	98
24515	98
24527	98
24539	98
24550	98
24574	98
24585	98
24597	98
24609	98
24621	98
24644	98
24656	98
24667	98
24679	98
24703	98
24714	98
24726	98
24738	98
24750	98
24773	98
24785	98
24796	98
24820	98
24832	98
24855	98
24867	98
24878	98
24902	98
24914	98
24925	98
24937	98
24960	98
24972	98
24984	98
24996	98
25019	98
25031	98
25042	98
25054	98
25066	98
25078	98
25101	98
25113	98
25125	98
25136	98
25160	99
25171	99
25183	99
25195	99
25207	99
25230	99
25242	99
25253	99
25265	99
25289	99
25300	99
25312	99
25335	99
25347	99
25359	99
25371	99
25382	99
25406	99
25417	99
25429	99
25441	99
25464	99
25476	99
25488	99
25500	99
25523	99
25535	99
25546	99
25570	99
25582	99
25605	99
25617	99
25640	99
25652	99
25664	99
25675	99
25699	99
25710	99
25722	99
25746	99
25757	99
25769	99
25781	99
25792	99
25816	99
25828	99
25839	99
25851	99
25875	99
25886	99
25898	100
25910	100
25933	100
25945	100
25957	100
25968	100
25992	100
26003	100
26015	100
26039	100
26050	100
26062	100
26074	100
26097	100
26109	100
26121	100
26132	100
26156	100
26167	100
26179	100
26203	100
26214	100
26226	100
26238	100
26261	100
26273	100
26285	100
26308	100
26320	100
26343	100
26355	100
26378	100
26390	100
26414	100
26425	100
26437	100
26449	100
26472	100
26484	100
26496	100
26519	100
26531	100
26542	100
26554	100
26566	100
26589	100
26601	100
26613	100
26636	100
26648	100
26660	101
26671	101
26695	101
26707	101
26718	101
26730	101
26753	101
26765	101
26777	101
26800	101
26812	101
26824	101
26847	101
26859	101
26871	101
26882	101
26906	101
26917	101
26929	101
26941	101
26964	101
26976	101
26988	101
27011	101
27023	101
27035	101
27058	101
27070	101
27093	101
27105	101
27128	101
27140	101
27152	101
27175	101
27187	101
27199	101
27222	101
27234	101
27246	101
27269	101
27281	101
27292	101
27316	101
27328	101
27339	101
27351	101
27375	101
27386	101
27398	101
27421	101
27433	102
27457	102
27468	102
27480	102
27503	102
27515	102
27527	102
27550	102
27562	102
27574	102
27597	102
27609	102
27621	102
27644	102
27656	102
27667	102
27679	102
27703	102
27714	102
27726	102
27750	102
27761	102
27773	102
27796	102
27808	102
27832	102
27843	102
27867	102
27878	102
27890	102
27914	102
27925	102
27937	102
27960	102
27972	102
27984	102
28007	102
28019	102
28042	102
28054	102
28066	102
28089	102
28101	102
28113	102
28136	102
28148	102
28160	102
28183	102
28195	102
28218	102
28230	103
28242	103
28265	103
28277	103
28300	103
28312	103
28324	103
28347	103
28359	103
28371	103
28394	103
28406	103
28417	103
28441	103
28453	103
28464	103
28488	103
28500	103
28511	103
28535	103
28546	103
28570	103
28582	103
28605	103
28617	103
28640	103
28652	103
28675	103
28687	103
28699	103
28722	103
28734	103
28757	103
28769	103
28792	103
28804	103
28828	103
28839	103
28851	103
28875	103
28886	103
28910	103
28921	103
28933	103
28957	103
28980	103
28992	103
29003	103
29027	103
29039	103
29062	104
29074	104
29085	104
29109	104
29121	104
29132	104
29144	104
29167	104
29179	104
29191	104
29203	104
29226	104
29238	104
29250	104
29273	104
29285	104
29308	104
29320	104
29332	104
29355	104
29367	104
29378	104
29402	104
29414	104
29437	104
29449	104
29460	104
29484	104
29496	104
29519	104
29531	104
29554	104
29566	104
29589	104
29601	104
29613	104
29636	104
29648	104
29671	104
29683	104
29707	104
29730	104
29753	104
29765	104
29789	104
29800	104
29812	104
29835	104
29847	104
29871	104
29882	105
29894	105
29917	105
29929	105
29953	105
29964	105
29976	105
30000	105
30011	105
30035	105
30046	105
30058	105
30082	105
30093	105
30117	105
30128	105
30140	105
30164	105
30175	105
30199	105
30210	105
30234	105
30246	105
30257	105
30281	105
30292	105
30316	105
30328	105
30339	105
30363	105
30375	105
30386	105
30410	105
30433	105
30445	105
30468	105
30492	105
30503	105
30527	105
30550	105
30562	105
30574	105
30597	105
30609	105
30632	105
30644	105
30667	105
30679	105
30691	105
30714	105
30726	106
30750	106
30761	106
30785	106
30796	106
30808	106
30832	106
30843	106
30867	106
30878	106
30902	106
30914	106
30937	106
30949	106
30972	106
30984	106
30996	106
31019	106
31031	106
31054	106
31078	106
31089	106
31101	106
31125	106
31136	106
31160	106
31171	106
31195	106
31218	106
31242	106
31253	106
31277	106
31300	106
31312	106
31324	106
31347	106
31359	106
31382	106
31394	106
31417	106
31429	106
31453	106
31464	106
31476	106
31500	106
31511	106
31535	106
31546	106
31570	106
31582	106
31593	107
31617	107
31628	107
31640	107
31664	107
31675	107
31699	107
31710	107
31734	107
31746	107
31757	107
31781	107
31792	107
31816	107
31828	107
31851	107
31863	107
31875	107
31898	107
31921	107
31933	107
31957	107
31980	107
32003	107
32027	107
32039	107
32062	107
32074	107
32085	107
32109	107
32132	107
32144	107
32167	107
32191	107
32203	107
32226	107
32238	107
32261	107
32273	107
32296	107
32308	107
32320	107
32343	107
32355	107
32378	107
32390	107
32414	107
32425	107
32449	107
32460	107
32484	108
32496	108
32507	108
32519	108
32542	108
32554	108
32566	108
32589	108
32601	108
32625	108
32636	108
32660	108
32671	108
32695	108
32718	108
32730	108
32753	108
32777	108
32789	108
32812	108
32824	108
32847	108
32859	108
32882	108
32894	108
32917	108
32929	108
32953	108
32964	108
32988	108
33000	108
33023	108
33035	108
33058	108
33070	108
33093	108
33117	108
33128	108
33152	108
33164	108
33187	108
33199	108
33222	108
33234	108
33257	108
33269	108
33292	108
33304	108
33316	108
33339	108
33351	109
33375	109
33386	109
33410	109
33433	109
33445	109
33468	109
33492	109
33503	109
33527	109
33539	109
33562	109
33574	109
33597	109
33609	109
33632	109
33644	109
33667	109
33679	109
33703	109
33714	109
33738	109
33750	109
33773	109
33785	109
33808	109
33820	109
33843	109
33855	109
33878	109
33890	109
33914	109
33925	109
33949	109
33972	109
33984	109
33996	109
34019	109
34031	109
34042	109
34054	109
34078	109
34089	109
34113	109
34125	109
34148	109
34160	109
34183	109
34195	109
34218	109
34242	110
34253	110
34277	110
34300	110
34312	110
34324	110
34347	110
34371	110
34382	110
34406	110
34429	110
34441	110
34464	110
34476	110
34500	110
34511	110
34535	110
34558	110
34570	110
34593	110
34617	110
34628	110
34652	110
34664	110
34687	110
34699	110
34722	110
34734	110
34757	110
34769	110
34792	110
34804	110
34828	110
34839	110
34863	110
34875	110
34898	110
34910	110
34933	110
34945	110
34968	110
34992	110
35003	110
35027	110
35039	110
35062	110
35074	110
35097	110
35109	110
35132	110
35144	111
35167	111
35179	111
35203	111
35214	111
35238	111
35250	111
35273	111
35285	111
35308	111
35332	111
35343	111
35367	111
35378	111
35402	111
35414	111
35437	111
35460	111
35472	111
35496	111
35507	111
35519	111
35542	111
35554	111
35566	111
35589	111
35601	111
35625	111
35636	111
35660	111
35671	111
35695	111
35707	111
35730	111
35742	111
35765	111
35777	111
35800	111
35824	111
35835	111
35859	111
35871	111
35894	111
35906	111
35929	111
35941	111
35964	111
35976	111
36000	111
36011	111
36035	112
36046	112
36070	112
36093	112
36105	112
36128	112
36152	112
36164	112
36187	112
36199	112
36222	112
36234	112
36257	112
36269	112
36292	112
36304	112
36316	112
36339	112
36351	112
36375	112
36398	112
36410	112
36433	112
36445	112
36468	112
36480	112
36503	112
36515	112
36539	112
36550	112
36574	112
36585	112
36609	112
36621	112
36644	112
36656	112
36679	112
36691	112
36714	112
36726	112
36750	112
36761	112
36785	112
36796	112
36820	112
36843	112
36867	112
36878	112
36902	112
36925	112
36937	113
36960	113
36972	113
36996	113
37007	113
37031	113
37042	113
37054	113
37078	113
37089	113
37113	113
37125	113
37148	113
37160	113
37183	113
37195	113
37218	113
37230	113
37253	113
37265	113
37289	113
37300	113
37324	113
37347	113
37359	113
37382	113
37394	113
37417	113
37429	113
37453	113
37464	113
37488	113
37500	113
37523	113
37535	113
37558	113
37582	113
37605	113
37628	113
37640	113
37664	113
37675	113
37699	113
37722	113
37734	113
37757	113
37769	113
37792	113
37804	113
37816	113
37839	114
37851	114
37875	114
37898	114
37910	114
37933	114
37945	114
37968	114
37980	114
38003	114
38015	114
38039	114
38050	114
38074	114
38097	114
38109	114
38132	114
38144	114
38167	114
38179	114
38203	114
38214	114
38238	114
38250	114
38273	114
38296	114
38308	114
38332	114
38355	114
38378	114
38390	114
38414	114
38437	114
38449	114
38472	114
38484	114
38507	114
38519	114
38542	114
38554	114
38566	114
38589	114
38613	114
38625	114
38648	114
38660	114
38683	114
38695	114
38718	114
38730	114
38753	115
38765	115
38789	115
38812	115
38824	115
38847	115
38859	115
38882	115
38894	115
38917	115
38929	115
38953	115
38964	115
38988	115
39000	115
39023	115
39046	115
39058	115
39082	115
39105	115
39128	115
39140	115
39164	115
39187	115
39199	115
39222	115
39234	115
39257	115
39281	115
39292	115
39316	115
39328	115
39351	115
39363	115
39386	115
39410	115
39421	115
39445	115
39468	115
39480	115
39503	115
39515	115
39539	115
39562	115
39574	115
39597	115
39609	115
39632	115
39644	115
39667	115
39679	116
39703	116
39714	116
39738	116
39761	116
39773	116
39796	116
39808	116
39832	116
39855	116
39878	116
39890	116
39914	116
39937	116
39949	116
39972	116
39984	116
40007	116
40031	116
40042	116
40066	116
40078	116
40101	116
40125	116
40136	116
40160	116
40171	116
40195	116
40218	116
40242	116
40253	116
40277	116
40300	116
40312	116
40335	116
40359	116
40371	116
40394	116
40406	116
40429	116
40441	116
40464	116
40488	116
40500	116
40523	116
40546	116
40558	116
40582	116
40605	116
40628	116
40652	117
40664	117
40687	117
40699	117
40722	117
40746	117
40769	117
40792	117
40804	117
40828	117
40851	117
40863	117
40886	117
40910	117
40921	117
40945	117
40968	117
40992	117
41003	117
41027	117
41050	117
41062	117
41085	117
41097	117
41121	117
41132	117
41156	117
41167	117
41191	117
41203	117
41226	117
41238	117
41261	117
41285	117
41296	117
41320	117
41332	117
41355	117
41378	117
41390	117
41414	117
41437	117
41449	117
41472	117
41496	117
41507	117
41531	117
41554	117
41578	117
41589	117
41613	118
41636	118
41648	118
41671	118
41695	118
41718	118
41742	118
41765	118
41789	118
41812	118
41824	118
41847	118
41859	118
41882	118
41906	118
41917	118
41941	118
41964	118
41976	118
42000	118
42023	118
42035	118
42058	118
42082	118
42093	118
42117	118
42140	118
42152	118
42175	118
42199	118
42210	118
42234	118
42257	118
42269	118
42292	118
42316	118
42328	118
42351	118
42363	118
42386	118
42410	118
42433	118
42457	118
42480	118
42503	118
42527	118
42539	118
42562	118
42585	118
42597	118
42621	119
42644	119
42667	119
42679	119
42703	119
42714	119
42738	119
42761	119
42785	119
42796	119
42820	119
42843	119
42855	119
42878	119
42902	119
42925	119
42937	119
42960	119
42984	119
42996	119
43019	119
43042	119
43066	119
43078	119
43101	119
43125	119
43136	119
43160	119
43183	119
43218	119
43242	119
43265	119
43289	119
43300	119
43324	119
43347	119
43359	119
43382	119
43406	119
43429	119
43441	119
43464	119
43476	119
43500	119
43523	119
43546	119
43558	119
43582	119
43593	119
43617	119
43640	120
43652	120
43675	120
43699	120
43710	120
43734	120
43757	120
43769	120
43792	120
43816	120
43828	120
43851	120
43863	120
43886	120
43910	120
43933	120
43957	120
43980	120
44015	120
44027	120
44050	120
44074	120
44085	120
44109	120
44132	120
44156	120
44179	120
44203	120
44226	120
44238	120
44261	120
44285	120
44308	120
44320	120
44343	120
44367	120
44378	120
44402	120
44425	120
44449	120
44472	120
44484	120
44507	120
44519	120
44542	120
44554	120
44578	120
44589	120
44613	120
44636	120
44660	121
44683	121
44695	121
44718	121
44742	121
44765	121
44789	121
44812	121
44824	121
44847	121
44871	121
44894	121
44917	121
44941	121
44953	121
44976	121
45000	121
45023	121
45035	121
45058	121
45082	121
45105	121
45128	121
45140	121
45164	121
45187	121
45210	121
45222	121
45246	121
45269	121
45281	121
45304	121
45328	121
45351	121
45363	121
45386	121
45410	121
45433	121
45457	121
45480	121
45503	121
45527	121
45539	121
45562	121
45585	121
45609	121
45621	121
45644	121
45667	121
45691	121
45703	122
45726	122
45750	122
45773	122
45785	122
45808	122
45832	122
45855	122
45878	122
45890	122
45914	122
45937	122
45960	122
45972	122
45996	122
46019	122
46031	122
46042	122
46066	122
46089	122
46113	122
46125	122
46148	122
46171	122
46195	122
46218	122
46242	122
46265	122
46289	122
46300	122
46324	122
46347	122
46371	122
46394	122
46417	122
46441	122
46464	122
46476	122
46500	122
46523	122
46546	122
46570	122
46593	122
46617	122
46640	122
46664	122
46687	122
46699	122
46722	122
46746	122
46769	123
46781	123
46804	123
46828	123
46839	123
46863	123
46886	123
46910	123
46933	123
46957	123
46980	123
46992	123
47015	123
47039	123
47062	123
47085	123
47109	123
47121	123
47144	123
47167	123
47191	123
47214	123
47226	123
47250	123
47273	123
47296	123
47320	123
47343	123
47367	123
47390	123
47402	123
47425	123
47449	123
47472	123
47496	123
47507	123
47531	123
47554	123
47566	123
47589	123
47613	123
47636	123
47660	123
47671	123
47695	123
47718	123
47742	123
47765	123
47777	123
47800	123
47824	124
47847	124
47871	124
47882	124
47906	124
47929	124
47953	124
47976	124
47988	124
48011	124
48035	124
48058	124
48082	124
48105	124
48128	124
48152	124
48175	124
48199	124
48210	124
48234	124
48257	124
48281	124
48292	124
48316	124
48339	124
48363	124
48375	124
48398	124
48421	124
48445	124
48468	124
48480	124
48503	124
48527	124
48550	124
48574	124
48597	124
48609	124
48632	124
48656	124
48679	124
48691	124
48714	124
48738	124
48761	124
48785	124
48808	124
48832	124
48855	124
48878	124
48902	125
48925	125
48949	125
48972	125
48984	125
49007	125
49031	125
49054	125
49066	125
49089	125
49113	125
49136	125
49160	125
49171	125
49195	125
49218	125
49242	125
49265	125
49277	125
49300	125
49324	125
49347	125
49371	125
49382	125
49406	125
49429	125
49453	125
49476	125
49488	125
49511	125
49535	125
49558	125
49582	125
49617	125
49640	125
49664	125
49675	125
49699	125
49722	125
49746	125
49769	125
49781	125
49804	125
49828	125
49851	125
49863	125
49886	125
49910	125
49933	125
49957	125
49980	126
49992	126
50015	126
50039	126
50062	126
50085	126
50109	126
50132	126
50144	126
50167	126
50191	126
50214	126
50238	126
50261	126
50285	126
50308	126
50332	126
50355	126
50378	126
50402	126
50425	126
50449	126
50472	126
50484	126
50507	126
50531	126
50554	126
50566	126
50589	126
50613	126
50636	126
50660	126
50683	126
50695	126
50718	126
50742	126
50765	126
50789	126
50812	126
50824	126
50847	126
50871	126
50894	126
50917	126
50929	126
50953	126
50976	126
51000	126
51023	126
51046	126
51070	127
51093	127
51117	127
51140	127
51164	127
51175	127
51199	127
51222	127
51246	127
51269	127
51292	127
51316	127
51328	127
51351	127
51375	127
51398	127
51421	127
51445	127
51468	127
51492	127
51515	127
51527	127
51550	127
51574	127
51597	127
51621	127
51644	127
51656	127
51679	127
51703	127
51726	127
51750	127
51773	127
51785	127
51808	127
51832	127
51855	127
51878	127
51902	127
51925	127
51949	127
51972	127
51996	127
52019	127
52042	127
52066	127
52078	127
52101	127
52125	127
52148	127
52171	128
52195	128
52218	128
52242	128
52265	128
52289	128
52312	128
52335	128
52359	128
52371	128
52394	128
52417	128
52441	128
52464	128
52488	128
52500	128
52523	128
52546	128
52570	128
52605	128
52628	128
52652	128
52675	128
52687	128
52710	128
52734	128
52757	128
52792	128
52816	128
52839	128
52851	128
52875	128
52898	128
52921	128
52945	128
52968	128
52992	128
53015	128
53039	128
53062	128
53085	128
53109	128
53132	128
53144	128
53167	128
53179	128
53203	128
53226	128
53250	128
53273	128
53296	129
53320	129
53343	129
53355	129
53378	129
53402	129
53425	129
53449	129
53472	129
53496	129
53519	129
53542	129
53566	129
53589	129
53613	129
53636	129
53660	129
53683	129
53718	129
53742	129
53765	129
53789	129
53812	129
53835	129
53859	129
53882	129
53906	129
53929	129
53953	129
53964	129
53988	129
54011	129
54035	129
54058	129
54082	129
54105	129
54128	129
54152	129
54175	129
54199	129
54222	129
54234	129
54257	129
54281	129
54304	129
54328	129
54351	129
54375	129
54398	129
54421	129
54445	130
54468	130
54503	130
54527	130
54550	130
54574	130
54585	130
54609	130
54632	130
54656	130
54679	130
54703	130
54726	130
54750	130
54773	130
54796	130
54820	130
54843	130
54867	130
54890	130
54914	130
54937	130
54960	130
54984	130
54996	130
55019	130
55054	130
55078	130
55089	130
55113	130
55136	130
55160	130
55195	130
55218	130
55253	130
55277	130
55300	130
55324	130
55347	130
55371	130
55394	130
55417	130
55441	130
55464	130
55476	130
55511	130
55523	130
55546	130
55570	130
55593	130
55617	131
55640	131
55664	131
55687	131
55710	131
55734	131
55746	131
55769	131
55792	131
55816	131
55839	131
55863	131
55886	131
55910	131
55933	131
55957	131
55992	131
56015	131
56039	131
56062	131
56085	131
56109	131
56132	131
56167	131
56191	131
56214	131
56238	131
56261	131
56285	131
56308	131
56332	131
56355	131
56367	131
56390	131
56414	131
56437	131
56460	131
56484	131
56507	131
56519	131
56542	131
56566	131
56589	131
56613	131
56636	131
56660	131
56683	131
56707	131
56730	131
56753	131
56777	132
56800	132
56824	132
56847	132
56871	132
56906	132
56929	132
56953	132
56976	132
57000	132
57023	132
57046	132
57070	132
57093	132
57117	132
57140	132
57164	132
57187	132
57210	132
57234	132
57257	132
57281	132
57304	132
57328	132
57351	132
57375	132
57398	132
57421	132
57445	132
57468	132
57492	132
57515	132
57539	132
57562	132
57585	132
57609	132
57632	132
57656	132
57679	132
57703	132
57726	132
57750	132
57773	132
57796	132
57820	132
57843	132
57867	132
57890	132
57914	132
57937	132
57960	133
57984	133
58007	133
58019	133
58042	133
58066	133
58089	133
58113	133
58136	133
58160	133
58183	133
58207	133
58230	133
58253	133
58277	133
58300	133
58324	133
58347	133
58371	133
58406	133
58429	133
58453	133
58476	133
58500	133
58523	133
58546	133
58582	133
58605	133
58628	133
58652	133
58675	133
58699	133
58722	133
58746	133
58769	133
58792	133
58816	133
58839	133
58863	133
58886	133
58910	133
58933	133
58957	133
58980	133
59015	133
59039	133
59062	133
59085	133
59109	133
59132	133
59156	134
59179	134
59203	134
59226	134
59250	134
59273	134
59296	134
59320	134
59343	134
59367	134
59390	134
59414	134
59437	134
59472	134
59484	134
59507	134
59531	134
59554	134
59578	134
59601	134
59625	134
59648	134
59671	134
59695	134
59718	134
59742	134
59765	134
59789	134
59812	134
59835	134
59859	134
59882	134
59906	134
59929	134
59953	134
59976	134
60000	134
60023	134
60046	134
60070	134
60105	134
60128	134
60152	134
60175	134
60199	134
60222	134
60246	134
60269	134
60292	134
60316	134
60339	135
60363	135
60386	135
60410	135
60433	135
60457	135
60480	135
60503	135
60527	135
60550	135
60574	135
60597	135
60621	135
60644	135
60667	135
60691	135
60714	135
60738	135
60761	135
60785	135
60820	135
60843	135
60867	135
60902	135
60925	135
60949	135
60972	135
60996	135
61019	135
61042	135
61054	135
61078	135
61101	135
61136	135
61160	135
61171	135
61195	135
61218	135
61242	135
61265	135
61289	135
61324	135
61347	135
61371	135
61382	135
61406	135
61441	135
61464	135
61476	135
61511	135
61535	136
61558	136
61582	136
61617	136
61640	136
61664	136
61687	136
61710	136
61734	136
61757	136
61781	136
61804	136
61828	136
61851	136
61875	136
61898	136
61921	136
61945	136
61968	136
61992	136
62015	136
62039	136
62062	136
62097	136
62121	136
62144	136
62167	136
62191	136
62214	136
62238	136
62261	136
62285	136
62308	136
62343	136
62367	136
62390	136
62425	136
62449	136
62472	136
62496	136
62519	136
62542	136
62566	136
62589	136
62613	136
62636	136
62660	136
62683	136
62707	136
62730	136
62753	137
62777	137
62800	137
62824	137
62847	137
62871	137
62894	137
62917	137
62941	137
62964	137
62988	137
63011	137
63035	137
63058	137
63093	137
63117	137
63140	137
63164	137
63187	137
63222	137
63246	137
63269	137
63292	137
63316	137
63339	137
63363	137
63386	137
63410	137
63433	137
63468	137
63492	137
63515	137
63539	137
63562	137
63585	137
63609	137
63632	137
63656	137
63679	137
63703	137
63726	137
63761	137
63785	137
63808	137
63832	137
63855	137
63890	137
63914	137
63937	137
63960	137
63984	138
64007	138
64031	138
64066	138
64089	138
64113	138
64136	138
64160	138
64183	138
64207	138
64242	138
64265	138
64289	138
64312	138
64335	138
64359	138
64382	138
64417	138
64441	138
64464	138
64488	138
64511	138
64535	138
64558	138
64593	138
64617	138
64640	138
64675	138
64699	138
64722	138
64746	138
64769	138
64804	138
64828	138
64851	138
64875	138
64898	138
64933	138
64957	138
64980	138
65015	138
65039	138
65062	138
65085	138
65109	138
65132	138
65156	138
65179	138
65191	138
65226	138
65250	139
65273	139
65296	139
65320	139
65343	139
65367	139
65390	139
65425	139
65449	139
65472	139
65496	139
65519	139
65554	139
65578	139
65601	139
65625	139
65648	139
65683	139
65707	139
65742	139
65765	139
65800	139
65824	139
65847	139
65871	139
65894	139
65917	139
65941	139
65964	139
66000	139
66023	139
66046	139
66070	139
66093	139
66117	139
66140	139
66175	139
66199	139
66222	139
66246	139
66269	139
66292	139
66316	139
66339	139
66363	139
66398	139
66421	139
66457	139
66480	139
66515	139
66539	140
66562	140
66585	140
66609	140
66644	140
66667	140
66691	140
66714	140
66738	140
66761	140
66796	140
66820	140
66843	140
66867	140
66890	140
66925	140
66949	140
66972	140
66996	140
67019	140
67054	140
67078	140
67101	140
67125	140
67148	140
67183	140
67218	140
67242	140
67277	140
67300	140
67324	140
67347	140
67382	140
67406	140
67429	140
67453	140
67476	140
67500	140
67535	140
67558	140
67582	140
67605	140
67628	140
67652	140
67675	140
67699	140
67734	140
67746	140
67769	140
67804	140
67828	141
67851	141
67875	141
67898	141
67933	141
67957	141
67992	141
68027	141
68050	141
68074	141
68097	141
68132	141
68156	141
68191	141
68214	141
68238	141
68261	141
68285	141
68320	141
68343	141
68367	141
68390	141
68414	141
68437	141
68472	141
68496	141
68519	141
68531	141
68554	141
68578	141
68613	141
68636	141
68660	141
68683	141
68718	141
68742	141
68777	141
68800	141
68824	141
68847	141
68882	141
68906	141
68929	141
68964	141
68988	141
69011	141
69035	141
69058	141
69093	141
69117	141
69140	142
69175	142
69199	142
69222	142
69246	142
69269	142
69304	142
69328	142
69351	142
69375	142
69398	142
69433	142
69457	142
69492	142
69515	142
69539	142
69562	142
69597	142
69621	142
69644	142
69667	142
69691	142
69726	142
69750	142
69773	142
69796	142
69820	142
69855	142
69878	142
69902	142
69925	142
69960	142
69984	142
70007	142
70019	142
70042	142
70066	142
70089	142
70125	142
70148	142
70171	142
70207	142
70230	142
70253	142
70289	142
70312	142
70335	142
70371	142
70394	142
70429	142
70453	143
70476	143
70500	143
70535	143
70558	143
70593	143
70617	143
70652	143
70675	143
70699	143
70734	143
70757	143
70781	143
70804	143
70828	143
70851	143
70886	143
70910	143
70933	143
70968	143
70992	143
71027	143
71050	143
71074	143
71097	143
71132	143
71156	143
71179	143
71203	143
71238	143
71261	143
71285	143
71320	143
71343	143
71367	143
71402	143
71425	143
71449	143
71484	143
71507	143
71531	143
71554	143
71578	143
71601	143
71625	143
71660	143
71683	143
71707	143
71730	143
71765	143
71789	144
71812	144
71835	144
71871	144
71894	144
71917	144
71941	144
71976	144
72000	144
72023	144
72046	144
72082	144
72105	144
72140	144
72164	144
72187	144
72222	144
72246	144
72269	144
72292	144
72316	144
72351	144
72375	144
72398	144
72421	144
72457	144
72480	144
72503	144
72527	144
72562	144
72585	144
72609	144
72632	144
72667	144
72691	144
72714	144
72738	144
72773	144
72796	144
72832	144
72855	144
72890	144
72914	144
72949	144
72972	144
72996	144
73019	144
73042	144
73078	144
73101	144
73125	145
73160	145
73183	145
73207	145
73230	145
73253	145
73289	145
73312	145
73335	145
73371	145
73394	145
73417	145
73441	145
73476	145
73500	145
73523	145
73558	145
73582	145
73617	145
73652	145
73675	145
73699	145
73734	145
73757	145
73781	145
73804	145
73828	145
73863	145
73886	145
73910	145
73933	145
73968	145
73992	145
74015	145
74050	145
74074	145
74097	145
74121	145
74156	145
74179	145
74203	145
74238	145
74261	145
74285	145
74320	145
74355	145
74378	145
74414	145
74437	145
74460	145
74496	146
74519	146
74542	146
74566	146
74589	146
74625	146
74648	146
74671	146
74707	146
74730	146
74753	146
74777	146
74812	146
74835	146
74859	146
74882	146
74917	146
74941	146
74964	146
74988	146
75023	146
75046	146
75082	146
75105	146
75140	146
75164	146
75199	146
75222	146
75246	146
75281	146
75304	146
75328	146
75363	146
75386	146
75410	146
75445	146
75468	146
75503	146
75527	146
75550	146
75585	146
75609	146
75632	146
75656	146
75691	146
75714	146
75738	146
75761	146
75796	146
75820	146
75855	147
75878	147
75914	147
75937	147
75960	147
75996	147
76019	147
76042	147
76078	147
76101	147
76125	147
76160	147
76183	147
76218	147
76242	147
76277	147
76300	147
76324	147
76359	147
76382	147
76406	147
76429	147
76464	147
76488	147
76511	147
76546	147
76570	147
76605	147
76640	147
76664	147
76699	147
76722	147
76746	147
76781	147
76816	147
76839	147
76863	147
76898	147
76921	147
76957	147
76980	147
77015	147
77039	147
77074	147
77097	147
77121	147
77144	147
77167	147
77191	147
77226	147
77250	148
77273	148
77308	148
77332	148
77355	148
77390	148
77414	148
77437	148
77472	148
77496	148
77531	148
77554	148
77589	148
77613	148
77636	148
77671	148
77707	148
77730	148
77765	148
77800	148
77824	148
77847	148
77882	148
77906	148
77929	148
77964	148
77988	148
78011	148
78046	148
78070	148
78093	148
78128	148
78152	148
78187	148
78210	148
78234	148
78269	148
78292	148
78316	148
78351	148
78375	148
78398	148
78433	148
78468	148
78503	148
78527	148
78562	148
78585	148
78621	148
78644	148
78679	149
78703	149
78726	149
78761	149
78785	149
78808	149
78843	149
78867	149
78902	149
78925	149
78960	149
78984	149
79007	149
79042	149
79066	149
79101	149
79125	149
79148	149
79183	149
79218	149
79253	149
79289	149
79312	149
79335	149
79371	149
79394	149
79429	149
79453	149
79476	149
79511	149
79535	149
79558	149
79593	149
79617	149
79640	149
79675	149
79699	149
79722	149
79757	149
79781	149
79804	149
79839	149
79863	149
79886	149
79921	149
79957	149
79992	149
80027	149
80050	149
80074	149
80109	150
80144	150
80167	150
80203	150
80226	150
80261	150
80285	150
80308	150
80343	150
80367	150
80402	150
80425	150
80460	150
80484	150
80507	150
80531	150
80554	150
80578	150
80613	150
80636	150
80671	150
80695	150
80730	150
80765	150
80789	150
80824	150
80847	150
80871	150
80906	150
80941	150
80964	150
80988	150
81023	150
81046	150
81082	150
81105	150
81140	150
81164	150
81199	150
81222	150
81246	150
81281	150
81304	150
81328	150
81363	150
81386	150
81421	150
81445	150
81480	150
81515	150
81539	151
81574	151
81597	151
81621	151
81656	151
81679	151
81714	151
81738	151
81761	151
81796	151
81820	151
81855	151
81878	151
81902	151
81937	151
81960	151
81996	151
82019	151
82042	151
82066	151
82089	151
82125	151
82148	151
82183	151
82207	151
82242	151
82277	151
82300	151
82324	151
82359	151
82394	151
82429	151
82453	151
82488	151
82511	151
82546	151
82570	151
82605	151
82640	151
82664	151
82699	151
82722	151
82757	151
82781	151
82804	151
82839	151
82863	151
82898	151
82921	151
82957	151
82980	152
83015	152
83039	152
83074	152
83097	152
83132	152
83156	152
83191	152
83214	152
83238	152
83273	152
83296	152
83332	152
83367	152
83390	152
83425	152
83449	152
83484	152
83507	152
83531	152
83554	152
83578	152
83613	152
83636	152
83671	152
83695	152
83730	152
83753	152
83789	152
83812	152
83847	152
83871	152
83894	152
83929	152
83953	152
83988	152
84011	152
84046	152
84070	152
84105	152
84140	152
84164	152
84199	152
84222	152
84257	152
84281	152
84304	152
84328	152
84363	152
84386	152
84421	153
84445	153
84480	153
84503	153
84527	153
84562	153
84597	153
84621	153
84644	153
84679	153
84703	153
84738	153
84761	153
84796	153
84820	153
84855	153
84890	153
84925	153
84949	153
84972	153
85007	153
85031	153
85054	153
85089	153
85113	153
85148	153
85171	153
85207	153
85230	153
85253	153
85289	153
85312	153
85347	153
85371	153
85406	153
85429	153
85464	153
85488	153
85511	153
85546	153
85582	153
85617	153
85640	153
85675	153
85699	153
85734	153
85757	153
85792	153
85816	153
85839	153
85875	154
85898	154
85933	154
85957	154
85992	154
86015	154
86050	154
86074	154
86109	154
86132	154
86167	154
86191	154
86214	154
86250	154
86273	154
86308	154
86343	154
86378	154
86414	154
86437	154
86472	154
86496	154
86519	154
86554	154
86578	154
86613	154
86636	154
86660	154
86695	154
86718	154
86753	154
86777	154
86812	154
86835	154
86871	154
86894	154
86917	154
86953	154
86976	154
87011	154
87035	154
87070	154
87105	154
87140	154
87164	154
87199	154
87222	154
87257	154
87281	154
87316	154
87339	155
87375	155
87398	155
87433	155
87468	155
87492	155
87527	155
87550	155
87585	155
87609	155
87644	155
87667	155
87691	155
87726	155
87750	155
87785	155
87820	155
87843	155
87878	155
87914	155
87937	155
87972	155
87996	155
88031	155
88054	155
88089	155
88113	155
88148	155
88171	155
88207	155
88242	155
88265	155
88300	155
88335	155
88359	155
88394	155
88417	155
88441	155
88476	155
88500	155
88535	155
88570	155
88605	155
88628	155
88664	155
88699	155
88722	155
88757	155
88792	155
88828	155
88851	156
88886	156
88910	156
88945	156
88980	156
89015	156
89039	156
89074	156
89097	156
89132	156
89156	156
89179	156
89203	156
89238	156
89261	156
89296	156
89320	156
89355	156
89378	156
89414	156
89449	156
89472	156
89507	156
89542	156
89566	156
89601	156
89625	156
89660	156
89695	156
89730	156
89765	156
89789	156
89824	156
89847	156
89882	156
89917	156
89941	156
89976	156
90000	156
90035	156
90058	156
90093	156
90117	156
90152	156
90175	156
90210	156
90234	156
90269	156
90292	156
90328	156
90351	157
90386	157
90421	157
90457	157
90492	157
90527	157
90550	157
90585	157
90609	157
90644	157
90679	157
90703	157
90738	157
90773	157
90796	157
90832	157
90855	157
90890	157
90914	157
90949	157
90984	157
91007	157
91042	157
91078	157
91101	157
91136	157
91160	157
91207	157
91242	157
91277	157
91312	157
91335	157
91371	157
91394	157
91429	157
91453	157
91488	157
91523	157
91546	157
91570	157
91605	157
91628	157
91664	157
91687	157
91722	157
91746	157
91781	157
91804	157
91839	157
91863	157
91898	158
91933	158
91968	158
92003	158
92039	158
92074	158
92097	158
92132	158
92167	158
92203	158
92226	158
92261	158
92285	158
92320	158
92343	158
92378	158
92402	158
92437	158
92472	158
92496	158
92519	158
92542	158
92578	158
92601	158
92636	158
92671	158
92707	158
92730	158
92765	158
92800	158
92824	158
92859	158
92894	158
92929	158
92953	158
92988	158
93023	158
93046	158
93082	158
93117	158
93140	158
93175	158
93210	158
93234	158
93269	158
93292	158
93328	158
93351	158
93386	158
93421	158
93457	159
93492	159
93515	159
93550	159
93585	159
93609	159
93644	159
93667	159
93703	159
93738	159
93761	159
93796	159
93820	159
93855	159
93890	159
93914	159
93949	159
93972	159
94007	159
94031	159
94054	159
94089	159
94113	159
94148	159
94171	159
94207	159
94242	159
94277	159
94312	159
94335	159
94371	159
94406	159
94441	159
94464	159
94500	159
94535	159
94570	159
94605	159
94628	159
94664	159
94699	159
94734	159
94757	159
94792	159
94816	159
94851	159
94875	159
94910	159
94945	159
94968	159
95003	160
95039	160
95074	160
95097	160
95132	160
95167	160
95191	160
95226	160
95250	160
95285	160
95320	160
95355	160
95378	160
95414	160
95449	160
95484	160
95507	160
95531	160
95566	160
95589	160
95625	160
95660	160
95683	160
95718	160
95753	160
95777	160
95812	160
95847	160
95871	160
95906	160
95941	160
95964	160
96000	160
96035	160
96058	160
96093	160
96128	160
96164	160
96199	160
96222	160
96257	160
96281	160
96316	160
96339	160
96375	160
96410	160
96433	160
96468	160
96503	160
96527	160
96562	161
96597	161
96621	161
96656	161
96679	161
96714	161
96750	161
96773	161
96808	161
96843	161
96878	161
96914	161
96949	161
96972	161
97007	161
97031	161
97066	161
97089	161
97125	161
97160	161
97183	161
97218	161
97253	161
97277	161
97312	161
97347	161
97371	161
97406	161
97441	161
97464	161
97500	161
97535	161
97570	161
97605	161
97640	161
97675	161
97699	161
97734	161
97769	161
97792	161
97828	161
97851	161
97886	161
97921	161
97945	161
97980	161
98015	161
98050	161
98074	161
98109	161
98144	162
98179	162
98203	162
98238	162
98273	162
98308	162
98343	162
98378	162
98414	162
98437	162
98472	162
98507	162
98531	162
98566	162
98589	162
98625	162
98660	162
98683	162
98718	162
98753	162
98777	162
98812	162
98847	162
98871	162
98906	162
98929	162
98964	162
99000	162
99035	162
99058	162
99093	162
99128	162
99164	162
99199	162
99234	162
99257	162
99292	162
99328	162
99351	162
99386	162
99421	162
99457	162
99492	162
99515	162
99550	162
99585	162
99621	162
99644	162
99679	162
99703	162
99738	163
99773	163
99808	163
99843	163
99878	163
99902	163
99937	163
99972	163
100007	163
100031	163
100066	163
100101	163
100136	163
100160	163
100195	163
100230	163
100265	163
100300	163
100335	163
100359	163
100394	163
100429	163
100464	163
100488	163
100523	163
100558	163
100593	163
100628	163
100664	163
100699	163
100734	163
100769	163
100804	163
100839	163
100863	163
100898	163
100933	163
100968	163
101003	163
101039	163
101074	163
101097	163
101132	163
101156	163
101191	163
101214	163
101250	163
101285	163
101308	163
101343	163
101378	164
101402	164
101437	164
101472	164
101507	164
101542	164
101578	164
101601	164
101636	164
101671	164
101707	164
101753	164
101789	164
101812	164
101847	164
101882	164
101917	164
101941	164
101976	164
102011	164
102035	164
102070	164
102105	164
102140	164
102164	164
102199	164
102234	164
102269	164
102292	164
102328	164
102363	164
102398	164
102433	164
102468	164
102503	164
102539	164
102574	164
102609	164
102644	164
102667	164
102703	164
102738	164
102773	164
102796	164
102832	164
102867	164
102902	164
102925	164
102960	164
102996	164
103031	165
103066	165
103089	165
103125	165
103160	165
103195	165
103242	165
103277	165
103312	165
103335	165
103371	165
103406	165
103441	165
103464	165
103500	165
103535	165
103570	165
103593	165
103628	165
103652	165
103687	165
103722	165
103757	165
103781	165
103816	165
103851	165
103875	165
103910	165
103957	165
103992	165
104027	165
104062	165
104097	165
104132	165
104167	165
104203	165
104238	165
104261	165
104296	165
104332	165
104367	165
104390	165
104425	165
104460	165
104496	165
104519	165
104542	165
104578	165
104601	165
104636	165
104671	166
104707	166
104742	166
104777	166
104812	166
104847	166
104871	166
104906	166
104941	166
104976	166
105011	166
105035	166
105070	166
105105	166
105140	166
105175	166
105210	166
105234	166
105269	166
105304	166
105328	166
105363	166
105398	166
105433	166
105468	166
105503	166
105539	166
105574	166
105597	166
105632	166
105667	166
105691	166
105726	166
105761	166
105796	166
105820	166
105855	166
105890	166
105925	166
105960	166
105984	166
106019	166
106042	166
106066	166
106101	166
106136	166
106171	166
106195	166
106230	166
106265	166
106300	167
106335	167
106371	167
106406	167
106441	167
106476	167
106511	167
106546	167
106582	167
106617	167
106652	167
106687	167
106710	167
106746	167
106781	167
106804	167
106839	167
106875	167
106898	167
106933	167
106968	167
107003	167
107039	167
107074	167
107097	167
107132	167
107167	167
107203	167
107226	167
107261	167
107296	167
107332	167
107367	167
107402	167
107425	167
107460	167
107496	167
107519	167
107554	167
107578	167
107613	167
107648	167
107683	167
107707	167
107742	167
107777	167
107812	167
107847	167
107871	167
107906	167
107941	168
107964	168
108000	168
108035	168
108070	168
108105	168
108140	168
108175	168
108210	168
108246	168
108269	168
108304	168
108328	168
108363	168
108398	168
108421	168
108457	168
108492	168
108527	168
108550	168
108585	168
108621	168
108656	168
108679	168
108714	168
108750	168
108785	168
108820	168
108855	168
108890	168
108925	168
108949	168
108984	168
109019	168
109042	168
109078	168
109113	168
109136	168
109171	168
109207	168
109230	168
109265	168
109300	168
109335	168
109359	168
109394	168
109429	168
109464	168
109488	168
109523	168
109558	169
109593	169
109628	169
109664	169
109699	169
109734	169
109769	169
109792	169
109828	169
109851	169
109886	169
109921	169
109957	169
109980	169
110015	169
110050	169
110085	169
110109	169
110144	169
110179	169
110214	169
110238	169
110273	169
110308	169
110355	169
110390	169
110425	169
110449	169
110484	169
110519	169
110542	169
110578	169
110613	169
110636	169
110671	169
110707	169
110742	169
110765	169
110800	169
110835	169
110871	169
110894	169
110929	169
110953	169
110988	169
111023	169
111058	169
111093	169
111128	169
111164	169
111199	170
111222	170
111257	170
111292	170
111328	170
111351	170
111386	170
111421	170
111457	170
111492	170
111527	170
111550	170
111585	170
111621	170
111656	170
111679	170
111714	170
111750	170
111773	170
111808	170
111843	170
111878	170
111914	170
111949	170
111984	170
112007	170
112042	170
112078	170
112113	170
112148	170
112171	170
112207	170
112242	170
112277	170
112312	170
112347	170
112371	170
112406	170
112441	170
112476	170
112500	170
112535	170
112570	170
112605	170
112640	170
112675	170
112710	170
112746	170
112781	170
112816	170
112851	171
112886	171
112910	171
112957	171
112992	171
113015	171
113050	171
113085	171
113121	171
113144	171
113167	171
113203	171
113238	171
113261	171
113296	171
113332	171
113367	171
113390	171
113425	171
113460	171
113496	171
113531	171
113566	171
113589	171
113625	171
113660	171
113695	171
113730	171
113777	171
113800	171
113835	171
113871	171
113894	171
113929	171
113964	171
113988	171
114023	171
114058	171
114093	171
114117	171
114152	171
114187	171
114222	171
114246	171
114281	171
114316	171
114339	171
114375	171
114410	171
114445	171
114480	172
114527	172
114550	172
114585	172
114621	172
114656	172
114679	172
114714	172
114750	172
114785	172
114808	172
114843	172
114878	172
114914	172
114937	172
114972	172
115007	172
115042	172
115078	172
115101	172
115136	172
115171	172
115218	172
115253	172
115289	172
115324	172
115347	172
115382	172
115417	172
115441	172
115476	172
115511	172
115535	172
115570	172
115605	172
115628	172
115664	172
115699	172
115722	172
115757	172
115781	172
115816	172
115851	172
115875	172
115910	172
115945	172
115992	172
116027	172
116062	172
116085	172
116121	173
116156	173
116191	173
116226	173
116250	173
116285	173
116320	173
116343	173
116378	173
116414	173
116437	173
116472	173
116507	173
116531	173
116554	173
116589	173
116613	173
116648	173
116683	173
116718	173
116753	173
116789	173
116812	173
116847	173
116882	173
116917	173
116941	173
116976	173
117011	173
117046	173
117070	173
117105	173
117140	173
117175	173
117199	173
117234	173
117269	173
117292	173
117328	173
117363	173
117386	173
117421	173
117457	173
117492	173
117527	173
117562	173
117585	173
117621	173
117656	173
117679	173
117714	174
117750	174
117773	174
117808	174
117843	174
117867	174
117902	174
117937	174
117960	174
117996	174
118019	174
118042	174
118078	174
118101	174
118136	174
118160	174
118195	174
118230	174
118265	174
118300	174
118324	174
118359	174
118394	174
118429	174
118464	174
118500	174
118523	174
118558	174
118593	174
118628	174
118664	174
118699	174
118722	174
118757	174
118781	174
118816	174
118839	174
118875	174
118910	174
118933	174
118968	174
119003	174
119039	174
119074	174
119097	174
119132	174
119167	174
119191	174
119226	174
119261	174
119285	175
119320	175
119355	175
119390	175
119414	175
119449	175
119484	175
119507	175
119531	175
119566	175
119589	175
119625	175
119660	175
119683	175
119718	175
119753	175
119777	175
119812	175
119847	175
119871	175
119906	175
119941	175
119964	175
120000	175
120035	175
120058	175
120093	175
120128	175
120164	175
120199	175
120222	175
120257	175
120281	175
120316	175
120339	175
120375	175
120398	175
120433	175
120457	175
120492	175
120527	175
120550	175
120585	175
120621	175
120644	175
120679	175
120703	175
120738	175
120761	175
120796	175
120832	176
120867	176
120902	176
120937	176
120960	176
120996	176
121019	176
121054	176
121078	176
121113	176
121136	176
121171	176
121207	176
121230	176
121265	176
121289	176
121324	176
121359	176
121382	176
121417	176
121441	176
121476	176
121511	176
121535	176
121570	176
121605	176
121640	176
121675	176
121699	176
121734	176
121769	176
121792	176
121828	176
121851	176
121886	176
121910	176
121945	176
121980	176
122003	176
122039	176
122074	176
122097	176
122132	176
122156	176
122191	176
122226	176
122250	176
122285	176
122320	176
122355	176
122390	177
122414	177
122449	177
122472	177
122507	177
122531	177
122566	177
122589	177
122625	177
122660	177
122683	177
122707	177
122742	177
122777	177
122800	177
122835	177
122859	177
122894	177
122917	177
122953	177
122976	177
123011	177
123035	177
123070	177
123105	177
123140	177
123175	177
123199	177
123234	177
123269	177
123292	177
123328	177
123351	177
123386	177
123410	177
123445	177
123480	177
123515	177
123539	177
123574	177
123609	177
123632	177
123656	177
123691	177
123714	177
123750	177
123785	177
123808	177
123843	177
123878	177
123914	178
123937	178
123972	178
124007	178
124031	178
124066	178
124089	178
124125	178
124160	178
124183	178
124218	178
124253	178
124277	178
124312	178
124347	178
124371	178
124406	178
124429	178
124464	178
124488	178
124523	178
124546	178
124582	178
124617	178
124652	178
124687	178
124710	178
124746	178
124781	178
124816	178
124839	178
124875	178
124910	178
124933	178
124968	178
125003	178
125027	178
125062	178
125097	178
125121	178
125144	178
125167	178
125203	178
125226	178
125261	178
125285	178
125320	178
125343	178
125378	178
125414	178
125437	179
125472	179
125496	179
125531	179
125566	179
125601	179
125625	179
125660	179
125695	179
125730	179
125765	179
125800	179
125824	179
125859	179
125882	179
125917	179
125941	179
125976	179
126011	179
126035	179
126070	179
126093	179
126128	179
126152	179
126187	179
126222	179
126246	179
126281	179
126304	179
126339	179
126363	179
126398	179
126433	179
126468	179
126503	179
126539	179
126562	179
126597	179
126621	179
126656	179
126691	179
126714	179
126750	179
126773	179
126808	179
126832	179
126867	179
126890	179
126925	179
126960	179
126984	180
127019	180
127054	180
127078	180
127113	180
127136	180
127171	180
127207	180
127242	180
127277	180
127312	180
127335	180
127371	180
127394	180
127429	180
127453	180
127488	180
127523	180
127546	180
127570	180
127605	180
127628	180
127664	180
127687	180
127722	180
127746	180
127769	180
127804	180
127839	180
127863	180
127886	180
127921	180
127968	180
128003	180
128039	180
128062	180
128097	180
128121	180
128156	180
128191	180
128226	180
128250	180
128285	180
128308	180
128343	180
128367	180
128402	180
128425	180
128460	180
128484	180
128519	181
128542	181
128566	181
128589	181
128625	181
128660	181
128683	181
128718	181
128753	181
128789	181
128812	181
128847	181
128871	181
128906	181
128941	181
128964	181
129000	181
129023	181
129058	181
129082	181
129117	181
129152	181
129175	181
129210	181
129234	181
129269	181
129292	181
129328	181
129351	181
129386	181
129410	181
129445	181
129480	181
129515	181
129539	181
129574	181
129609	181
129632	181
129667	181
129691	181
129726	181
129750	181
129785	181
129808	181
129843	181
129867	181
129902	181
129925	181
129960	181
129996	181
130019	182
130042	182
130066	182
130089	182
130125	182
130160	182
130183	182
130218	182
130253	182
130277	182
130312	182
130347	182
130371	182
130406	182
130441	182
130476	182
130500	182
130535	182
130570	182
130605	182
130628	182
130664	182
130699	182
130722	182
130757	182
130781	182
130804	182
130839	182
130863	182
130898	182
130933	182
130957	182
130992	182
131027	182
131050	182
131085	182
131109	182
131144	182
131179	182
131203	182
131238	182
131261	182
131296	182
131332	182
131355	182
131390	182
131425	182
131449	182
131484	182
131507	182
131531	183
131566	183
131589	183
131625	183
131648	183
131683	183
131707	183
131742	183
131777	183
131800	183
131835	183
131859	183
131894	183
131917	183
131953	183
131988	183
132011	183
132046	183
132082	183
132117	183
132140	183
132175	183
132210	183
132234	183
132269	183
132292	183
132316	183
132351	183
132375	183
132410	183
132445	183
132468	183
132503	183
132527	183
132562	183
132585	183
132621	183
132644	183
132679	183
132703	183
132738	183
132773	183
132796	183
132832	183
132867	183
132902	183
132937	183
132960	183
132996	183
133019	183
133054	184
133078	184
133113	184
133136	184
133171	184
133195	184
133230	184
133253	184
133289	184
133312	184
133347	184
133382	184
133406	184
133441	184
133464	184
133500	184
133523	184
133558	184
133593	184
133628	184
133664	184
133699	184
133722	184
133757	184
133781	184
133816	184
133839	184
133875	184
133898	184
133933	184
133968	184
133992	184
134027	184
134050	184
134085	184
134121	184
134144	184
134179	184
134203	184
134238	184
134273	184
134296	184
134332	184
134378	184
134402	184
134437	184
134472	184
134496	184
134531	184
134554	184
134578	185
134613	185
134648	185
134671	185
134707	185
134730	185
134765	185
134789	185
134824	185
134859	185
134882	185
134917	185
134941	185
134976	185
135000	185
135035	185
135070	185
135105	185
135140	185
135164	185
135199	185
135222	185
135257	185
135292	185
135316	185
135351	185
135386	185
135410	185
135445	185
135480	185
135503	185
135539	185
135574	185
135597	185
135632	185
135656	185
135691	185
135714	185
135750	185
135785	185
135808	185
135843	185
135878	185
135914	185
135937	185
135972	185
136007	185
136031	185
136066	185
136101	185
136125	186
136160	186
136195	186
136230	186
136253	186
136289	186
136324	186
136347	186
136382	186
136417	186
136441	186
136476	186
136500	186
136535	186
136570	186
136605	186
136640	186
136675	186
136699	186
136734	186
136769	186
136804	186
136839	186
136863	186
136898	186
136933	186
136968	186
137003	186
137027	186
137062	186
137097	186
137121	186
137144	186
137179	186
137203	186
137238	186
137261	186
137296	186
137320	186
137355	186
137390	186
137425	186
137449	186
137484	186
137519	186
137554	186
137578	186
137613	186
137636	186
137671	186
137718	187
137753	187
137789	187
137812	187
137847	187
137882	187
137906	187
137941	187
137964	187
138000	187
138035	187
138058	187
138093	187
138128	187
138152	187
138187	187
138222	187
138246	187
138281	187
138316	187
138339	187
138375	187
138410	187
138445	187
138480	187
138515	187
138550	187
138574	187
138609	187
138644	187
138667	187
138703	187
138738	187
138761	187
138796	187
138832	187
138855	187
138890	187
138925	187
138960	187
138984	187
139019	187
139054	187
139089	187
139113	187
139148	187
139183	187
139218	187
139253	187
139289	187
139324	188
139347	188
139382	188
139417	188
139441	188
139476	188
139511	188
139535	188
139570	188
139593	188
139628	188
139652	188
139687	188
139722	188
139746	188
139781	188
139804	188
139839	188
139863	188
139898	188
139933	188
139968	188
140015	188
140039	188
140074	188
140109	188
140144	188
140179	188
140203	188
140238	188
140273	188
140296	188
140332	188
140355	188
140390	188
140425	188
140449	188
140484	188
140507	188
140531	188
140566	188
140589	188
140625	188
140660	188
140683	188
140718	188
140753	188
140789	188
140812	188
140847	188
140882	189
140917	189
140941	189
140976	189
141011	189
141035	189
141070	189
141105	189
141128	189
141164	189
141199	189
141222	189
141257	189
141281	189
141316	189
141351	189
141375	189
141410	189
141445	189
141480	189
141503	189
141539	189
141574	189
141597	189
141632	189
141667	189
141691	189
141726	189
141750	189
141785	189
141820	189
141843	189
141878	189
141902	189
141937	189
141972	189
141996	189
142019	189
142042	189
142078	189
142101	189
142136	189
142171	189
142195	189
142230	189
142265	189
142300	189
142324	189
142359	189
142394	189
142429	190
142464	190
142488	190
142523	190
142546	190
142582	190
142617	190
142652	190
142687	190
142710	190
142746	190
142769	190
142804	190
142828	190
142863	190
142886	190
142921	190
142957	190
142980	190
143015	190
143050	190
143074	190
143109	190
143144	190
143167	190
143203	190
143226	190
143261	190
143296	190
143320	190
143355	190
143390	190
143425	190
143449	190
143484	190
143507	190
143531	190
143566	190
143589	190
143625	190
143648	190
143683	190
143718	190
143742	190
143777	190
143800	190
143835	190
143871	190
143894	190
143929	190
143953	191
143988	191
144011	191
144046	191
144082	191
144117	191
144152	191
144175	191
144210	191
144234	191
144269	191
144292	191
144328	191
144351	191
144386	191
144410	191
144445	191
144468	191
144503	191
144527	191
144562	191
144597	191
144621	191
144656	191
144679	191
144714	191
144738	191
144773	191
144808	191
144843	191
144878	191
144902	191
144937	191
144960	191
144996	191
145019	191
145054	191
145078	191
145113	191
145136	191
145171	191
145195	191
145230	191
145253	191
145289	191
145324	191
145347	191
145382	191
145406	191
145441	191
145476	192
145500	192
145535	192
145570	192
145605	192
145640	192
145664	192
145699	192
145734	192
145757	192
145792	192
145816	192
145839	192
145875	192
145910	192
145933	192
145968	192
145992	192
146027	192
146062	192
146085	192
146121	192
146144	192
146179	192
146214	192
146238	192
146273	192
146296	192
146332	192
146367	192
146402	192
146437	192
146460	192
146496	192
146519	192
146554	192
146578	192
146613	192
146636	192
146671	192
146695	192
146730	192
146753	192
146789	192
146824	192
146847	192
146882	192
146906	192
146929	192
146964	192
146988	193
147023	193
147058	193
147093	193
147128	193
147152	193
147187	193
147222	193
147246	193
147281	193
147304	193
147339	193
147363	193
147398	193
147433	193
147468	193
147492	193
147527	193
147562	193
147585	193
147621	193
147644	193
147679	193
147703	193
147738	193
147761	193
147796	193
147832	193
147867	193
147902	193
147925	193
147960	193
147984	193
148019	193
148054	193
148078	193
148113	193
148136	193
148171	193
148207	193
148242	193
148277	193
148300	193
148335	193
148359	193
148394	193
148417	193
148453	193
148476	193
148511	193
148546	194
148582	194
148617	194
148652	194
148675	194
148710	194
148734	194
148769	194
148816	194
148839	194
148875	194
148898	194
148933	194
148968	194
149003	194
149027	194
149062	194
149097	194
149121	194
149144	194
149167	194
149203	194
149226	194
149261	194
149296	194
149320	194
149355	194
149378	194
149414	194
149449	194
149472	194
149507	194
149542	194
149578	194
149601	194
149636	194
149671	194
149707	194
149742	194
149777	194
149812	194
149835	194
149871	194
149906	194
149929	194
149964	194
149988	194
150023	194
150058	194
150082	194
150117	195
150152	195
150175	195
150210	195
150246	195
150269	195
150304	195
150328	195
150363	195
150398	195
150433	195
150468	195
150503	195
150539	195
150562	195
150597	195
150632	195
150667	195
150691	195
150726	195
150750	195
150785	195
150820	195
150843	195
150878	195
150914	195
150937	195
150972	195
151007	195
151031	195
151066	195
151101	195
151125	195
151160	195
151195	195
151242	195
151277	195
151300	195
151335	195
151371	195
151394	195
151429	195
151453	195
151488	195
151523	195
151546	195
151582	195
151605	195
151640	195
151664	195
151699	196
151734	196
151757	196
151781	196
151816	196
151851	196
151875	196
151910	196
151945	196
151980	196
152027	196
152050	196
152085	196
152121	196
152156	196
152191	196
152214	196
152250	196
152285	196
152308	196
152343	196
152378	196
152402	196
152437	196
152472	196
152496	196
152519	196
152542	196
152578	196
152613	196
152636	196
152671	196
152707	196
152742	196
152777	196
152800	196
152835	196
152871	196
152906	196
152941	196
152964	196
153000	196
153035	196
153058	196
153093	196
153128	196
153152	196
153187	196
153222	196
153246	196
153281	197
153316	197
153339	197
153375	197
153398	197
153433	197
153468	197
153503	197
153539	197
153574	197
153597	197
153632	197
153656	197
153691	197
153726	197
153750	197
153785	197
153820	197
153843	197
153878	197
153902	197
153937	197
153972	197
153996	197
154019	197
154054	197
154078	197
154113	197
154136	197
154171	197
154207	197
154242	197
154277	197
154312	197
154335	197
154371	197
154406	197
154441	197
154476	197
154500	197
154535	197
154570	197
154605	197
154640	197
154675	197
154710	197
154734	197
154769	197
154792	197
154828	197
154863	198
154886	198
154921	198
154957	198
154992	198
155015	198
155050	198
155085	198
155121	198
155144	198
155179	198
155214	198
155238	198
155273	198
155308	198
155343	198
155367	198
155402	198
155437	198
155472	198
155496	198
155519	198
155554	198
155578	198
155613	198
155648	198
155671	198
155707	198
155742	198
155765	198
155800	198
155835	198
155859	198
155894	198
155929	198
155953	198
155988	198
156023	198
156046	198
156082	198
156117	198
156152	198
156187	198
156222	198
156246	198
156281	198
156304	198
156339	198
156363	198
156398	198
156433	199
156457	199
156492	199
156527	199
156550	199
156585	199
156621	199
156644	199
156679	199
156714	199
156738	199
156773	199
156808	199
156843	199
156878	199
156914	199
156949	199
156972	199
157007	199
157031	199
157066	199
157101	199
157125	199
157160	199
157195	199
157218	199
157253	199
157277	199
157312	199
157347	199
157382	199
157406	199
157441	199
157476	199
157500	199
157535	199
157570	199
157605	199
157640	199
157675	199
157699	199
157734	199
157769	199
157792	199
157828	199
157851	199
157886	199
timepoint: 187.78