0	0
0	0
0	0
0	0
0	0
0	0
0	0
0	0
0	0
0	0
0	0
0	0
0	0
0	0
0	0
0	0
0	0
0	0
0	0
0	0
0	0
0	0
0	0
0	0
0	0
0	0
0	0
0	0
0	0
0	0
0	0
0	0
0	0
0	0
0	0
0	0
0	0
0	0
0	0
0	0
0	0
0	0
0	0
0	0
0	0
0	0
0	0
0	0
0	0
0	0
0	1
0	1
0	1
0	1
0	1
0	1
0	1
0	1
0	1
0	1
0	1
0	1
0	1
0	1
0	1
0	1
0	1
0	1
0	1
0	1
0	1
0	1
0	1
0	1
0	1
0	1
0	1
0	1
0	1
0	1
0	1
0	1
0	1
0	1
0	1
0	1
0	1
0	1
0	1
0	1
0	1
0	1
0	1
0	1
0	1
0	1
0	1
0	1
0	1
0	1
0	2
0	2
0	2
0	2
0	2
0	2
0	2
0	2
0	2
0	2
0	2
0	2
0	2
0	2
0	2
0	2
0	2
0	2
0	2
0	2
0	2
0	2
0	2
0	2
0	2
0	2
0	2
0	2
0	2
0	2
0	2
0	2
0	2
0	2
0	2
0	2
0	2
0	2
0	2
0	2
0	2
0	2
0	2
0	2
0	2
0	2
0	2
0	2
0	2
0	2
0	3
0	3
0	3
0	3
0	3
0	3
0	3
0	3
0	3
0	3
0	3
0	3
0	3
0	3
0	3
0	3
0	3
0	3
0	3
0	3
0	3
0	3
0	3
0	3
0	3
0	3
0	3
0	3
0	3
0	3
0	3
0	3
0	3
0	3
0	3
0	3
0	3
0	3
0	3
0	3
0	3
0	3
0	3
0	3
0	3
0	3
0	3
0	3
0	3
0	3
0	4
0	4
0	4
0	4
0	4
0	4
0	4
0	4
0	4
0	4
0	4
0	4
0	4
0	4
0	4
0	4
0	4
0	4
0	4
0	4
0	4
0	4
0	4
0	4
0	4
0	4
0	4
0	4
0	4
0	4
0	4
0	4
0	4
0	4
0	4
0	4
0	4
0	4
0	4
0	4
0	4
0	4
0	4
0	4
0	4
0	4
0	4
0	4
0	4
0	4
0	5
0	5
0	5
0	5
0	5
0	5
0	5
0	5
0	5
11	5
11	5
11	5
11	5
11	5
11	5
11	5
11	5
11	5
11	5
23	5
23	5
23	5
23	5
23	5
23	5
23	5
23	5
23	5
23	5
23	5
23	5
23	5
35	5
35	5
35	5
35	5
35	5
35	5
35	5
35	5
35	5
35	5
35	5
35	5
35	5
35	5
35	5
35	5
23	5
23	5
23	6
23	6
23	6
23	6
23	6
23	6
23	6
23	6
23	6
23	6
23	6
23	6
23	6
23	6
23	6
23	6
11	6
11	6
11	6
11	6
11	6
11	6
11	6
11	6
11	6
11	6
11	6
11	6
11	6
23	6
23	6
23	6
23	6
23	6
23	6
23	6
23	6
23	6
23	6
23	6
23	6
23	6
23	6
23	6
35	6
35	6
35	6
35	6
35	6
35	6
35	7
35	7
35	7
35	7
35	7
35	7
35	7
35	7
35	7
35	7
35	7
35	7
35	7
35	7
35	7
35	7
35	7
35	7
35	7
35	7
35	7
35	7
35	7
35	7
35	7
35	7
35	7
35	7
35	7
35	7
35	7
35	7
35	7
35	7
23	7
23	7
23	7
23	7
23	7
23	7
23	7
23	7
23	7
23	7
23	7
23	7
23	7
23	7
23	7
23	7
23	8
23	8
23	8
35	8
35	8
35	8
35	8
35	8
35	8
35	8
35	8
35	8
35	8
35	8
35	8
35	8
35	8
35	8
35	8
35	8
35	8
35	8
35	8
35	8
35	8
35	8
35	8
35	8
35	8
35	8
46	8
46	8
46	8
46	8
46	8
46	8
46	8
46	8
46	8
35	8
35	8
35	8
35	8
35	8
35	8
35	8
35	8
35	8
35	8
35	8
35	9
35	9
35	9
35	9
35	9
35	9
35	9
35	9
35	9
35	9
35	9
35	9
35	9
35	9
35	9
35	9
35	9
35	9
35	9
35	9
35	9
35	9
35	9
35	9
35	9
35	9
35	9
35	9
35	9
35	9
35	9
35	9
35	9
35	9
35	9
35	9
35	9
35	9
35	9
35	9
35	9
35	9
35	9
35	9
35	9
35	9
35	9
35	9
35	9
35	9
35	10
35	10
35	10
35	10
35	10
35	10
35	10
35	10
35	10
35	10
35	10
35	10
35	10
35	10
35	10
35	10
35	10
35	10
35	10
35	10
35	10
35	10
35	10
35	10
35	10
35	10
35	10
35	10
35	10
35	10
35	10
35	10
35	10
35	10
35	10
35	10
35	10
35	10
35	10
35	10
35	10
35	10
35	10
35	10
35	10
35	10
35	10
35	10
35	10
35	10
35	11
35	11
35	11
35	11
35	11
35	11
35	11
35	11
35	11
35	11
35	11
35	11
35	11
35	11
35	11
35	11
35	11
35	11
35	11
35	11
35	11
35	11
35	11
35	11
35	11
35	11
35	11
35	11
35	11
35	11
35	11
35	11
35	11
35	11
35	11
35	11
35	11
35	11
35	11
35	11
35	11
35	11
35	11
35	11
35	11
35	11
35	11
35	11
35	11
35	11
35	12
35	12
35	12
35	12
35	12
35	12
35	12
35	12
35	12
35	12
35	12
35	12
35	12
35	12
35	12
35	12
35	12
35	12
35	12
35	12
35	12
35	12
35	12
35	12
35	12
35	12
35	12
35	12
35	12
35	12
35	12
35	12
35	12
35	12
35	12
35	12
35	12
35	12
35	12
35	12
35	12
35	12
35	12
35	12
35	12
35	12
35	12
35	12
35	12
35	12
35	13
35	13
35	13
35	13
35	13
35	13
35	13
35	13
35	13
35	13
35	13
35	13
35	13
35	13
35	13
35	13
35	13
35	13
35	13
35	13
35	13
35	13
35	13
35	13
35	13
35	13
35	13
35	13
35	13
35	13
35	13
35	13
35	13
35	13
35	13
35	13
35	13
35	13
35	13
35	13
35	13
35	13
35	13
35	13
35	13
35	13
35	13
35	13
35	13
35	13
35	14
35	14
35	14
35	14
35	14
35	14
35	14
35	14
35	14
35	14
35	14
35	14
35	14
35	14
35	14
35	14
35	14
35	14
35	14
35	14
35	14
35	14
35	14
35	14
35	14
35	14
35	14
35	14
35	14
35	14
35	14
35	14
35	14
35	14
35	14
35	14
35	14
35	14
35	14
35	14
35	14
35	14
35	14
35	14
35	14
35	14
35	14
35	14
35	14
35	14
35	15
35	15
35	15
35	15
35	15
35	15
35	15
35	15
35	15
35	15
35	15
35	15
35	15
35	15
35	15
35	15
35	15
35	15
35	15
35	15
35	15
35	15
35	15
35	15
35	15
35	15
35	15
35	15
35	15
35	15
35	15
35	15
35	15
35	15
35	15
35	15
35	15
35	15
35	15
35	15
35	15
35	15
35	15
35	15
35	15
35	15
35	15
35	15
35	15
35	15
35	16
35	16
35	16
35	16
35	16
35	16
35	16
35	16
35	16
35	16
35	16
35	16
35	16
35	16
35	16
35	16
35	16
35	16
35	16
35	16
35	16
35	16
35	16
35	16
35	16
35	16
35	16
35	16
35	16
35	16
35	16
35	16
35	16
35	16
35	16
35	16
35	16
35	16
35	16
35	16
35	16
35	16
35	16
35	16
35	16
35	16
35	16
35	16
35	16
35	16
35	17
35	17
35	17
35	17
35	17
35	17
35	17
35	17
35	17
35	17
35	17
35	17
35	17
35	17
35	17
35	17
35	17
35	17
35	17
35	17
35	17
35	17
35	17
35	17
35	17
35	17
35	17
35	17
35	17
35	17
35	17
35	17
35	17
35	17
35	17
35	17
35	17
35	17
35	17
35	17
35	17
35	17
35	17
35	17
35	17
35	17
35	17
35	17
35	17
35	17
35	18
35	18
35	18
35	18
35	18
35	18
35	18
35	18
35	18
35	18
35	18
35	18
35	18
35	18
35	18
35	18
35	18
35	18
35	18
35	18
35	18
35	18
35	18
35	18
35	18
35	18
35	18
35	18
35	18
35	18
35	18
35	18
35	18
35	18
35	18
35	18
35	18
35	18
35	18
35	18
35	18
35	18
35	18
35	18
35	18
35	18
35	18
35	18
35	18
35	18
35	19
35	19
35	19
35	19
35	19
35	19
35	19
35	19
35	19
35	19
35	19
35	19
35	19
35	19
35	19
35	19
35	19
35	19
35	19
35	19
35	19
35	19
35	19
35	19
35	19
35	19
35	19
35	19
35	19
35	19
35	19
35	19
35	19
35	19
35	19
35	19
35	19
35	19
35	19
35	19
35	19
35	19
35	19
35	19
35	19
35	19
35	19
35	19
35	19
35	19
35	20
35	20
35	20
35	20
35	20
35	20
35	20
35	20
35	20
35	20
35	20
35	20
35	20
35	20
35	20
35	20
35	20
35	20
35	20
35	20
35	20
35	20
35	20
35	20
35	20
35	20
35	20
35	20
35	20
35	20
35	20
35	20
35	20
35	20
35	20
35	20
35	20
35	20
35	20
35	20
35	20
35	20
35	20
35	20
35	20
35	20
35	20
35	20
35	20
35	20
35	21
35	21
35	21
35	21
35	21
35	21
35	21
35	21
35	21
35	21
35	21
35	21
35	21
35	21
35	21
35	21
35	21
35	21
35	21
35	21
35	21
35	21
35	21
35	21
35	21
35	21
35	21
35	21
35	21
35	21
35	21
35	21
35	21
35	21
35	21
35	21
35	21
35	21
35	21
35	21
35	21
35	21
35	21
35	21
35	21
35	21
35	21
35	21
35	21
35	21
35	22
35	22
35	22
35	22
35	22
35	22
35	22
35	22
35	22
35	22
35	22
35	22
35	22
35	22
35	22
35	22
35	22
35	22
35	22
35	22
35	22
35	22
35	22
35	22
35	22
35	22
35	22
35	22
35	22
35	22
35	22
35	22
35	22
35	22
35	22
35	22
35	22
35	22
35	22
35	22
35	22
35	22
35	22
35	22
35	22
35	22
35	22
35	22
35	22
35	22
35	23
35	23
35	23
35	23
35	23
35	23
35	23
35	23
35	23
35	23
35	23
35	23
35	23
35	23
35	23
35	23
35	23
35	23
35	23
35	23
35	23
35	23
35	23
35	23
35	23
35	23
35	23
35	23
35	23
35	23
35	23
35	23
35	23
35	23
35	23
35	23
35	23
35	23
35	23
35	23
35	23
35	23
35	23
35	23
35	23
35	23
35	23
35	23
35	23
35	23
35	24
35	24
35	24
35	24
35	24
35	24
35	24
35	24
35	24
35	24
35	24
35	24
35	24
35	24
35	24
35	24
35	24
35	24
35	24
35	24
35	24
35	24
35	24
35	24
35	24
35	24
35	24
35	24
35	24
35	24
35	24
35	24
35	24
35	24
35	24
35	24
35	24
35	24
35	24
35	24
35	24
35	24
35	24
35	24
35	24
35	24
35	24
35	24
35	24
35	24
35	25
35	25
35	25
35	25
35	25
35	25
35	25
35	25
35	25
35	25
35	25
35	25
35	25
35	25
35	25
35	25
35	25
35	25
35	25
35	25
35	25
35	25
35	25
35	25
35	25
35	25
35	25
35	25
35	25
35	25
35	25
35	25
35	25
35	25
35	25
35	25
35	25
35	25
35	25
35	25
35	25
35	25
35	25
35	25
35	25
35	25
35	25
35	25
35	25
35	25
35	26
35	26
35	26
35	26
35	26
35	26
35	26
35	26
35	26
35	26
35	26
35	26
35	26
35	26
35	26
35	26
35	26
35	26
35	26
35	26
35	26
35	26
35	26
35	26
35	26
35	26
35	26
35	26
35	26
35	26
35	26
35	26
35	26
35	26
35	26
35	26
35	26
35	26
35	26
35	26
35	26
35	26
35	26
35	26
35	26
35	26
35	26
35	26
35	26
35	26
35	27
35	27
35	27
35	27
35	27
35	27
35	27
35	27
35	27
35	27
35	27
35	27
35	27
35	27
35	27
35	27
35	27
35	27
35	27
35	27
35	27
35	27
35	27
35	27
35	27
35	27
35	27
35	27
35	27
35	27
35	27
35	27
35	27
35	27
35	27
35	27
35	27
35	27
35	27
35	27
35	27
35	27
35	27
35	27
35	27
35	27
35	27
35	27
35	27
35	27
35	28
35	28
35	28
35	28
35	28
35	28
35	28
35	28
46	28
46	28
46	28
46	28
46	28
46	28
46	28
46	28
46	28
46	28
46	28
46	28
46	28
46	28
46	28
46	28
46	28
46	28
46	28
46	28
46	28
46	28
46	28
46	28
46	28
46	28
46	28
46	28
46	28
46	28
46	28
46	28
46	28
46	28
46	28
46	28
46	28
46	28
46	28
46	28
46	28
46	28
46	29
46	29
46	29
46	29
58	29
58	29
58	29
58	29
58	29
58	29
58	29
58	29
58	29
58	29
58	29
58	29
58	29
58	29
58	29
58	29
58	29
58	29
58	29
58	29
58	29
58	29
70	29
70	29
70	29
70	29
70	29
70	29
70	29
70	29
70	29
70	29
70	29
70	29
70	29
70	29
82	29
82	29
82	29
82	29
82	29
82	29
82	29
82	29
82	29
82	29
82	30
82	30
82	30
82	30
82	30
93	30
93	30
93	30
93	30
93	30
93	30
93	30
93	30
93	30
93	30
93	30
93	30
93	30
93	30
93	30
105	30
105	30
105	30
105	30
105	30
105	30
105	30
105	30
105	30
105	30
105	30
117	30
117	30
117	30
117	30
117	30
117	30
117	30
117	30
117	30
117	30
117	30
128	30
128	30
128	30
128	30
128	30
128	30
128	30
128	30
128	31
128	31
140	31
140	31
140	31
140	31
140	31
140	31
140	31
140	31
140	31
140	31
140	31
152	31
152	31
152	31
152	31
152	31
152	31
152	31
152	31
152	31
164	31
164	31
164	31
164	31
164	31
164	31
164	31
164	31
164	31
164	31
175	31
175	31
175	31
175	31
175	31
175	31
175	31
175	31
175	31
187	31
187	31
187	31
187	31
187	31
187	31
187	31
187	31
187	31
199	32
199	32
199	32
199	32
199	32
199	32
199	32
199	32
210	32
210	32
210	32
210	32
210	32
210	32
210	32
210	32
222	32
222	32
222	32
222	32
222	32
222	32
222	32
234	32
234	32
234	32
234	32
234	32
234	32
246	32
246	32
246	32
246	32
246	32
246	32
246	32
246	32
257	32
257	32
257	32
257	32
257	32
257	32
257	32
269	32
269	32
269	32
269	32
269	32
269	32
269	33
281	33
281	33
281	33
281	33
281	33
281	33
281	33
281	33
292	33
292	33
292	33
292	33
292	33
292	33
292	33
304	33
304	33
304	33
304	33
304	33
304	33
304	33
316	33
316	33
316	33
316	33
316	33
316	33
328	33
328	33
328	33
328	33
328	33
328	33
328	33
339	33
339	33
339	33
339	33
339	33
339	33
351	33
351	33
351	33
351	33
351	33
351	33
351	33
363	33
363	34
363	34
363	34
363	34
363	34
375	34
375	34
375	34
375	34
375	34
375	34
386	34
386	34
386	34
386	34
386	34
386	34
398	34
398	34
398	34
398	34
398	34
398	34
410	34
410	34
410	34
410	34
410	34
421	34
421	34
421	34
421	34
421	34
421	34
433	34
433	34
433	34
433	34
433	34
433	34
445	34
445	34
445	34
445	34
445	34
445	34
445	34
457	34
457	34
457	34
457	35
457	35
457	35
468	35
468	35
468	35
468	35
468	35
468	35
480	35
480	35
480	35
480	35
480	35
480	35
492	35
492	35
492	35
492	35
492	35
503	35
503	35
503	35
503	35
503	35
503	35
515	35
515	35
515	35
515	35
515	35
527	35
527	35
527	35
527	35
527	35
527	35
539	35
539	35
539	35
539	35
539	35
550	35
550	35
550	35
550	35
550	35
550	35
562	35
562	35
562	36
562	36
562	36
562	36
574	36
574	36
574	36
574	36
574	36
585	36
585	36
585	36
585	36
585	36
585	36
597	36
597	36
597	36
597	36
597	36
609	36
609	36
609	36
609	36
609	36
621	36
621	36
621	36
621	36
621	36
632	36
632	36
632	36
632	36
632	36
644	36
644	36
644	36
644	36
656	36
656	36
656	36
656	36
656	36
667	36
667	36
667	36
667	36
679	36
679	36
679	37
679	37
679	37
691	37
691	37
691	37
691	37
703	37
703	37
703	37
703	37
714	37
714	37
714	37
714	37
726	37
726	37
726	37
726	37
726	37
738	37
738	37
738	37
738	37
738	37
750	37
750	37
750	37
750	37
761	37
761	37
761	37
761	37
761	37
773	37
773	37
773	37
773	37
773	37
785	37
785	37
785	37
785	37
785	37
796	37
796	37
796	37
796	37
796	37
808	37
808	38
808	38
808	38
808	38
820	38
820	38
820	38
820	38
832	38
832	38
832	38
832	38
832	38
843	38
843	38
843	38
843	38
843	38
855	38
855	38
855	38
855	38
855	38
867	38
867	38
867	38
867	38
867	38
878	38
878	38
878	38
878	38
878	38
890	38
890	38
890	38
890	38
890	38
902	38
902	38
902	38
902	38
902	38
902	38
914	38
914	38
914	38
914	38
914	38
925	38
925	39
925	39
925	39
925	39
937	39
937	39
937	39
937	39
937	39
949	39
949	39
949	39
949	39
960	39
960	39
960	39
960	39
960	39
972	39
972	39
972	39
972	39
984	39
984	39
984	39
984	39
984	39
996	39
996	39
996	39
996	39
1007	39
1007	39
1007	39
1007	39
1007	39
1019	39
1019	39
1019	39
1019	39
1031	39
1031	39
1031	39
1031	39
1031	39
1042	39
1042	39
1042	39
1042	39
1054	39
1054	40
1054	40
1054	40
1054	40
1066	40
1066	40
1066	40
1066	40
1066	40
1078	40
1078	40
1078	40
1078	40
1078	40
1089	40
1089	40
1089	40
1089	40
1101	40
1101	40
1101	40
1101	40
1101	40
1113	40
1113	40
1113	40
1113	40
1113	40
1125	40
1125	40
1125	40
1125	40
1136	40
1136	40
1136	40
1136	40
1136	40
1148	40
1148	40
1148	40
1148	40
1160	40
1160	40
1160	40
1160	40
1171	40
1171	40
1171	40
1171	40
1183	40
1183	41
1183	41
1183	41
1195	41
1195	41
1195	41
1195	41
1195	41
1207	41
1207	41
1207	41
1207	41
1218	41
1218	41
1218	41
1218	41
1218	41
1230	41
1230	41
1230	41
1230	41
1242	41
1242	41
1242	41
1242	41
1253	41
1253	41
1253	41
1253	41
1265	41
1265	41
1265	41
1265	41
1265	41
1277	41
1277	41
1277	41
1277	41
1289	41
1289	41
1289	41
1289	41
1300	41
1300	41
1300	41
1300	41
1300	41
1312	41
1312	41
1312	41
1312	42
1324	42
1324	42
1324	42
1324	42
1324	42
1335	42
1335	42
1335	42
1335	42
1347	42
1347	42
1347	42
1347	42
1359	42
1359	42
1359	42
1359	42
1359	42
1371	42
1371	42
1371	42
1382	42
1382	42
1382	42
1382	42
1394	42
1394	42
1394	42
1394	42
1406	42
1406	42
1406	42
1406	42
1417	42
1417	42
1417	42
1429	42
1429	42
1429	42
1429	42
1441	42
1441	42
1441	42
1453	42
1453	42
1453	42
1453	42
1464	42
1464	42
1464	43
1476	43
1476	43
1476	43
1476	43
1488	43
1488	43
1488	43
1488	43
1500	43
1500	43
1500	43
1511	43
1511	43
1511	43
1511	43
1523	43
1523	43
1523	43
1523	43
1523	43
1535	43
1535	43
1535	43
1535	43
1546	43
1546	43
1546	43
1546	43
1558	43
1558	43
1558	43
1558	43
1570	43
1570	43
1570	43
1570	43
1582	43
1582	43
1582	43
1582	43
1593	43
1593	43
1593	43
1593	43
1605	43
1605	43
1605	43
1605	43
1617	43
1617	44
1617	44
1617	44
1628	44
1628	44
1628	44
1628	44
1628	44
1640	44
1640	44
1640	44
1640	44
1652	44
1652	44
1652	44
1652	44
1664	44
1664	44
1664	44
1664	44
1675	44
1675	44
1675	44
1675	44
1687	44
1687	44
1687	44
1687	44
1699	44
1699	44
1699	44
1699	44
1710	44
1710	44
1710	44
1710	44
1722	44
1722	44
1722	44
1722	44
1734	44
1734	44
1734	44
1734	44
1746	44
1746	44
1746	44
1757	44
1757	44
1757	44
1757	45
1769	45
1769	45
1769	45
1769	45
1781	45
1781	45
1781	45
1781	45
1792	45
1792	45
1792	45
1792	45
1804	45
1804	45
1804	45
1804	45
1816	45
1816	45
1816	45
1816	45
1828	45
1828	45
1828	45
1828	45
1839	45
1839	45
1839	45
1839	45
1851	45
1851	45
1851	45
1851	45
1863	45
1863	45
1863	45
1875	45
1875	45
1875	45
1875	45
1886	45
1886	45
1886	45
1886	45
1898	45
1898	45
1898	45
1910	45
1910	45
1910	45
1910	46
1921	46
1921	46
1921	46
1933	46
1933	46
1933	46
1933	46
1945	46
1945	46
1945	46
1957	46
1957	46
1957	46
1957	46
1968	46
1968	46
1968	46
1968	46
1980	46
1980	46
1980	46
1992	46
1992	46
1992	46
2003	46
2003	46
2003	46
2003	46
2015	46
2015	46
2015	46
2027	46
2027	46
2027	46
2039	46
2039	46
2039	46
2039	46
2050	46
2050	46
2050	46
2062	46
2062	46
2062	46
2062	46
2074	46
2074	46
2074	46
2085	46
2085	47
2085	47
2085	47
2097	47
2097	47
2097	47
2109	47
2109	47
2109	47
2109	47
2121	47
2121	47
2121	47
2132	47
2132	47
2132	47
2144	47
2144	47
2144	47
2156	47
2156	47
2156	47
2167	47
2167	47
2167	47
2179	47
2179	47
2179	47
2191	47
2191	47
2203	47
2203	47
2203	47
2214	47
2214	47
2214	47
2226	47
2226	47
2226	47
2238	47
2238	47
2238	47
2250	47
2250	47
2250	47
2261	47
2261	47
2261	47
2273	47
2273	47
2273	48
2285	48
2285	48
2285	48
2296	48
2296	48
2296	48
2296	48
2308	48
2308	48
2308	48
2320	48
2320	48
2320	48
2332	48
2332	48
2332	48
2343	48
2343	48
2343	48
2355	48
2355	48
2355	48
2367	48
2367	48
2367	48
2367	48
2378	48
2378	48
2378	48
2390	48
2390	48
2390	48
2390	48
2402	48
2402	48
2402	48
2414	48
2414	48
2414	48
2425	48
2425	48
2425	48
2437	48
2437	48
2437	48
2449	48
2449	48
2449	48
2460	48
2460	49
2460	49
2472	49
2472	49
2472	49
2484	49
2484	49
2484	49
2496	49
2496	49
2496	49
2507	49
2507	49
2507	49
2519	49
2519	49
2519	49
2531	49
2531	49
2531	49
2542	49
2542	49
2542	49
2554	49
2554	49
2554	49
2566	49
2566	49
2566	49
2578	49
2578	49
2589	49
2589	49
2589	49
2601	49
2601	49
2601	49
2613	49
2613	49
2613	49
2625	49
2625	49
2625	49
2636	49
2636	49
2636	49
2648	49
2648	49
2660	49
2660	49
2660	50
2671	50
2671	50
2671	50
2683	50
2683	50
2695	50
2695	50
2695	50
2707	50
2707	50
2707	50
2718	50
2718	50
2718	50
2730	50
2730	50
2730	50
2742	50
2742	50
2742	50
2753	50
2753	50
2765	50
2765	50
2765	50
2777	50
2777	50
2777	50
2789	50
2789	50
2789	50
2800	50
2800	50
2812	50
2812	50
2812	50
2824	50
2824	50
2835	50
2835	50
2835	50
2847	50
2847	50
2847	50
2859	50
2859	50
2871	50
2871	50
2871	50
2882	51
2882	51
2894	51
2894	51
2906	51
2906	51
2906	51
2917	51
2917	51
2929	51
2929	51
2941	51
2941	51
2953	51
2953	51
2953	51
2964	51
2964	51
2976	51
2976	51
2988	51
2988	51
2988	51
3000	51
3000	51
3011	51
3011	51
3023	51
3023	51
3023	51
3035	51
3035	51
3046	51
3046	51
3046	51
3058	51
3058	51
3070	51
3070	51
3070	51
3082	51
3082	51
3093	51
3093	51
3093	51
3105	51
3105	51
3117	51
3117	51
3128	51
3128	52
3140	52
3140	52
3140	52
3152	52
3152	52
3164	52
3164	52
3164	52
3175	52
3175	52
3187	52
3187	52
3187	52
3199	52
3199	52
3210	52
3210	52
3222	52
3222	52
3222	52
3234	52
3234	52
3246	52
3246	52
3257	52
3257	52
3257	52
3269	52
3269	52
3281	52
3281	52
3292	52
3292	52
3304	52
3304	52
3304	52
3316	52
3316	52
3328	52
3328	52
3339	52
3339	52
3351	52
3351	52
3351	52
3363	52
3363	52
3375	52
3375	52
3386	53
3386	53
3398	53
3398	53
3398	53
3410	53
3410	53
3421	53
3421	53
3433	53
3433	53
3433	53
3445	53
3445	53
3457	53
3457	53
3468	53
3468	53
3468	53
3480	53
3480	53
3492	53
3492	53
3503	53
3503	53
3503	53
3515	53
3515	53
3527	53
3527	53
3539	53
3539	53
3539	53
3550	53
3550	53
3562	53
3562	53
3574	53
3574	53
3585	53
3585	53
3585	53
3597	53
3597	53
3609	53
3609	53
3621	53
3621	53
3632	53
3632	53
3644	54
3644	54
3656	54
3656	54
3667	54
3667	54
3679	54
3679	54
3691	54
3691	54
3703	54
3703	54
3714	54
3714	54
3726	54
3726	54
3738	54
3738	54
3738	54
3750	54
3750	54
3761	54
3761	54
3773	54
3773	54
3785	54
3785	54
3796	54
3796	54
3808	54
3808	54
3820	54
3820	54
3820	54
3832	54
3832	54
3843	54
3843	54
3855	54
3855	54
3867	54
3867	54
3878	54
3878	54
3890	54
3890	54
3902	54
3902	54
3914	54
3914	54
3925	55
3925	55
3925	55
3937	55
3937	55
3949	55
3949	55
3960	55
3960	55
3972	55
3972	55
3984	55
3984	55
3996	55
3996	55
4007	55
4007	55
4019	55
4019	55
4031	55
4031	55
4042	55
4042	55
4054	55
4054	55
4066	55
4066	55
4078	55
4078	55
4089	55
4089	55
4101	55
4101	55
4113	55
4113	55
4125	55
4125	55
4136	55
4136	55
4148	55
4148	55
4160	55
4160	55
4171	55
4171	55
4183	55
4183	55
4195	55
4195	55
4207	55
4207	56
4218	56
4218	56
4230	56
4230	56
4230	56
4242	56
4242	56
4253	56
4253	56
4265	56
4265	56
4277	56
4277	56
4289	56
4289	56
4300	56
4300	56
4312	56
4312	56
4324	56
4324	56
4335	56
4335	56
4347	56
4347	56
4359	56
4359	56
4371	56
4371	56
4382	56
4382	56
4394	56
4394	56
4406	56
4406	56
4417	56
4429	56
4429	56
4441	56
4441	56
4453	56
4453	56
4464	56
4476	56
4476	56
4488	56
4488	56
4500	56
4500	56
4511	57
4511	57
4523	57
4523	57
4535	57
4535	57
4546	57
4546	57
4558	57
4558	57
4570	57
4570	57
4582	57
4593	57
4593	57
4605	57
4605	57
4617	57
4628	57
4628	57
4640	57
4640	57
4652	57
4664	57
4664	57
4675	57
4675	57
4687	57
4687	57
4699	57
4699	57
4710	57
4710	57
4722	57
4722	57
4734	57
4734	57
4746	57
4746	57
4757	57
4757	57
4769	57
4781	57
4781	57
4792	57
4792	57
4804	57
4804	57
4816	57
4828	57
4828	58
4839	58
4839	58
4851	58
4851	58
4863	58
4875	58
4875	58
4886	58
4886	58
4898	58
4898	58
4910	58
4910	58
4921	58
4921	58
4933	58
4945	58
4945	58
4957	58
4957	58
4968	58
4968	58
4980	58
4980	58
4992	58
4992	58
4992	58
5003	58
5003	58
5015	58
5015	58
5027	58
5027	58
5039	58
5039	58
5050	58
5050	58
5062	58
5062	58
5074	58
5085	58
5085	58
5097	58
5097	58
5109	58
5109	58
5121	58
5121	58
5132	58
5132	59
5144	59
5156	59
5156	59
5167	59
5167	59
5179	59
5179	59
5191	59
5191	59
5203	59
5214	59
5214	59
5226	59
5226	59
5238	59
5238	59
5250	59
5261	59
5261	59
5273	59
5273	59
5285	59
5296	59
5296	59
5308	59
5308	59
5320	59
5320	59
5332	59
5332	59
5343	59
5355	59
5355	59
5367	59
5378	59
5378	59
5390	59
5402	59
5402	59
5414	59
5414	59
5425	59
5425	59
5437	59
5449	59
5449	59
5460	59
5460	59
5472	59
5472	60
5484	60
5496	60
5496	60
5507	60
5507	60
5519	60
5531	60
5542	60
5542	60
5554	60
5566	60
5566	60
5578	60
5589	60
5601	60
5601	60
5613	60
5625	60
5625	60
5636	60
5636	60
5648	60
5660	60
5660	60
5671	60
5671	60
5683	60
5683	60
5695	60
5707	60
5707	60
5718	60
5718	60
5730	60
5742	60
5742	60
5753	60
5765	60
5765	60
5777	60
5777	60
5789	60
5789	60
5800	60
5812	60
5812	60
5824	60
5824	60
5835	60
5847	61
5847	61
5859	61
5859	61
5871	61
5882	61
5882	61
5894	61
5894	61
5906	61
5917	61
5917	61
5929	61
5941	61
5941	61
5953	61
5953	61
5964	61
5976	61
5976	61
5988	61
5988	61
6000	61
6011	61
6011	61
6023	61
6035	61
6035	61
6046	61
6046	61
6058	61
6070	61
6070	61
6082	61
6082	61
6093	61
6105	61
6105	61
6117	61
6128	61
6128	61
6140	61
6140	61
6152	61
6164	61
6164	61
6175	61
6187	61
6187	61
6199	61
6199	62
6210	62
6222	62
6222	62
6234	62
6234	62
6246	62
6257	62
6269	62
6269	62
6281	62
6292	62
6304	62
6304	62
6316	62
6328	62
6339	62
6339	62
6351	62
6363	62
6375	62
6375	62
6386	62
6398	62
6398	62
6410	62
6410	62
6421	62
6433	62
6433	62
6445	62
6457	62
6457	62
6468	62
6480	62
6480	62
6492	62
6503	62
6503	62
6515	62
6527	62
6527	62
6539	62
6550	62
6550	62
6562	62
6562	62
6574	62
6585	62
6585	62
6597	63
6609	63
6609	63
6621	63
6632	63
6632	63
6644	63
6656	63
6656	63
6667	63
6679	63
6679	63
6691	63
6703	63
6703	63
6714	63
6726	63
6726	63
6738	63
6750	63
6750	63
6761	63
6773	63
6773	63
6785	63
6796	63
6796	63
6808	63
6820	63
6820	63
6832	63
6843	63
6843	63
6855	63
6867	63
6867	63
6878	63
6890	63
6902	63
6902	63
6914	63
6925	63
6925	63
6937	63
6937	63
6949	63
6960	63
6960	63
6972	63
6984	63
6984	64
6996	64
7007	64
7019	64
7019	64
7031	64
7042	64
7054	64
7066	64
7078	64
7078	64
7089	64
7101	64
7113	64
7125	64
7125	64
7136	64
7148	64
7148	64
7160	64
7171	64
7171	64
7183	64
7195	64
7195	64
7207	64
7218	64
7218	64
7230	64
7242	64
7253	64
7253	64
7265	64
7277	64
7277	64
7289	64
7300	64
7300	64
7312	64
7324	64
7324	64
7335	64
7347	64
7347	64
7359	64
7371	64
7371	64
7382	64
7394	64
7394	64
7406	65
7417	65
7417	65
7429	65
7441	65
7441	65
7453	65
7464	65
7464	65
7476	65
7488	65
7488	65
7500	65
7511	65
7511	65
7523	65
7535	65
7535	65
7546	65
7558	65
7570	65
7570	65
7582	65
7593	65
7593	65
7605	65
7605	65
7617	65
7628	65
7628	65
7640	65
7652	65
7652	65
7664	65
7675	65
7687	65
7687	65
7699	65
7710	65
7710	65
7722	65
7734	65
7734	65
7746	65
7757	65
7769	65
7781	65
7781	65
7792	65
7804	65
7816	66
7828	66
7839	66
7851	66
7863	66
7875	66
7875	66
7886	66
7898	66
7898	66
7910	66
7921	66
7921	66
7933	66
7945	66
7957	66
7957	66
7968	66
7980	66
7992	66
8003	66
8015	66
8027	66
8027	66
8039	66
8050	66
8062	66
8062	66
8074	66
8085	66
8085	66
8097	66
8109	66
8121	66
8121	66
8132	66
8144	66
8156	66
8156	66
8167	66
8179	66
8179	66
8191	66
8203	66
8214	66
8214	66
8226	66
8238	66
8238	66
8250	66
8261	67
8273	67
8273	67
8285	67
8296	67
8308	67
8308	67
8320	67
8332	67
8332	67
8343	67
8355	67
8355	67
8367	67
8378	67
8378	67
8390	67
8390	67
8402	67
8414	67
8425	67
8425	67
8437	67
8449	67
8460	67
8460	67
8472	67
8484	67
8484	67
8496	67
8507	67
8519	67
8531	67
8531	67
8542	67
8554	67
8566	67
8578	67
8589	67
8589	67
8601	67
8613	67
8625	67
8636	67
8636	67
8648	67
8660	67
8671	67
8671	67
8683	67
8695	68
8707	68
8718	68
8718	68
8730	68
8742	68
8753	68
8765	68
8765	68
8777	68
8789	68
8800	68
8800	68
8812	68
8824	68
8835	68
8835	68
8847	68
8859	68
8871	68
8882	68
8882	68
8894	68
8906	68
8917	68
8929	68
8929	68
8941	68
8953	68
8964	68
8976	68
8976	68
8988	68
9000	68
9011	68
9023	68
9023	68
9035	68
9046	68
9058	68
9058	68
9070	68
9082	68
9093	68
9093	68
9105	68
9117	68
9128	68
9128	68
9140	68
9152	69
9164	69
9175	69
9175	69
9187	69
9199	69
9210	69
9210	69
9222	69
9234	69
9246	69
9257	69
9257	69
9269	69
9281	69
9292	69
9304	69
9316	69
9328	69
9328	69
9339	69
9351	69
9363	69
9375	69
9386	69
9398	69
9398	69
9410	69
9421	69
9433	69
9433	69
9445	69
9457	69
9468	69
9480	69
9480	69
9492	69
9503	69
9515	69
9527	69
9527	69
9539	69
9550	69
9562	69
9562	69
9574	69
9585	69
9597	69
9609	69
9609	69
9621	70
9632	70
9644	70
9656	70
9656	70
9667	70
9679	70
9691	70
9703	70
9703	70
9714	70
9726	70
9738	70
9750	70
9750	70
9761	70
9773	70
9785	70
9796	70
9796	70
9808	70
9820	70
9832	70
9843	70
9843	70
9855	70
9867	70
9867	70
9878	70
9890	70
9890	70
9902	70
9914	70
9925	70
9925	70
9937	70
9949	70
9960	70
9972	70
9972	70
9984	70
9996	70
10007	70
10019	70
10031	70
10031	70
10042	70
10054	70
10066	70
10078	70
10089	71
10101	71
10113	71
10125	71
10125	71
10136	71
10148	71
10160	71
10171	71
10171	71
10183	71
10195	71
10207	71
10218	71
10230	71
10242	71
10253	71
10265	71
10277	71
10289	71
10289	71
10300	71
10312	71
10324	71
10335	71
10335	71
10347	71
10359	71
10371	71
10382	71
10394	71
10406	71
10406	71
10417	71
10429	71
10441	71
10453	71
10464	71
10476	71
10488	71
10500	71
10511	71
10523	71
10523	71
10535	71
10546	71
10558	71
10570	71
10582	71
10582	71
10593	72
10605	72
10617	72
10628	72
10628	72
10640	72
10652	72
10664	72
10675	72
10675	72
10687	72
10699	72
10710	72
10722	72
10734	72
10734	72
10746	72
10757	72
10769	72
10781	72
10792	72
10804	72
10816	72
10816	72
10828	72
10839	72
10851	72
10863	72
10875	72
10886	72
10898	72
10898	72
10910	72
10921	72
10933	72
10945	72
10957	72
10957	72
10968	72
10980	72
10992	72
11003	72
11015	72
11015	72
11027	72
11039	72
11050	72
11062	72
11074	72
11074	72
11085	73
11097	73
11109	73
11121	73
11132	73
11144	73
11144	73
11156	73
11167	73
11179	73
11191	73
11203	73
11214	73
11226	73
11238	73
11250	73
11250	73
11261	73
11273	73
11285	73
11296	73
11308	73
11320	73
11320	73
11332	73
11343	73
11355	73
11367	73
11367	73
11378	73
11390	73
11402	73
11414	73
11414	73
11425	73
11437	73
11449	73
11460	73
11472	73
11484	73
11484	73
11496	73
11507	73
11519	73
11531	73
11542	73
11542	73
11554	73
11566	73
11578	73
11589	74
11601	74
11613	74
11613	74
11625	74
11636	74
11648	74
11660	74
11671	74
11683	74
11695	74
11695	74
11707	74
11718	74
11730	74
11742	74
11753	74
11765	74
11765	74
11777	74
11789	74
11800	74
11812	74
11824	74
11835	74
11835	74
11847	74
11859	74
11871	74
11882	74
11894	74
11906	74
11917	74
11929	74
11941	74
11953	74
11964	74
11976	74
11988	74
12000	74
12000	74
12011	74
12023	74
12035	74
12046	74
12058	74
12070	74
12082	74
12093	74
12093	74
12105	75
12117	75
12128	75
12140	75
12152	75
12152	75
12164	75
12175	75
12187	75
12199	75
12210	75
12222	75
12222	75
12234	75
12246	75
12257	75
12269	75
12281	75
12292	75
12304	75
12304	75
12316	75
12328	75
12339	75
12351	75
12363	75
12375	75
12386	75
12386	75
12398	75
12410	75
12421	75
12433	75
12445	75
12457	75
12468	75
12468	75
12480	75
12492	75
12503	75
12515	75
12527	75
12539	75
12550	75
12550	75
12562	75
12574	75
12585	75
12597	75
12609	75
12621	76
12632	76
12644	76
12656	76
12667	76
12679	76
12691	76
12703	76
12714	76
12726	76
12738	76
12750	76
12761	76
12773	76
12785	76
12785	76
12796	76
12808	76
12820	76
12832	76
12843	76
12855	76
12867	76
12878	76
12878	76
12890	76
12902	76
12914	76
12925	76
12937	76
12949	76
12949	76
12960	76
12972	76
12984	76
12996	76
13007	76
13019	76
13031	76
13042	76
13054	76
13054	76
13066	76
13078	76
13089	76
13101	76
13113	76
13125	76
13136	76
13148	76
13160	77
13171	77
13183	77
13195	77
13195	77
13207	77
13218	77
13230	77
13242	77
13253	77
13265	77
13277	77
13289	77
13300	77
13300	77
13312	77
13324	77
13335	77
13347	77
13359	77
13371	77
13382	77
13394	77
13406	77
13417	77
13429	77
13441	77
13453	77
13464	77
13476	77
13488	77
13500	77
13511	77
13523	77
13535	77
13546	77
13558	77
13570	77
13582	77
13593	77
13605	77
13617	77
13628	77
13640	77
13640	77
13652	77
13664	77
13675	77
13687	77
13699	77
13710	78
13722	78
13734	78
13746	78
13757	78
13769	78
13781	78
13792	78
13804	78
13804	78
13816	78
13828	78
13839	78
13851	78
13863	78
13875	78
13886	78
13898	78
13910	78
13921	78
13933	78
13945	78
13957	78
13968	78
13980	78
13992	78
14003	78
14015	78
14027	78
14039	78
14050	78
14062	78
14062	78
14074	78
14085	78
14097	78
14109	78
14121	78
14132	78
14144	78
14156	78
14179	78
14191	78
14203	78
14214	78
14226	78
14238	78
14250	78
14261	78
14273	78
14285	79
14296	79
14308	79
14320	79
14332	79
14343	79
14355	79
14367	79
14378	79
14390	79
14402	79
14402	79
14414	79
14425	79
14437	79
14449	79
14460	79
14472	79
14484	79
14496	79
14507	79
14519	79
14531	79
14542	79
14554	79
14566	79
14578	79
14589	79
14601	79
14613	79
14625	79
14636	79
14648	79
14660	79
14671	79
14683	79
14695	79
14707	79
14718	79
14730	79
14742	79
14753	79
14765	79
14777	79
14789	79
14789	79
14800	79
14812	79
14824	79
14835	79
14847	80
14859	80
14871	80
14882	80
14906	80
14917	80
14929	80
14941	80
14953	80
14964	80
14976	80
14988	80
15000	80
15011	80
15023	80
15035	80
15046	80
15058	80
15070	80
15082	80
15093	80
15117	80
15128	80
15140	80
15152	80
15164	80
15175	80
15187	80
15199	80
15210	80
15222	80
15234	80
15246	80
15257	80
15269	80
15281	80
15292	80
15304	80
15316	80
15328	80
15339	80
15351	80
15363	80
15375	80
15386	80
15410	80
15421	80
15433	80
15445	80
15457	80
15468	81
15480	81
15492	81
15503	81
15515	81
15527	81
15539	81
15550	81
15562	81
15574	81
15585	81
15597	81
15609	81
15621	81
15632	81
15644	81
15656	81
15667	81
15679	81
15691	81
15703	81
15726	81
15738	81
15750	81
15761	81
15773	81
15785	81
15796	81
15808	81
15820	81
15832	81
15843	81
15855	81
15867	81
15878	81
15890	81
15902	81
15914	81
15925	81
15937	81
15949	81
15960	81
15984	81
15996	81
16007	81
16019	81
16031	81
16042	81
16054	81
16066	81
16078	82
16101	82
16113	82
16125	82
16136	82
16148	82
16160	82
16171	82
16183	82
16195	82
16207	82
16218	82
16230	82
16242	82
16253	82
16265	82
16277	82
16289	82
16312	82
16324	82
16335	82
16347	82
16359	82
16371	82
16382	82
16394	82
16406	82
16417	82
16441	82
16453	82
16464	82
16476	82
16488	82
16511	82
16523	82
16535	82
16546	82
16558	82
16570	82
16582	82
16593	82
16617	82
16628	82
16640	82
16652	82
16664	82
16687	82
16699	82
16710	82
16722	82
16734	83
16746	83
16757	83
16769	83
16781	83
16792	83
16816	83
16828	83
16839	83
16851	83
16863	83
16875	83
16898	83
16910	83
16921	83
16933	83
16945	83
16957	83
16968	83
16980	83
16992	83
17003	83
17015	83
17027	83
17039	83
17050	83
17062	83
17074	83
17085	83
17097	83
17109	83
17121	83
17132	83
17144	83
17167	83
17179	83
17191	83
17203	83
17214	83
17226	83
17238	83
17250	83
17273	83
17285	83
17296	83
17308	83
17320	83
17332	83
17343	83
17355	83
17378	84
17390	84
17402	84
17414	84
17425	84
17437	84
17460	84
17472	84
17484	84
17496	84
17507	84
17519	84
17542	84
17554	84
17566	84
17589	84
17601	84
17613	84
17636	84
17648	84
17660	84
17671	84
17683	84
17695	84
17707	84
17718	84
17742	84
17753	84
17765	84
17777	84
17789	84
17800	84
17812	84
17824	84
17835	84
17859	84
17871	84
17882	84
17894	84
17906	84
17917	84
17929	84
17941	84
17964	84
17976	84
17988	84
18000	84
18011	84
18023	84
18046	84
18058	85
18070	85
18082	85
18093	85
18105	85
18117	85
18128	85
18152	85
18164	85
18175	85
18187	85
18199	85
18210	85
18222	85
18246	85
18257	85
18269	85
18281	85
18304	85
18316	85
18339	85
18351	85
18363	85
18375	85
18398	85
18410	85
18421	85
18433	85
18445	85
18457	85
18480	85
18492	85
18503	85
18515	85
18527	85
18539	85
18562	85
18574	85
18585	85
18597	85
18609	85
18621	85
18632	85
18656	85
18667	85
18679	85
18691	85
18703	85
18714	85
18738	85
18750	86
18761	86
18773	86
18785	86
18796	86
18820	86
18832	86
18843	86
18855	86
18867	86
18890	86
18902	86
18914	86
18925	86
18937	86
18949	86
18972	86
18984	86
18996	86
19007	86
19031	86
19042	86
19066	86
19078	86
19101	86
19113	86
19125	86
19136	86
19160	86
19171	86
19183	86
19195	86
19207	86
19218	86
19242	86
19253	86
19265	86
19277	86
19289	86
19300	86
19312	86
19335	86
19347	86
19359	86
19371	86
19382	86
19394	86
19406	86
19429	86
19441	86
19453	87
19464	87
19476	87
19488	87
19500	87
19511	87
19535	87
19546	87
19558	87
19570	87
19582	87
19593	87
19605	87
19617	87
19628	87
19652	87
19664	87
19675	87
19687	87
19699	87
19710	87
19722	87
19746	87
19757	87
19769	87
19792	87
19804	87
19828	87
19839	87
19863	87
19875	87
19886	87
19898	87
19910	87
19921	87
19945	87
19957	87
19968	87
19992	87
20003	87
20015	87
20039	87
20050	87
20062	87
20074	87
20085	87
20097	87
20121	87
20132	87
20144	87
20156	88
20167	88
20179	88
20203	88
20214	88
20226	88
20238	88
20250	88
20261	88
20285	88
20296	88
20308	88
20320	88
20332	88
20343	88
20355	88
20367	88
20378	88
20390	88
20402	88
20414	88
20425	88
20449	88
20460	88
20472	88
20484	88
20496	88
20507	88
20531	88
20542	88
20554	88
20566	88
20589	88
20601	88
20613	88
20625	88
20648	88
20660	88
20671	88
20683	88
20695	88
20707	88
20730	88
20742	88
20753	88
20765	88
20789	88
20800	88
20812	88
20824	88
20835	89
20847	89
20871	89
20882	89
20894	89
20906	89
20929	89
20941	89
20953	89
20964	89
20976	89
21000	89
21011	89
21023	89
21035	89
21058	89
21070	89
21082	89
21093	89
21105	89
21117	89
21128	89
21152	89
21164	89
21175	89
21187	89
21199	89
21210	89
21234	89
21246	89
21257	89
21269	89
21292	89
21304	89
21316	89
21339	89
21351	89
21363	89
21375	89
21398	89
21410	89
21421	89
21433	89
21445	89
21457	89
21480	89
21492	89
21503	89
21515	89
21527	89
21539	90
21562	90
21574	90
21585	90
21597	90
21609	90
21632	90
21644	90
21656	90
21667	90
21679	90
21691	90
21714	90
21726	90
21738	90
21750	90
21761	90
21773	90
21796	90
21808	90
21820	90
21832	90
21843	90
21855	90
21867	90
21878	90
21890	90
21902	90
21914	90
21937	90
21949	90
21960	90
21972	90
21984	90
22007	90
22019	90
22031	90
22042	90
22066	90
22078	90
22089	90
22113	90
22125	90
22136	90
22160	90
22171	90
22183	90
22195	90
22207	90
22230	90
22242	91
22265	91
22277	91
22289	91
22312	91
22324	91
22335	91
22347	91
22359	91
22382	91
22394	91
22406	91
22429	91
22441	91
22453	91
22476	91
22488	91
22500	91
22523	91
22535	91
22546	91
22558	91
22570	91
22582	91
22605	91
22617	91
22628	91
22640	91
22652	91
22664	91
22687	91
22699	91
22710	91
22722	91
22734	91
22757	91
22769	91
22781	91
22792	91
22816	91
22828	91
22839	91
22851	91
22875	91
22886	91
22898	91
22910	91
22933	91
22945	91
22957	91
22968	92
22980	92
23003	92
23015	92
23027	92
23039	92
23062	92
23074	92
23085	92
23097	92
23109	92
23132	92
23144	92
23156	92
23179	92
23191	92
23203	92
23226	92
23238	92
23250	92
23261	92
23285	92
23296	92
23308	92
23320	92
23332	92
23355	92
23367	92
23378	92
23390	92
23402	92
23414	92
23425	92
23449	92
23460	92
23472	92
23484	92
23507	92
23519	92
23531	92
23542	92
23554	92
23578	92
23589	92
23601	92
23613	92
23625	92
23648	92
23660	92
23671	92
23683	93
23707	93
23718	93
23730	93
23742	93
23753	93
23777	93
23789	93
23800	93
23812	93
23824	93
23847	93
23859	93
23871	93
23882	93
23906	93
23917	93
23941	93
23953	93
23964	93
23988	93
24000	93
24011	93
24023	93
24046	93
24058	93
24070	93
24082	93
24105	93
24117	93
24128	93
24140	93
24152	93
24164	93
24187	93
24199	93
24210	93
24222	93
24246	93
24257	93
24269	93
24281	93
24292	93
24316	93
24328	93
24339	93
24351	93
24375	93
24386	93
24398	93
24410	94
24433	94
24445	94
24457	94
24468	94
24480	94
24503	94
24515	94
24527	94
24539	94
24550	94
24574	94
24585	94
24597	94
24609	94
24632	94
24644	94
24656	94
24679	94
24691	94
24714	94
24726	94
24738	94
24761	94
24773	94
24785	94
24796	94
24808	94
24832	94
24843	94
24855	94
24867	94
24878	94
24902	94
24914	94
24925	94
24937	94
24949	94
24972	94
24984	94
24996	94
25007	94
25031	94
25042	94
25054	94
25066	94
25078	94
25101	94
25113	94
25125	94
25136	95
25160	95
25171	95
25183	95
25195	95
25218	95
25230	95
25242	95
25253	95
25277	95
25289	95
25300	95
25312	95
25324	95
25347	95
25359	95
25371	95
25394	95
25406	95
25417	95
25441	95
25453	95
25476	95
25488	95
25511	95
25523	95
25535	95
25546	95
25570	95
25582	95
25593	95
25605	95
25617	95
25640	95
25652	95
25664	95
25675	95
25687	95
25710	95
25722	95
25734	95
25746	95
25769	95
25781	95
25792	95
25804	95
25828	95
25839	95
25851	95
25863	95
25886	96
25898	96
25910	96
25933	96
25945	96
25957	96
25968	96
25992	96
26003	96
26015	96
26039	96
26050	96
26062	96
26074	96
26085	96
26109	96
26121	96
26132	96
26156	96
26167	96
26191	96
26203	96
26226	96
26238	96
26261	96
26273	96
26285	96
26296	96
26320	96
26332	96
26343	96
26367	96
26378	96
26390	96
26402	96
26414	96
26437	96
26449	96
26460	96
26472	96
26496	96
26507	96
26519	96
26531	96
26554	96
26566	96
26578	96
26601	96
26613	96
26625	96
26636	97
26660	97
26671	97
26683	97
26707	97
26718	97
26730	97
26742	97
26753	97
26777	97
26789	97
26800	97
26812	97
26835	97
26847	97
26859	97
26882	97
26894	97
26906	97
26929	97
26941	97
26964	97
26976	97
27000	97
27011	97
27023	97
27046	97
27058	97
27070	97
27093	97
27105	97
27117	97
27140	97
27152	97
27164	97
27187	97
27199	97
27210	97
27222	97
27246	97
27257	97
27281	97
27292	97
27304	97
27328	97
27339	97
27351	97
27375	97
27386	97
27398	97
27421	98
27433	98
27445	98
27468	98
27480	98
27492	98
27515	98
27527	98
27539	98
27550	98
27574	98
27585	98
27597	98
27621	98
27632	98
27644	98
27667	98
27679	98
27703	98
27714	98
27738	98
27750	98
27761	98
27785	98
27796	98
27808	98
27832	98
27843	98
27855	98
27878	98
27890	98
27902	98
27925	98
27937	98
27949	98
27972	98
27984	98
27996	98
28019	98
28031	98
28042	98
28066	98
28078	98
28101	98
28113	98
28125	98
28148	98
28160	98
28183	98
28195	98
28207	99
28230	99
28242	99
28253	99
28265	99
28289	99
28300	99
28312	99
28335	99
28347	99
28359	99
28382	99
28394	99
28417	99
28429	99
28453	99
28464	99
28488	99
28500	99
28523	99
28535	99
28546	99
28570	99
28582	99
28605	99
28617	99
28640	99
28652	99
28675	99
28687	99
28699	99
28722	99
28734	99
28757	99
28769	99
28792	99
28804	99
28828	99
28839	99
28851	99
28875	99
28886	99
28910	99
28921	99
28933	99
28957	99
28968	99
28980	99
28992	99
29003	99
29027	100
29039	100
29050	100
29062	100
29085	100
29097	100
29121	100
29132	100
29144	100
29167	100
29179	100
29191	100
29214	100
29226	100
29238	100
29261	100
29273	100
29296	100
29308	100
29320	100
29343	100
29355	100
29378	100
29390	100
29414	100
29425	100
29449	100
29460	100
29472	100
29496	100
29507	100
29531	100
29554	100
29566	100
29589	100
29601	100
29625	100
29636	100
29660	100
29671	100
29695	100
29707	100
29718	100
29742	100
29753	100
29777	100
29789	100
29800	100
29824	100
29835	100
29859	101
29871	101
29882	101
29906	101
29917	101
29929	101
29953	101
29964	101
29988	101
30000	101
30011	101
30035	101
30046	101
30070	101
30082	101
30093	101
30117	101
30128	101
30152	101
30164	101
30175	101
30199	101
30210	101
30222	101
30246	101
30257	101
30281	101
30304	101
30328	101
30339	101
30363	101
30375	101
30398	101
30410	101
30421	101
30445	101
30457	101
30480	101
30492	101
30515	101
30527	101
30550	101
30562	101
30574	101
30597	101
30609	101
30632	101
30644	101
30667	101
30679	101
30691	102
30714	102
30726	102
30750	102
30761	102
30785	102
30796	102
30820	102
30832	102
30843	102
30867	102
30878	102
30902	102
30925	102
30937	102
30949	102
30972	102
30984	102
31007	102
31019	102
31042	102
31066	102
31089	102
31101	102
31125	102
31148	102
31160	102
31171	102
31195	102
31207	102
31230	102
31242	102
31265	102
31277	102
31289	102
31312	102
31324	102
31347	102
31359	102
31382	102
31394	102
31406	102
31429	102
31441	102
31453	102
31476	102
31488	102
31500	102
31523	102
31535	102
31558	103
31570	103
31593	103
31605	103
31617	103
31640	103
31652	103
31675	103
31687	103
31699	103
31722	103
31734	103
31757	103
31769	103
31792	103
31816	103
31839	103
31863	103
31875	103
31898	103
31910	103
31933	103
31945	103
31968	103
31980	103
32003	103
32027	103
32039	103
32062	103
32074	103
32097	103
32109	103
32132	103
32144	103
32156	103
32179	103
32191	103
32214	103
32226	103
32250	103
32261	103
32285	103
32296	103
32320	103
32332	103
32343	103
32367	103
32378	103
32390	103
32402	103
32425	104
32437	104
32460	104
32472	104
32484	104
32507	104
32531	104
32542	104
32566	104
32578	104
32601	104
32625	104
32636	104
32660	104
32671	104
32695	104
32707	104
32730	104
32742	104
32765	104
32777	104
32800	104
32812	104
32835	104
32847	104
32871	104
32882	104
32906	104
32917	104
32941	104
32953	104
32976	104
32988	104
33011	104
33023	104
33046	104
33070	104
33082	104
33093	104
33117	104
33128	104
33152	104
33164	104
33187	104
33199	104
33222	104
33234	104
33257	104
33269	104
33292	104
33304	105
33328	105
33351	105
33363	105
33386	105
33398	105
33421	105
33433	105
33457	105
33468	105
33492	105
33503	105
33527	105
33539	105
33562	105
33574	105
33597	105
33609	105
33632	105
33644	105
33667	105
33679	105
33703	105
33714	105
33738	105
33750	105
33773	105
33785	105
33808	105
33820	105
33843	105
33855	105
33867	105
33878	105
33890	105
33914	105
33925	105
33949	105
33960	105
33984	105
33996	105
34019	105
34031	105
34054	105
34066	105
34089	105
34113	105
34125	105
34148	105
34160	105
34183	106
34195	106
34218	106
34230	106
34253	106
34277	106
34300	106
34312	106
34324	106
34347	106
34359	106
34382	106
34406	106
34417	106
34441	106
34464	106
34476	106
34500	106
34523	106
34535	106
34558	106
34570	106
34593	106
34605	106
34617	106
34640	106
34652	106
34675	106
34687	106
34710	106
34722	106
34746	106
34757	106
34781	106
34792	106
34816	106
34828	106
34851	106
34875	106
34886	106
34910	106
34921	106
34945	106
34957	106
34980	106
34992	106
35015	106
35027	106
35050	106
35062	106
35085	107
35097	107
35121	107
35132	107
35156	107
35167	107
35191	107
35203	107
35226	107
35250	107
35261	107
35285	107
35296	107
35320	107
35332	107
35343	107
35367	107
35378	107
35402	107
35414	107
35425	107
35449	107
35460	107
35484	107
35496	107
35519	107
35531	107
35554	107
35566	107
35589	107
35601	107
35625	107
35648	107
35660	107
35683	107
35695	107
35718	107
35730	107
35753	107
35765	107
35789	107
35800	107
35824	107
35835	107
35859	107
35871	107
35894	107
35906	107
35929	107
35953	107
35976	108
35988	108
36011	108
36023	108
36046	108
36058	108
36082	108
36093	108
36117	108
36128	108
36152	108
36164	108
36175	108
36199	108
36222	108
36234	108
36257	108
36269	108
36292	108
36304	108
36328	108
36339	108
36351	108
36375	108
36398	108
36410	108
36433	108
36445	108
36468	108
36480	108
36492	108
36515	108
36539	108
36550	108
36562	108
36585	108
36597	108
36621	108
36644	108
36656	108
36679	108
36703	108
36726	108
36738	108
36761	108
36773	108
36796	108
36808	108
36832	108
36843	108
36867	109
36878	109
36902	109
36914	109
36937	109
36949	109
36972	109
36984	109
37007	109
37019	109
37042	109
37054	109
37078	109
37089	109
37113	109
37125	109
37148	109
37160	109
37183	109
37195	109
37218	109
37230	109
37253	109
37265	109
37289	109
37300	109
37324	109
37335	109
37359	109
37382	109
37394	109
37417	109
37441	109
37453	109
37476	109
37500	109
37511	109
37535	109
37546	109
37570	109
37593	109
37605	109
37617	109
37640	109
37652	109
37675	109
37687	109
37710	109
37722	109
37746	109
37757	110
37781	110
37792	110
37816	110
37828	110
37851	110
37863	110
37886	110
37910	110
37921	110
37945	110
37957	110
37980	110
37992	110
38015	110
38027	110
38050	110
38062	110
38085	110
38097	110
38121	110
38144	110
38156	110
38179	110
38203	110
38226	110
38238	110
38261	110
38285	110
38296	110
38320	110
38332	110
38355	110
38367	110
38390	110
38402	110
38425	110
38437	110
38460	110
38472	110
38496	110
38507	110
38531	110
38542	110
38566	110
38578	110
38601	110
38625	110
38636	110
38660	110
38671	111
38695	111
38707	111
38730	111
38742	111
38765	111
38777	111
38800	111
38812	111
38835	111
38847	111
38871	111
38894	111
38906	111
38929	111
38953	111
38976	111
38988	111
39011	111
39023	111
39046	111
39070	111
39082	111
39105	111
39117	111
39140	111
39164	111
39175	111
39199	111
39210	111
39234	111
39246	111
39269	111
39292	111
39304	111
39328	111
39351	111
39363	111
39386	111
39398	111
39421	111
39445	111
39457	111
39480	111
39492	111
39515	111
39527	111
39550	111
39562	111
39585	111
39597	112
39621	112
39644	112
39656	112
39679	112
39703	112
39726	112
39738	112
39761	112
39785	112
39796	112
39820	112
39832	112
39855	112
39878	112
39890	112
39914	112
39925	112
39949	112
39972	112
39984	112
40007	112
40031	112
40042	112
40066	112
40089	112
40101	112
40125	112
40148	112
40160	112
40183	112
40195	112
40218	112
40242	112
40253	112
40277	112
40289	112
40312	112
40324	112
40347	112
40371	112
40382	112
40406	112
40429	112
40453	112
40476	112
40488	112
40511	112
40535	112
40546	112
40570	113
40593	113
40617	113
40640	113
40652	113
40675	113
40699	113
40710	113
40734	113
40757	113
40769	113
40792	113
40816	113
40839	113
40851	113
40875	113
40898	113
40910	113
40933	113
40957	113
40968	113
40992	113
41003	113
41015	113
41039	113
41050	113
41074	113
41097	113
41109	113
41132	113
41156	113
41167	113
41191	113
41203	113
41226	113
41250	113
41273	113
41285	113
41308	113
41332	113
41343	113
41367	113
41390	113
41414	113
41425	113
41449	113
41460	113
41484	113
41507	113
41531	113
41554	114
41578	114
41601	114
41625	114
41636	114
41660	114
41671	114
41695	114
41718	114
41742	114
41753	114
41777	114
41789	114
41812	114
41835	114
41847	114
41871	114
41894	114
41906	114
41929	114
41953	114
41964	114
41988	114
42011	114
42023	114
42046	114
42070	114
42082	114
42105	114
42128	114
42140	114
42164	114
42187	114
42199	114
42222	114
42246	114
42257	114
42281	114
42304	114
42339	114
42351	114
42375	114
42398	114
42421	114
42433	114
42457	114
42480	114
42503	114
42515	114
42539	114
42562	115
42574	115
42597	115
42621	115
42632	115
42656	115
42679	115
42703	115
42714	115
42738	115
42761	115
42773	115
42796	115
42820	115
42832	115
42855	115
42878	115
42902	115
42925	115
42937	115
42960	115
42972	115
42996	115
43019	115
43042	115
43066	115
43101	115
43125	115
43136	115
43160	115
43183	115
43195	115
43218	115
43242	115
43265	115
43277	115
43300	115
43324	115
43335	115
43359	115
43382	115
43394	115
43417	115
43441	115
43453	115
43476	115
43488	115
43511	115
43535	115
43558	115
43570	116
43593	116
43617	116
43628	116
43652	116
43675	116
43687	116
43710	116
43734	116
43746	116
43769	116
43804	116
43828	116
43851	116
43875	116
43898	116
43910	116
43933	116
43957	116
43980	116
44003	116
44027	116
44050	116
44062	116
44085	116
44109	116
44132	116
44144	116
44167	116
44191	116
44203	116
44226	116
44250	116
44261	116
44285	116
44308	116
44332	116
44343	116
44367	116
44378	116
44402	116
44414	116
44437	116
44460	116
44472	116
44496	116
44519	116
44542	116
44566	116
44589	116
44601	117
44625	117
44648	117
44671	117
44695	117
44707	117
44730	117
44753	117
44777	117
44800	117
44812	117
44835	117
44859	117
44882	117
44894	117
44917	117
44941	117
44964	117
44988	117
45000	117
45023	117
45046	117
45070	117
45093	117
45105	117
45128	117
45152	117
45164	117
45187	117
45210	117
45234	117
45246	117
45269	117
45292	117
45316	117
45339	117
45363	117
45386	117
45410	117
45421	117
45445	117
45468	117
45492	117
45503	117
45527	117
45550	117
45574	117
45585	117
45609	117
45632	117
45656	118
45679	118
45691	118
45714	118
45738	118
45761	118
45773	118
45796	118
45820	118
45843	118
45855	118
45867	118
45890	118
45914	118
45925	118
45949	118
45972	118
45984	118
46007	118
46031	118
46054	118
46078	118
46101	118
46125	118
46148	118
46160	118
46183	118
46207	118
46230	118
46253	118
46277	118
46300	118
46324	118
46335	118
46359	118
46382	118
46406	118
46429	118
46453	118
46476	118
46500	118
46523	118
46535	118
46558	118
46582	118
46605	118
46617	118
46640	118
46664	118
46675	118
46699	119
46722	119
46746	119
46769	119
46781	119
46804	119
46828	119
46851	119
46875	119
46898	119
46921	119
46933	119
46957	119
46980	119
47003	119
47015	119
47039	119
47062	119
47085	119
47097	119
47121	119
47144	119
47167	119
47191	119
47214	119
47226	119
47250	119
47273	119
47296	119
47320	119
47332	119
47355	119
47378	119
47390	119
47414	119
47425	119
47449	119
47472	119
47496	119
47507	119
47531	119
47554	119
47578	119
47601	119
47613	119
47636	119
47660	119
47683	119
47695	119
47718	119
47742	120
47765	120
47789	120
47800	120
47824	120
47847	120
47871	120
47882	120
47906	120
47929	120
47953	120
47976	120
48000	120
48023	120
48046	120
48070	120
48082	120
48105	120
48128	120
48140	120
48164	120
48187	120
48210	120
48222	120
48246	120
48269	120
48292	120
48304	120
48328	120
48351	120
48375	120
48398	120
48421	120
48433	120
48457	120
48480	120
48492	120
48515	120
48539	120
48562	120
48585	120
48597	120
48621	120
48644	120
48667	120
48691	120
48714	120
48738	120
48761	120
48785	120
48808	121
48820	121
48843	121
48867	121
48878	121
48902	121
48925	121
48949	121
48960	121
48984	121
49007	121
49031	121
49042	121
49066	121
49089	121
49113	121
49125	121
49148	121
49171	121
49195	121
49218	121
49230	121
49253	121
49277	121
49300	121
49312	121
49335	121
49359	121
49382	121
49406	121
49429	121
49453	121
49476	121
49500	121
49523	121
49546	121
49558	121
49582	121
49605	121
49628	121
49640	121
49664	121
49687	121
49710	121
49722	121
49746	121
49769	121
49792	121
49816	121
49828	121
49851	122
49875	122
49898	122
49921	122
49933	122
49957	122
49980	122
50003	122
50027	122
50050	122
50062	122
50085	122
50109	122
50132	122
50156	122
50179	122
50203	122
50226	122
50250	122
50273	122
50285	122
50308	122
50332	122
50355	122
50378	122
50390	122
50414	122
50437	122
50449	122
50472	122
50496	122
50519	122
50531	122
50554	122
50578	122
50601	122
50625	122
50636	122
50660	122
50683	122
50707	122
50718	122
50742	122
50765	122
50789	122
50800	122
50824	122
50847	122
50871	122
50894	122
50917	123
50941	123
50964	123
50988	123
51011	123
51023	123
51046	123
51070	123
51093	123
51117	123
51140	123
51152	123
51175	123
51199	123
51222	123
51246	123
51269	123
51281	123
51304	123
51328	123
51351	123
51375	123
51398	123
51421	123
51445	123
51457	123
51480	123
51503	123
51527	123
51539	123
51562	123
51585	123
51609	123
51632	123
51644	123
51667	123
51691	123
51714	123
51738	123
51761	123
51785	123
51808	123
51832	123
51855	123
51867	123
51890	123
51914	123
51937	123
51960	123
51972	123
51996	124
52019	124
52042	124
52066	124
52089	124
52113	124
52136	124
52160	124
52171	124
52195	124
52218	124
52242	124
52265	124
52277	124
52300	124
52324	124
52347	124
52371	124
52394	124
52417	124
52441	124
52464	124
52488	124
52511	124
52535	124
52546	124
52570	124
52593	124
52617	124
52652	124
52675	124
52687	124
52710	124
52734	124
52757	124
52781	124
52804	124
52828	124
52851	124
52875	124
52898	124
52921	124
52945	124
52957	124
52980	124
53003	124
53015	124
53039	124
53062	124
53074	124
53097	125
53121	125
53144	125
53167	125
53191	125
53214	125
53238	125
53250	125
53273	125
53296	125
53320	125
53343	125
53367	125
53390	125
53414	125
53437	125
53460	125
53484	125
53507	125
53531	125
53554	125
53578	125
53601	125
53625	125
53648	125
53671	125
53695	125
53718	125
53742	125
53765	125
53777	125
53800	125
53824	125
53847	125
53871	125
53894	125
53917	125
53929	125
53953	125
53976	125
54000	125
54023	125
54046	125
54070	125
54093	125
54105	125
54128	125
54152	125
54175	125
54199	125
54222	126
54246	126
54269	126
54292	126
54316	126
54351	126
54375	126
54398	126
54421	126
54433	126
54457	126
54480	126
54503	126
54527	126
54550	126
54574	126
54597	126
54621	126
54644	126
54667	126
54691	126
54714	126
54726	126
54750	126
54773	126
54796	126
54820	126
54843	126
54867	126
54890	126
54914	126
54937	126
54960	126
54984	126
55007	126
55031	126
55066	126
55089	126
55113	126
55136	126
55160	126
55183	126
55207	126
55230	126
55253	126
55277	126
55300	126
55312	126
55335	126
55359	126
55382	127
55406	127
55429	127
55453	127
55464	127
55488	127
55511	127
55535	127
55558	127
55582	127
55605	127
55617	127
55640	127
55664	127
55687	127
55710	127
55734	127
55757	127
55781	127
55816	127
55839	127
55863	127
55886	127
55910	127
55933	127
55957	127
55980	127
56015	127
56039	127
56062	127
56085	127
56109	127
56132	127
56156	127
56167	127
56191	127
56214	127
56238	127
56261	127
56285	127
56308	127
56332	127
56355	127
56367	127
56390	127
56414	127
56437	127
56460	127
56484	127
56507	127
56531	128
56554	128
56578	128
56601	128
56625	128
56648	128
56671	128
56695	128
56718	128
56742	128
56765	128
56789	128
56812	128
56835	128
56859	128
56882	128
56906	128
56929	128
56953	128
56976	128
57000	128
57023	128
57046	128
57070	128
57093	128
57117	128
57140	128
57164	128
57187	128
57210	128
57234	128
57257	128
57281	128
57304	128
57328	128
57351	128
57375	128
57398	128
57421	128
57445	128
57468	128
57492	128
57515	128
57539	128
57562	128
57585	128
57609	128
57632	128
57656	128
57679	128
57703	129
57726	129
57750	129
57773	129
57796	129
57820	129
57843	129
57855	129
57878	129
57902	129
57914	129
57937	129
57960	129
57984	129
58007	129
58042	129
58066	129
58089	129
58113	129
58136	129
58160	129
58183	129
58207	129
58230	129
58265	129
58289	129
58312	129
58335	129
58359	129
58382	129
58406	129
58441	129
58464	129
58488	129
58511	129
58535	129
58558	129
58582	129
58605	129
58628	129
58652	129
58675	129
58699	129
58722	129
58746	129
58769	129
58792	129
58816	129
58839	129
58863	129
58886	130
58910	130
58933	130
58957	130
58980	130
59003	130
59027	130
59050	130
59074	130
59097	130
59121	130
59144	130
59167	130
59203	130
59226	130
59250	130
59273	130
59296	130
59320	130
59343	130
59367	130
59390	130
59402	130
59425	130
59449	130
59472	130
59496	130
59519	130
59542	130
59566	130
59589	130
59613	130
59648	130
59671	130
59695	130
59718	130
59742	130
59765	130
59789	130
59812	130
59835	130
59859	130
59882	130
59906	130
59929	130
59953	130
59988	130
60011	130
60035	130
60058	130
60082	131
60105	131
60128	131
60152	131
60175	131
60199	131
60222	131
60246	131
60269	131
60292	131
60316	131
60339	131
60363	131
60386	131
60410	131
60433	131
60457	131
60480	131
60503	131
60527	131
60550	131
60574	131
60597	131
60621	131
60644	131
60667	131
60703	131
60726	131
60750	131
60773	131
60796	131
60820	131
60855	131
60867	131
60890	131
60914	131
60937	131
60960	131
60984	131
61007	131
61031	131
61054	131
61078	131
61101	131
61125	131
61160	131
61183	131
61207	131
61230	131
61253	131
61277	132
61300	132
61324	132
61347	132
61371	132
61394	132
61429	132
61453	132
61476	132
61511	132
61535	132
61558	132
61582	132
61605	132
61628	132
61652	132
61675	132
61699	132
61722	132
61746	132
61769	132
61792	132
61816	132
61839	132
61863	132
61886	132
61910	132
61945	132
61968	132
61992	132
62015	132
62039	132
62062	132
62085	132
62109	132
62132	132
62167	132
62191	132
62214	132
62250	132
62273	132
62296	132
62320	132
62343	132
62367	132
62390	132
62414	132
62437	132
62460	132
62484	132
62507	133
62531	133
62554	133
62578	133
62601	133
62625	133
62648	133
62683	133
62707	133
62730	133
62753	133
62777	133
62800	133
62824	133
62847	133
62871	133
62894	133
62929	133
62953	133
62976	133
63000	133
63035	133
63058	133
63082	133
63105	133
63128	133
63152	133
63175	133
63199	133
63222	133
63257	133
63281	133
63304	133
63328	133
63351	133
63386	133
63410	133
63433	133
63457	133
63480	133
63503	133
63527	133
63550	133
63574	133
63597	133
63621	133
63656	133
63679	133
63703	133
63726	133
63761	134
63785	134
63808	134
63832	134
63855	134
63878	134
63902	134
63925	134
63949	134
63984	134
64007	134
64031	134
64054	134
64089	134
64113	134
64136	134
64160	134
64183	134
64207	134
64230	134
64253	134
64289	134
64312	134
64335	134
64359	134
64382	134
64406	134
64441	134
64464	134
64488	134
64523	134
64546	134
64570	134
64593	134
64628	134
64652	134
64675	134
64699	134
64722	134
64757	134
64781	134
64804	134
64839	134
64863	134
64886	134
64910	134
64933	134
64957	134
64980	134
65003	134
65027	135
65050	135
65074	135
65097	135
65121	135
65144	135
65167	135
65203	135
65226	135
65250	135
65273	135
65296	135
65320	135
65355	135
65378	135
65402	135
65425	135
65449	135
65484	135
65507	135
65531	135
65566	135
65589	135
65625	135
65648	135
65671	135
65695	135
65718	135
65753	135
65777	135
65800	135
65824	135
65847	135
65871	135
65894	135
65917	135
65953	135
65976	135
66000	135
66023	135
66046	135
66070	135
66093	135
66128	135
66152	135
66175	135
66199	135
66222	135
66246	135
66281	135
66304	136
66339	136
66363	136
66398	136
66421	136
66445	136
66468	136
66503	136
66527	136
66550	136
66574	136
66597	136
66621	136
66656	136
66679	136
66703	136
66726	136
66750	136
66785	136
66808	136
66832	136
66855	136
66878	136
66914	136
66937	136
66960	136
66984	136
67007	136
67042	136
67078	136
67113	136
67136	136
67160	136
67183	136
67207	136
67242	136
67265	136
67289	136
67312	136
67335	136
67359	136
67382	136
67406	136
67429	136
67464	136
67488	136
67511	136
67535	136
67558	136
67582	136
67605	137
67628	137
67652	137
67687	137
67710	137
67734	137
67757	137
67792	137
67816	137
67851	137
67886	137
67910	137
67933	137
67957	137
67992	137
68015	137
68050	137
68074	137
68097	137
68121	137
68144	137
68167	137
68203	137
68226	137
68250	137
68273	137
68296	137
68332	137
68355	137
68367	137
68390	137
68414	137
68437	137
68472	137
68496	137
68519	137
68542	137
68578	137
68601	137
68636	137
68660	137
68683	137
68707	137
68730	137
68765	137
68789	137
68812	137
68835	137
68871	137
68894	137
68917	138
68941	138
68976	138
69000	138
69023	138
69046	138
69082	138
69105	138
69128	138
69152	138
69175	138
69199	138
69222	138
69246	138
69281	138
69304	138
69339	138
69363	138
69386	138
69421	138
69445	138
69468	138
69492	138
69515	138
69539	138
69574	138
69597	138
69621	138
69644	138
69667	138
69703	138
69726	138
69750	138
69773	138
69796	138
69832	138
69855	138
69867	138
69890	138
69914	138
69937	138
69972	138
69996	138
70019	138
70042	138
70078	138
70101	138
70136	138
70160	138
70183	138
70207	139
70242	139
70277	139
70300	139
70324	139
70347	139
70382	139
70406	139
70441	139
70464	139
70500	139
70523	139
70546	139
70570	139
70593	139
70628	139
70652	139
70675	139
70699	139
70722	139
70757	139
70781	139
70804	139
70839	139
70863	139
70886	139
70910	139
70945	139
70968	139
70992	139
71015	139
71039	139
71074	139
71097	139
71121	139
71144	139
71179	139
71203	139
71226	139
71261	139
71285	139
71308	139
71343	139
71367	139
71390	139
71414	139
71437	139
71460	139
71484	139
71507	139
71542	140
71566	140
71589	140
71613	140
71648	140
71671	140
71695	140
71718	140
71753	140
71777	140
71800	140
71824	140
71859	140
71882	140
71906	140
71941	140
71964	140
72000	140
72023	140
72046	140
72082	140
72105	140
72128	140
72152	140
72175	140
72199	140
72234	140
72257	140
72281	140
72304	140
72339	140
72363	140
72386	140
72410	140
72445	140
72468	140
72492	140
72515	140
72539	140
72574	140
72597	140
72621	140
72656	140
72679	140
72714	140
72738	140
72773	140
72796	140
72820	140
72843	140
72867	141
72890	141
72925	141
72949	141
72972	141
72996	141
73019	141
73054	141
73078	141
73101	141
73125	141
73148	141
73183	141
73207	141
73230	141
73253	141
73289	141
73312	141
73335	141
73359	141
73382	141
73417	141
73453	141
73476	141
73511	141
73535	141
73558	141
73582	141
73617	141
73640	141
73664	141
73687	141
73710	141
73746	141
73769	141
73792	141
73816	141
73851	141
73875	141
73898	141
73933	141
73957	141
73980	141
74003	141
74039	141
74062	141
74085	141
74109	141
74144	141
74179	141
74203	142
74238	142
74261	142
74285	142
74320	142
74343	142
74367	142
74390	142
74414	142
74449	142
74472	142
74496	142
74519	142
74554	142
74578	142
74601	142
74625	142
74660	142
74683	142
74707	142
74730	142
74753	142
74789	142
74812	142
74835	142
74859	142
74894	142
74917	142
74953	142
74976	142
75011	142
75035	142
75058	142
75093	142
75117	142
75140	142
75164	142
75199	142
75222	142
75246	142
75281	142
75304	142
75328	142
75363	142
75386	142
75410	142
75445	142
75468	142
75492	142
75515	142
75539	143
75574	143
75597	143
75621	143
75656	143
75679	143
75714	143
75738	143
75773	143
75796	143
75820	143
75843	143
75878	143
75902	143
75925	143
75960	143
75984	143
76007	143
76042	143
76066	143
76101	143
76125	143
76160	143
76183	143
76207	143
76230	143
76265	143
76289	143
76312	143
76335	143
76371	143
76394	143
76429	143
76453	143
76488	143
76523	143
76546	143
76570	143
76605	143
76628	143
76664	143
76687	143
76722	143
76746	143
76769	143
76804	143
76828	143
76863	143
76886	143
76921	143
76945	144
76968	144
76992	144
77015	144
77039	144
77062	144
77097	144
77121	144
77144	144
77179	144
77203	144
77226	144
77261	144
77285	144
77308	144
77343	144
77367	144
77402	144
77425	144
77449	144
77484	144
77507	144
77542	144
77578	144
77601	144
77636	144
77660	144
77683	144
77718	144
77742	144
77777	144
77800	144
77824	144
77859	144
77882	144
77906	144
77941	144
77964	144
77988	144
78023	144
78046	144
78070	144
78105	144
78128	144
78152	144
78187	144
78210	144
78234	144
78269	144
78304	144
78339	145
78363	145
78398	145
78421	145
78445	145
78480	145
78503	145
78539	145
78562	145
78585	145
78621	145
78644	145
78667	145
78703	145
78726	145
78761	145
78785	145
78808	145
78843	145
78867	145
78902	145
78925	145
78949	145
78984	145
79007	145
79042	145
79078	145
79113	145
79148	145
79171	145
79195	145
79230	145
79253	145
79277	145
79312	145
79335	145
79359	145
79394	145
79417	145
79441	145
79464	145
79488	145
79523	145
79546	145
79582	145
79605	145
79628	145
79652	145
79687	145
79710	145
79734	146
79769	146
79804	146
79839	146
79875	146
79898	146
79933	146
79957	146
79992	146
80027	146
80050	146
80074	146
80109	146
80132	146
80167	146
80191	146
80226	146
80250	146
80273	146
80308	146
80332	146
80355	146
80378	146
80402	146
80437	146
80460	146
80484	146
80519	146
80542	146
80578	146
80613	146
80636	146
80671	146
80695	146
80730	146
80753	146
80789	146
80812	146
80835	146
80871	146
80894	146
80929	146
80953	146
80988	146
81011	146
81046	146
81070	146
81093	146
81128	146
81152	146
81175	147
81210	147
81234	147
81257	147
81292	147
81328	147
81351	147
81386	147
81410	147
81445	147
81468	147
81503	147
81527	147
81550	147
81585	147
81609	147
81632	147
81667	147
81691	147
81726	147
81750	147
81773	147
81808	147
81832	147
81855	147
81878	147
81902	147
81937	147
81960	147
81996	147
82019	147
82054	147
82078	147
82113	147
82148	147
82171	147
82195	147
82230	147
82265	147
82300	147
82324	147
82347	147
82382	147
82417	147
82453	147
82476	147
82511	147
82535	147
82570	147
82593	147
82617	148
82652	148
82675	148
82710	148
82734	148
82757	148
82792	148
82828	148
82851	148
82886	148
82910	148
82945	148
82968	148
82992	148
83027	148
83050	148
83085	148
83109	148
83144	148
83167	148
83203	148
83226	148
83261	148
83285	148
83320	148
83343	148
83367	148
83390	148
83425	148
83449	148
83484	148
83507	148
83531	148
83566	148
83589	148
83625	148
83648	148
83683	148
83707	148
83742	148
83765	148
83800	148
83824	148
83847	148
83882	148
83906	148
83941	148
83976	148
84011	148
84035	148
84070	149
84093	149
84117	149
84152	149
84175	149
84199	149
84234	149
84257	149
84292	149
84316	149
84351	149
84375	149
84398	149
84433	149
84457	149
84492	149
84515	149
84550	149
84574	149
84609	149
84632	149
84667	149
84703	149
84726	149
84761	149
84796	149
84820	149
84843	149
84878	149
84902	149
84925	149
84960	149
84984	149
85019	149
85042	149
85078	149
85101	149
85125	149
85160	149
85183	149
85218	149
85242	149
85277	149
85300	149
85335	149
85359	149
85394	149
85417	149
85453	149
85488	149
85523	150
85546	150
85582	150
85605	150
85628	150
85664	150
85687	150
85722	150
85746	150
85769	150
85804	150
85828	150
85863	150
85886	150
85921	150
85945	150
85980	150
86003	150
86039	150
86062	150
86097	150
86121	150
86156	150
86191	150
86226	150
86250	150
86285	150
86308	150
86343	150
86367	150
86390	150
86425	150
86449	150
86484	150
86507	150
86542	150
86566	150
86589	150
86625	150
86648	150
86683	150
86707	150
86742	150
86765	150
86800	150
86824	150
86847	150
86882	150
86917	150
86953	150
86976	151
87011	151
87035	151
87070	151
87093	151
87128	151
87164	151
87187	151
87222	151
87246	151
87281	151
87304	151
87339	151
87363	151
87398	151
87433	151
87457	151
87480	151
87515	151
87539	151
87574	151
87597	151
87632	151
87656	151
87691	151
87726	151
87761	151
87785	151
87820	151
87843	151
87878	151
87902	151
87937	151
87960	151
87996	151
88019	151
88054	151
88089	151
88113	151
88148	151
88171	151
88207	151
88230	151
88265	151
88289	151
88324	151
88347	151
88382	151
88417	151
88453	151
88476	152
88511	152
88546	152
88570	152
88605	152
88640	152
88675	152
88699	152
88734	152
88757	152
88792	152
88828	152
88863	152
88886	152
88921	152
88945	152
88980	152
89003	152
89027	152
89050	152
89085	152
89109	152
89144	152
89167	152
89203	152
89226	152
89261	152
89296	152
89320	152
89355	152
89378	152
89414	152
89449	152
89472	152
89507	152
89542	152
89578	152
89613	152
89636	152
89671	152
89695	152
89730	152
89765	152
89789	152
89824	152
89847	152
89882	152
89906	152
89941	152
89964	152
90000	153
90023	153
90058	153
90082	153
90117	153
90140	153
90175	153
90199	153
90234	153
90269	153
90304	153
90339	153
90375	153
90398	153
90433	153
90468	153
90492	153
90527	153
90550	153
90585	153
90621	153
90644	153
90679	153
90703	153
90738	153
90773	153
90796	153
90832	153
90855	153
90890	153
90925	153
90949	153
90984	153
91019	153
91054	153
91089	153
91125	153
91160	153
91183	153
91218	153
91242	153
91277	153
91300	153
91335	153
91371	153
91394	153
91417	153
91453	153
91476	153
91511	153
91535	154
91570	154
91593	154
91628	154
91652	154
91687	154
91710	154
91746	154
91781	154
91816	154
91851	154
91886	154
91921	154
91945	154
91980	154
92015	154
92050	154
92074	154
92109	154
92132	154
92167	154
92203	154
92226	154
92261	154
92285	154
92320	154
92343	154
92367	154
92402	154
92425	154
92460	154
92484	154
92519	154
92554	154
92589	154
92625	154
92648	154
92683	154
92718	154
92742	154
92777	154
92812	154
92835	154
92871	154
92906	154
92929	154
92964	154
93000	154
93023	154
93058	154
93093	155
93117	155
93152	155
93175	155
93210	155
93234	155
93269	155
93304	155
93339	155
93375	155
93398	155
93433	155
93457	155
93492	155
93527	155
93550	155
93585	155
93609	155
93644	155
93667	155
93703	155
93738	155
93761	155
93796	155
93820	155
93855	155
93878	155
93902	155
93937	155
93960	155
93996	155
94019	155
94054	155
94089	155
94125	155
94160	155
94183	155
94218	155
94253	155
94289	155
94324	155
94347	155
94382	155
94417	155
94453	155
94488	155
94511	155
94546	155
94582	155
94605	155
94640	156
94664	156
94699	156
94734	156
94757	156
94792	156
94828	156
94863	156
94886	156
94921	156
94957	156
94980	156
95015	156
95050	156
95074	156
95109	156
95144	156
95167	156
95203	156
95238	156
95273	156
95296	156
95332	156
95367	156
95390	156
95414	156
95449	156
95484	156
95507	156
95542	156
95566	156
95601	156
95636	156
95660	156
95695	156
95730	156
95753	156
95789	156
95812	156
95847	156
95882	156
95906	156
95941	156
95976	156
96011	156
96046	156
96070	156
96105	156
96128	156
96164	156
96187	157
96222	157
96257	157
96281	157
96316	157
96339	157
96375	157
96410	157
96433	157
96468	157
96492	157
96527	157
96562	157
96585	157
96621	157
96656	157
96691	157
96726	157
96761	157
96785	157
96820	157
96855	157
96878	157
96914	157
96937	157
96972	157
97007	157
97031	157
97066	157
97089	157
97125	157
97160	157
97195	157
97218	157
97253	157
97289	157
97312	157
97347	157
97382	157
97406	157
97453	157
97488	157
97511	157
97546	157
97582	157
97605	157
97640	157
97664	157
97699	157
97734	157
97757	158
97792	158
97828	158
97851	158
97886	158
97921	158
97945	158
97980	158
98015	158
98039	158
98074	158
98109	158
98132	158
98167	158
98214	158
98238	158
98273	158
98308	158
98332	158
98367	158
98390	158
98425	158
98460	158
98484	158
98519	158
98542	158
98578	158
98613	158
98636	158
98671	158
98707	158
98730	158
98765	158
98789	158
98824	158
98859	158
98882	158
98917	158
98953	158
98988	158
99023	158
99058	158
99082	158
99117	158
99152	158
99187	158
99210	158
99246	158
99281	158
99316	158
99339	159
99375	159
99410	159
99445	159
99468	159
99503	159
99527	159
99562	159
99597	159
99632	159
99656	159
99691	159
99726	159
99761	159
99796	159
99832	159
99855	159
99890	159
99925	159
99949	159
99984	159
100019	159
100054	159
100089	159
100113	159
100148	159
100183	159
100218	159
100242	159
100277	159
100300	159
100335	159
100371	159
100394	159
100429	159
100476	159
100500	159
100535	159
100570	159
100605	159
100640	159
100675	159
100699	159
100734	159
100769	159
100804	159
100839	159
100875	159
100898	159
100933	159
100968	160
100992	160
101015	160
101050	160
101074	160
101109	160
101144	160
101167	160
101203	160
101238	160
101273	160
101296	160
101332	160
101367	160
101402	160
101437	160
101472	160
101496	160
101542	160
101578	160
101613	160
101648	160
101683	160
101707	160
101742	160
101777	160
101812	160
101835	160
101871	160
101906	160
101929	160
101964	160
102000	160
102035	160
102070	160
102093	160
102128	160
102164	160
102187	160
102222	160
102257	160
102292	160
102328	160
102363	160
102398	160
102433	160
102457	160
102492	160
102527	160
102562	160
102585	161
102621	161
102656	161
102691	161
102714	161
102750	161
102785	161
102820	161
102843	161
102878	161
102914	161
102949	161
102972	161
103007	161
103054	161
103089	161
103125	161
103160	161
103183	161
103218	161
103253	161
103289	161
103312	161
103347	161
103382	161
103406	161
103441	161
103476	161
103500	161
103535	161
103570	161
103593	161
103628	161
103664	161
103687	161
103722	161
103757	161
103792	161
103839	161
103875	161
103910	161
103933	161
103968	161
104003	161
104039	161
104074	161
104109	161
104144	161
104167	161
104203	161
104238	162
104261	162
104296	162
104332	162
104355	162
104390	162
104414	162
104449	162
104484	162
104507	162
104542	162
104578	162
104613	162
104648	162
104683	162
104718	162
104742	162
104777	162
104812	162
104847	162
104882	162
104906	162
104941	162
104976	162
105011	162
105046	162
105070	162
105105	162
105140	162
105164	162
105199	162
105234	162
105257	162
105292	162
105328	162
105363	162
105398	162
105433	162
105468	162
105492	162
105527	162
105562	162
105585	162
105621	162
105656	162
105691	162
105714	162
105750	162
105785	162
105820	162
105843	163
105867	163
105902	163
105925	163
105960	163
105996	163
106019	163
106054	163
106101	163
106125	163
106160	163
106195	163
106230	163
106265	163
106300	163
106335	163
106371	163
106406	163
106441	163
106476	163
106511	163
106546	163
106570	163
106605	163
106640	163
106664	163
106699	163
106734	163
106757	163
106792	163
106828	163
106863	163
106898	163
106933	163
106957	163
106992	163
107027	163
107062	163
107085	163
107121	163
107156	163
107191	163
107226	163
107250	163
107285	163
107320	163
107355	163
107378	163
107402	163
107437	163
107472	164
107507	164
107531	164
107566	164
107601	164
107625	164
107660	164
107695	164
107730	164
107753	164
107789	164
107824	164
107859	164
107882	164
107917	164
107964	164
107988	164
108023	164
108058	164
108093	164
108117	164
108152	164
108187	164
108210	164
108246	164
108281	164
108304	164
108339	164
108375	164
108410	164
108445	164
108468	164
108503	164
108539	164
108562	164
108597	164
108632	164
108667	164
108703	164
108738	164
108773	164
108808	164
108843	164
108867	164
108902	164
108925	164
108960	164
108996	164
109031	164
109054	164
109089	165
109125	165
109148	165
109183	165
109218	165
109253	165
109277	165
109312	165
109347	165
109382	165
109417	165
109453	165
109488	165
109523	165
109558	165
109582	165
109617	165
109640	165
109675	165
109710	165
109746	165
109769	165
109804	165
109839	165
109863	165
109898	165
109933	165
109968	165
109992	165
110027	165
110062	165
110097	165
110132	165
110167	165
110203	165
110238	165
110273	165
110308	165
110332	165
110367	165
110402	165
110425	165
110460	165
110496	165
110519	165
110554	165
110589	165
110625	165
110648	165
110683	165
110718	166
110742	166
110777	166
110812	166
110847	166
110871	166
110906	166
110953	166
110988	166
111023	166
111046	166
111082	166
111117	166
111152	166
111175	166
111210	166
111246	166
111281	166
111316	166
111351	166
111375	166
111410	166
111445	166
111480	166
111503	166
111539	166
111574	166
111597	166
111632	166
111667	166
111703	166
111738	166
111773	166
111808	166
111832	166
111867	166
111902	166
111937	166
111960	166
111996	166
112031	166
112066	166
112101	166
112136	166
112160	166
112195	166
112230	166
112253	166
112289	166
112324	166
112359	167
112382	167
112417	167
112453	167
112500	167
112523	167
112558	167
112593	167
112628	167
112664	167
112699	167
112734	167
112769	167
112804	167
112839	167
112875	167
112898	167
112933	167
112968	167
112992	167
113015	167
113050	167
113085	167
113109	167
113144	167
113179	167
113214	167
113238	167
113273	167
113308	167
113343	167
113378	167
113414	167
113437	167
113472	167
113507	167
113542	167
113589	167
113625	167
113648	167
113683	167
113718	167
113753	167
113777	167
113812	167
113847	167
113871	167
113906	167
113941	167
113964	167
114000	168
114035	168
114070	168
114093	168
114128	168
114164	168
114187	168
114222	168
114257	168
114292	168
114328	168
114363	168
114398	168
114433	168
114468	168
114492	168
114527	168
114562	168
114597	168
114621	168
114656	168
114691	168
114726	168
114750	168
114785	168
114820	168
114843	168
114878	168
114914	168
114949	168
114972	168
115007	168
115054	168
115089	168
115125	168
115160	168
115195	168
115218	168
115253	168
115289	168
115312	168
115347	168
115382	168
115406	168
115441	168
115464	168
115500	168
115535	168
115570	168
115593	168
115628	169
115652	169
115687	169
115722	169
115746	169
115792	169
115828	169
115863	169
115898	169
115933	169
115957	169
116003	169
116039	169
116062	169
116097	169
116132	169
116156	169
116191	169
116226	169
116250	169
116285	169
116320	169
116343	169
116367	169
116402	169
116425	169
116460	169
116496	169
116519	169
116554	169
116589	169
116625	169
116660	169
116683	169
116718	169
116753	169
116789	169
116824	169
116847	169
116882	169
116917	169
116953	169
116976	169
117011	169
117046	169
117070	169
117105	169
117140	169
117164	169
117199	169
117222	170
117257	170
117292	170
117328	170
117363	170
117398	170
117421	170
117457	170
117492	170
117515	170
117550	170
117585	170
117609	170
117644	170
117679	170
117703	170
117738	170
117773	170
117796	170
117832	170
117855	170
117878	170
117914	170
117937	170
117972	170
118007	170
118031	170
118066	170
118101	170
118136	170
118171	170
118195	170
118230	170
118277	170
118300	170
118335	170
118371	170
118406	170
118441	170
118476	170
118500	170
118535	170
118570	170
118593	170
118628	170
118652	170
118687	170
118722	170
118746	170
118781	170
118816	171
118851	171
118875	171
118910	171
118945	171
118968	171
119003	171
119039	171
119062	171
119097	171
119121	171
119156	171
119191	171
119226	171
119250	171
119285	171
119320	171
119343	171
119378	171
119402	171
119425	171
119460	171
119496	171
119519	171
119554	171
119589	171
119613	171
119648	171
119683	171
119707	171
119742	171
119777	171
119800	171
119835	171
119859	171
119894	171
119929	171
119964	171
120000	171
120035	171
120058	171
120093	171
120117	171
120152	171
120175	171
120210	171
120234	171
120269	171
120304	171
120328	171
120363	172
120398	172
120421	172
120457	172
120480	172
120515	172
120550	172
120574	172
120609	172
120632	172
120667	172
120703	172
120738	172
120773	172
120808	172
120832	172
120867	172
120890	172
120925	172
120949	172
120984	172
121007	172
121042	172
121066	172
121101	172
121136	172
121160	172
121195	172
121218	172
121253	172
121289	172
121312	172
121347	172
121382	172
121406	172
121453	172
121476	172
121511	172
121546	172
121570	172
121605	172
121640	172
121664	172
121687	172
121722	172
121757	172
121781	172
121816	172
121851	172
121875	172
121910	173
121933	173
121968	173
122003	173
122027	173
122062	173
122085	173
122121	173
122156	173
122191	173
122226	173
122261	173
122285	173
122320	173
122355	173
122378	173
122402	173
122437	173
122472	173
122496	173
122531	173
122554	173
122589	173
122613	173
122648	173
122683	173
122707	173
122742	173
122765	173
122800	173
122824	173
122859	173
122894	173
122917	173
122953	173
122988	173
123023	173
123046	173
123082	173
123117	173
123140	173
123175	173
123210	173
123234	173
123269	173
123304	173
123328	173
123363	173
123398	173
123421	173
123457	174
123480	174
123515	174
123539	174
123574	174
123597	174
123632	174
123667	174
123703	174
123726	174
123761	174
123796	174
123820	174
123855	174
123890	174
123914	174
123949	174
123972	174
124007	174
124042	174
124078	174
124101	174
124136	174
124171	174
124195	174
124230	174
124253	174
124289	174
124312	174
124347	174
124382	174
124406	174
124441	174
124476	174
124511	174
124546	174
124570	174
124605	174
124640	174
124675	174
124699	174
124734	174
124769	174
124804	174
124839	174
124863	174
124898	174
124921	174
124957	174
124980	174
125015	175
125039	175
125062	175
125097	175
125132	175
125156	175
125191	175
125214	175
125250	175
125273	175
125308	175
125343	175
125367	175
125402	175
125437	175
125460	175
125496	175
125531	175
125566	175
125601	175
125636	175
125671	175
125695	175
125730	175
125753	175
125789	175
125812	175
125847	175
125882	175
125906	175
125941	175
125964	175
126000	175
126023	175
126058	175
126093	175
126117	175
126152	175
126175	175
126210	175
126234	175
126269	175
126304	175
126351	175
126375	175
126410	175
126445	175
126468	175
126503	175
126539	175
126562	176
126597	176
126621	176
126656	176
126679	176
126714	176
126750	176
126773	176
126808	176
126843	176
126867	176
126902	176
126937	176
126960	176
126996	176
127031	176
127066	176
127101	176
127136	176
127171	176
127195	176
127230	176
127253	176
127289	176
127312	176
127347	176
127382	176
127406	176
127429	176
127464	176
127488	176
127523	176
127546	176
127582	176
127605	176
127640	176
127664	176
127699	176
127722	176
127757	176
127792	176
127828	176
127863	176
127898	176
127933	176
127957	176
127992	176
128027	176
128062	176
128085	176
128121	177
128144	177
128179	177
128214	177
128238	177
128273	177
128296	177
128332	177
128355	177
128378	177
128414	177
128437	177
128472	177
128496	177
128531	177
128566	177
128601	177
128625	177
128660	177
128683	177
128718	177
128753	177
128789	177
128812	177
128847	177
128871	177
128906	177
128941	177
128964	177
129000	177
129035	177
129058	177
129093	177
129117	177
129152	177
129175	177
129210	177
129234	177
129269	177
129304	177
129339	177
129375	177
129398	177
129433	177
129457	177
129492	177
129515	177
129550	177
129585	177
129609	177
129644	178
129667	178
129703	178
129726	178
129761	178
129796	178
129820	178
129855	178
129878	178
129902	178
129925	178
129960	178
129984	178
130019	178
130054	178
130078	178
130113	178
130148	178
130171	178
130207	178
130242	178
130277	178
130312	178
130335	178
130371	178
130406	178
130441	178
130476	178
130500	178
130535	178
130570	178
130593	178
130628	178
130652	178
130687	178
130710	178
130746	178
130769	178
130804	178
130839	178
130875	178
130898	178
130933	178
130968	178
130992	178
131027	178
131050	178
131085	178
131121	178
131144	178
131179	179
131214	179
131238	179
131273	179
131308	179
131332	179
131367	179
131390	179
131414	179
131449	179
131472	179
131507	179
131542	179
131566	179
131601	179
131625	179
131660	179
131695	179
131718	179
131753	179
131777	179
131812	179
131835	179
131871	179
131906	179
131941	179
131976	179
132000	179
132035	179
132070	179
132093	179
132128	179
132152	179
132175	179
132210	179
132246	179
132269	179
132304	179
132328	179
132363	179
132398	179
132421	179
132457	179
132480	179
132515	179
132550	179
132574	179
132609	179
132632	179
132667	179
132703	180
132738	180
132773	180
132808	180
132832	180
132867	180
132890	180
132925	180
132949	180
132984	180
133007	180
133042	180
133066	180
133101	180
133136	180
133160	180
133195	180
133218	180
133253	180
133289	180
133312	180
133347	180
133382	180
133406	180
133453	180
133488	180
133511	180
133546	180
133582	180
133605	180
133640	180
133664	180
133699	180
133722	180
133757	180
133781	180
133816	180
133851	180
133875	180
133910	180
133945	180
133968	180
134003	180
134027	180
134062	180
134097	180
134121	180
134156	180
134191	180
134226	180
134261	181
134296	181
134320	181
134355	181
134378	181
134414	181
134437	181
134472	181
134496	181
134531	181
134554	181
134589	181
134625	181
134648	181
134683	181
134718	181
134742	181
134777	181
134800	181
134835	181
134859	181
134894	181
134929	181
134964	181
135000	181
135035	181
135058	181
135093	181
135128	181
135152	181
135187	181
135210	181
135246	181
135281	181
135316	181
135339	181
135375	181
135410	181
135433	181
135468	181
135492	181
135527	181
135562	181
135585	181
135621	181
135656	181
135679	181
135714	181
135750	181
135785	181
135808	182
135843	182
135878	182
135914	182
135937	182
135972	182
135996	182
136031	182
136066	182
136101	182
136125	182
136160	182
136195	182
136218	182
136253	182
136289	182
136312	182
136347	182
136371	182
136406	182
136441	182
136476	182
136511	182
136546	182
136570	182
136605	182
136652	182
136675	182
136710	182
136734	182
136769	182
136804	182
136839	182
136875	182
136910	182
136933	182
136968	182
136992	182
137015	182
137050	182
137074	182
137109	182
137144	182
137167	182
137203	182
137238	182
137261	182
137296	182
137332	182
137367	182
137402	183
137425	183
137460	183
137496	183
137531	183
137566	183
137601	183
137636	183
137671	183
137695	183
137730	183
137765	183
137789	183
137824	183
137847	183
137882	183
137917	183
137941	183
137976	183
138011	183
138035	183
138070	183
138105	183
138128	183
138164	183
138199	183
138222	183
138257	183
138292	183
138328	183
138363	183
138398	183
138433	183
138457	183
138492	183
138527	183
138562	183
138585	183
138621	183
138656	183
138679	183
138714	183
138750	183
138773	183
138808	183
138843	183
138878	183
138914	183
138937	183
138972	183
139007	184
139042	184
139078	184
139113	184
139148	184
139183	184
139207	184
139242	184
139277	184
139300	184
139335	184
139371	184
139394	184
139429	184
139453	184
139488	184
139523	184
139546	184
139582	184
139605	184
139640	184
139675	184
139699	184
139734	184
139769	184
139804	184
139839	184
139886	184
139910	184
139945	184
139980	184
140015	184
140050	184
140074	184
140109	184
140144	184
140167	184
140203	184
140238	184
140261	184
140296	184
140332	184
140355	184
140378	184
140414	184
140437	184
140472	184
140496	184
140531	184
140566	184
140601	185
140636	185
140671	185
140695	185
140730	185
140765	185
140800	185
140824	185
140859	185
140894	185
140917	185
140953	185
140988	185
141023	185
141046	185
141082	185
141105	185
141140	185
141175	185
141199	185
141234	185
141257	185
141292	185
141328	185
141363	185
141398	185
141433	185
141457	185
141492	185
141527	185
141550	185
141585	185
141609	185
141644	185
141679	185
141703	185
141738	185
141773	185
141796	185
141832	185
141855	185
141878	185
141914	185
141937	185
141972	185
142007	185
142031	185
142066	185
142101	185
142136	185
142160	186
142195	186
142230	186
142265	186
142300	186
142324	186
142359	186
142394	186
142429	186
142464	186
142500	186
142523	186
142558	186
142593	186
142617	186
142652	186
142675	186
142710	186
142734	186
142769	186
142804	186
142839	186
142863	186
142898	186
142933	186
142957	186
142992	186
143015	186
143050	186
143085	186
143109	186
143144	186
143179	186
143203	186
143238	186
143273	186
143308	186
143332	186
143367	186
143390	186
143414	186
143449	186
143472	186
143507	186
143542	186
143566	186
143601	186
143636	186
143660	186
143695	186
143718	187
143753	187
143789	187
143812	187
143847	187
143882	187
143906	187
143941	187
143976	187
144011	187
144046	187
144070	187
144105	187
144128	187
144164	187
144187	187
144222	187
144257	187
144281	187
144316	187
144339	187
144375	187
144410	187
144433	187
144468	187
144492	187
144527	187
144562	187
144585	187
144621	187
144656	187
144691	187
144726	187
144750	187
144785	187
144820	187
144843	187
144878	187
144902	187
144937	187
144960	187
144996	187
145019	187
145054	187
145089	187
145113	187
145148	187
145171	187
145207	187
145242	187
145265	188
145300	188
145324	188
145359	188
145394	188
145429	188
145464	188
145500	188
145523	188
145558	188
145593	188
145617	188
145652	188
145675	188
145710	188
145734	188
145769	188
145804	188
145828	188
145863	188
145886	188
145921	188
145957	188
145980	188
146015	188
146050	188
146074	188
146109	188
146144	188
146179	188
146214	188
146250	188
146273	188
146308	188
146343	188
146367	188
146390	188
146425	188
146460	188
146484	188
146519	188
146542	188
146578	188
146601	188
146636	188
146671	188
146695	188
146730	188
146753	188
146789	188
146812	189
146847	189
146882	189
146917	189
146953	189
146976	189
147011	189
147046	189
147070	189
147105	189
147140	189
147164	189
147199	189
147234	189
147257	189
147292	189
147328	189
147363	189
147386	189
147421	189
147457	189
147480	189
147515	189
147539	189
147574	189
147597	189
147632	189
147667	189
147703	189
147738	189
147761	189
147796	189
147832	189
147855	189
147890	189
147925	189
147949	189
147984	189
148019	189
148042	189
148078	189
148113	189
148148	189
148171	189
148207	189
148242	189
148265	189
148300	189
148324	189
148359	189
148394	190
148429	190
148464	190
148500	190
148523	190
148558	190
148593	190
148628	190
148664	190
148699	190
148722	190
148757	190
148792	190
148828	190
148863	190
148886	190
148921	190
148957	190
148980	190
149003	190
149027	190
149062	190
149097	190
149121	190
149156	190
149179	190
149214	190
149250	190
149273	190
149308	190
149343	190
149378	190
149414	190
149437	190
149472	190
149507	190
149542	190
149578	190
149613	190
149648	190
149671	190
149707	190
149742	190
149765	190
149800	190
149824	190
149859	190
149894	190
149917	190
149953	190
149988	191
150011	191
150046	191
150082	191
150105	191
150140	191
150175	191
150199	191
150234	191
150269	191
150304	191
150339	191
150375	191
150410	191
150445	191
150468	191
150503	191
150539	191
150562	191
150597	191
150632	191
150656	191
150691	191
150726	191
150750	191
150785	191
150820	191
150855	191
150878	191
150914	191
150949	191
150972	191
151007	191
151054	191
151089	191
151125	191
151160	191
151183	191
151218	191
151253	191
151277	191
151312	191
151347	191
151371	191
151406	191
151429	191
151464	191
151488	191
151523	191
151558	191
151582	192
151617	192
151640	192
151675	192
151699	192
151734	192
151769	192
151804	192
151851	192
151886	192
151910	192
151945	192
151980	192
152015	192
152050	192
152074	192
152109	192
152144	192
152179	192
152203	192
152238	192
152261	192
152296	192
152332	192
152355	192
152378	192
152414	192
152437	192
152472	192
152507	192
152542	192
152578	192
152613	192
152636	192
152671	192
152707	192
152742	192
152777	192
152800	192
152835	192
152871	192
152894	192
152929	192
152964	192
153000	192
153023	192
153058	192
153093	192
153117	192
153152	192
153187	193
153210	193
153246	193
153281	193
153316	193
153351	193
153375	193
153410	193
153445	193
153480	193
153503	193
153539	193
153562	193
153597	193
153632	193
153656	193
153691	193
153726	193
153750	193
153785	193
153820	193
153843	193
153878	193
153902	193
153925	193
153960	193
153996	193
154019	193
154054	193
154089	193
154125	193
154160	193
154183	193
154218	193
154265	193
154300	193
154324	193
154359	193
154394	193
154429	193
154464	193
154500	193
154523	193
154558	193
154593	193
154617	193
154652	193
154687	193
154710	193
154746	193
154781	194
154816	194
154839	194
154875	194
154910	194
154945	194
154968	194
155003	194
155039	194
155062	194
155097	194
155132	194
155167	194
155203	194
155226	194
155261	194
155296	194
155332	194
155355	194
155378	194
155414	194
155437	194
155472	194
155507	194
155542	194
155566	194
155601	194
155636	194
155660	194
155695	194
155730	194
155765	194
155789	194
155824	194
155859	194
155882	194
155917	194
155953	194
155988	194
156023	194
156058	194
156082	194
156117	194
156140	194
156175	194
156210	194
156234	194
156269	194
156304	194
156328	194
156363	195
156398	195
156421	195
156457	195
156492	195
156515	195
156550	195
156585	195
156609	195
156644	195
156679	195
156726	195
156750	195
156785	195
156820	195
156855	195
156878	195
156914	195
156937	195
156972	195
157007	195
157031	195
157066	195
157101	195
157125	195
157160	195
157195	195
157218	195
157253	195
157289	195
157312	195
157347	195
157382	195
157417	195
157453	195
157488	195
157523	195
157558	195
157582	195
157617	195
157652	195
157675	195
157710	195
157746	195
157769	195
157804	195
157839	195
157863	195
timepoint: 183.62