0	0
0	0
0	0
0	0
0	0
0	0
0	0
0	0
0	0
0	0
0	0
0	0
0	0
0	0
0	0
0	0
0	0
0	0
0	0
0	0
0	0
0	0
0	0
0	0
0	0
0	0
0	0
0	0
0	0
0	0
0	0
0	0
0	0
0	0
0	0
0	0
0	0
0	0
0	0
0	0
0	0
0	0
0	0
0	0
0	0
0	0
0	0
0	0
0	0
0	0
0	1
0	1
0	1
0	1
0	1
0	1
0	1
0	1
0	1
0	1
0	1
0	1
0	1
0	1
0	1
0	1
0	1
0	1
0	1
0	1
0	1
0	1
0	1
0	1
0	1
0	1
0	1
0	1
0	1
0	1
0	1
0	1
0	1
0	1
0	1
0	1
0	1
0	1
0	1
0	1
0	1
0	1
0	1
0	1
0	1
0	1
0	1
0	1
0	1
0	1
0	2
0	2
0	2
0	2
0	2
0	2
0	2
0	2
0	2
0	2
0	2
0	2
0	2
0	2
0	2
0	2
0	2
0	2
0	2
0	2
0	2
0	2
0	2
0	2
0	2
0	2
0	2
0	2
0	2
0	2
0	2
0	2
0	2
0	2
0	2
0	2
0	2
0	2
0	2
0	2
0	2
0	2
0	2
0	2
0	2
0	2
0	2
0	2
0	2
0	2
0	3
0	3
0	3
0	3
0	3
0	3
0	3
0	3
0	3
0	3
0	3
0	3
0	3
0	3
0	3
0	3
0	3
0	3
0	3
0	3
0	3
0	3
0	3
0	3
0	3
0	3
0	3
0	3
0	3
0	3
0	3
0	3
0	3
0	3
0	3
0	3
0	3
0	3
0	3
0	3
0	3
0	3
0	3
0	3
0	3
0	3
0	3
0	3
0	3
0	3
0	4
0	4
0	4
0	4
0	4
0	4
0	4
0	4
0	4
0	4
0	4
0	4
0	4
0	4
0	4
0	4
0	4
0	4
0	4
0	4
0	4
0	4
0	4
0	4
0	4
0	4
0	4
0	4
0	4
0	4
0	4
0	4
0	4
0	4
0	4
0	4
0	4
0	4
0	4
0	4
0	4
11	4
11	4
11	4
11	4
11	4
11	4
11	4
11	4
11	4
11	5
23	5
23	5
23	5
23	5
23	5
23	5
23	5
23	5
23	5
23	5
35	5
35	5
35	5
35	5
35	5
35	5
35	5
35	5
35	5
35	5
35	5
35	5
35	5
35	5
35	5
35	5
35	5
35	5
35	5
35	5
23	5
23	5
23	5
23	5
23	5
23	5
23	5
23	5
23	5
23	5
23	5
23	5
23	5
23	5
23	5
11	5
11	5
11	5
11	5
11	6
11	6
11	6
11	6
11	6
11	6
11	6
11	6
11	6
11	6
11	6
23	6
23	6
23	6
23	6
23	6
23	6
23	6
23	6
23	6
23	6
23	6
23	6
23	6
23	6
35	6
35	6
35	6
35	6
35	6
35	6
35	6
35	6
35	6
35	6
35	6
35	6
35	6
35	6
35	6
35	6
35	6
35	6
35	6
35	6
35	6
35	6
35	6
35	6
35	6
35	7
35	7
35	7
35	7
35	7
35	7
35	7
35	7
35	7
35	7
35	7
35	7
35	7
35	7
23	7
23	7
23	7
23	7
23	7
23	7
23	7
23	7
23	7
23	7
23	7
23	7
23	7
23	7
23	7
23	7
23	7
23	7
23	7
23	7
23	7
23	7
23	7
23	7
23	7
35	7
35	7
35	7
35	7
35	7
35	7
35	7
35	7
35	7
35	7
35	7
35	8
35	8
35	8
35	8
35	8
35	8
35	8
35	8
35	8
35	8
35	8
35	8
35	8
35	8
35	8
35	8
35	8
35	8
35	8
35	8
35	8
35	8
35	8
35	8
35	8
35	8
35	8
35	8
35	8
35	8
35	8
35	8
35	8
35	8
35	8
35	8
35	8
35	8
35	8
35	8
35	8
35	8
35	8
35	8
35	8
35	8
35	8
35	8
35	8
35	8
35	9
35	9
35	9
35	9
35	9
35	9
35	9
35	9
35	9
35	9
35	9
35	9
35	9
35	9
35	9
35	9
35	9
35	9
35	9
35	9
35	9
35	9
35	9
35	9
35	9
35	9
35	9
35	9
35	9
35	9
35	9
35	9
35	9
35	9
35	9
35	9
35	9
35	9
35	9
35	9
35	9
35	9
35	9
35	9
35	9
35	9
35	9
35	9
35	9
35	9
35	10
35	10
35	10
35	10
35	10
35	10
35	10
35	10
35	10
35	10
35	10
35	10
35	10
35	10
35	10
35	10
35	10
35	10
35	10
35	10
35	10
35	10
35	10
35	10
35	10
35	10
35	10
35	10
35	10
35	10
35	10
35	10
35	10
35	10
35	10
35	10
35	10
35	10
35	10
35	10
35	10
35	10
35	10
35	10
35	10
35	10
35	10
35	10
35	10
35	10
35	11
35	11
35	11
35	11
35	11
35	11
35	11
35	11
35	11
35	11
35	11
35	11
35	11
35	11
35	11
35	11
35	11
35	11
35	11
35	11
35	11
35	11
35	11
35	11
35	11
35	11
35	11
35	11
35	11
35	11
35	11
35	11
35	11
35	11
35	11
35	11
35	11
35	11
35	11
35	11
35	11
35	11
35	11
35	11
35	11
35	11
35	11
35	11
35	11
35	11
35	12
35	12
35	12
35	12
35	12
35	12
35	12
35	12
35	12
35	12
35	12
35	12
35	12
35	12
35	12
35	12
35	12
35	12
35	12
35	12
35	12
35	12
35	12
35	12
35	12
35	12
35	12
35	12
35	12
35	12
35	12
35	12
35	12
35	12
35	12
35	12
35	12
35	12
35	12
35	12
35	12
35	12
35	12
35	12
35	12
35	12
35	12
35	12
35	12
35	12
35	13
35	13
35	13
35	13
35	13
35	13
35	13
35	13
35	13
35	13
35	13
35	13
35	13
35	13
35	13
35	13
35	13
35	13
35	13
35	13
35	13
35	13
35	13
35	13
35	13
35	13
35	13
35	13
35	13
35	13
35	13
35	13
35	13
35	13
35	13
35	13
35	13
35	13
35	13
35	13
35	13
35	13
35	13
35	13
35	13
35	13
35	13
35	13
35	13
35	13
35	14
35	14
35	14
35	14
35	14
35	14
35	14
35	14
35	14
35	14
35	14
35	14
35	14
35	14
35	14
35	14
35	14
35	14
35	14
35	14
35	14
35	14
35	14
35	14
35	14
35	14
35	14
35	14
35	14
35	14
35	14
35	14
35	14
35	14
35	14
35	14
35	14
35	14
35	14
35	14
35	14
35	14
35	14
35	14
35	14
35	14
35	14
35	14
35	14
35	14
35	15
35	15
35	15
35	15
35	15
35	15
35	15
35	15
35	15
35	15
35	15
35	15
35	15
35	15
35	15
35	15
35	15
35	15
35	15
35	15
35	15
35	15
35	15
35	15
35	15
35	15
35	15
35	15
35	15
35	15
35	15
35	15
35	15
35	15
35	15
35	15
35	15
35	15
35	15
35	15
35	15
35	15
35	15
35	15
35	15
35	15
35	15
35	15
35	15
35	15
35	16
35	16
35	16
35	16
35	16
35	16
35	16
35	16
35	16
35	16
35	16
35	16
35	16
35	16
35	16
35	16
35	16
35	16
35	16
35	16
35	16
35	16
35	16
35	16
35	16
35	16
35	16
35	16
35	16
35	16
35	16
35	16
35	16
35	16
35	16
35	16
35	16
35	16
35	16
35	16
35	16
35	16
35	16
35	16
35	16
35	16
35	16
35	16
35	16
35	16
35	17
35	17
35	17
35	17
35	17
35	17
35	17
35	17
35	17
35	17
35	17
35	17
35	17
35	17
35	17
35	17
35	17
35	17
35	17
35	17
35	17
35	17
35	17
35	17
35	17
35	17
35	17
35	17
35	17
35	17
35	17
35	17
35	17
35	17
35	17
35	17
35	17
35	17
35	17
35	17
35	17
35	17
35	17
35	17
35	17
35	17
35	17
35	17
35	17
35	17
35	18
35	18
35	18
35	18
35	18
35	18
35	18
35	18
35	18
35	18
35	18
35	18
35	18
35	18
35	18
35	18
35	18
35	18
35	18
35	18
35	18
35	18
35	18
35	18
35	18
35	18
35	18
35	18
35	18
35	18
35	18
35	18
35	18
35	18
35	18
35	18
35	18
35	18
35	18
35	18
35	18
35	18
35	18
35	18
35	18
35	18
35	18
35	18
35	18
35	18
35	19
35	19
35	19
35	19
35	19
35	19
35	19
35	19
35	19
35	19
35	19
35	19
35	19
35	19
35	19
35	19
35	19
35	19
35	19
35	19
35	19
35	19
35	19
35	19
35	19
35	19
35	19
35	19
35	19
35	19
35	19
35	19
35	19
35	19
35	19
35	19
35	19
35	19
35	19
35	19
35	19
35	19
35	19
35	19
35	19
35	19
35	19
35	19
35	19
35	19
35	20
35	20
35	20
35	20
35	20
35	20
35	20
35	20
35	20
35	20
35	20
35	20
35	20
35	20
35	20
35	20
35	20
35	20
35	20
35	20
35	20
35	20
35	20
35	20
35	20
35	20
35	20
35	20
35	20
35	20
35	20
35	20
35	20
35	20
35	20
35	20
35	20
35	20
35	20
35	20
35	20
35	20
35	20
35	20
35	20
35	20
35	20
35	20
35	20
35	20
35	21
35	21
35	21
35	21
35	21
35	21
35	21
35	21
35	21
35	21
35	21
35	21
35	21
35	21
35	21
35	21
35	21
35	21
35	21
35	21
35	21
35	21
35	21
35	21
35	21
35	21
35	21
35	21
35	21
35	21
35	21
35	21
35	21
35	21
35	21
35	21
35	21
35	21
35	21
35	21
35	21
35	21
35	21
35	21
35	21
35	21
35	21
35	21
35	21
35	21
35	22
35	22
35	22
35	22
35	22
35	22
35	22
35	22
35	22
35	22
35	22
35	22
35	22
35	22
35	22
35	22
35	22
35	22
35	22
35	22
35	22
35	22
35	22
35	22
35	22
35	22
35	22
35	22
35	22
35	22
35	22
35	22
35	22
35	22
35	22
35	22
35	22
35	22
35	22
35	22
35	22
35	22
35	22
35	22
35	22
35	22
35	22
35	22
35	22
35	22
35	23
35	23
35	23
35	23
35	23
35	23
35	23
35	23
35	23
35	23
35	23
35	23
35	23
35	23
35	23
35	23
35	23
35	23
35	23
35	23
35	23
35	23
35	23
35	23
35	23
35	23
35	23
35	23
35	23
35	23
35	23
35	23
35	23
35	23
35	23
35	23
35	23
35	23
35	23
35	23
35	23
35	23
35	23
35	23
35	23
35	23
35	23
35	23
35	23
35	23
35	24
35	24
35	24
35	24
35	24
35	24
35	24
35	24
35	24
35	24
35	24
35	24
35	24
35	24
35	24
35	24
35	24
35	24
35	24
35	24
35	24
35	24
35	24
35	24
35	24
35	24
35	24
35	24
35	24
35	24
35	24
35	24
35	24
35	24
35	24
35	24
35	24
35	24
35	24
35	24
35	24
35	24
35	24
35	24
35	24
35	24
35	24
35	24
35	24
35	24
35	25
35	25
35	25
35	25
35	25
35	25
35	25
35	25
35	25
35	25
35	25
35	25
35	25
35	25
35	25
35	25
35	25
35	25
35	25
35	25
35	25
35	25
35	25
35	25
35	25
35	25
35	25
35	25
35	25
35	25
35	25
35	25
35	25
35	25
35	25
35	25
35	25
35	25
35	25
35	25
35	25
35	25
35	25
35	25
35	25
35	25
35	25
35	25
35	25
35	25
35	26
35	26
35	26
35	26
35	26
35	26
35	26
35	26
35	26
35	26
35	26
35	26
35	26
35	26
35	26
35	26
35	26
35	26
35	26
35	26
35	26
35	26
35	26
35	26
35	26
35	26
35	26
35	26
35	26
35	26
35	26
35	26
35	26
35	26
35	26
35	26
35	26
35	26
35	26
35	26
35	26
35	26
35	26
35	26
35	26
35	26
35	26
35	26
35	26
35	26
35	27
35	27
35	27
35	27
35	27
35	27
35	27
35	27
35	27
35	27
35	27
35	27
35	27
35	27
35	27
35	27
35	27
35	27
35	27
35	27
35	27
35	27
35	27
35	27
35	27
35	27
35	27
35	27
35	27
35	27
35	27
35	27
35	27
35	27
35	27
35	27
35	27
35	27
35	27
35	27
35	27
35	27
35	27
35	27
35	27
35	27
35	27
35	27
35	27
35	27
35	28
35	28
35	28
35	28
35	28
35	28
35	28
35	28
35	28
35	28
35	28
35	28
35	28
35	28
35	28
35	28
35	28
35	28
35	28
35	28
35	28
35	28
35	28
35	28
35	28
35	28
35	28
35	28
35	28
35	28
35	28
35	28
35	28
35	28
35	28
35	28
35	28
35	28
35	28
35	28
35	28
35	28
35	28
35	28
35	28
35	28
35	28
35	28
35	28
35	28
35	29
35	29
35	29
35	29
35	29
35	29
35	29
35	29
35	29
35	29
35	29
35	29
35	29
35	29
35	29
35	29
35	29
35	29
35	29
35	29
35	29
35	29
35	29
35	29
35	29
35	29
35	29
35	29
35	29
35	29
35	29
35	29
35	29
35	29
35	29
35	29
35	29
35	29
35	29
35	29
35	29
35	29
35	29
35	29
35	29
35	29
35	29
35	29
35	29
35	29
35	30
35	30
35	30
35	30
35	30
35	30
35	30
35	30
35	30
35	30
35	30
35	30
35	30
35	30
35	30
35	30
35	30
35	30
35	30
35	30
35	30
35	30
35	30
35	30
35	30
35	30
35	30
35	30
35	30
35	30
35	30
35	30
35	30
35	30
35	30
35	30
35	30
35	30
35	30
35	30
35	30
35	30
35	30
35	30
35	30
35	30
35	30
35	30
35	30
35	30
35	31
35	31
35	31
35	31
35	31
35	31
35	31
35	31
35	31
35	31
35	31
35	31
35	31
35	31
35	31
35	31
35	31
35	31
35	31
35	31
35	31
35	31
35	31
35	31
35	31
35	31
35	31
35	31
35	31
35	31
35	31
35	31
35	31
35	31
35	31
35	31
35	31
35	31
35	31
35	31
35	31
35	31
35	31
35	31
35	31
35	31
35	31
35	31
35	31
35	31
35	32
35	32
35	32
35	32
35	32
35	32
35	32
35	32
35	32
35	32
35	32
35	32
35	32
35	32
35	32
35	32
35	32
35	32
35	32
35	32
35	32
35	32
35	32
46	32
46	32
46	32
46	32
46	32
46	32
46	32
46	32
46	32
46	32
46	32
46	32
46	32
46	32
46	32
46	32
46	32
46	32
46	32
58	32
58	32
46	32
46	32
46	32
46	32
58	32
58	32
58	33
58	33
58	33
58	33
58	33
58	33
58	33
58	33
58	33
58	33
58	33
58	33
70	33
70	33
70	33
70	33
70	33
70	33
70	33
70	33
70	33
70	33
70	33
70	33
70	33
82	33
82	33
82	33
82	33
82	33
82	33
82	33
82	33
82	33
82	33
82	33
82	33
82	33
82	33
82	33
82	33
82	33
93	33
93	33
93	33
93	33
93	33
93	33
93	33
93	33
93	34
93	34
93	34
93	34
105	34
105	34
105	34
105	34
105	34
105	34
105	34
105	34
105	34
117	34
117	34
117	34
117	34
117	34
117	34
117	34
117	34
117	34
117	34
128	34
128	34
128	34
128	34
128	34
128	34
128	34
128	34
128	34
128	34
140	34
140	34
140	34
140	34
140	34
140	34
140	34
140	34
140	34
140	34
152	34
152	34
152	34
152	34
152	34
152	34
152	34
152	35
152	35
152	35
164	35
164	35
164	35
164	35
164	35
164	35
164	35
164	35
164	35
164	35
164	35
175	35
175	35
175	35
175	35
175	35
175	35
175	35
175	35
175	35
187	35
187	35
187	35
187	35
187	35
187	35
187	35
187	35
199	35
199	35
199	35
199	35
199	35
199	35
199	35
199	35
199	35
210	35
210	35
210	35
210	35
210	35
210	35
210	35
222	35
222	35
222	35
222	36
222	36
222	36
222	36
222	36
234	36
234	36
234	36
234	36
234	36
234	36
234	36
234	36
246	36
246	36
246	36
246	36
246	36
246	36
246	36
246	36
257	36
257	36
257	36
257	36
257	36
257	36
257	36
257	36
269	36
269	36
269	36
269	36
269	36
269	36
269	36
269	36
281	36
281	36
281	36
281	36
281	36
281	36
281	36
292	36
292	36
292	36
292	36
292	36
292	36
292	37
304	37
304	37
304	37
304	37
304	37
304	37
304	37
316	37
316	37
316	37
316	37
316	37
316	37
316	37
328	37
328	37
328	37
328	37
328	37
328	37
339	37
339	37
339	37
339	37
339	37
339	37
351	37
351	37
351	37
351	37
351	37
351	37
363	37
363	37
363	37
363	37
363	37
363	37
375	37
375	37
375	37
375	37
375	37
375	37
386	37
386	37
386	37
386	37
386	37
386	38
386	38
398	38
398	38
398	38
398	38
398	38
398	38
410	38
410	38
410	38
410	38
410	38
410	38
421	38
421	38
421	38
421	38
421	38
421	38
433	38
433	38
433	38
433	38
433	38
433	38
445	38
445	38
445	38
445	38
445	38
445	38
457	38
457	38
457	38
457	38
457	38
468	38
468	38
468	38
468	38
468	38
480	38
480	38
480	38
480	38
480	38
480	38
492	38
492	38
492	39
492	39
492	39
503	39
503	39
503	39
503	39
503	39
503	39
515	39
515	39
515	39
515	39
515	39
527	39
527	39
527	39
527	39
527	39
539	39
539	39
539	39
539	39
539	39
550	39
550	39
550	39
550	39
550	39
562	39
562	39
562	39
562	39
562	39
574	39
574	39
574	39
574	39
574	39
585	39
585	39
585	39
585	39
585	39
585	39
597	39
597	39
597	39
597	39
597	39
609	40
609	40
609	40
609	40
609	40
609	40
621	40
621	40
621	40
621	40
621	40
632	40
632	40
632	40
632	40
632	40
644	40
644	40
644	40
644	40
644	40
644	40
656	40
656	40
656	40
656	40
667	40
667	40
667	40
667	40
667	40
679	40
679	40
679	40
679	40
679	40
691	40
691	40
691	40
691	40
691	40
703	40
703	40
703	40
703	40
703	40
714	40
714	40
714	40
714	40
714	41
726	41
726	41
726	41
726	41
738	41
738	41
738	41
738	41
738	41
750	41
750	41
750	41
750	41
761	41
761	41
761	41
761	41
773	41
773	41
773	41
773	41
773	41
785	41
785	41
785	41
785	41
796	41
796	41
796	41
796	41
808	41
808	41
808	41
808	41
820	41
820	41
820	41
820	41
832	41
832	41
832	41
832	41
843	41
843	41
843	41
843	41
855	41
855	41
855	41
855	42
855	42
867	42
867	42
867	42
867	42
878	42
878	42
878	42
878	42
890	42
890	42
890	42
890	42
902	42
902	42
902	42
902	42
902	42
914	42
914	42
914	42
914	42
925	42
925	42
925	42
925	42
937	42
937	42
937	42
937	42
949	42
949	42
949	42
949	42
949	42
960	42
960	42
960	42
960	42
972	42
972	42
972	42
972	42
984	42
984	42
984	42
984	42
996	42
996	42
996	43
996	43
1007	43
1007	43
1007	43
1007	43
1019	43
1019	43
1019	43
1019	43
1019	43
1031	43
1031	43
1031	43
1031	43
1042	43
1042	43
1042	43
1042	43
1054	43
1054	43
1054	43
1054	43
1054	43
1066	43
1066	43
1066	43
1066	43
1078	43
1078	43
1078	43
1078	43
1089	43
1089	43
1089	43
1089	43
1101	43
1101	43
1101	43
1101	43
1113	43
1113	43
1113	43
1113	43
1113	43
1125	43
1125	43
1125	43
1136	43
1136	43
1136	44
1136	44
1148	44
1148	44
1148	44
1148	44
1160	44
1160	44
1160	44
1160	44
1171	44
1171	44
1171	44
1171	44
1183	44
1183	44
1183	44
1183	44
1195	44
1195	44
1195	44
1207	44
1207	44
1207	44
1207	44
1218	44
1218	44
1218	44
1218	44
1230	44
1230	44
1230	44
1230	44
1242	44
1242	44
1242	44
1242	44
1253	44
1253	44
1253	44
1253	44
1265	44
1265	44
1265	44
1265	44
1277	44
1277	44
1277	44
1277	44
1289	44
1289	45
1289	45
1289	45
1300	45
1300	45
1300	45
1300	45
1312	45
1312	45
1312	45
1312	45
1324	45
1324	45
1324	45
1324	45
1335	45
1335	45
1335	45
1335	45
1347	45
1347	45
1347	45
1347	45
1359	45
1359	45
1359	45
1359	45
1371	45
1371	45
1371	45
1371	45
1382	45
1382	45
1382	45
1382	45
1394	45
1394	45
1394	45
1394	45
1406	45
1406	45
1406	45
1417	45
1417	45
1417	45
1417	45
1429	45
1429	45
1429	45
1429	45
1441	46
1441	46
1441	46
1441	46
1453	46
1453	46
1453	46
1453	46
1464	46
1464	46
1464	46
1464	46
1476	46
1476	46
1476	46
1488	46
1488	46
1488	46
1488	46
1500	46
1500	46
1500	46
1500	46
1511	46
1511	46
1511	46
1523	46
1523	46
1523	46
1523	46
1535	46
1535	46
1535	46
1546	46
1546	46
1546	46
1546	46
1558	46
1558	46
1558	46
1570	46
1570	46
1570	46
1582	46
1582	46
1582	46
1582	46
1593	46
1593	46
1593	46
1605	47
1605	47
1605	47
1617	47
1617	47
1617	47
1617	47
1628	47
1628	47
1628	47
1640	47
1640	47
1640	47
1640	47
1652	47
1652	47
1652	47
1664	47
1664	47
1664	47
1664	47
1675	47
1675	47
1675	47
1687	47
1687	47
1687	47
1687	47
1699	47
1699	47
1699	47
1710	47
1710	47
1710	47
1710	47
1722	47
1722	47
1722	47
1734	47
1734	47
1734	47
1746	47
1746	47
1746	47
1746	47
1757	47
1757	47
1757	47
1769	47
1769	47
1769	48
1769	48
1781	48
1781	48
1781	48
1792	48
1792	48
1792	48
1804	48
1804	48
1804	48
1804	48
1816	48
1816	48
1816	48
1828	48
1828	48
1828	48
1828	48
1839	48
1839	48
1839	48
1851	48
1851	48
1851	48
1863	48
1863	48
1863	48
1875	48
1875	48
1875	48
1886	48
1886	48
1886	48
1886	48
1898	48
1898	48
1898	48
1910	48
1910	48
1910	48
1921	48
1921	48
1921	48
1933	48
1933	48
1933	48
1945	48
1945	48
1945	48
1957	49
1957	49
1957	49
1968	49
1968	49
1968	49
1980	49
1980	49
1980	49
1992	49
1992	49
1992	49
2003	49
2003	49
2003	49
2015	49
2015	49
2015	49
2027	49
2027	49
2027	49
2039	49
2039	49
2039	49
2050	49
2050	49
2050	49
2062	49
2062	49
2062	49
2074	49
2074	49
2074	49
2085	49
2085	49
2085	49
2097	49
2097	49
2097	49
2109	49
2109	49
2109	49
2121	49
2121	49
2121	49
2132	49
2132	49
2132	49
2144	49
2144	49
2144	50
2156	50
2156	50
2156	50
2167	50
2167	50
2167	50
2179	50
2179	50
2179	50
2191	50
2191	50
2191	50
2203	50
2203	50
2203	50
2214	50
2214	50
2214	50
2226	50
2226	50
2226	50
2238	50
2238	50
2238	50
2250	50
2250	50
2261	50
2261	50
2261	50
2273	50
2273	50
2273	50
2285	50
2285	50
2285	50
2296	50
2296	50
2308	50
2308	50
2308	50
2320	50
2320	50
2332	50
2332	50
2343	50
2343	50
2343	50
2355	50
2355	50
2367	51
2367	51
2367	51
2378	51
2378	51
2378	51
2390	51
2390	51
2402	51
2402	51
2402	51
2414	51
2414	51
2414	51
2425	51
2425	51
2425	51
2437	51
2437	51
2449	51
2449	51
2449	51
2460	51
2460	51
2472	51
2472	51
2472	51
2484	51
2484	51
2496	51
2496	51
2507	51
2507	51
2507	51
2519	51
2519	51
2531	51
2531	51
2542	51
2542	51
2542	51
2554	51
2554	51
2554	51
2566	51
2566	51
2578	51
2578	51
2578	51
2589	51
2589	52
2589	52
2601	52
2601	52
2613	52
2613	52
2613	52
2625	52
2625	52
2636	52
2636	52
2636	52
2648	52
2648	52
2660	52
2660	52
2660	52
2671	52
2671	52
2683	52
2683	52
2695	52
2695	52
2707	52
2707	52
2707	52
2718	52
2718	52
2730	52
2730	52
2742	52
2742	52
2742	52
2753	52
2753	52
2765	52
2765	52
2765	52
2777	52
2777	52
2789	52
2789	52
2789	52
2800	52
2800	52
2812	52
2812	52
2824	52
2824	52
2824	52
2835	53
2835	53
2835	53
2847	53
2847	53
2859	53
2859	53
2859	53
2871	53
2871	53
2871	53
2882	53
2882	53
2882	53
2894	53
2894	53
2894	53
2906	53
2906	53
2906	53
2917	53
2917	53
2929	53
2929	53
2929	53
2941	53
2941	53
2953	53
2953	53
2953	53
2964	53
2964	53
2976	53
2976	53
2988	53
2988	53
2988	53
3000	53
3000	53
3011	53
3011	53
3023	53
3023	53
3023	53
3035	53
3035	53
3046	53
3046	53
3046	53
3058	53
3058	54
3070	54
3070	54
3082	54
3082	54
3093	54
3093	54
3093	54
3105	54
3105	54
3117	54
3117	54
3128	54
3128	54
3140	54
3140	54
3140	54
3152	54
3152	54
3164	54
3164	54
3175	54
3175	54
3187	54
3187	54
3187	54
3199	54
3199	54
3210	54
3210	54
3222	54
3222	54
3222	54
3234	54
3234	54
3246	54
3246	54
3257	54
3257	54
3269	54
3269	54
3281	54
3281	54
3292	54
3292	54
3304	54
3304	54
3316	54
3316	54
3316	54
3328	55
3328	55
3339	55
3339	55
3351	55
3351	55
3363	55
3363	55
3363	55
3375	55
3375	55
3386	55
3386	55
3398	55
3398	55
3410	55
3421	55
3421	55
3433	55
3433	55
3445	55
3445	55
3457	55
3468	55
3468	55
3480	55
3480	55
3492	55
3492	55
3503	55
3503	55
3515	55
3515	55
3527	55
3527	55
3539	55
3539	55
3539	55
3550	55
3550	55
3562	55
3562	55
3574	55
3574	55
3585	55
3585	55
3597	55
3597	55
3609	55
3609	55
3621	56
3621	56
3621	56
3632	56
3632	56
3644	56
3644	56
3656	56
3656	56
3667	56
3667	56
3679	56
3679	56
3691	56
3691	56
3691	56
3703	56
3703	56
3714	56
3714	56
3726	56
3726	56
3738	56
3738	56
3750	56
3750	56
3761	56
3761	56
3773	56
3773	56
3785	56
3785	56
3796	56
3796	56
3808	56
3808	56
3808	56
3820	56
3820	56
3832	56
3832	56
3843	56
3843	56
3855	56
3855	56
3867	56
3867	56
3878	56
3878	56
3890	56
3890	57
3902	57
3902	57
3914	57
3914	57
3925	57
3925	57
3937	57
3937	57
3949	57
3949	57
3960	57
3960	57
3972	57
3972	57
3984	57
3984	57
3996	57
3996	57
4007	57
4007	57
4019	57
4019	57
4031	57
4031	57
4042	57
4042	57
4054	57
4054	57
4066	57
4066	57
4078	57
4078	57
4089	57
4089	57
4101	57
4101	57
4113	57
4113	57
4125	57
4125	57
4136	57
4136	57
4148	57
4160	57
4160	57
4171	57
4171	57
4183	57
4195	57
4195	58
4207	58
4218	58
4218	58
4230	58
4230	58
4242	58
4253	58
4253	58
4265	58
4265	58
4277	58
4277	58
4289	58
4289	58
4300	58
4300	58
4312	58
4312	58
4324	58
4324	58
4335	58
4347	58
4347	58
4359	58
4359	58
4371	58
4371	58
4382	58
4394	58
4394	58
4406	58
4406	58
4417	58
4417	58
4429	58
4429	58
4441	58
4441	58
4453	58
4453	58
4464	58
4464	58
4476	58
4476	58
4488	58
4500	58
4500	58
4511	58
4511	58
4523	59
4523	59
4535	59
4535	59
4546	59
4546	59
4558	59
4558	59
4570	59
4582	59
4582	59
4593	59
4593	59
4605	59
4605	59
4617	59
4617	59
4628	59
4640	59
4640	59
4652	59
4652	59
4664	59
4664	59
4675	59
4675	59
4687	59
4699	59
4699	59
4710	59
4710	59
4722	59
4722	59
4734	59
4734	59
4746	59
4757	59
4757	59
4769	59
4769	59
4781	59
4792	59
4792	59
4804	59
4804	59
4816	59
4816	59
4828	59
4828	59
4839	59
4839	60
4851	60
4863	60
4863	60
4875	60
4875	60
4886	60
4898	60
4898	60
4910	60
4921	60
4921	60
4933	60
4945	60
4957	60
4957	60
4968	60
4980	60
4980	60
4992	60
5003	60
5003	60
5015	60
5015	60
5027	60
5039	60
5039	60
5050	60
5050	60
5062	60
5062	60
5074	60
5074	60
5085	60
5097	60
5097	60
5109	60
5109	60
5121	60
5132	60
5132	60
5144	60
5144	60
5156	60
5167	60
5167	60
5179	60
5179	60
5191	60
5191	60
5203	61
5203	61
5214	61
5226	61
5226	61
5238	61
5238	61
5250	61
5261	61
5261	61
5273	61
5273	61
5285	61
5285	61
5296	61
5308	61
5308	61
5320	61
5320	61
5332	61
5332	61
5343	61
5343	61
5355	61
5355	61
5367	61
5378	61
5378	61
5390	61
5390	61
5402	61
5414	61
5414	61
5425	61
5437	61
5437	61
5449	61
5449	61
5460	61
5460	61
5472	61
5484	61
5484	61
5496	61
5496	61
5507	61
5507	61
5519	61
5531	61
5531	61
5542	62
5542	62
5554	62
5566	62
5566	62
5578	62
5578	62
5589	62
5589	62
5601	62
5613	62
5613	62
5625	62
5636	62
5636	62
5648	62
5660	62
5660	62
5671	62
5683	62
5695	62
5707	62
5707	62
5718	62
5730	62
5742	62
5742	62
5753	62
5765	62
5765	62
5777	62
5789	62
5789	62
5800	62
5800	62
5812	62
5824	62
5824	62
5835	62
5847	62
5847	62
5859	62
5871	62
5882	62
5882	62
5894	62
5906	62
5906	62
5917	62
5929	62
5929	63
5941	63
5941	63
5953	63
5964	63
5964	63
5976	63
5988	63
5988	63
6000	63
6011	63
6011	63
6023	63
6023	63
6035	63
6046	63
6046	63
6058	63
6058	63
6070	63
6082	63
6082	63
6093	63
6105	63
6105	63
6117	63
6117	63
6128	63
6140	63
6140	63
6152	63
6164	63
6164	63
6175	63
6187	63
6187	63
6199	63
6210	63
6210	63
6222	63
6222	63
6234	63
6234	63
6246	63
6246	63
6257	63
6257	63
6269	63
6281	63
6281	63
6292	64
6292	64
6304	64
6316	64
6316	64
6328	64
6339	64
6339	64
6351	64
6351	64
6363	64
6375	64
6375	64
6386	64
6398	64
6398	64
6410	64
6421	64
6433	64
6433	64
6445	64
6457	64
6457	64
6468	64
6480	64
6492	64
6492	64
6503	64
6515	64
6515	64
6527	64
6539	64
6539	64
6550	64
6562	64
6562	64
6574	64
6585	64
6585	64
6597	64
6609	64
6609	64
6621	64
6632	64
6644	64
6644	64
6656	64
6667	64
6667	64
6679	64
6691	65
6691	65
6703	65
6714	65
6714	65
6726	65
6738	65
6738	65
6750	65
6761	65
6761	65
6773	65
6785	65
6785	65
6796	65
6808	65
6820	65
6820	65
6832	65
6843	65
6843	65
6855	65
6867	65
6878	65
6878	65
6890	65
6902	65
6902	65
6914	65
6925	65
6925	65
6937	65
6949	65
6949	65
6960	65
6972	65
6972	65
6984	65
6996	65
6996	65
7007	65
7019	65
7019	65
7031	65
7042	65
7042	65
7054	65
7066	65
7066	65
7078	65
7089	66
7089	66
7101	66
7113	66
7113	66
7125	66
7136	66
7148	66
7148	66
7160	66
7171	66
7183	66
7183	66
7195	66
7207	66
7218	66
7230	66
7230	66
7242	66
7253	66
7253	66
7265	66
7277	66
7289	66
7289	66
7300	66
7312	66
7312	66
7324	66
7335	66
7335	66
7347	66
7359	66
7371	66
7371	66
7382	66
7394	66
7394	66
7406	66
7417	66
7417	66
7429	66
7441	66
7453	66
7453	66
7464	66
7476	66
7476	66
7488	66
7500	66
7511	67
7511	67
7523	67
7535	67
7535	67
7546	67
7558	67
7570	67
7570	67
7582	67
7593	67
7593	67
7605	67
7617	67
7617	67
7628	67
7640	67
7652	67
7652	67
7664	67
7675	67
7687	67
7687	67
7699	67
7710	67
7710	67
7722	67
7734	67
7734	67
7746	67
7746	67
7757	67
7769	67
7769	67
7781	67
7781	67
7792	67
7804	67
7816	67
7816	67
7828	67
7839	67
7839	67
7851	67
7863	67
7875	67
7875	67
7886	67
7898	67
7910	67
7910	68
7921	68
7933	68
7945	68
7945	68
7957	68
7968	68
7980	68
7992	68
7992	68
8003	68
8015	68
8027	68
8027	68
8039	68
8050	68
8062	68
8062	68
8074	68
8085	68
8097	68
8109	68
8109	68
8121	68
8132	68
8144	68
8156	68
8167	68
8179	68
8179	68
8191	68
8203	68
8203	68
8214	68
8226	68
8238	68
8238	68
8250	68
8261	68
8273	68
8285	68
8285	68
8296	68
8308	68
8320	68
8332	68
8343	68
8343	68
8355	68
8367	68
8378	69
8390	69
8390	69
8402	69
8414	69
8425	69
8425	69
8437	69
8449	69
8460	69
8460	69
8472	69
8484	69
8484	69
8496	69
8507	69
8519	69
8519	69
8531	69
8542	69
8542	69
8554	69
8566	69
8578	69
8578	69
8589	69
8601	69
8613	69
8613	69
8625	69
8636	69
8648	69
8660	69
8660	69
8671	69
8683	69
8695	69
8707	69
8707	69
8718	69
8730	69
8742	69
8753	69
8753	69
8765	69
8777	69
8789	69
8789	69
8800	69
8812	69
8824	70
8824	70
8835	70
8847	70
8859	70
8859	70
8871	70
8882	70
8894	70
8894	70
8906	70
8917	70
8929	70
8929	70
8941	70
8953	70
8964	70
8964	70
8976	70
8988	70
9000	70
9011	70
9011	70
9023	70
9035	70
9046	70
9058	70
9058	70
9070	70
9082	70
9093	70
9105	70
9105	70
9117	70
9128	70
9140	70
9152	70
9152	70
9164	70
9175	70
9187	70
9199	70
9199	70
9210	70
9222	70
9222	70
9234	70
9246	70
9257	70
9257	70
9269	71
9281	71
9281	71
9292	71
9304	71
9316	71
9316	71
9328	71
9339	71
9351	71
9363	71
9363	71
9375	71
9386	71
9398	71
9398	71
9410	71
9421	71
9433	71
9433	71
9445	71
9457	71
9468	71
9480	71
9480	71
9492	71
9503	71
9515	71
9527	71
9527	71
9539	71
9550	71
9562	71
9574	71
9574	71
9585	71
9597	71
9609	71
9609	71
9621	71
9632	71
9644	71
9644	71
9656	71
9667	71
9679	71
9691	71
9691	71
9703	71
9714	71
9726	72
9726	72
9738	72
9750	72
9761	72
9773	72
9785	72
9785	72
9796	72
9808	72
9820	72
9832	72
9843	72
9855	72
9867	72
9878	72
9878	72
9890	72
9902	72
9914	72
9925	72
9925	72
9937	72
9949	72
9960	72
9972	72
9972	72
9984	72
9996	72
10007	72
10007	72
10019	72
10031	72
10042	72
10042	72
10054	72
10066	72
10078	72
10089	72
10089	72
10101	72
10113	72
10125	72
10136	72
10136	72
10148	72
10160	72
10171	72
10183	72
10183	72
10195	73
10207	73
10218	73
10230	73
10230	73
10242	73
10253	73
10265	73
10277	73
10277	73
10289	73
10300	73
10312	73
10324	73
10335	73
10335	73
10347	73
10359	73
10371	73
10371	73
10382	73
10394	73
10406	73
10417	73
10417	73
10429	73
10441	73
10453	73
10464	73
10464	73
10476	73
10488	73
10500	73
10511	73
10523	73
10523	73
10535	73
10546	73
10558	73
10570	73
10582	73
10593	73
10605	73
10617	73
10628	73
10640	73
10652	73
10652	73
10664	73
10675	73
10687	74
10699	74
10699	74
10710	74
10722	74
10734	74
10746	74
10746	74
10757	74
10769	74
10781	74
10792	74
10792	74
10804	74
10816	74
10828	74
10839	74
10839	74
10851	74
10863	74
10875	74
10886	74
10898	74
10898	74
10910	74
10921	74
10933	74
10945	74
10945	74
10957	74
10968	74
10980	74
10992	74
10992	74
11003	74
11015	74
11027	74
11039	74
11050	74
11062	74
11062	74
11074	74
11085	74
11097	74
11109	74
11109	74
11121	74
11132	74
11144	74
11156	74
11167	75
11167	75
11179	75
11191	75
11203	75
11214	75
11214	75
11226	75
11238	75
11250	75
11261	75
11273	75
11285	75
11296	75
11308	75
11320	75
11332	75
11343	75
11355	75
11367	75
11378	75
11378	75
11390	75
11402	75
11414	75
11425	75
11437	75
11449	75
11449	75
11460	75
11472	75
11484	75
11496	75
11507	75
11507	75
11519	75
11531	75
11542	75
11554	75
11566	75
11566	75
11578	75
11589	75
11601	75
11613	75
11625	75
11636	75
11636	75
11648	75
11660	75
11671	76
11683	76
11695	76
11707	76
11707	76
11718	76
11730	76
11742	76
11753	76
11765	76
11777	76
11777	76
11789	76
11800	76
11812	76
11824	76
11835	76
11847	76
11847	76
11859	76
11871	76
11882	76
11894	76
11906	76
11917	76
11929	76
11941	76
11941	76
11953	76
11964	76
11976	76
11988	76
12000	76
12011	76
12023	76
12035	76
12046	76
12058	76
12070	76
12082	76
12093	76
12105	76
12117	76
12128	76
12140	76
12152	76
12164	76
12164	76
12175	76
12187	76
12199	77
12210	77
12222	77
12234	77
12246	77
12246	77
12257	77
12269	77
12281	77
12292	77
12304	77
12316	77
12316	77
12328	77
12339	77
12351	77
12363	77
12375	77
12386	77
12398	77
12410	77
12410	77
12421	77
12433	77
12445	77
12457	77
12468	77
12480	77
12492	77
12492	77
12503	77
12515	77
12527	77
12539	77
12550	77
12562	77
12574	77
12585	77
12597	77
12597	77
12609	77
12621	77
12632	77
12644	77
12656	77
12667	77
12667	77
12679	77
12691	77
12703	77
12714	78
12726	78
12738	78
12750	78
12761	78
12773	78
12785	78
12796	78
12808	78
12820	78
12832	78
12843	78
12855	78
12867	78
12878	78
12890	78
12902	78
12914	78
12925	78
12925	78
12937	78
12949	78
12960	78
12972	78
12984	78
12996	78
13007	78
13019	78
13031	78
13042	78
13054	78
13066	78
13078	78
13078	78
13089	78
13101	78
13113	78
13125	78
13136	78
13148	78
13160	78
13171	78
13183	78
13195	78
13207	78
13218	78
13230	78
13242	78
13253	78
13265	78
13277	79
13289	79
13300	79
13300	79
13312	79
13324	79
13335	79
13347	79
13359	79
13371	79
13382	79
13394	79
13406	79
13406	79
13417	79
13429	79
13441	79
13453	79
13464	79
13476	79
13488	79
13500	79
13511	79
13523	79
13535	79
13546	79
13558	79
13570	79
13582	79
13593	79
13605	79
13617	79
13628	79
13640	79
13652	79
13664	79
13675	79
13687	79
13699	79
13710	79
13722	79
13734	79
13746	79
13757	79
13769	79
13781	79
13792	79
13804	79
13816	79
13816	79
13828	80
13839	80
13851	80
13863	80
13875	80
13886	80
13898	80
13910	80
13921	80
13933	80
13945	80
13968	80
13980	80
13992	80
14003	80
14015	80
14027	80
14027	80
14039	80
14050	80
14062	80
14074	80
14085	80
14097	80
14109	80
14121	80
14132	80
14144	80
14156	80
14167	80
14179	80
14191	80
14203	80
14214	80
14226	80
14238	80
14250	80
14261	80
14273	80
14285	80
14296	80
14308	80
14320	80
14332	80
14343	80
14355	80
14367	80
14378	80
14390	80
14402	80
14414	81
14425	81
14437	81
14449	81
14460	81
14472	81
14496	81
14507	81
14519	81
14531	81
14542	81
14554	81
14566	81
14578	81
14589	81
14601	81
14613	81
14625	81
14636	81
14648	81
14660	81
14683	81
14695	81
14707	81
14718	81
14730	81
14742	81
14753	81
14765	81
14777	81
14789	81
14800	81
14812	81
14824	81
14835	81
14847	81
14859	81
14871	81
14882	81
14882	81
14894	81
14906	81
14917	81
14929	81
14941	81
14953	81
14964	81
14976	81
14988	81
15000	81
15011	82
15023	82
15035	82
15046	82
15058	82
15070	82
15082	82
15093	82
15105	82
15117	82
15128	82
15140	82
15152	82
15164	82
15175	82
15187	82
15199	82
15210	82
15222	82
15234	82
15257	82
15269	82
15281	82
15292	82
15304	82
15316	82
15328	82
15339	82
15351	82
15363	82
15375	82
15386	82
15398	82
15421	82
15433	82
15445	82
15457	82
15480	82
15492	82
15503	82
15515	82
15527	82
15539	82
15550	82
15562	82
15574	82
15585	82
15597	82
15609	82
15621	82
15632	83
15644	83
15656	83
15667	83
15679	83
15691	83
15703	83
15714	83
15738	83
15750	83
15761	83
15773	83
15785	83
15796	83
15808	83
15820	83
15832	83
15843	83
15855	83
15867	83
15878	83
15890	83
15902	83
15914	83
15925	83
15937	83
15949	83
15960	83
15972	83
15984	83
15996	83
16007	83
16019	83
16042	83
16054	83
16066	83
16078	83
16089	83
16101	83
16113	83
16125	83
16136	83
16148	83
16160	83
16183	83
16195	83
16207	83
16218	83
16242	83
16253	83
16265	84
16277	84
16289	84
16300	84
16312	84
16324	84
16335	84
16347	84
16371	84
16382	84
16394	84
16406	84
16417	84
16429	84
16441	84
16453	84
16464	84
16476	84
16488	84
16500	84
16511	84
16523	84
16546	84
16558	84
16570	84
16582	84
16593	84
16605	84
16617	84
16628	84
16640	84
16652	84
16664	84
16675	84
16699	84
16710	84
16722	84
16734	84
16746	84
16757	84
16769	84
16781	84
16792	84
16804	84
16816	84
16828	84
16839	84
16851	84
16875	84
16886	84
16898	85
16910	85
16933	85
16945	85
16957	85
16980	85
16992	85
17003	85
17015	85
17027	85
17039	85
17050	85
17062	85
17074	85
17097	85
17109	85
17121	85
17132	85
17144	85
17156	85
17167	85
17179	85
17191	85
17203	85
17214	85
17226	85
17238	85
17261	85
17273	85
17285	85
17296	85
17308	85
17320	85
17332	85
17343	85
17355	85
17367	85
17378	85
17390	85
17402	85
17414	85
17425	85
17437	85
17449	85
17460	85
17472	85
17484	85
17496	85
17507	85
17519	85
17531	86
17542	86
17554	86
17566	86
17578	86
17589	86
17601	86
17625	86
17636	86
17648	86
17660	86
17683	86
17695	86
17707	86
17730	86
17742	86
17753	86
17765	86
17777	86
17789	86
17800	86
17812	86
17824	86
17847	86
17859	86
17871	86
17882	86
17906	86
17917	86
17929	86
17941	86
17953	86
17964	86
17976	86
17988	86
18000	86
18011	86
18023	86
18035	86
18046	86
18070	86
18082	86
18093	86
18105	86
18117	86
18128	86
18140	86
18152	86
18164	86
18175	86
18187	87
18199	87
18210	87
18222	87
18234	87
18246	87
18257	87
18269	87
18281	87
18292	87
18304	87
18316	87
18328	87
18339	87
18351	87
18375	87
18386	87
18398	87
18410	87
18421	87
18433	87
18457	87
18468	87
18480	87
18492	87
18503	87
18515	87
18539	87
18550	87
18562	87
18574	87
18585	87
18597	87
18609	87
18621	87
18644	87
18656	87
18667	87
18679	87
18691	87
18703	87
18714	87
18726	87
18738	87
18750	87
18761	87
18785	87
18796	87
18808	87
18820	87
18832	88
18843	88
18855	88
18867	88
18890	88
18902	88
18914	88
18925	88
18937	88
18949	88
18960	88
18972	88
18984	88
18996	88
19007	88
19019	88
19042	88
19054	88
19066	88
19078	88
19089	88
19101	88
19113	88
19125	88
19136	88
19160	88
19171	88
19183	88
19195	88
19218	88
19230	88
19242	88
19253	88
19265	88
19277	88
19300	88
19312	88
19324	88
19335	88
19347	88
19359	88
19371	88
19382	88
19394	88
19417	88
19429	88
19441	88
19453	88
19464	88
19476	88
19488	89
19500	89
19511	89
19535	89
19546	89
19558	89
19570	89
19582	89
19593	89
19605	89
19617	89
19628	89
19640	89
19664	89
19675	89
19687	89
19699	89
19710	89
19722	89
19734	89
19746	89
19757	89
19769	89
19781	89
19792	89
19804	89
19816	89
19828	89
19839	89
19851	89
19863	89
19875	89
19898	89
19910	89
19921	89
19933	89
19945	89
19968	89
19980	89
19992	89
20003	89
20015	89
20039	89
20050	89
20062	89
20074	89
20085	89
20097	89
20121	89
20132	89
20144	90
20167	90
20179	90
20191	90
20203	90
20214	90
20226	90
20238	90
20261	90
20273	90
20285	90
20296	90
20320	90
20332	90
20343	90
20355	90
20378	90
20390	90
20402	90
20414	90
20425	90
20437	90
20449	90
20472	90
20484	90
20496	90
20507	90
20519	90
20531	90
20542	90
20554	90
20566	90
20578	90
20589	90
20601	90
20625	90
20636	90
20648	90
20660	90
20671	90
20683	90
20707	90
20718	90
20730	90
20742	90
20753	90
20777	90
20789	90
20800	90
20812	90
20824	91
20835	91
20847	91
20859	91
20882	91
20894	91
20906	91
20917	91
20929	91
20941	91
20953	91
20964	91
20988	91
21000	91
21011	91
21023	91
21035	91
21058	91
21070	91
21082	91
21093	91
21105	91
21128	91
21140	91
21152	91
21164	91
21175	91
21187	91
21199	91
21222	91
21234	91
21246	91
21257	91
21269	91
21281	91
21292	91
21304	91
21316	91
21328	91
21339	91
21351	91
21363	91
21386	91
21398	91
21410	91
21421	91
21433	91
21445	91
21457	91
21468	91
21492	92
21503	92
21515	92
21527	92
21539	92
21550	92
21574	92
21585	92
21597	92
21609	92
21621	92
21632	92
21644	92
21656	92
21667	92
21691	92
21703	92
21714	92
21726	92
21738	92
21750	92
21761	92
21785	92
21796	92
21808	92
21820	92
21843	92
21855	92
21867	92
21878	92
21902	92
21914	92
21925	92
21937	92
21949	92
21960	92
21972	92
21996	92
22007	92
22019	92
22031	92
22042	92
22054	92
22066	92
22078	92
22089	92
22113	92
22125	92
22136	92
22148	92
22160	93
22171	93
22183	93
22207	93
22218	93
22230	93
22242	93
22253	93
22265	93
22289	93
22300	93
22312	93
22324	93
22335	93
22347	93
22359	93
22371	93
22394	93
22406	93
22417	93
22429	93
22441	93
22453	93
22464	93
22488	93
22500	93
22511	93
22523	93
22535	93
22558	93
22570	93
22582	93
22605	93
22617	93
22628	93
22640	93
22652	93
22675	93
22687	93
22699	93
22710	93
22722	93
22734	93
22746	93
22769	93
22781	93
22792	93
22804	93
22816	93
22828	93
22839	94
22851	94
22875	94
22886	94
22898	94
22910	94
22921	94
22933	94
22945	94
22968	94
22980	94
22992	94
23003	94
23015	94
23027	94
23050	94
23062	94
23074	94
23085	94
23097	94
23109	94
23132	94
23144	94
23156	94
23167	94
23179	94
23191	94
23214	94
23226	94
23238	94
23250	94
23261	94
23285	94
23296	94
23320	94
23332	94
23343	94
23367	94
23378	94
23390	94
23402	94
23414	94
23437	94
23449	94
23460	94
23472	94
23484	94
23496	94
23519	94
23531	94
23542	95
23554	95
23566	95
23578	95
23589	95
23613	95
23625	95
23636	95
23648	95
23660	95
23683	95
23695	95
23707	95
23718	95
23730	95
23742	95
23765	95
23777	95
23789	95
23800	95
23824	95
23835	95
23847	95
23859	95
23871	95
23882	95
23906	95
23917	95
23929	95
23941	95
23953	95
23976	95
23988	95
24000	95
24011	95
24035	95
24046	95
24070	95
24082	95
24093	95
24117	95
24128	95
24140	95
24164	95
24175	95
24187	95
24199	95
24210	95
24234	95
24246	95
24257	96
24269	96
24281	96
24292	96
24304	96
24328	96
24339	96
24351	96
24363	96
24386	96
24398	96
24410	96
24421	96
24433	96
24445	96
24468	96
24480	96
24492	96
24503	96
24515	96
24539	96
24550	96
24562	96
24574	96
24585	96
24609	96
24621	96
24632	96
24644	96
24656	96
24667	96
24691	96
24703	96
24714	96
24726	96
24738	96
24761	96
24773	96
24785	96
24808	96
24820	96
24832	96
24855	96
24867	96
24878	96
24902	96
24914	96
24925	96
24937	96
24949	96
24972	97
24984	97
24996	97
25019	97
25031	97
25042	97
25054	97
25066	97
25089	97
25101	97
25113	97
25125	97
25148	97
25160	97
25171	97
25195	97
25207	97
25218	97
25230	97
25253	97
25265	97
25277	97
25300	97
25312	97
25324	97
25335	97
25347	97
25371	97
25382	97
25394	97
25406	97
25417	97
25441	97
25453	97
25464	97
25476	97
25500	97
25511	97
25523	97
25535	97
25558	97
25570	97
25582	97
25605	97
25617	97
25628	97
25652	97
25664	97
25675	97
25687	97
25710	98
25722	98
25734	98
25746	98
25769	98
25781	98
25792	98
25804	98
25816	98
25839	98
25851	98
25863	98
25875	98
25898	98
25910	98
25921	98
25945	98
25957	98
25968	98
25992	98
26003	98
26015	98
26039	98
26050	98
26062	98
26074	98
26097	98
26109	98
26121	98
26132	98
26156	98
26167	98
26179	98
26191	98
26214	98
26226	98
26238	98
26261	98
26273	98
26285	98
26308	98
26320	98
26343	98
26355	98
26367	98
26390	98
26402	98
26414	98
26437	98
26449	98
26460	99
26484	99
26496	99
26519	99
26531	99
26542	99
26566	99
26578	99
26589	99
26601	99
26625	99
26636	99
26648	99
26671	99
26683	99
26707	99
26718	99
26730	99
26753	99
26765	99
26777	99
26800	99
26812	99
26824	99
26835	99
26859	99
26871	99
26882	99
26894	99
26906	99
26917	99
26929	99
26953	99
26964	99
26976	99
27000	99
27011	99
27023	99
27035	99
27058	99
27070	99
27082	99
27105	99
27117	99
27128	99
27152	99
27164	99
27175	99
27187	99
27210	99
27222	100
27234	100
27257	100
27269	100
27292	100
27304	100
27316	100
27339	100
27351	100
27363	100
27386	100
27398	100
27421	100
27433	100
27457	100
27480	100
27492	100
27503	100
27527	100
27539	100
27550	100
27574	100
27585	100
27597	100
27621	100
27632	100
27644	100
27667	100
27679	100
27691	100
27703	100
27726	100
27738	100
27750	100
27773	100
27785	100
27796	100
27820	100
27832	100
27843	100
27867	100
27878	100
27890	100
27914	100
27925	100
27937	100
27960	100
27972	100
27984	100
27996	100
28019	101
28031	101
28042	101
28066	101
28078	101
28089	101
28113	101
28125	101
28136	101
28160	101
28171	101
28195	101
28218	101
28230	101
28253	101
28265	101
28289	101
28300	101
28312	101
28324	101
28347	101
28359	101
28382	101
28394	101
28417	101
28429	101
28441	101
28453	101
28476	101
28488	101
28511	101
28523	101
28535	101
28558	101
28570	101
28582	101
28605	101
28617	101
28640	101
28652	101
28664	101
28687	101
28699	101
28710	101
28734	101
28746	101
28769	101
28781	101
28804	101
28816	101
28828	102
28839	102
28863	102
28875	102
28898	102
28910	102
28933	102
28957	102
28968	102
28992	102
29003	102
29027	102
29039	102
29050	102
29074	102
29085	102
29109	102
29121	102
29132	102
29156	102
29167	102
29179	102
29203	102
29214	102
29226	102
29250	102
29261	102
29273	102
29296	102
29308	102
29320	102
29343	102
29355	102
29367	102
29378	102
29402	102
29414	102
29437	102
29449	102
29460	102
29484	102
29496	102
29507	102
29519	102
29542	102
29554	102
29578	102
29589	102
29601	102
29625	102
29636	103
29660	103
29683	103
29695	103
29718	103
29742	103
29753	103
29777	103
29789	103
29800	103
29824	103
29835	103
29859	103
29882	103
29894	103
29917	103
29929	103
29941	103
29964	103
29976	103
30000	103
30011	103
30023	103
30046	103
30058	103
30082	103
30093	103
30105	103
30128	103
30140	103
30152	103
30175	103
30187	103
30210	103
30222	103
30234	103
30246	103
30257	103
30281	103
30292	103
30304	103
30328	103
30339	103
30351	103
30375	103
30386	103
30410	103
30421	103
30445	103
30457	103
30480	104
30492	104
30515	104
30527	104
30550	104
30562	104
30574	104
30597	104
30609	104
30632	104
30644	104
30667	104
30679	104
30703	104
30714	104
30726	104
30750	104
30761	104
30785	104
30796	104
30820	104
30832	104
30855	104
30867	104
30890	104
30902	104
30914	104
30937	104
30949	104
30972	104
30984	104
30996	104
31019	104
31031	104
31042	104
31066	104
31078	104
31089	104
31113	104
31125	104
31148	104
31160	104
31183	104
31195	104
31218	104
31230	104
31253	104
31265	104
31289	104
31300	104
31312	105
31335	105
31347	105
31371	105
31382	105
31394	105
31417	105
31429	105
31441	105
31464	105
31476	105
31500	105
31511	105
31523	105
31546	105
31558	105
31582	105
31593	105
31605	105
31628	105
31640	105
31664	105
31675	105
31687	105
31710	105
31722	105
31734	105
31746	105
31757	105
31781	105
31792	105
31804	105
31828	105
31839	105
31863	105
31875	105
31886	105
31910	105
31921	105
31945	105
31957	105
31980	105
31992	105
32015	105
32027	105
32050	105
32062	105
32085	105
32097	105
32121	105
32144	106
32156	106
32179	106
32191	106
32203	106
32226	106
32238	106
32261	106
32273	106
32296	106
32308	106
32332	106
32355	106
32367	106
32390	106
32402	106
32414	106
32437	106
32449	106
32472	106
32484	106
32496	106
32519	106
32531	106
32542	106
32566	106
32578	106
32589	106
32613	106
32625	106
32648	106
32660	106
32683	106
32695	106
32718	106
32730	106
32753	106
32765	106
32777	106
32800	106
32812	106
32835	106
32847	106
32871	106
32882	106
32894	106
32917	106
32929	106
32953	106
32964	106
32976	107
33000	107
33011	107
33035	107
33046	107
33070	107
33082	107
33105	107
33117	107
33140	107
33152	107
33164	107
33187	107
33199	107
33222	107
33234	107
33246	107
33269	107
33281	107
33292	107
33304	107
33328	107
33339	107
33363	107
33375	107
33398	107
33410	107
33421	107
33445	107
33457	107
33480	107
33492	107
33515	107
33527	107
33539	107
33562	107
33574	107
33597	107
33609	107
33621	107
33644	107
33656	107
33679	107
33691	107
33714	107
33726	107
33738	107
33761	107
33773	107
33796	107
33820	108
33832	108
33855	108
33867	108
33890	108
33902	108
33925	108
33937	108
33949	108
33972	108
33984	108
33996	108
34019	108
34031	108
34042	108
34066	108
34078	108
34101	108
34113	108
34136	108
34148	108
34160	108
34183	108
34195	108
34218	108
34230	108
34242	108
34265	108
34277	108
34300	108
34312	108
34335	108
34347	108
34359	108
34382	108
34394	108
34417	108
34429	108
34441	108
34464	108
34476	108
34500	108
34511	108
34535	108
34546	108
34570	108
34593	108
34605	108
34628	108
34640	108
34664	109
34675	109
34699	109
34710	109
34722	109
34746	109
34757	109
34769	109
34792	109
34804	109
34816	109
34839	109
34851	109
34875	109
34886	109
34910	109
34921	109
34933	109
34957	109
34968	109
34980	109
35003	109
35015	109
35039	109
35050	109
35074	109
35085	109
35097	109
35121	109
35132	109
35156	109
35167	109
35191	109
35203	109
35214	109
35238	109
35250	109
35273	109
35285	109
35308	109
35332	109
35343	109
35367	109
35390	109
35402	109
35414	109
35437	109
35449	109
35472	109
35484	109
35496	110
35519	110
35531	110
35554	110
35566	110
35578	110
35601	110
35613	110
35636	110
35648	110
35671	110
35683	110
35695	110
35718	110
35730	110
35753	110
35765	110
35789	110
35800	110
35824	110
35835	110
35847	110
35871	110
35882	110
35906	110
35917	110
35941	110
35953	110
35976	110
35988	110
36011	110
36023	110
36046	110
36058	110
36082	110
36105	110
36117	110
36140	110
36152	110
36175	110
36187	110
36210	110
36222	110
36234	110
36257	110
36269	110
36281	110
36304	110
36316	110
36339	110
36351	111
36375	111
36386	111
36398	111
36421	111
36433	111
36457	111
36468	111
36480	111
36503	111
36515	111
36539	111
36550	111
36574	111
36585	111
36609	111
36621	111
36632	111
36656	111
36667	111
36691	111
36703	111
36714	111
36738	111
36761	111
36773	111
36796	111
36808	111
36832	111
36855	111
36867	111
36890	111
36902	111
36925	111
36937	111
36960	111
36972	111
36996	111
37007	111
37031	111
37042	111
37066	111
37078	111
37101	111
37113	111
37136	111
37148	111
37171	111
37183	111
37207	111
37218	112
37242	112
37253	112
37277	112
37289	112
37312	112
37324	112
37347	112
37359	112
37382	112
37394	112
37406	112
37429	112
37441	112
37464	112
37476	112
37500	112
37511	112
37535	112
37546	112
37570	112
37593	112
37605	112
37628	112
37640	112
37664	112
37675	112
37699	112
37710	112
37734	112
37746	112
37769	112
37781	112
37804	112
37816	112
37839	112
37851	112
37875	112
37886	112
37910	112
37921	112
37945	112
37968	112
37980	112
38003	112
38015	112
38039	112
38050	112
38074	112
38085	112
38109	113
38121	113
38144	113
38156	113
38179	113
38191	113
38214	113
38226	113
38250	113
38261	113
38285	113
38296	113
38320	113
38343	113
38367	113
38378	113
38402	113
38414	113
38437	113
38449	113
38472	113
38496	113
38519	113
38531	113
38554	113
38566	113
38589	113
38601	113
38625	113
38636	113
38660	113
38683	113
38695	113
38718	113
38742	113
38753	113
38777	113
38789	113
38812	113
38824	113
38847	113
38859	113
38871	113
38894	113
38906	113
38917	113
38941	113
38953	113
38976	113
39000	113
39011	114
39035	114
39046	114
39070	114
39082	114
39105	114
39117	114
39140	114
39152	114
39175	114
39187	114
39210	114
39234	114
39246	114
39269	114
39292	114
39304	114
39328	114
39339	114
39363	114
39375	114
39398	114
39421	114
39445	114
39468	114
39492	114
39503	114
39527	114
39539	114
39562	114
39574	114
39597	114
39621	114
39632	114
39656	114
39667	114
39691	114
39703	114
39726	114
39738	114
39761	114
39785	114
39796	114
39820	114
39832	114
39855	114
39867	114
39890	114
39902	114
39925	114
39949	115
39960	115
39984	115
39996	115
40019	115
40031	115
40054	115
40066	115
40089	115
40101	115
40125	115
40148	115
40171	115
40195	115
40207	115
40230	115
40253	115
40277	115
40289	115
40312	115
40324	115
40347	115
40371	115
40382	115
40406	115
40417	115
40441	115
40453	115
40476	115
40500	115
40511	115
40535	115
40546	115
40570	115
40593	115
40605	115
40628	115
40640	115
40664	115
40687	115
40699	115
40722	115
40734	115
40757	115
40781	115
40804	115
40816	115
40839	115
40851	115
40875	115
40898	116
40910	116
40945	116
40968	116
40980	116
41003	116
41027	116
41039	116
41062	116
41085	116
41097	116
41121	116
41144	116
41156	116
41179	116
41191	116
41214	116
41226	116
41250	116
41273	116
41285	116
41308	116
41320	116
41343	116
41355	116
41378	116
41390	116
41414	116
41437	116
41449	116
41472	116
41484	116
41507	116
41519	116
41542	116
41554	116
41578	116
41589	116
41613	116
41636	116
41660	116
41683	116
41707	116
41730	116
41753	116
41765	116
41789	116
41800	116
41824	116
41847	116
41871	117
41894	117
41906	117
41929	117
41953	117
41964	117
41988	117
42011	117
42023	117
42046	117
42058	117
42082	117
42105	117
42117	117
42140	117
42152	117
42175	117
42199	117
42210	117
42234	117
42246	117
42257	117
42281	117
42292	117
42316	117
42328	117
42351	117
42375	117
42386	117
42410	117
42433	117
42457	117
42480	117
42492	117
42515	117
42539	117
42550	117
42574	117
42597	117
42609	117
42632	117
42656	117
42679	117
42691	117
42714	117
42726	117
42750	117
42773	117
42796	117
42808	117
42832	118
42855	118
42867	118
42890	118
42914	118
42925	118
42949	118
42972	118
42984	118
43007	118
43019	118
43042	118
43066	118
43078	118
43101	118
43125	118
43136	118
43160	118
43183	118
43207	118
43230	118
43242	118
43265	118
43289	118
43300	118
43324	118
43347	118
43359	118
43382	118
43406	118
43417	118
43441	118
43464	118
43476	118
43500	118
43523	118
43535	118
43558	118
43582	118
43593	118
43617	118
43628	118
43652	118
43675	118
43699	118
43710	118
43734	118
43746	118
43757	118
43781	118
43792	119
43816	119
43839	119
43851	119
43875	119
43898	119
43910	119
43933	119
43957	119
43980	119
44003	119
44015	119
44039	119
44062	119
44074	119
44097	119
44121	119
44144	119
44167	119
44191	119
44203	119
44226	119
44250	119
44273	119
44296	119
44308	119
44332	119
44355	119
44378	119
44402	119
44414	119
44437	119
44460	119
44472	119
44496	119
44519	119
44531	119
44554	119
44578	119
44589	119
44613	119
44636	119
44648	119
44671	119
44695	119
44718	119
44742	119
44753	119
44777	119
44800	119
44812	120
44835	120
44859	120
44882	120
44894	120
44917	120
44941	120
44953	120
44976	120
45000	120
45011	120
45035	120
45058	120
45082	120
45105	120
45117	120
45140	120
45164	120
45187	120
45199	120
45222	120
45246	120
45257	120
45281	120
45292	120
45316	120
45339	120
45351	120
45375	120
45398	120
45410	120
45433	120
45457	120
45480	120
45492	120
45515	120
45539	120
45562	120
45574	120
45597	120
45621	120
45632	120
45656	120
45679	120
45691	120
45714	120
45738	120
45761	120
45773	120
45796	120
45820	121
45843	121
45867	121
45890	121
45914	121
45925	121
45949	121
45972	121
45984	121
46007	121
46031	121
46042	121
46066	121
46089	121
46101	121
46125	121
46148	121
46160	121
46183	121
46207	121
46218	121
46242	121
46265	121
46289	121
46300	121
46324	121
46347	121
46359	121
46382	121
46406	121
46417	121
46441	121
46464	121
46476	121
46500	121
46523	121
46546	121
46570	121
46593	121
46617	121
46640	121
46652	121
46675	121
46699	121
46722	121
46734	121
46757	121
46769	121
46792	121
46816	121
46828	122
46851	122
46875	122
46898	122
46910	122
46933	122
46957	122
46968	122
46992	122
47015	122
47039	122
47050	122
47074	122
47097	122
47109	122
47132	122
47156	122
47179	122
47191	122
47214	122
47238	122
47250	122
47273	122
47296	122
47320	122
47343	122
47367	122
47390	122
47414	122
47437	122
47449	122
47472	122
47496	122
47507	122
47531	122
47554	122
47566	122
47589	122
47613	122
47636	122
47648	122
47671	122
47695	122
47707	122
47730	122
47753	122
47777	122
47789	122
47812	122
47835	122
47859	123
47871	123
47894	123
47917	123
47941	123
47953	123
47976	123
48000	123
48023	123
48046	123
48070	123
48093	123
48117	123
48128	123
48152	123
48175	123
48199	123
48210	123
48234	123
48257	123
48269	123
48292	123
48316	123
48328	123
48351	123
48375	123
48398	123
48410	123
48433	123
48457	123
48468	123
48492	123
48515	123
48539	123
48550	123
48574	123
48597	123
48609	123
48632	123
48656	123
48679	123
48691	123
48714	123
48738	123
48761	123
48773	123
48796	123
48820	123
48843	123
48867	123
48890	124
48914	124
48937	124
48949	124
48972	124
48996	124
49019	124
49031	124
49054	124
49078	124
49101	124
49113	124
49136	124
49160	124
49183	124
49207	124
49230	124
49242	124
49265	124
49289	124
49312	124
49324	124
49347	124
49371	124
49382	124
49406	124
49429	124
49453	124
49464	124
49488	124
49511	124
49535	124
49558	124
49582	124
49605	124
49617	124
49640	124
49664	124
49687	124
49710	124
49722	124
49746	124
49769	124
49792	124
49804	124
49828	124
49851	124
49875	124
49898	124
49910	124
49933	125
49957	125
49980	125
50003	125
50027	125
50050	125
50062	125
50085	125
50109	125
50132	125
50156	125
50167	125
50191	125
50214	125
50238	125
50250	125
50273	125
50296	125
50320	125
50343	125
50367	125
50390	125
50414	125
50437	125
50460	125
50484	125
50507	125
50531	125
50554	125
50578	125
50589	125
50613	125
50636	125
50660	125
50683	125
50707	125
50730	125
50753	125
50765	125
50789	125
50812	125
50835	125
50847	125
50871	125
50894	125
50906	125
50929	125
50953	125
50964	125
50988	125
51011	126
51035	126
51046	126
51070	126
51093	126
51117	126
51140	126
51164	126
51175	126
51199	126
51222	126
51246	126
51269	126
51292	126
51316	126
51339	126
51351	126
51375	126
51398	126
51433	126
51457	126
51480	126
51503	126
51527	126
51550	126
51562	126
51585	126
51609	126
51632	126
51656	126
51679	126
51691	126
51714	126
51738	126
51761	126
51785	126
51808	126
51820	126
51843	126
51867	126
51890	126
51914	126
51937	126
51960	126
51972	126
51996	126
52019	126
52042	126
52066	126
52078	126
52101	127
52125	127
52148	127
52171	127
52207	127
52230	127
52253	127
52277	127
52300	127
52312	127
52335	127
52359	127
52382	127
52406	127
52429	127
52453	127
52464	127
52488	127
52511	127
52535	127
52558	127
52582	127
52593	127
52617	127
52640	127
52664	127
52687	127
52710	127
52734	127
52757	127
52781	127
52792	127
52816	127
52839	127
52863	127
52886	127
52910	127
52933	127
52968	127
52992	127
53015	127
53039	127
53050	127
53074	127
53097	127
53121	127
53144	127
53167	127
53191	127
53214	127
53226	128
53250	128
53273	128
53296	128
53320	128
53332	128
53355	128
53378	128
53402	128
53425	128
53449	128
53460	128
53484	128
53507	128
53531	128
53554	128
53566	128
53589	128
53613	128
53636	128
53660	128
53695	128
53718	128
53742	128
53765	128
53789	128
53812	128
53835	128
53859	128
53882	128
53906	128
53929	128
53953	128
53976	128
54000	128
54023	128
54046	128
54058	128
54082	128
54105	128
54128	128
54152	128
54175	128
54199	128
54210	128
54234	128
54257	128
54269	128
54292	128
54316	128
54339	129
54351	129
54375	129
54398	129
54421	129
54445	129
54480	129
54503	129
54527	129
54539	129
54562	129
54585	129
54609	129
54632	129
54656	129
54679	129
54703	129
54726	129
54750	129
54773	129
54796	129
54820	129
54843	129
54867	129
54890	129
54902	129
54925	129
54949	129
54972	129
54996	129
55019	129
55042	129
55066	129
55078	129
55101	129
55125	129
55148	129
55171	129
55195	129
55230	129
55253	129
55277	129
55300	129
55312	129
55335	129
55359	129
55382	129
55406	129
55429	129
55453	129
55476	130
55500	130
55523	130
55535	130
55558	130
55582	130
55605	130
55628	130
55652	130
55675	130
55699	130
55722	130
55734	130
55757	130
55769	130
55792	130
55816	130
55839	130
55863	130
55886	130
55910	130
55933	130
55957	130
55980	130
56003	130
56027	130
56050	130
56074	130
56097	130
56121	130
56144	130
56167	130
56191	130
56214	130
56238	130
56261	130
56285	130
56308	130
56343	130
56367	130
56390	130
56414	130
56437	130
56460	130
56472	130
56496	130
56519	130
56542	130
56566	130
56589	130
56613	131
56636	131
56660	131
56683	131
56707	131
56730	131
56753	131
56777	131
56800	131
56824	131
56847	131
56871	131
56894	131
56917	131
56929	131
56953	131
56976	131
57000	131
57023	131
57046	131
57070	131
57105	131
57117	131
57152	131
57164	131
57187	131
57210	131
57234	131
57257	131
57281	131
57292	131
57316	131
57339	131
57363	131
57386	131
57410	131
57433	131
57457	131
57480	131
57503	131
57527	131
57550	131
57574	131
57597	131
57621	131
57632	131
57656	131
57679	131
57703	131
57726	131
57750	132
57773	132
57796	132
57832	132
57855	132
57878	132
57902	132
57925	132
57949	132
57972	132
57996	132
58007	132
58031	132
58054	132
58078	132
58101	132
58125	132
58148	132
58171	132
58195	132
58218	132
58242	132
58265	132
58289	132
58312	132
58335	132
58347	132
58371	132
58394	132
58417	132
58441	132
58464	132
58488	132
58511	132
58535	132
58558	132
58593	132
58617	132
58640	132
58664	132
58687	132
58710	132
58734	132
58757	132
58769	132
58792	132
58816	132
58839	132
58863	132
58886	132
58910	133
58933	133
58957	133
58980	133
59003	133
59027	133
59050	133
59074	133
59097	133
59109	133
59132	133
59156	133
59179	133
59203	133
59226	133
59250	133
59273	133
59308	133
59332	133
59355	133
59378	133
59402	133
59425	133
59449	133
59472	133
59496	133
59519	133
59542	133
59566	133
59589	133
59613	133
59636	133
59660	133
59683	133
59707	133
59730	133
59753	133
59777	133
59800	133
59824	133
59847	133
59859	133
59894	133
59917	133
59941	133
59953	133
59976	133
60000	133
60035	133
60058	133
60082	134
60117	134
60140	134
60164	134
60187	134
60210	134
60234	134
60246	134
60269	134
60292	134
60316	134
60339	134
60363	134
60386	134
60410	134
60433	134
60457	134
60480	134
60503	134
60527	134
60550	134
60574	134
60597	134
60621	134
60644	134
60667	134
60679	134
60703	134
60726	134
60750	134
60785	134
60808	134
60832	134
60855	134
60878	134
60902	134
60925	134
60949	134
60972	134
60996	134
61031	134
61054	134
61066	134
61089	134
61113	134
61148	134
61171	134
61195	134
61218	134
61242	134
61265	135
61289	135
61312	135
61335	135
61359	135
61382	135
61406	135
61429	135
61453	135
61476	135
61500	135
61523	135
61546	135
61570	135
61593	135
61628	135
61652	135
61675	135
61699	135
61722	135
61746	135
61769	135
61792	135
61816	135
61839	135
61863	135
61886	135
61910	135
61933	135
61957	135
61980	135
62003	135
62039	135
62062	135
62085	135
62109	135
62132	135
62156	135
62179	135
62191	135
62214	135
62250	135
62273	135
62296	135
62320	135
62343	135
62378	135
62402	135
62425	135
62449	135
62472	136
62496	136
62531	136
62554	136
62578	136
62601	136
62625	136
62648	136
62671	136
62707	136
62730	136
62753	136
62777	136
62800	136
62824	136
62847	136
62871	136
62882	136
62906	136
62929	136
62953	136
62976	136
63000	136
63023	136
63046	136
63070	136
63093	136
63117	136
63140	136
63164	136
63199	136
63222	136
63246	136
63269	136
63292	136
63316	136
63339	136
63363	136
63386	136
63421	136
63445	136
63480	136
63503	136
63527	136
63550	136
63574	136
63597	136
63621	136
63656	136
63679	136
63691	137
63726	137
63750	137
63773	137
63796	137
63820	137
63843	137
63867	137
63890	137
63914	137
63937	137
63960	137
63984	137
64007	137
64031	137
64066	137
64078	137
64113	137
64136	137
64160	137
64195	137
64218	137
64242	137
64277	137
64300	137
64324	137
64347	137
64371	137
64394	137
64417	137
64441	137
64464	137
64488	137
64511	137
64535	137
64570	137
64593	137
64617	137
64640	137
64664	137
64687	137
64710	137
64734	137
64769	137
64792	137
64816	137
64839	137
64863	137
64886	137
64910	137
64945	138
64980	138
65003	138
65027	138
65050	138
65074	138
65097	138
65132	138
65156	138
65179	138
65203	138
65226	138
65250	138
65273	138
65296	138
65320	138
65343	138
65367	138
65390	138
65414	138
65437	138
65460	138
65484	138
65507	138
65531	138
65554	138
65578	138
65601	138
65625	138
65660	138
65695	138
65718	138
65753	138
65777	138
65800	138
65824	138
65847	138
65882	138
65906	138
65929	138
65953	138
65988	138
66011	138
66035	138
66058	138
66082	138
66105	138
66128	138
66152	138
66187	138
66210	139
66222	139
66246	139
66269	139
66292	139
66316	139
66339	139
66363	139
66386	139
66421	139
66445	139
66468	139
66503	139
66527	139
66550	139
66574	139
66597	139
66621	139
66656	139
66679	139
66703	139
66726	139
66750	139
66773	139
66808	139
66832	139
66855	139
66878	139
66902	139
66925	139
66960	139
66984	139
67007	139
67031	139
67054	139
67078	139
67101	139
67125	139
67148	139
67183	139
67207	139
67230	139
67265	139
67289	139
67312	139
67335	139
67359	139
67382	139
67417	139
67441	139
67464	140
67488	140
67511	140
67535	140
67558	140
67593	140
67617	140
67640	140
67664	140
67687	140
67710	140
67734	140
67757	140
67781	140
67804	140
67828	140
67851	140
67875	140
67898	140
67933	140
67957	140
67980	140
68015	140
68039	140
68062	140
68085	140
68121	140
68144	140
68179	140
68203	140
68226	140
68250	140
68273	140
68308	140
68332	140
68367	140
68390	140
68414	140
68437	140
68472	140
68496	140
68519	140
68542	140
68566	140
68589	140
68613	140
68636	140
68671	140
68695	140
68718	140
68742	141
68777	141
68800	141
68824	141
68847	141
68871	141
68906	141
68929	141
68953	141
68976	141
69000	141
69023	141
69058	141
69082	141
69105	141
69140	141
69164	141
69187	141
69210	141
69234	141
69257	141
69281	141
69304	141
69328	141
69363	141
69386	141
69410	141
69433	141
69457	141
69492	141
69515	141
69539	141
69562	141
69597	141
69621	141
69644	141
69667	141
69691	141
69714	141
69750	141
69773	141
69796	141
69832	141
69855	141
69890	141
69914	141
69937	141
69960	141
69996	141
70019	141
70042	142
70066	142
70089	142
70113	142
70136	142
70171	142
70195	142
70218	142
70242	142
70265	142
70300	142
70324	142
70347	142
70371	142
70394	142
70429	142
70453	142
70476	142
70500	142
70535	142
70558	142
70593	142
70617	142
70652	142
70675	142
70699	142
70722	142
70746	142
70769	142
70792	142
70828	142
70851	142
70875	142
70898	142
70921	142
70957	142
70980	142
71003	142
71027	142
71062	142
71085	142
71109	142
71132	142
71156	142
71191	142
71214	142
71238	142
71261	142
71296	142
71332	142
71355	143
71378	143
71414	143
71437	143
71460	143
71484	143
71519	143
71542	143
71566	143
71589	143
71613	143
71648	143
71671	143
71695	143
71718	143
71753	143
71777	143
71800	143
71824	143
71859	143
71882	143
71906	143
71941	143
71964	143
71988	143
72011	143
72046	143
72082	143
72105	143
72140	143
72164	143
72187	143
72210	143
72234	143
72269	143
72292	143
72316	143
72339	143
72363	143
72386	143
72421	143
72445	143
72468	143
72492	143
72515	143
72550	143
72574	143
72597	143
72621	143
72644	143
72679	144
72703	144
72726	144
72750	144
72785	144
72808	144
72843	144
72867	144
72890	144
72925	144
72949	144
72972	144
73007	144
73031	144
73054	144
73078	144
73113	144
73136	144
73160	144
73195	144
73218	144
73242	144
73277	144
73300	144
73324	144
73347	144
73371	144
73406	144
73429	144
73453	144
73476	144
73511	144
73535	144
73570	144
73593	144
73628	144
73652	144
73675	144
73699	144
73734	144
73757	144
73781	144
73816	144
73839	144
73863	144
73886	144
73921	144
73945	144
73980	144
74003	144
74027	145
74062	145
74085	145
74109	145
74132	145
74167	145
74191	145
74214	145
74238	145
74273	145
74296	145
74332	145
74355	145
74390	145
74414	145
74437	145
74472	145
74496	145
74531	145
74554	145
74578	145
74613	145
74636	145
74660	145
74695	145
74730	145
74753	145
74777	145
74800	145
74835	145
74859	145
74882	145
74906	145
74929	145
74953	145
74976	145
75011	145
75035	145
75058	145
75082	145
75117	145
75140	145
75164	145
75199	145
75222	145
75246	145
75281	145
75304	145
75339	145
75363	145
75386	146
75421	146
75457	146
75492	146
75515	146
75539	146
75574	146
75597	146
75621	146
75656	146
75679	146
75703	146
75738	146
75761	146
75785	146
75820	146
75843	146
75867	146
75902	146
75925	146
75949	146
75984	146
76007	146
76031	146
76066	146
76089	146
76113	146
76136	146
76171	146
76207	146
76242	146
76265	146
76289	146
76324	146
76347	146
76382	146
76406	146
76429	146
76453	146
76488	146
76511	146
76535	146
76570	146
76593	146
76617	146
76652	146
76675	146
76699	146
76734	146
76757	146
76792	147
76816	147
76839	147
76863	147
76898	147
76933	147
76968	147
76992	147
77027	147
77050	147
77074	147
77109	147
77132	147
77156	147
77191	147
77214	147
77238	147
77273	147
77296	147
77320	147
77343	147
77367	147
77402	147
77425	147
77460	147
77484	147
77507	147
77531	147
77554	147
77589	147
77613	147
77648	147
77683	147
77718	147
77742	147
77777	147
77800	147
77824	147
77859	147
77894	147
77917	147
77953	147
77976	147
78011	147
78035	147
78058	147
78093	147
78117	147
78140	147
78175	147
78199	148
78222	148
78246	148
78269	148
78292	148
78328	148
78351	148
78375	148
78410	148
78433	148
78468	148
78492	148
78527	148
78550	148
78585	148
78609	148
78644	148
78667	148
78691	148
78726	148
78750	148
78773	148
78808	148
78832	148
78867	148
78890	148
78914	148
78949	148
78972	148
78996	148
79031	148
79054	148
79078	148
79101	148
79136	148
79160	148
79195	148
79230	148
79253	148
79277	148
79312	148
79335	148
79371	148
79394	148
79417	148
79453	148
79476	148
79500	148
79535	148
79558	148
79582	149
79617	149
79640	149
79675	149
79699	149
79722	149
79746	149
79769	149
79792	149
79828	149
79851	149
79886	149
79910	149
79945	149
79968	149
80003	149
80027	149
80062	149
80085	149
80121	149
80156	149
80179	149
80214	149
80238	149
80261	149
80296	149
80332	149
80367	149
80390	149
80414	149
80449	149
80472	149
80496	149
80531	149
80554	149
80578	149
80613	149
80636	149
80660	149
80695	149
80730	149
80753	149
80777	149
80812	149
80835	149
80859	149
80894	149
80917	149
80941	149
80976	149
81000	150
81035	150
81058	150
81093	150
81117	150
81152	150
81175	150
81199	150
81234	150
81257	150
81281	150
81304	150
81328	150
81363	150
81386	150
81421	150
81445	150
81468	150
81503	150
81527	150
81562	150
81585	150
81621	150
81644	150
81667	150
81703	150
81726	150
81761	150
81785	150
81820	150
81855	150
81878	150
81914	150
81937	150
81972	150
81996	150
82019	150
82042	150
82078	150
82101	150
82136	150
82160	150
82183	150
82218	150
82242	150
82277	150
82300	150
82335	150
82359	150
82382	150
82417	151
82441	151
82464	151
82500	151
82523	151
82558	151
82593	151
82617	151
82652	151
82675	151
82710	151
82734	151
82757	151
82781	151
82816	151
82839	151
82875	151
82898	151
82921	151
82945	151
82980	151
83003	151
83039	151
83062	151
83085	151
83121	151
83144	151
83167	151
83203	151
83226	151
83261	151
83285	151
83320	151
83355	151
83378	151
83414	151
83437	151
83472	151
83496	151
83519	151
83554	151
83578	151
83601	151
83636	151
83660	151
83695	151
83718	151
83753	151
83777	151
83800	151
83835	152
83859	152
83894	152
83917	152
83953	152
83976	152
84011	152
84035	152
84070	152
84105	152
84140	152
84164	152
84187	152
84222	152
84246	152
84269	152
84304	152
84328	152
84363	152
84386	152
84410	152
84445	152
84468	152
84492	152
84527	152
84550	152
84585	152
84609	152
84632	152
84667	152
84691	152
84714	152
84750	152
84773	152
84808	152
84843	152
84867	152
84902	152
84925	152
84960	152
84984	152
85019	152
85042	152
85066	152
85101	152
85125	152
85160	152
85183	152
85218	152
85242	152
85277	153
85300	153
85335	153
85359	153
85382	153
85417	153
85441	153
85464	153
85500	153
85523	153
85558	153
85593	153
85617	153
85652	153
85675	153
85710	153
85734	153
85769	153
85792	153
85816	153
85851	153
85875	153
85910	153
85945	153
85968	153
86003	153
86027	153
86062	153
86085	153
86121	153
86144	153
86179	153
86203	153
86226	153
86261	153
86296	153
86320	153
86355	153
86390	153
86414	153
86449	153
86472	153
86507	153
86542	153
86566	153
86601	153
86625	153
86660	153
86695	153
86718	153
86753	154
86777	154
86812	154
86835	154
86859	154
86882	154
86917	154
86941	154
86964	154
87000	154
87023	154
87058	154
87082	154
87117	154
87140	154
87175	154
87199	154
87222	154
87257	154
87292	154
87316	154
87351	154
87375	154
87410	154
87445	154
87480	154
87515	154
87539	154
87574	154
87597	154
87632	154
87656	154
87679	154
87714	154
87738	154
87773	154
87796	154
87832	154
87855	154
87890	154
87914	154
87949	154
87972	154
88007	154
88031	154
88066	154
88089	154
88125	154
88160	154
88195	154
88230	155
88253	155
88289	155
88312	155
88347	155
88382	155
88406	155
88441	155
88464	155
88500	155
88523	155
88558	155
88582	155
88617	155
88640	155
88675	155
88699	155
88734	155
88769	155
88792	155
88828	155
88851	155
88886	155
88921	155
88957	155
88992	155
89027	155
89050	155
89074	155
89109	155
89144	155
89167	155
89191	155
89226	155
89250	155
89285	155
89308	155
89332	155
89367	155
89390	155
89425	155
89449	155
89484	155
89507	155
89531	155
89566	155
89589	155
89625	155
89660	155
89695	155
89730	156
89765	156
89789	156
89824	156
89859	156
89894	156
89917	156
89953	156
89976	156
90011	156
90035	156
90070	156
90093	156
90128	156
90164	156
90187	156
90222	156
90246	156
90269	156
90292	156
90328	156
90351	156
90386	156
90410	156
90445	156
90480	156
90515	156
90539	156
90574	156
90609	156
90632	156
90667	156
90691	156
90726	156
90761	156
90785	156
90820	156
90855	156
90878	156
90914	156
90937	156
90972	156
90996	156
91031	156
91054	156
91089	156
91113	156
91148	156
91171	156
91207	156
91242	157
91277	157
91300	157
91335	157
91359	157
91394	157
91417	157
91453	157
91476	157
91511	157
91535	157
91570	157
91593	157
91628	157
91652	157
91687	157
91710	157
91746	157
91769	157
91792	157
91816	157
91851	157
91875	157
91910	157
91945	157
91980	157
92003	157
92039	157
92074	157
92097	157
92132	157
92167	157
92203	157
92226	157
92261	157
92296	157
92332	157
92367	157
92390	157
92425	157
92460	157
92484	157
92519	157
92542	157
92566	157
92601	157
92636	157
92660	157
92695	157
92730	157
92753	158
92789	158
92824	158
92847	158
92882	158
92906	158
92941	158
92964	158
93000	158
93035	158
93058	158
93093	158
93128	158
93152	158
93187	158
93222	158
93246	158
93269	158
93304	158
93328	158
93363	158
93386	158
93421	158
93445	158
93480	158
93503	158
93539	158
93574	158
93597	158
93632	158
93656	158
93691	158
93714	158
93750	158
93785	158
93820	158
93843	158
93878	158
93914	158
93937	158
93972	158
93996	158
94031	158
94054	158
94089	158
94113	158
94148	158
94183	158
94207	158
94242	158
94265	159
94300	159
94335	159
94359	159
94394	159
94417	159
94453	159
94476	159
94511	159
94546	159
94582	159
94617	159
94652	159
94675	159
94710	159
94734	159
94769	159
94792	159
94828	159
94863	159
94886	159
94921	159
94945	159
94980	159
95003	159
95039	159
95074	159
95097	159
95132	159
95156	159
95191	159
95214	159
95250	159
95285	159
95320	159
95355	159
95390	159
95425	159
95449	159
95484	159
95507	159
95542	159
95566	159
95601	159
95625	159
95660	159
95695	159
95718	159
95753	159
95777	159
95812	160
95847	160
95871	160
95906	160
95941	160
95964	160
96000	160
96035	160
96070	160
96105	160
96128	160
96164	160
96199	160
96222	160
96257	160
96281	160
96316	160
96339	160
96375	160
96410	160
96433	160
96468	160
96492	160
96527	160
96562	160
96585	160
96621	160
96644	160
96679	160
96703	160
96738	160
96773	160
96808	160
96843	160
96878	160
96902	160
96937	160
96972	160
97007	160
97031	160
97066	160
97089	160
97125	160
97160	160
97195	160
97230	160
97253	160
97289	160
97324	160
97347	160
97382	161
97406	161
97441	161
97476	161
97500	161
97535	161
97570	161
97605	161
97640	161
97664	161
97699	161
97734	161
97757	161
97792	161
97828	161
97851	161
97886	161
97921	161
97957	161
97992	161
98015	161
98050	161
98085	161
98109	161
98144	161
98167	161
98203	161
98238	161
98261	161
98296	161
98332	161
98367	161
98402	161
98437	161
98472	161
98507	161
98542	161
98566	161
98601	161
98636	161
98671	161
98707	161
98730	161
98765	161
98800	161
98835	161
98859	161
98882	161
98917	161
98941	161
98976	162
99011	162
99035	162
99070	162
99105	162
99140	162
99164	162
99199	162
99234	162
99269	162
99304	162
99328	162
99363	162
99398	162
99433	162
99480	162
99515	162
99539	162
99574	162
99609	162
99632	162
99667	162
99703	162
99726	162
99761	162
99796	162
99820	162
99855	162
99890	162
99914	162
99949	162
99984	162
100007	162
100042	162
100078	162
100101	162
100136	162
100171	162
100207	162
100253	162
100277	162
100312	162
100347	162
100371	162
100406	162
100441	162
100476	162
100500	162
100535	162
100570	162
100593	163
100628	163
100664	163
100699	163
100722	163
100757	163
100792	163
100828	163
100851	163
100886	163
100933	163
100968	163
101003	163
101039	163
101074	163
101097	163
101132	163
101167	163
101203	163
101226	163
101261	163
101296	163
101320	163
101355	163
101378	163
101414	163
101449	163
101484	163
101507	163
101542	163
101566	163
101601	163
101636	163
101671	163
101718	163
101753	163
101789	163
101812	163
101847	163
101882	163
101917	163
101953	163
101988	163
102011	163
102046	163
102082	163
102105	163
102140	163
102175	163
102210	163
102234	164
102257	164
102292	164
102316	164
102351	164
102386	164
102410	164
102445	164
102480	164
102515	164
102550	164
102585	164
102621	164
102656	164
102679	164
102714	164
102750	164
102785	164
102808	164
102843	164
102878	164
102914	164
102949	164
102972	164
103007	164
103042	164
103066	164
103101	164
103136	164
103171	164
103207	164
103242	164
103277	164
103312	164
103335	164
103371	164
103406	164
103441	164
103464	164
103500	164
103535	164
103570	164
103593	164
103628	164
103664	164
103699	164
103722	164
103746	164
103781	164
103804	164
103839	165
103875	165
103898	165
103933	165
103968	165
104003	165
104039	165
104074	165
104109	165
104144	165
104179	165
104214	165
104238	165
104273	165
104308	165
104355	165
104378	165
104414	165
104449	165
104484	165
104507	165
104542	165
104566	165
104601	165
104636	165
104671	165
104707	165
104730	165
104765	165
104800	165
104835	165
104859	165
104894	165
104929	165
104964	165
104988	165
105023	165
105058	165
105093	165
105128	165
105164	165
105199	165
105222	165
105257	165
105281	165
105316	165
105339	165
105375	165
105410	165
105445	165
105480	166
105503	166
105539	166
105574	166
105609	166
105632	166
105667	166
105703	166
105738	166
105773	166
105808	166
105843	166
105878	166
105902	166
105937	166
105972	166
106007	166
106031	166
106066	166
106101	166
106125	166
106160	166
106195	166
106218	166
106253	166
106289	166
106324	166
106347	166
106382	166
106417	166
106441	166
106476	166
106511	166
106546	166
106582	166
106617	166
106652	166
106687	166
106710	166
106746	166
106781	166
106804	166
106839	166
106875	166
106898	166
106933	166
106968	166
106992	166
107027	166
107062	166
107097	167
107121	167
107156	167
107191	167
107214	167
107250	167
107285	167
107332	167
107367	167
107402	167
107425	167
107460	167
107496	167
107519	167
107554	167
107589	167
107625	167
107648	167
107683	167
107718	167
107753	167
107777	167
107812	167
107847	167
107882	167
107917	167
107941	167
107976	167
108011	167
108046	167
108082	167
108117	167
108152	167
108187	167
108222	167
108246	167
108281	167
108304	167
108339	167
108375	167
108410	167
108433	167
108468	167
108503	167
108527	167
108562	167
108597	167
108621	167
108656	167
108691	167
108714	168
108750	168
108785	168
108820	168
108855	168
108890	168
108925	168
108960	168
108984	168
109019	168
109054	168
109089	168
109113	168
109148	168
109183	168
109218	168
109253	168
109289	168
109312	168
109347	168
109382	168
109406	168
109441	168
109476	168
109500	168
109535	168
109570	168
109605	168
109640	168
109675	168
109710	168
109734	168
109769	168
109804	168
109839	168
109863	168
109898	168
109933	168
109968	168
110003	168
110039	168
110074	168
110097	168
110132	168
110167	168
110191	168
110226	168
110261	168
110296	168
110332	168
110367	169
110402	169
110437	169
110472	169
110507	169
110542	169
110578	169
110613	169
110648	169
110683	169
110718	169
110753	169
110777	169
110812	169
110847	169
110871	169
110894	169
110929	169
110964	169
111000	169
111023	169
111058	169
111093	169
111128	169
111152	169
111187	169
111222	169
111257	169
111292	169
111328	169
111351	169
111386	169
111421	169
111468	169
111503	169
111539	169
111562	169
111597	169
111632	169
111667	169
111691	169
111726	169
111761	169
111785	169
111820	169
111855	169
111890	169
111914	169
111949	169
111984	169
112019	170
112042	170
112078	170
112113	170
112148	170
112183	170
112218	170
112253	170
112289	170
112324	170
112359	170
112394	170
112417	170
112453	170
112488	170
112523	170
112546	170
112582	170
112617	170
112652	170
112687	170
112710	170
112746	170
112781	170
112816	170
112851	170
112886	170
112921	170
112957	170
113003	170
113027	170
113062	170
113097	170
113132	170
113156	170
113191	170
113226	170
113261	170
113285	170
113320	170
113343	170
113378	170
113414	170
113449	170
113472	170
113507	170
113542	170
113566	170
113601	170
113636	170
113671	171
113707	171
113753	171
113789	171
113812	171
113847	171
113882	171
113917	171
113953	171
113988	171
114011	171
114046	171
114082	171
114117	171
114140	171
114175	171
114210	171
114234	171
114257	171
114292	171
114328	171
114351	171
114386	171
114421	171
114457	171
114492	171
114527	171
114562	171
114585	171
114621	171
114656	171
114691	171
114726	171
114750	171
114785	171
114820	171
114855	171
114890	171
114925	171
114949	171
114984	171
115019	171
115042	171
115078	171
115113	171
115136	171
115171	171
115207	171
115242	171
115277	171
115312	172
115347	172
115371	172
115406	172
115441	172
115476	172
115500	172
115535	172
115570	172
115605	172
115628	172
115664	172
115699	172
115722	172
115757	172
115781	172
115804	172
115839	172
115875	172
115910	172
115945	172
115980	172
116003	172
116039	172
116074	172
116109	172
116144	172
116179	172
116214	172
116238	172
116273	172
116308	172
116355	172
116378	172
116414	172
116449	172
116472	172
116507	172
116542	172
116566	172
116601	172
116636	172
116660	172
116695	172
116730	172
116765	172
116800	172
116824	172
116859	172
116894	172
116917	173
116953	173
116988	173
117011	173
117046	173
117082	173
117117	173
117152	173
117175	173
117210	173
117246	173
117269	173
117292	173
117328	173
117363	173
117386	173
117421	173
117457	173
117492	173
117515	173
117550	173
117585	173
117609	173
117644	173
117679	173
117714	173
117738	173
117773	173
117808	173
117843	173
117878	173
117914	173
117949	173
117972	173
118007	173
118031	173
118066	173
118101	173
118125	173
118160	173
118195	173
118218	173
118253	173
118289	173
118312	173
118347	173
118382	173
118406	173
118441	173
118476	173
118500	174
118535	174
118570	174
118605	174
118640	174
118675	174
118710	174
118734	174
118769	174
118792	174
118828	174
118851	174
118886	174
118921	174
118945	174
118980	174
119003	174
119039	174
119074	174
119097	174
119132	174
119167	174
119191	174
119226	174
119261	174
119296	174
119332	174
119367	174
119402	174
119425	174
119460	174
119496	174
119519	174
119554	174
119578	174
119613	174
119648	174
119671	174
119707	174
119742	174
119765	174
119800	174
119835	174
119859	174
119894	174
119929	174
119953	174
119988	174
120023	174
120058	174
120093	175
120128	175
120164	175
120187	175
120222	175
120257	175
120281	175
120316	175
120339	175
120375	175
120410	175
120433	175
120468	175
120492	175
120527	175
120562	175
120597	175
120621	175
120656	175
120679	175
120714	175
120738	175
120773	175
120808	175
120843	175
120878	175
120914	175
120937	175
120972	175
121007	175
121031	175
121066	175
121101	175
121125	175
121160	175
121195	175
121230	175
121253	175
121289	175
121324	175
121347	175
121382	175
121406	175
121441	175
121476	175
121500	175
121535	175
121570	175
121605	175
121640	175
121664	176
121699	176
121734	176
121757	176
121792	176
121828	176
121851	176
121886	176
121921	176
121957	176
121980	176
122015	176
122050	176
122085	176
122109	176
122144	176
122167	176
122203	176
122238	176
122261	176
122296	176
122332	176
122367	176
122402	176
122437	176
122460	176
122496	176
122542	176
122566	176
122601	176
122636	176
122660	176
122695	176
122730	176
122765	176
122789	176
122824	176
122847	176
122882	176
122906	176
122929	176
122964	176
123000	176
123023	176
123058	176
123082	176
123117	176
123152	176
123175	176
123210	176
123246	177
123281	177
123304	177
123339	177
123363	177
123398	177
123445	177
123480	177
123515	177
123539	177
123574	177
123597	177
123632	177
123656	177
123691	177
123726	177
123750	177
123785	177
123808	177
123843	177
123878	177
123902	177
123937	177
123972	177
123996	177
124031	177
124066	177
124089	177
124125	177
124160	177
124195	177
124230	177
124265	177
124300	177
124324	177
124359	177
124394	177
124417	177
124453	177
124488	177
124511	177
124546	177
124570	177
124605	177
124640	177
124664	177
124699	177
124734	177
124769	177
124792	177
124828	178
124851	178
124886	178
124933	178
124968	178
125003	178
125039	178
125062	178
125097	178
125121	178
125156	178
125179	178
125214	178
125250	178
125273	178
125308	178
125332	178
125355	178
125390	178
125425	178
125449	178
125484	178
125507	178
125542	178
125566	178
125601	178
125625	178
125660	178
125707	178
125742	178
125777	178
125800	178
125835	178
125871	178
125906	178
125929	178
125964	178
126000	178
126023	178
126058	178
126082	178
126117	178
126140	178
126175	178
126210	178
126234	178
126257	178
126281	178
126316	178
126351	178
126375	179
126410	179
126445	179
126480	179
126515	179
126539	179
126574	179
126609	179
126632	179
126667	179
126703	179
126726	179
126761	179
126796	179
126820	179
126855	179
126890	179
126925	179
126949	179
126984	179
127007	179
127042	179
127066	179
127101	179
127125	179
127160	179
127195	179
127230	179
127265	179
127289	179
127324	179
127347	179
127382	179
127417	179
127441	179
127476	179
127500	179
127535	179
127558	179
127593	179
127628	179
127652	179
127687	179
127710	179
127734	179
127769	179
127792	179
127816	179
127851	179
127886	179
127910	180
127945	180
127980	180
128015	180
128039	180
128074	180
128097	180
128144	180
128167	180
128203	180
128226	180
128261	180
128296	180
128332	180
128367	180
128402	180
128425	180
128460	180
128484	180
128519	180
128542	180
128578	180
128601	180
128636	180
128671	180
128695	180
128730	180
128765	180
128800	180
128824	180
128859	180
128882	180
128917	180
128953	180
128976	180
129011	180
129046	180
129070	180
129105	180
129140	180
129164	180
129199	180
129222	180
129257	180
129281	180
129304	180
129339	180
129375	180
129398	180
129433	180
129457	181
129492	181
129527	181
129550	181
129585	181
129609	181
129644	181
129679	181
129703	181
129738	181
129761	181
129796	181
129832	181
129867	181
129890	181
129925	181
129949	181
129984	181
130007	181
130042	181
130066	181
130101	181
130125	181
130160	181
130183	181
130218	181
130242	181
130277	181
130312	181
130335	181
130371	181
130394	181
130429	181
130453	181
130488	181
130511	181
130546	181
130582	181
130617	181
130652	181
130675	181
130710	181
130734	181
130769	181
130792	181
130828	181
130851	181
130886	181
130910	181
130945	181
130968	182
131003	182
131039	182
131062	182
131097	182
131121	182
131156	182
131191	182
131214	182
131250	182
131273	182
131308	182
131355	182
131378	182
131414	182
131449	182
131472	182
131507	182
131531	182
131566	182
131589	182
131625	182
131648	182
131683	182
131707	182
131742	182
131777	182
131800	182
131835	182
131859	182
131894	182
131929	182
131953	182
131988	182
132011	182
132046	182
132082	182
132117	182
132152	182
132175	182
132210	182
132246	182
132269	182
132292	182
132328	182
132351	182
132386	182
132410	182
132445	182
132468	182
132503	183
132539	183
132562	183
132597	183
132621	183
132656	183
132679	183
132714	183
132738	183
132773	183
132808	183
132843	183
132867	183
132902	183
132937	183
132960	183
132996	183
133031	183
133054	183
133089	183
133113	183
133148	183
133183	183
133207	183
133242	183
133277	183
133300	183
133335	183
133371	183
133394	183
133429	183
133453	183
133488	183
133511	183
133546	183
133582	183
133617	183
133652	183
133675	183
133710	183
133746	183
133769	183
133804	183
133828	183
133863	183
133898	183
133921	183
133957	183
133992	183
134027	183
134050	184
134085	184
134109	184
134144	184
134179	184
134203	184
134238	184
134261	184
134296	184
134332	184
134367	184
134402	184
134425	184
134460	184
134496	184
134531	184
134566	184
134589	184
134625	184
134660	184
134695	184
134718	184
134753	184
134789	184
134812	184
134847	184
134871	184
134894	184
134929	184
134953	184
134988	184
135011	184
135046	184
135070	184
135105	184
135140	184
135164	184
135199	184
135234	184
135269	184
135292	184
135328	184
135351	184
135386	184
135421	184
135468	184
135503	184
135527	184
135562	184
135585	184
135621	185
135656	185
135679	185
135714	185
135738	185
135773	185
135808	185
135832	185
135867	185
135902	185
135925	185
135960	185
135984	185
136019	185
136054	185
136078	185
136113	185
136148	185
136183	185
136218	185
136253	185
136277	185
136312	185
136347	185
136371	185
136406	185
136441	185
136464	185
136500	185
136535	185
136558	185
136593	185
136617	185
136652	185
136687	185
136710	185
136746	185
136781	185
136816	185
136839	185
136875	185
136910	185
136945	185
136980	185
137015	185
137050	185
137074	185
137109	185
137144	185
137167	185
137203	186
137226	186
137261	186
137285	186
137320	186
137343	186
137378	186
137414	186
137437	186
137472	186
137496	186
137531	186
137554	186
137589	186
137625	186
137660	186
137695	186
137730	186
137765	186
137800	186
137824	186
137859	186
137894	186
137929	186
137964	186
137988	186
138023	186
138058	186
138082	186
138117	186
138140	186
138175	186
138210	186
138234	186
138257	186
138292	186
138316	186
138351	186
138375	186
138410	186
138445	186
138480	186
138515	186
138539	186
138574	186
138609	186
138644	186
138667	186
138703	186
138738	186
138761	187
138796	187
138832	187
138867	187
138890	187
138925	187
138960	187
138984	187
139019	187
139042	187
139078	187
139101	187
139136	187
139171	187
139207	187
139242	187
139277	187
139300	187
139335	187
139359	187
139394	187
139429	187
139453	187
139488	187
139523	187
139546	187
139582	187
139605	187
139640	187
139675	187
139710	187
139734	187
139757	187
139781	187
139816	187
139839	187
139875	187
139910	187
139945	187
139980	187
140003	187
140039	187
140074	187
140109	187
140144	187
140179	187
140203	187
140238	187
140273	187
140308	187
140343	188
140378	188
140402	188
140437	188
140472	188
140496	188
140531	188
140554	188
140589	188
140625	188
140648	188
140683	188
140718	188
140753	188
140777	188
140812	188
140847	188
140871	188
140906	188
140941	188
140964	188
141000	188
141035	188
141070	188
141093	188
141128	188
141164	188
141187	188
141222	188
141246	188
141281	188
141304	188
141339	188
141375	188
141398	188
141433	188
141457	188
141492	188
141527	188
141550	188
141585	188
141621	188
141644	188
141679	188
141714	188
141738	188
141773	188
141808	188
141843	188
141878	188
141902	189
141937	189
141972	189
141996	189
142031	189
142054	189
142089	189
142113	189
142148	189
142183	189
142207	189
142242	189
142265	189
142300	189
142335	189
142359	189
142394	189
142429	189
142453	189
142488	189
142523	189
142546	189
142593	189
142617	189
142652	189
142687	189
142710	189
142746	189
142769	189
142804	189
142828	189
142863	189
142898	189
142921	189
142957	189
142980	189
143015	189
143050	189
143074	189
143109	189
143144	189
143167	189
143203	189
143226	189
143261	189
143296	189
143332	189
143367	189
143402	189
143425	189
143460	190
143496	190
143519	190
143554	190
143578	190
143613	190
143636	190
143671	190
143707	190
143730	190
143765	190
143800	190
143824	190
143859	190
143882	190
143917	190
143953	190
143976	190
144011	190
144046	190
144082	190
144117	190
144152	190
144175	190
144210	190
144234	190
144269	190
144292	190
144328	190
144351	190
144386	190
144421	190
144445	190
144480	190
144503	190
144539	190
144574	190
144597	190
144632	190
144656	190
144691	190
144714	190
144750	190
144785	190
144820	190
144855	190
144878	190
144914	190
144949	190
144972	190
145007	191
145042	191
145066	191
145101	191
145136	191
145160	191
145195	191
145230	191
145253	191
145289	191
145324	191
145347	191
145382	191
145406	191
145441	191
145464	191
145500	191
145535	191
145570	191
145605	191
145628	191
145664	191
145699	191
145722	191
145757	191
145792	191
145816	191
145851	191
145875	191
145910	191
145945	191
145980	191
146003	191
146039	191
146074	191
146097	191
146132	191
146156	191
146191	191
146226	191
146250	191
146285	191
146320	191
146355	191
146390	191
146414	191
146449	191
146484	191
146519	191
146554	191
146578	192
146613	192
146648	192
146671	192
146707	192
146742	192
146777	192
146800	192
146835	192
146859	192
146882	192
146917	192
146941	192
146976	192
147011	192
147035	192
147070	192
147093	192
147128	192
147164	192
147187	192
147222	192
147257	192
147292	192
147316	192
147351	192
147386	192
147421	192
147457	192
147492	192
147527	192
147550	192
147585	192
147621	192
147644	192
147679	192
147703	192
147738	192
147761	192
147796	192
147832	192
147855	192
147890	192
147925	192
147949	192
147984	192
148007	192
148042	192
148078	192
148101	192
148136	193
148171	193
148207	193
148242	193
148277	193
148300	193
148335	193
148371	193
148406	193
148429	193
148464	193
148488	193
148523	193
148558	193
148582	193
148617	193
148652	193
148675	193
148710	193
148746	193
148769	193
148804	193
148839	193
148863	193
148898	193
148945	193
148980	193
149015	193
149039	193
149074	193
149109	193
149132	193
149167	193
149191	193
149226	193
149261	193
149285	193
149308	193
149343	193
149367	193
149402	193
149437	193
149460	193
149496	193
149519	193
149554	193
149578	193
149613	193
149648	193
149683	193
149718	194
149753	194
149789	194
149824	194
149847	194
149894	194
149917	194
149953	194
149988	194
150011	194
150046	194
150070	194
150105	194
150140	194
150164	194
150199	194
150222	194
150246	194
150281	194
150304	194
150339	194
150375	194
150398	194
150433	194
150468	194
150503	194
150539	194
150562	194
150597	194
150632	194
150656	194
150691	194
150726	194
150750	194
150785	194
150820	194
150843	194
150878	194
150914	194
150937	194
150972	194
150996	194
151031	194
151066	194
151089	194
151125	194
151160	194
151183	194
151218	194
151253	194
151289	195
151312	195
151347	195
151382	195
151406	195
151441	195
151464	195
151500	195
151535	195
151558	195
151593	195
151617	195
151652	195
151687	195
151710	195
151734	195
151757	195
151792	195
151816	195
151851	195
151886	195
151910	195
151945	195
151980	195
152015	195
152039	195
152074	195
152109	195
152144	195
152179	195
152203	195
152238	195
152273	195
152296	195
152332	195
152367	195
152402	195
152437	195
152460	195
152496	195
152519	195
152554	195
152578	195
152613	195
152636	195
152671	195
152707	195
152742	195
152765	195
152800	195
152835	196
152859	196
152894	196
152917	196
152953	196
152988	196
153011	196
153046	196
153082	196
153105	196
153140	196
153175	196
153199	196
153234	196
153257	196
153281	196
153316	196
153351	196
153375	196
153410	196
153433	196
153468	196
153503	196
153527	196
153562	196
153597	196
153621	196
153656	196
153679	196
153714	196
153750	196
153773	196
153808	196
153843	196
153878	196
153914	196
153937	196
153972	196
153996	196
154031	196
154054	196
154089	196
154113	196
154148	196
154171	196
154207	196
154242	196
154265	196
154300	196
154335	196
154359	197
154394	197
154417	197
154453	197
154476	197
154511	197
154546	197
154582	197
154617	197
154640	197
154675	197
154699	197
154734	197
154757	197
154792	197
154816	197
154851	197
154886	197
154910	197
154933	197
154968	197
155003	197
155027	197
155062	197
155085	197
155121	197
155144	197
155179	197
155214	197
155238	197
155273	197
155308	197
155343	197
155378	197
155402	197
155437	197
155472	197
155496	197
155531	197
155554	197
155589	197
155613	197
155648	197
155683	197
155707	197
155742	197
155765	197
155800	197
155835	197
155859	197
155894	198
155929	198
155953	198
155988	198
timepoint: 187.14000000000001