0	0
0	0
0	0
0	0
0	0
0	0
0	0
0	0
0	0
0	0
0	0
0	0
0	0
0	0
0	0
0	0
0	0
0	0
0	0
0	0
0	0
0	0
0	0
0	0
0	0
0	0
0	0
0	0
0	0
0	0
0	0
0	0
0	0
0	0
0	0
0	0
0	0
0	0
0	0
0	0
0	0
0	0
0	0
0	0
0	0
0	0
0	0
0	0
0	0
0	0
0	1
0	1
0	1
0	1
0	1
0	1
0	1
0	1
0	1
0	1
0	1
0	1
0	1
0	1
0	1
0	1
0	1
0	1
0	1
0	1
0	1
0	1
0	1
0	1
0	1
0	1
0	1
0	1
0	1
0	1
0	1
0	1
0	1
0	1
0	1
0	1
0	1
0	1
0	1
0	1
0	1
0	1
0	1
0	1
0	1
0	1
0	1
0	1
0	1
0	1
0	2
0	2
0	2
0	2
0	2
0	2
0	2
0	2
0	2
0	2
0	2
0	2
0	2
0	2
0	2
0	2
0	2
0	2
0	2
0	2
0	2
0	2
0	2
0	2
0	2
0	2
0	2
0	2
0	2
0	2
0	2
0	2
0	2
0	2
0	2
0	2
0	2
0	2
0	2
0	2
0	2
0	2
0	2
0	2
0	2
0	2
0	2
0	2
0	2
0	2
0	3
0	3
0	3
0	3
0	3
0	3
0	3
0	3
0	3
0	3
0	3
0	3
0	3
0	3
0	3
0	3
0	3
0	3
0	3
0	3
0	3
0	3
0	3
0	3
0	3
0	3
0	3
0	3
0	3
0	3
0	3
0	3
0	3
0	3
0	3
0	3
0	3
0	3
0	3
0	3
0	3
0	3
0	3
0	3
0	3
0	3
0	3
0	3
0	3
0	3
0	4
0	4
0	4
0	4
0	4
0	4
0	4
0	4
0	4
0	4
0	4
0	4
0	4
0	4
0	4
0	4
0	4
0	4
0	4
0	4
0	4
0	4
0	4
0	4
0	4
0	4
0	4
0	4
0	4
0	4
0	4
0	4
0	4
0	4
0	4
0	4
0	4
0	4
0	4
0	4
0	4
0	4
0	4
0	4
0	4
0	4
0	4
0	4
0	4
0	4
0	5
0	5
0	5
0	5
0	5
0	5
0	5
0	5
0	5
0	5
0	5
0	5
0	5
0	5
0	5
0	5
0	5
0	5
0	5
0	5
0	5
0	5
0	5
0	5
0	5
0	5
0	5
0	5
0	5
0	5
0	5
0	5
0	5
0	5
0	5
0	5
0	5
0	5
0	5
0	5
0	5
0	5
0	5
0	5
0	5
0	5
0	5
0	5
0	5
0	5
0	6
0	6
0	6
0	6
0	6
0	6
0	6
0	6
0	6
0	6
0	6
0	6
0	6
0	6
0	6
0	6
0	6
0	6
0	6
11	6
11	6
11	6
11	6
11	6
11	6
11	6
11	6
11	6
11	6
11	6
11	6
23	6
23	6
23	6
23	6
23	6
23	6
23	6
23	6
23	6
23	6
23	6
23	6
23	6
35	6
35	6
35	6
35	6
35	6
35	6
35	7
35	7
35	7
35	7
35	7
35	7
35	7
35	7
35	7
35	7
35	7
35	7
23	7
23	7
23	7
23	7
23	7
23	7
23	7
23	7
23	7
23	7
23	7
23	7
23	7
23	7
23	7
23	7
23	7
23	7
23	7
23	7
23	7
23	7
23	7
23	7
23	7
23	7
23	7
23	7
23	7
23	7
23	7
23	7
23	7
23	7
23	7
23	7
23	7
23	7
23	8
23	8
23	8
23	8
23	8
23	8
23	8
35	8
35	8
35	8
35	8
35	8
35	8
35	8
35	8
35	8
35	8
35	8
35	8
35	8
35	8
35	8
35	8
35	8
35	8
35	8
35	8
35	8
35	8
35	8
35	8
35	8
35	8
35	8
35	8
35	8
35	8
35	8
35	8
35	8
35	8
35	8
35	8
23	8
23	8
23	8
23	8
23	8
23	8
23	8
23	9
23	9
23	9
23	9
23	9
23	9
23	9
23	9
23	9
23	9
23	9
23	9
23	9
23	9
23	9
23	9
23	9
23	9
23	9
23	9
23	9
23	9
23	9
23	9
35	9
35	9
35	9
35	9
35	9
35	9
35	9
35	9
35	9
35	9
35	9
35	9
35	9
35	9
35	9
35	9
35	9
35	9
35	9
35	9
35	9
35	9
35	9
35	9
35	9
35	9
35	10
35	10
35	10
35	10
35	10
35	10
35	10
35	10
35	10
35	10
35	10
35	10
35	10
35	10
35	10
35	10
35	10
35	10
35	10
35	10
35	10
35	10
35	10
35	10
35	10
35	10
35	10
35	10
35	10
35	10
35	10
35	10
35	10
35	10
35	10
35	10
35	10
35	10
35	10
35	10
35	10
35	10
35	10
35	10
35	10
35	10
35	10
35	10
35	10
35	10
35	11
35	11
35	11
35	11
35	11
35	11
35	11
35	11
35	11
35	11
35	11
35	11
35	11
35	11
35	11
35	11
35	11
35	11
35	11
35	11
35	11
35	11
35	11
35	11
35	11
35	11
35	11
35	11
35	11
35	11
35	11
35	11
35	11
35	11
35	11
35	11
35	11
35	11
35	11
35	11
35	11
35	11
35	11
35	11
35	11
35	11
35	11
35	11
35	11
35	11
35	12
35	12
35	12
35	12
35	12
35	12
35	12
35	12
35	12
35	12
35	12
35	12
35	12
35	12
35	12
35	12
35	12
35	12
35	12
35	12
35	12
35	12
35	12
35	12
35	12
35	12
35	12
35	12
35	12
35	12
35	12
35	12
35	12
35	12
35	12
35	12
35	12
35	12
35	12
35	12
35	12
35	12
35	12
35	12
35	12
35	12
35	12
35	12
35	12
35	12
35	13
35	13
35	13
35	13
35	13
35	13
35	13
35	13
35	13
35	13
35	13
35	13
35	13
35	13
35	13
35	13
35	13
35	13
35	13
35	13
35	13
35	13
35	13
35	13
35	13
35	13
35	13
35	13
35	13
35	13
35	13
35	13
35	13
35	13
35	13
35	13
35	13
35	13
35	13
35	13
35	13
35	13
35	13
35	13
35	13
35	13
35	13
35	13
35	13
35	13
35	14
35	14
35	14
35	14
35	14
35	14
35	14
35	14
35	14
35	14
35	14
35	14
35	14
35	14
35	14
35	14
35	14
35	14
35	14
35	14
35	14
35	14
35	14
35	14
35	14
35	14
35	14
35	14
35	14
35	14
35	14
35	14
35	14
35	14
35	14
35	14
35	14
35	14
35	14
35	14
35	14
35	14
35	14
35	14
35	14
35	14
35	14
35	14
35	14
35	14
35	15
35	15
35	15
35	15
35	15
35	15
35	15
35	15
35	15
35	15
35	15
35	15
35	15
35	15
35	15
35	15
35	15
35	15
35	15
35	15
35	15
35	15
35	15
35	15
35	15
35	15
35	15
35	15
35	15
35	15
35	15
35	15
35	15
35	15
35	15
35	15
35	15
35	15
35	15
35	15
35	15
35	15
35	15
35	15
35	15
35	15
35	15
35	15
35	15
35	15
35	16
35	16
35	16
35	16
35	16
35	16
35	16
35	16
35	16
35	16
35	16
35	16
35	16
35	16
35	16
35	16
35	16
35	16
35	16
35	16
35	16
35	16
35	16
35	16
35	16
35	16
35	16
35	16
35	16
35	16
35	16
35	16
35	16
35	16
35	16
35	16
35	16
35	16
35	16
35	16
35	16
35	16
35	16
35	16
35	16
35	16
35	16
35	16
35	16
35	16
35	17
35	17
35	17
35	17
35	17
35	17
35	17
35	17
35	17
35	17
35	17
35	17
35	17
35	17
35	17
35	17
35	17
35	17
35	17
35	17
35	17
35	17
35	17
35	17
35	17
35	17
35	17
35	17
35	17
35	17
35	17
35	17
35	17
35	17
35	17
35	17
35	17
35	17
35	17
35	17
35	17
35	17
35	17
35	17
35	17
35	17
35	17
35	17
35	17
35	17
35	18
35	18
35	18
35	18
35	18
35	18
35	18
35	18
35	18
35	18
35	18
35	18
35	18
35	18
35	18
35	18
35	18
35	18
35	18
35	18
35	18
35	18
35	18
35	18
35	18
35	18
35	18
35	18
35	18
35	18
35	18
35	18
35	18
35	18
35	18
35	18
35	18
35	18
35	18
35	18
35	18
35	18
35	18
35	18
35	18
35	18
35	18
35	18
35	18
35	18
35	19
35	19
35	19
35	19
35	19
35	19
35	19
35	19
35	19
35	19
35	19
35	19
35	19
35	19
35	19
35	19
35	19
35	19
35	19
35	19
35	19
35	19
35	19
35	19
35	19
35	19
35	19
35	19
35	19
35	19
35	19
35	19
35	19
35	19
35	19
35	19
35	19
35	19
35	19
35	19
35	19
35	19
35	19
35	19
35	19
35	19
35	19
35	19
35	19
35	19
35	20
35	20
35	20
35	20
35	20
35	20
35	20
35	20
35	20
35	20
35	20
35	20
35	20
35	20
35	20
35	20
35	20
35	20
35	20
35	20
35	20
35	20
35	20
35	20
35	20
35	20
35	20
35	20
35	20
35	20
35	20
35	20
35	20
35	20
35	20
35	20
35	20
35	20
35	20
35	20
35	20
35	20
35	20
35	20
35	20
35	20
35	20
35	20
35	20
35	20
35	21
35	21
35	21
35	21
35	21
35	21
35	21
35	21
35	21
35	21
35	21
35	21
35	21
35	21
35	21
35	21
35	21
35	21
35	21
35	21
35	21
35	21
35	21
35	21
35	21
35	21
35	21
35	21
35	21
35	21
35	21
35	21
35	21
35	21
35	21
35	21
35	21
35	21
35	21
35	21
35	21
35	21
35	21
35	21
35	21
35	21
35	21
35	21
35	21
35	21
35	22
35	22
35	22
35	22
35	22
35	22
35	22
35	22
35	22
35	22
35	22
35	22
35	22
35	22
35	22
35	22
35	22
35	22
35	22
35	22
35	22
35	22
35	22
35	22
35	22
35	22
35	22
35	22
35	22
35	22
35	22
35	22
35	22
35	22
35	22
35	22
35	22
35	22
35	22
35	22
35	22
35	22
35	22
35	22
35	22
35	22
35	22
35	22
35	22
35	22
35	23
35	23
35	23
35	23
35	23
35	23
35	23
35	23
35	23
35	23
35	23
35	23
35	23
35	23
35	23
35	23
35	23
35	23
35	23
35	23
35	23
35	23
35	23
35	23
35	23
35	23
35	23
35	23
35	23
35	23
35	23
35	23
35	23
35	23
35	23
35	23
35	23
35	23
35	23
35	23
35	23
35	23
35	23
35	23
35	23
35	23
35	23
35	23
35	23
35	23
35	24
35	24
35	24
35	24
35	24
35	24
35	24
35	24
35	24
35	24
35	24
35	24
35	24
35	24
35	24
35	24
35	24
35	24
35	24
35	24
35	24
35	24
35	24
35	24
35	24
35	24
35	24
35	24
35	24
35	24
35	24
35	24
35	24
35	24
35	24
35	24
35	24
35	24
35	24
35	24
35	24
35	24
35	24
35	24
35	24
35	24
35	24
35	24
35	24
35	24
35	25
35	25
35	25
35	25
35	25
35	25
35	25
35	25
35	25
35	25
35	25
35	25
35	25
35	25
35	25
35	25
35	25
35	25
35	25
35	25
35	25
35	25
35	25
35	25
35	25
35	25
35	25
35	25
35	25
35	25
35	25
35	25
35	25
35	25
35	25
35	25
35	25
35	25
35	25
35	25
35	25
35	25
35	25
35	25
35	25
35	25
35	25
35	25
35	25
35	25
35	26
35	26
35	26
35	26
35	26
35	26
35	26
35	26
35	26
35	26
35	26
35	26
35	26
35	26
35	26
35	26
35	26
35	26
35	26
35	26
35	26
35	26
35	26
35	26
35	26
35	26
35	26
35	26
35	26
35	26
35	26
35	26
35	26
35	26
35	26
35	26
35	26
35	26
35	26
35	26
35	26
35	26
35	26
35	26
35	26
35	26
35	26
35	26
35	26
35	26
35	27
35	27
35	27
35	27
35	27
35	27
35	27
35	27
35	27
35	27
35	27
35	27
35	27
35	27
35	27
35	27
35	27
35	27
35	27
35	27
35	27
35	27
35	27
35	27
35	27
35	27
35	27
35	27
35	27
35	27
35	27
35	27
35	27
35	27
35	27
35	27
35	27
35	27
35	27
35	27
35	27
35	27
35	27
35	27
35	27
35	27
35	27
35	27
35	27
35	27
35	28
35	28
35	28
35	28
35	28
35	28
35	28
35	28
35	28
35	28
35	28
35	28
35	28
35	28
35	28
35	28
35	28
35	28
35	28
35	28
35	28
35	28
35	28
35	28
35	28
35	28
35	28
35	28
35	28
35	28
35	28
35	28
35	28
35	28
35	28
35	28
35	28
35	28
35	28
35	28
35	28
35	28
35	28
35	28
35	28
35	28
35	28
35	28
35	28
35	28
35	29
35	29
35	29
35	29
35	29
35	29
35	29
35	29
35	29
35	29
35	29
35	29
35	29
35	29
35	29
35	29
35	29
35	29
35	29
35	29
35	29
35	29
35	29
35	29
35	29
35	29
35	29
35	29
35	29
35	29
35	29
35	29
35	29
35	29
35	29
35	29
35	29
35	29
35	29
35	29
35	29
35	29
35	29
35	29
35	29
35	29
35	29
35	29
35	29
35	29
35	30
35	30
35	30
35	30
35	30
35	30
35	30
35	30
35	30
35	30
35	30
35	30
35	30
35	30
35	30
35	30
35	30
35	30
35	30
35	30
35	30
35	30
35	30
35	30
35	30
35	30
35	30
35	30
35	30
35	30
35	30
35	30
35	30
35	30
35	30
35	30
35	30
35	30
35	30
35	30
35	30
35	30
35	30
35	30
35	30
35	30
35	30
35	30
35	30
35	30
35	31
35	31
35	31
35	31
35	31
35	31
35	31
35	31
35	31
35	31
35	31
35	31
35	31
35	31
35	31
35	31
35	31
35	31
35	31
35	31
35	31
35	31
35	31
35	31
35	31
35	31
35	31
35	31
35	31
35	31
35	31
35	31
35	31
35	31
35	31
35	31
35	31
35	31
35	31
35	31
35	31
35	31
35	31
35	31
35	31
35	31
35	31
35	31
35	31
35	31
35	32
35	32
35	32
35	32
35	32
35	32
35	32
35	32
35	32
35	32
35	32
35	32
35	32
35	32
35	32
35	32
35	32
46	32
46	32
46	32
46	32
46	32
46	32
46	32
46	32
46	32
46	32
46	32
46	32
46	32
46	32
46	32
46	32
46	32
46	32
46	32
46	32
58	32
58	32
58	32
58	32
58	32
58	32
58	32
58	32
58	32
58	32
58	32
58	32
58	32
58	33
58	33
58	33
70	33
70	33
70	33
70	33
70	33
70	33
70	33
70	33
70	33
70	33
70	33
70	33
70	33
70	33
70	33
70	33
70	33
82	33
82	33
82	33
82	33
82	33
82	33
82	33
82	33
82	33
82	33
82	33
82	33
82	33
82	33
82	33
82	33
93	33
93	33
93	33
93	33
93	33
93	33
93	33
93	33
93	33
93	33
105	33
105	33
105	33
105	33
105	34
105	34
105	34
105	34
105	34
105	34
117	34
117	34
117	34
117	34
117	34
117	34
117	34
117	34
117	34
117	34
128	34
128	34
128	34
128	34
128	34
128	34
128	34
128	34
128	34
128	34
128	34
140	34
140	34
140	34
140	34
140	34
140	34
140	34
140	34
152	34
152	34
152	34
152	34
152	34
152	34
152	34
152	34
152	34
152	34
164	34
164	34
164	34
164	34
164	34
164	35
164	35
164	35
175	35
175	35
175	35
175	35
175	35
175	35
175	35
175	35
187	35
187	35
187	35
187	35
187	35
187	35
187	35
187	35
199	35
199	35
199	35
199	35
199	35
199	35
199	35
210	35
210	35
210	35
210	35
210	35
210	35
210	35
222	35
222	35
222	35
222	35
222	35
222	35
222	35
234	35
234	35
234	35
234	35
234	35
234	35
246	35
246	35
246	35
246	35
246	36
246	36
246	36
246	36
257	36
257	36
257	36
257	36
257	36
257	36
257	36
269	36
269	36
269	36
269	36
269	36
269	36
269	36
269	36
281	36
281	36
281	36
281	36
281	36
281	36
281	36
292	36
292	36
292	36
292	36
292	36
292	36
304	36
304	36
304	36
304	36
304	36
304	36
304	36
316	36
316	36
316	36
316	36
316	36
316	36
328	36
328	36
328	36
328	36
328	36
328	37
339	37
339	37
339	37
339	37
339	37
339	37
339	37
351	37
351	37
351	37
351	37
351	37
351	37
363	37
363	37
363	37
363	37
363	37
363	37
375	37
375	37
375	37
375	37
375	37
375	37
386	37
386	37
386	37
386	37
386	37
386	37
398	37
398	37
398	37
398	37
398	37
398	37
410	37
410	37
410	37
410	37
410	37
410	37
421	37
421	37
421	37
421	37
421	37
421	37
433	38
433	38
433	38
433	38
433	38
433	38
445	38
445	38
445	38
445	38
445	38
457	38
457	38
457	38
457	38
457	38
457	38
468	38
468	38
468	38
468	38
468	38
480	38
480	38
480	38
480	38
480	38
492	38
492	38
492	38
492	38
492	38
503	38
503	38
503	38
503	38
503	38
503	38
515	38
515	38
515	38
515	38
515	38
527	38
527	38
527	38
527	38
527	38
539	38
539	38
539	39
539	39
539	39
550	39
550	39
550	39
550	39
550	39
562	39
562	39
562	39
562	39
574	39
574	39
574	39
574	39
574	39
585	39
585	39
585	39
585	39
585	39
597	39
597	39
597	39
597	39
597	39
609	39
609	39
609	39
609	39
609	39
621	39
621	39
621	39
621	39
621	39
632	39
632	39
632	39
632	39
644	39
644	39
644	39
644	39
644	39
656	39
656	39
656	39
656	39
656	40
667	40
667	40
667	40
667	40
667	40
679	40
679	40
679	40
679	40
679	40
691	40
691	40
691	40
691	40
691	40
703	40
703	40
703	40
703	40
714	40
714	40
714	40
714	40
714	40
726	40
726	40
726	40
726	40
726	40
738	40
738	40
738	40
738	40
738	40
750	40
750	40
750	40
750	40
750	40
761	40
761	40
761	40
761	40
773	40
773	40
773	40
773	40
773	40
785	40
785	41
785	41
785	41
785	41
796	41
796	41
796	41
796	41
808	41
808	41
808	41
808	41
808	41
820	41
820	41
820	41
820	41
820	41
832	41
832	41
832	41
832	41
843	41
843	41
843	41
843	41
843	41
855	41
855	41
855	41
855	41
867	41
867	41
867	41
867	41
867	41
878	41
878	41
878	41
878	41
890	41
890	41
890	41
890	41
902	41
902	41
902	41
902	41
914	41
914	41
914	42
914	42
925	42
925	42
925	42
937	42
937	42
937	42
937	42
949	42
949	42
949	42
949	42
960	42
960	42
960	42
972	42
972	42
972	42
972	42
984	42
984	42
984	42
984	42
996	42
996	42
996	42
996	42
1007	42
1007	42
1007	42
1007	42
1019	42
1019	42
1019	42
1019	42
1031	42
1031	42
1031	42
1031	42
1031	42
1042	42
1042	42
1042	42
1042	42
1054	42
1054	42
1054	42
1054	42
1066	42
1066	43
1066	43
1066	43
1078	43
1078	43
1078	43
1078	43
1089	43
1089	43
1089	43
1089	43
1101	43
1101	43
1101	43
1113	43
1113	43
1113	43
1113	43
1125	43
1125	43
1125	43
1136	43
1136	43
1136	43
1136	43
1148	43
1148	43
1148	43
1160	43
1160	43
1160	43
1160	43
1171	43
1171	43
1171	43
1171	43
1183	43
1183	43
1183	43
1183	43
1195	43
1195	43
1195	43
1195	43
1207	43
1207	43
1207	43
1207	43
1218	43
1218	43
1218	44
1218	44
1230	44
1230	44
1230	44
1230	44
1242	44
1242	44
1242	44
1253	44
1253	44
1253	44
1253	44
1265	44
1265	44
1265	44
1265	44
1277	44
1277	44
1277	44
1277	44
1289	44
1289	44
1289	44
1300	44
1300	44
1300	44
1300	44
1312	44
1312	44
1312	44
1324	44
1324	44
1324	44
1335	44
1335	44
1335	44
1335	44
1347	44
1347	44
1347	44
1347	44
1359	44
1359	44
1359	44
1371	44
1371	44
1371	44
1371	44
1382	44
1382	45
1382	45
1394	45
1394	45
1394	45
1394	45
1406	45
1406	45
1406	45
1406	45
1417	45
1417	45
1417	45
1429	45
1429	45
1429	45
1429	45
1441	45
1441	45
1441	45
1441	45
1453	45
1453	45
1453	45
1464	45
1464	45
1464	45
1464	45
1464	45
1476	45
1476	45
1476	45
1476	45
1488	45
1488	45
1488	45
1488	45
1500	45
1500	45
1500	45
1500	45
1511	45
1511	45
1511	45
1511	45
1523	45
1523	45
1523	45
1523	45
1535	45
1535	46
1535	46
1535	46
1546	46
1546	46
1546	46
1546	46
1558	46
1558	46
1558	46
1570	46
1570	46
1570	46
1570	46
1582	46
1582	46
1582	46
1593	46
1593	46
1593	46
1605	46
1605	46
1605	46
1605	46
1617	46
1617	46
1617	46
1628	46
1628	46
1628	46
1628	46
1640	46
1640	46
1640	46
1652	46
1652	46
1652	46
1652	46
1664	46
1664	46
1664	46
1675	46
1675	46
1675	46
1675	46
1687	46
1687	46
1687	46
1699	46
1699	46
1699	47
1699	47
1710	47
1710	47
1710	47
1722	47
1722	47
1722	47
1734	47
1734	47
1734	47
1734	47
1746	47
1746	47
1746	47
1757	47
1757	47
1757	47
1769	47
1769	47
1769	47
1769	47
1781	47
1781	47
1781	47
1792	47
1792	47
1792	47
1804	47
1804	47
1804	47
1816	47
1816	47
1816	47
1828	47
1828	47
1828	47
1828	47
1839	47
1839	47
1839	47
1851	47
1851	47
1851	47
1863	47
1863	47
1875	47
1875	47
1875	47
1886	47
1886	48
1886	48
1898	48
1898	48
1898	48
1910	48
1910	48
1910	48
1921	48
1921	48
1921	48
1933	48
1933	48
1933	48
1945	48
1945	48
1945	48
1945	48
1957	48
1957	48
1957	48
1968	48
1968	48
1968	48
1980	48
1980	48
1980	48
1992	48
1992	48
1992	48
2003	48
2003	48
2003	48
2015	48
2015	48
2027	48
2027	48
2027	48
2039	48
2039	48
2050	48
2050	48
2050	48
2062	48
2062	48
2074	48
2074	48
2085	48
2085	48
2085	48
2097	49
2097	49
2109	49
2109	49
2109	49
2121	49
2121	49
2121	49
2132	49
2132	49
2144	49
2144	49
2144	49
2156	49
2156	49
2156	49
2167	49
2167	49
2167	49
2179	49
2179	49
2179	49
2191	49
2191	49
2191	49
2203	49
2203	49
2214	49
2214	49
2214	49
2226	49
2226	49
2226	49
2238	49
2238	49
2250	49
2250	49
2250	49
2261	49
2261	49
2261	49
2273	49
2273	49
2273	49
2285	49
2285	49
2285	49
2296	49
2296	49
2296	49
2308	50
2308	50
2308	50
2320	50
2320	50
2332	50
2332	50
2332	50
2343	50
2343	50
2343	50
2355	50
2355	50
2367	50
2367	50
2367	50
2378	50
2378	50
2378	50
2390	50
2390	50
2390	50
2402	50
2402	50
2414	50
2414	50
2414	50
2425	50
2425	50
2425	50
2437	50
2437	50
2449	50
2449	50
2449	50
2460	50
2460	50
2472	50
2472	50
2472	50
2484	50
2484	50
2484	50
2496	50
2496	50
2507	50
2507	50
2507	50
2519	50
2519	50
2531	51
2531	51
2531	51
2542	51
2542	51
2542	51
2554	51
2554	51
2566	51
2566	51
2566	51
2578	51
2578	51
2589	51
2589	51
2589	51
2601	51
2601	51
2601	51
2613	51
2613	51
2625	51
2625	51
2625	51
2636	51
2636	51
2648	51
2648	51
2648	51
2660	51
2660	51
2671	51
2671	51
2671	51
2683	51
2683	51
2683	51
2695	51
2695	51
2707	51
2707	51
2707	51
2718	51
2718	51
2730	51
2730	51
2730	51
2742	51
2742	51
2753	51
2753	52
2765	52
2765	52
2777	52
2777	52
2789	52
2789	52
2800	52
2800	52
2812	52
2812	52
2824	52
2824	52
2835	52
2835	52
2847	52
2847	52
2859	52
2859	52
2859	52
2871	52
2871	52
2882	52
2882	52
2894	52
2894	52
2894	52
2906	52
2906	52
2917	52
2917	52
2917	52
2929	52
2929	52
2941	52
2941	52
2941	52
2953	52
2953	52
2964	52
2964	52
2976	52
2976	52
2976	52
2988	52
2988	52
3000	52
3000	52
3011	52
3011	52
3023	53
3023	53
3023	53
3035	53
3035	53
3046	53
3046	53
3046	53
3058	53
3058	53
3070	53
3070	53
3082	53
3082	53
3082	53
3093	53
3093	53
3105	53
3105	53
3117	53
3117	53
3128	53
3128	53
3140	53
3140	53
3140	53
3152	53
3152	53
3164	53
3164	53
3175	53
3175	53
3187	53
3187	53
3187	53
3199	53
3199	53
3210	53
3210	53
3222	53
3222	53
3234	53
3234	53
3246	53
3246	53
3246	53
3257	53
3257	53
3269	53
3269	53
3281	54
3281	54
3292	54
3292	54
3292	54
3304	54
3304	54
3316	54
3316	54
3328	54
3328	54
3339	54
3339	54
3339	54
3351	54
3351	54
3363	54
3363	54
3375	54
3375	54
3386	54
3386	54
3398	54
3398	54
3410	54
3410	54
3421	54
3421	54
3433	54
3433	54
3433	54
3445	54
3445	54
3457	54
3457	54
3468	54
3468	54
3480	54
3480	54
3492	54
3492	54
3503	54
3503	54
3515	54
3515	54
3527	54
3527	54
3539	54
3550	54
3550	54
3562	55
3562	55
3574	55
3585	55
3585	55
3597	55
3597	55
3609	55
3609	55
3621	55
3621	55
3632	55
3632	55
3644	55
3644	55
3656	55
3656	55
3667	55
3667	55
3667	55
3679	55
3679	55
3691	55
3691	55
3703	55
3703	55
3714	55
3714	55
3726	55
3726	55
3738	55
3738	55
3750	55
3750	55
3761	55
3761	55
3773	55
3773	55
3785	55
3785	55
3785	55
3796	55
3796	55
3808	55
3808	55
3820	55
3820	55
3832	55
3832	55
3843	55
3843	56
3855	56
3855	56
3867	56
3867	56
3878	56
3878	56
3890	56
3890	56
3890	56
3902	56
3902	56
3914	56
3914	56
3925	56
3925	56
3937	56
3937	56
3949	56
3949	56
3960	56
3960	56
3972	56
3972	56
3972	56
3984	56
3984	56
3996	56
3996	56
4007	56
4019	56
4019	56
4031	56
4031	56
4042	56
4042	56
4054	56
4054	56
4066	56
4066	56
4078	56
4078	56
4089	56
4089	56
4089	56
4101	56
4101	56
4113	56
4113	56
4125	56
4125	57
4136	57
4136	57
4148	57
4148	57
4160	57
4160	57
4171	57
4171	57
4183	57
4183	57
4195	57
4195	57
4207	57
4207	57
4218	57
4218	57
4230	57
4230	57
4242	57
4242	57
4253	57
4253	57
4265	57
4277	57
4277	57
4289	57
4300	57
4300	57
4312	57
4324	57
4324	57
4335	57
4347	57
4347	57
4359	57
4371	57
4371	57
4382	57
4382	57
4394	57
4394	57
4406	57
4406	57
4417	57
4417	57
4429	57
4429	57
4441	57
4441	57
4453	58
4464	58
4464	58
4476	58
4488	58
4488	58
4500	58
4511	58
4511	58
4523	58
4523	58
4535	58
4535	58
4546	58
4546	58
4558	58
4558	58
4570	58
4582	58
4582	58
4593	58
4593	58
4605	58
4605	58
4617	58
4617	58
4628	58
4628	58
4640	58
4652	58
4652	58
4664	58
4664	58
4675	58
4675	58
4687	58
4687	58
4699	58
4699	58
4710	58
4722	58
4722	58
4734	58
4734	58
4746	58
4746	58
4757	58
4757	58
4769	58
4769	58
4781	59
4792	59
4792	59
4804	59
4804	59
4816	59
4828	59
4828	59
4839	59
4839	59
4839	59
4851	59
4851	59
4863	59
4863	59
4875	59
4875	59
4886	59
4886	59
4898	59
4898	59
4910	59
4910	59
4921	59
4933	59
4933	59
4945	59
4945	59
4957	59
4957	59
4968	59
4980	59
4980	59
4992	59
4992	59
5003	59
5003	59
5015	59
5027	59
5027	59
5039	59
5039	59
5050	59
5062	59
5062	59
5074	59
5085	59
5085	59
5097	59
5109	59
5109	60
5121	60
5121	60
5132	60
5144	60
5144	60
5156	60
5156	60
5167	60
5167	60
5179	60
5191	60
5191	60
5203	60
5203	60
5214	60
5226	60
5226	60
5238	60
5250	60
5250	60
5261	60
5273	60
5273	60
5285	60
5285	60
5296	60
5296	60
5308	60
5320	60
5320	60
5332	60
5332	60
5343	60
5355	60
5355	60
5367	60
5367	60
5378	60
5390	60
5390	60
5402	60
5414	60
5414	60
5425	60
5425	60
5437	60
5449	60
5449	60
5460	60
5472	61
5472	61
5484	61
5484	61
5496	61
5507	61
5507	61
5519	61
5531	61
5531	61
5542	61
5542	61
5554	61
5566	61
5566	61
5578	61
5578	61
5589	61
5601	61
5601	61
5613	61
5613	61
5625	61
5636	61
5636	61
5648	61
5648	61
5660	61
5671	61
5671	61
5683	61
5683	61
5695	61
5707	61
5707	61
5718	61
5718	61
5730	61
5742	61
5742	61
5753	61
5765	61
5765	61
5777	61
5789	61
5789	61
5800	61
5812	61
5812	61
5824	61
5835	62
5847	62
5847	62
5859	62
5871	62
5871	62
5882	62
5894	62
5894	62
5906	62
5906	62
5917	62
5929	62
5929	62
5941	62
5953	62
5953	62
5964	62
5964	62
5976	62
5988	62
5988	62
6000	62
6011	62
6011	62
6023	62
6035	62
6035	62
6046	62
6046	62
6058	62
6070	62
6070	62
6082	62
6093	62
6093	62
6105	62
6105	62
6117	62
6128	62
6128	62
6140	62
6152	62
6152	62
6164	62
6175	62
6175	62
6187	62
6199	62
6199	62
6210	63
6210	63
6222	63
6234	63
6234	63
6246	63
6257	63
6257	63
6269	63
6281	63
6281	63
6292	63
6304	63
6304	63
6316	63
6328	63
6328	63
6339	63
6339	63
6351	63
6351	63
6363	63
6375	63
6375	63
6386	63
6386	63
6398	63
6398	63
6410	63
6421	63
6421	63
6433	63
6445	63
6445	63
6457	63
6468	63
6468	63
6480	63
6492	63
6492	63
6503	63
6515	63
6515	63
6527	63
6539	63
6539	63
6550	63
6562	63
6574	63
6574	63
6585	64
6597	64
6597	64
6609	64
6621	64
6632	64
6632	64
6644	64
6656	64
6656	64
6667	64
6679	64
6679	64
6691	64
6703	64
6703	64
6714	64
6726	64
6738	64
6738	64
6750	64
6761	64
6773	64
6785	64
6785	64
6796	64
6808	64
6808	64
6820	64
6820	64
6832	64
6843	64
6855	64
6855	64
6867	64
6878	64
6878	64
6890	64
6902	64
6914	64
6925	64
6925	64
6937	64
6949	64
6960	64
6960	64
6972	64
6984	64
6996	64
6996	64
7007	65
7019	65
7019	65
7031	65
7042	65
7042	65
7054	65
7066	65
7078	65
7078	65
7089	65
7101	65
7101	65
7113	65
7125	65
7125	65
7136	65
7148	65
7148	65
7160	65
7171	65
7171	65
7183	65
7195	65
7195	65
7207	65
7218	65
7218	65
7230	65
7242	65
7242	65
7253	65
7265	65
7277	65
7277	65
7289	65
7300	65
7312	65
7312	65
7324	65
7335	65
7347	65
7347	65
7359	65
7371	65
7371	65
7382	65
7394	65
7406	65
7406	65
7417	66
7429	66
7429	66
7441	66
7453	66
7464	66
7464	66
7476	66
7488	66
7488	66
7500	66
7511	66
7523	66
7523	66
7535	66
7546	66
7546	66
7558	66
7570	66
7570	66
7582	66
7593	66
7605	66
7605	66
7617	66
7628	66
7640	66
7640	66
7652	66
7664	66
7675	66
7675	66
7687	66
7699	66
7710	66
7710	66
7722	66
7734	66
7746	66
7746	66
7757	66
7769	66
7781	66
7781	66
7792	66
7804	66
7816	66
7816	66
7828	66
7839	66
7839	67
7851	67
7863	67
7863	67
7875	67
7886	67
7886	67
7898	67
7910	67
7910	67
7921	67
7933	67
7933	67
7945	67
7957	67
7968	67
7968	67
7980	67
7992	67
8003	67
8003	67
8015	67
8027	67
8039	67
8039	67
8050	67
8062	67
8062	67
8074	67
8085	67
8097	67
8097	67
8109	67
8121	67
8132	67
8144	67
8144	67
8156	67
8167	67
8179	67
8179	67
8191	67
8203	67
8214	67
8214	67
8226	67
8238	67
8238	67
8250	67
8261	67
8273	68
8273	68
8285	68
8296	68
8308	68
8308	68
8320	68
8332	68
8343	68
8343	68
8355	68
8367	68
8378	68
8390	68
8390	68
8402	68
8414	68
8425	68
8437	68
8449	68
8449	68
8460	68
8472	68
8484	68
8496	68
8496	68
8507	68
8519	68
8531	68
8542	68
8542	68
8554	68
8566	68
8578	68
8578	68
8589	68
8601	68
8613	68
8613	68
8625	68
8636	68
8636	68
8648	68
8660	68
8671	68
8671	68
8683	68
8695	68
8707	68
8707	68
8718	69
8730	69
8742	69
8753	69
8753	69
8765	69
8777	69
8777	69
8789	69
8800	69
8812	69
8824	69
8824	69
8835	69
8847	69
8859	69
8859	69
8871	69
8882	69
8894	69
8906	69
8906	69
8917	69
8929	69
8941	69
8953	69
8953	69
8964	69
8976	69
8988	69
8988	69
9000	69
9011	69
9023	69
9023	69
9035	69
9046	69
9058	69
9058	69
9070	69
9082	69
9093	69
9105	69
9105	69
9117	69
9128	69
9140	69
9152	69
9164	69
9175	69
9175	70
9187	70
9199	70
9210	70
9222	70
9234	70
9246	70
9257	70
9257	70
9269	70
9281	70
9292	70
9304	70
9304	70
9316	70
9328	70
9339	70
9351	70
9351	70
9363	70
9375	70
9386	70
9386	70
9398	70
9410	70
9421	70
9421	70
9433	70
9445	70
9457	70
9468	70
9480	70
9480	70
9492	70
9503	70
9515	70
9515	70
9527	70
9539	70
9550	70
9562	70
9562	70
9574	70
9585	70
9597	70
9609	70
9609	70
9621	70
9632	70
9644	70
9656	71
9667	71
9667	71
9679	71
9691	71
9703	71
9714	71
9714	71
9726	71
9738	71
9750	71
9761	71
9761	71
9773	71
9785	71
9796	71
9808	71
9808	71
9820	71
9832	71
9843	71
9855	71
9867	71
9867	71
9878	71
9890	71
9902	71
9914	71
9925	71
9937	71
9949	71
9960	71
9972	71
9984	71
9996	71
10007	71
10007	71
10019	71
10031	71
10042	71
10054	71
10066	71
10066	71
10078	71
10089	71
10101	71
10113	71
10125	71
10125	71
10136	71
10148	72
10160	72
10171	72
10171	72
10183	72
10195	72
10207	72
10218	72
10230	72
10230	72
10242	72
10253	72
10265	72
10277	72
10289	72
10289	72
10300	72
10312	72
10324	72
10335	72
10347	72
10359	72
10359	72
10371	72
10382	72
10394	72
10406	72
10417	72
10429	72
10429	72
10441	72
10453	72
10464	72
10476	72
10488	72
10488	72
10500	72
10511	72
10523	72
10535	72
10546	72
10558	72
10558	72
10570	72
10582	72
10593	72
10605	72
10617	72
10628	72
10640	72
10652	73
10664	73
10675	73
10687	73
10699	73
10710	73
10722	73
10722	73
10734	73
10746	73
10757	73
10769	73
10781	73
10792	73
10804	73
10816	73
10816	73
10828	73
10839	73
10851	73
10863	73
10875	73
10886	73
10886	73
10898	73
10910	73
10921	73
10933	73
10933	73
10945	73
10957	73
10968	73
10980	73
10992	73
11003	73
11015	73
11027	73
11027	73
11039	73
11050	73
11062	73
11074	73
11085	73
11097	73
11097	73
11109	73
11121	73
11132	73
11144	73
11156	73
11167	74
11179	74
11191	74
11191	74
11203	74
11214	74
11226	74
11238	74
11250	74
11250	74
11261	74
11273	74
11285	74
11296	74
11308	74
11320	74
11320	74
11332	74
11343	74
11355	74
11367	74
11378	74
11390	74
11402	74
11414	74
11425	74
11437	74
11449	74
11460	74
11472	74
11484	74
11496	74
11507	74
11519	74
11531	74
11542	74
11542	74
11554	74
11566	74
11578	74
11589	74
11601	74
11613	74
11625	74
11636	74
11648	74
11660	74
11671	74
11671	74
11683	74
11695	75
11707	75
11718	75
11730	75
11742	75
11753	75
11765	75
11777	75
11789	75
11800	75
11812	75
11824	75
11835	75
11847	75
11847	75
11859	75
11871	75
11882	75
11894	75
11906	75
11917	75
11929	75
11941	75
11953	75
11964	75
11976	75
11988	75
11988	75
12000	75
12011	75
12023	75
12035	75
12046	75
12058	75
12070	75
12082	75
12093	75
12093	75
12105	75
12117	75
12128	75
12140	75
12152	75
12164	75
12175	75
12187	75
12199	75
12210	75
12222	75
12234	75
12246	76
12257	76
12269	76
12281	76
12292	76
12304	76
12316	76
12328	76
12339	76
12351	76
12363	76
12375	76
12386	76
12398	76
12410	76
12421	76
12433	76
12433	76
12445	76
12457	76
12468	76
12480	76
12492	76
12503	76
12515	76
12527	76
12539	76
12550	76
12562	76
12574	76
12585	76
12597	76
12609	76
12621	76
12632	76
12644	76
12656	76
12667	76
12679	76
12691	76
12703	76
12714	76
12726	76
12738	76
12750	76
12761	76
12773	76
12785	76
12796	76
12808	76
12820	77
12832	77
12832	77
12843	77
12855	77
12867	77
12878	77
12890	77
12902	77
12925	77
12937	77
12949	77
12960	77
12972	77
12984	77
12996	77
13007	77
13019	77
13031	77
13042	77
13054	77
13066	77
13078	77
13089	77
13101	77
13113	77
13136	77
13148	77
13160	77
13171	77
13183	77
13195	77
13207	77
13218	77
13230	77
13242	77
13253	77
13265	77
13277	77
13289	77
13300	77
13312	77
13324	77
13335	77
13347	77
13359	77
13371	77
13382	77
13394	77
13406	77
13417	78
13429	78
13441	78
13453	78
13464	78
13476	78
13488	78
13500	78
13511	78
13511	78
13523	78
13535	78
13546	78
13558	78
13570	78
13582	78
13593	78
13605	78
13617	78
13628	78
13640	78
13652	78
13664	78
13675	78
13687	78
13699	78
13710	78
13722	78
13734	78
13746	78
13757	78
13769	78
13781	78
13792	78
13804	78
13816	78
13828	78
13839	78
13851	78
13875	78
13886	78
13898	78
13910	78
13921	78
13933	78
13945	78
13957	78
13968	78
13980	78
13992	78
14003	79
14015	79
14027	79
14050	79
14062	79
14074	79
14085	79
14109	79
14121	79
14132	79
14144	79
14156	79
14167	79
14179	79
14191	79
14203	79
14214	79
14226	79
14238	79
14250	79
14261	79
14273	79
14285	79
14296	79
14308	79
14320	79
14332	79
14343	79
14355	79
14367	79
14378	79
14390	79
14402	79
14414	79
14425	79
14437	79
14449	79
14472	79
14484	79
14496	79
14507	79
14519	79
14531	79
14542	79
14554	79
14566	79
14578	79
14589	79
14601	79
14613	79
14625	80
14636	80
14648	80
14660	80
14671	80
14683	80
14695	80
14707	80
14718	80
14730	80
14742	80
14753	80
14777	80
14789	80
14800	80
14812	80
14835	80
14847	80
14859	80
14871	80
14882	80
14894	80
14906	80
14917	80
14929	80
14941	80
14964	80
14976	80
14988	80
15000	80
15011	80
15023	80
15035	80
15046	80
15058	80
15070	80
15082	80
15093	80
15105	80
15117	80
15128	80
15140	80
15152	80
15164	80
15187	80
15199	80
15210	80
15222	80
15234	80
15246	80
15257	81
15269	81
15281	81
15292	81
15304	81
15316	81
15328	81
15339	81
15351	81
15375	81
15386	81
15398	81
15410	81
15421	81
15433	81
15445	81
15457	81
15468	81
15480	81
15492	81
15503	81
15527	81
15539	81
15550	81
15574	81
15585	81
15597	81
15621	81
15632	81
15644	81
15656	81
15667	81
15679	81
15691	81
15703	81
15714	81
15726	81
15738	81
15761	81
15773	81
15785	81
15796	81
15808	81
15820	81
15832	81
15843	81
15855	81
15867	81
15878	81
15890	81
15902	82
15914	82
15925	82
15937	82
15949	82
15960	82
15972	82
15984	82
15996	82
16007	82
16019	82
16031	82
16042	82
16066	82
16078	82
16089	82
16089	82
16101	82
16113	82
16125	82
16136	82
16160	82
16171	82
16183	82
16195	82
16207	82
16218	82
16230	82
16242	82
16253	82
16265	82
16289	82
16300	82
16312	82
16335	82
16347	82
16359	82
16371	82
16394	82
16406	82
16417	82
16429	82
16441	82
16453	82
16464	82
16476	82
16500	82
16511	82
16523	82
16535	82
16546	83
16558	83
16570	83
16582	83
16605	83
16617	83
16628	83
16640	83
16652	83
16664	83
16675	83
16687	83
16699	83
16710	83
16722	83
16746	83
16757	83
16769	83
16781	83
16792	83
16804	83
16816	83
16828	83
16839	83
16851	83
16863	83
16875	83
16886	83
16898	83
16910	83
16921	83
16933	83
16945	83
16957	83
16968	83
16980	83
16992	83
17003	83
17027	83
17039	83
17050	83
17062	83
17074	83
17097	83
17109	83
17121	83
17132	83
17144	83
17156	83
17167	83
17179	84
17203	84
17214	84
17226	84
17238	84
17250	84
17261	84
17285	84
17296	84
17308	84
17320	84
17332	84
17343	84
17355	84
17367	84
17378	84
17402	84
17414	84
17425	84
17437	84
17449	84
17460	84
17472	84
17496	84
17507	84
17519	84
17531	84
17542	84
17554	84
17566	84
17589	84
17601	84
17613	84
17625	84
17636	84
17648	84
17660	84
17671	84
17683	84
17695	84
17707	84
17730	84
17742	84
17753	84
17765	84
17777	84
17789	84
17812	84
17824	84
17835	84
17847	85
17871	85
17882	85
17894	85
17906	85
17917	85
17929	85
17941	85
17953	85
17964	85
17988	85
18000	85
18011	85
18023	85
18035	85
18046	85
18058	85
18070	85
18082	85
18093	85
18105	85
18128	85
18140	85
18152	85
18164	85
18175	85
18187	85
18199	85
18210	85
18222	85
18234	85
18246	85
18269	85
18281	85
18292	85
18304	85
18316	85
18328	85
18339	85
18351	85
18363	85
18375	85
18386	85
18398	85
18410	85
18421	85
18433	85
18445	85
18457	85
18480	85
18492	86
18503	86
18515	86
18527	86
18539	86
18562	86
18574	86
18585	86
18609	86
18621	86
18632	86
18644	86
18656	86
18667	86
18691	86
18703	86
18714	86
18726	86
18750	86
18761	86
18773	86
18796	86
18808	86
18820	86
18832	86
18843	86
18855	86
18867	86
18890	86
18902	86
18914	86
18925	86
18949	86
18960	86
18972	86
18984	86
19007	86
19019	86
19031	86
19042	86
19054	86
19066	86
19078	86
19089	86
19113	86
19125	86
19136	86
19148	86
19160	86
19171	86
19183	87
19195	87
19207	87
19218	87
19242	87
19253	87
19265	87
19277	87
19289	87
19312	87
19324	87
19335	87
19347	87
19359	87
19382	87
19394	87
19406	87
19417	87
19429	87
19441	87
19464	87
19476	87
19488	87
19500	87
19511	87
19523	87
19546	87
19558	87
19570	87
19582	87
19593	87
19605	87
19628	87
19640	87
19652	87
19664	87
19687	87
19699	87
19710	87
19722	87
19734	87
19757	87
19769	87
19781	87
19792	87
19804	87
19828	87
19839	87
19851	87
19863	87
19875	88
19886	88
19898	88
19910	88
19921	88
19933	88
19945	88
19968	88
19980	88
19992	88
20003	88
20015	88
20027	88
20039	88
20050	88
20074	88
20085	88
20097	88
20109	88
20121	88
20132	88
20156	88
20167	88
20179	88
20191	88
20203	88
20214	88
20238	88
20250	88
20261	88
20273	88
20285	88
20296	88
20308	88
20332	88
20343	88
20355	88
20367	88
20378	88
20402	88
20414	88
20425	88
20449	88
20460	88
20472	88
20496	88
20507	88
20519	88
20531	88
20542	88
20566	89
20578	89
20589	89
20601	89
20613	89
20625	89
20648	89
20660	89
20671	89
20683	89
20695	89
20707	89
20730	89
20742	89
20753	89
20765	89
20777	89
20789	89
20812	89
20824	89
20835	89
20847	89
20859	89
20871	89
20894	89
20906	89
20917	89
20929	89
20941	89
20964	89
20976	89
20988	89
21000	89
21011	89
21023	89
21035	89
21058	89
21070	89
21082	89
21093	89
21105	89
21128	89
21140	89
21152	89
21164	89
21187	89
21199	89
21222	89
21234	89
21246	89
21257	90
21269	90
21292	90
21304	90
21316	90
21328	90
21339	90
21363	90
21375	90
21386	90
21398	90
21410	90
21421	90
21433	90
21457	90
21468	90
21480	90
21492	90
21503	90
21527	90
21539	90
21550	90
21562	90
21574	90
21597	90
21609	90
21621	90
21632	90
21644	90
21667	90
21679	90
21691	90
21703	90
21714	90
21738	90
21750	90
21761	90
21773	90
21796	90
21808	90
21820	90
21832	90
21843	90
21867	90
21878	90
21890	90
21914	90
21925	90
21937	90
21960	90
21972	91
21984	91
22007	91
22019	91
22031	91
22042	91
22066	91
22078	91
22089	91
22101	91
22113	91
22125	91
22148	91
22160	91
22171	91
22183	91
22195	91
22207	91
22230	91
22242	91
22253	91
22265	91
22277	91
22300	91
22312	91
22324	91
22335	91
22359	91
22371	91
22382	91
22394	91
22417	91
22429	91
22441	91
22453	91
22464	91
22488	91
22500	91
22511	91
22523	91
22546	91
22558	91
22570	91
22582	91
22605	91
22617	91
22628	91
22652	91
22664	91
22675	91
22699	92
22710	92
22734	92
22746	92
22757	92
22781	92
22792	92
22804	92
22816	92
22839	92
22851	92
22863	92
22875	92
22886	92
22898	92
22921	92
22933	92
22945	92
22957	92
22980	92
22992	92
23003	92
23015	92
23027	92
23050	92
23062	92
23074	92
23085	92
23097	92
23121	92
23132	92
23144	92
23156	92
23179	92
23191	92
23203	92
23214	92
23226	92
23238	92
23261	92
23273	92
23285	92
23296	92
23308	92
23332	92
23343	92
23355	92
23378	92
23390	92
23402	92
23425	93
23437	93
23449	93
23472	93
23484	93
23496	93
23519	93
23531	93
23542	93
23566	93
23578	93
23589	93
23601	93
23625	93
23636	93
23648	93
23671	93
23683	93
23695	93
23707	93
23730	93
23742	93
23753	93
23765	93
23789	93
23800	93
23824	93
23835	93
23847	93
23859	93
23882	93
23894	93
23906	93
23929	93
23941	93
23953	93
23964	93
23988	93
24000	93
24011	93
24023	93
24035	93
24058	93
24070	93
24082	93
24093	93
24117	93
24128	93
24140	93
24164	93
24175	94
24199	94
24210	94
24222	94
24246	94
24257	94
24269	94
24281	94
24304	94
24316	94
24328	94
24339	94
24363	94
24375	94
24386	94
24410	94
24421	94
24433	94
24445	94
24468	94
24480	94
24492	94
24515	94
24527	94
24539	94
24562	94
24574	94
24585	94
24609	94
24621	94
24632	94
24656	94
24667	94
24679	94
24703	94
24714	94
24726	94
24738	94
24761	94
24773	94
24785	94
24808	94
24820	94
24832	94
24843	94
24867	94
24878	94
24890	94
24914	94
24925	94
24949	95
24960	95
24984	95
24996	95
25019	95
25031	95
25042	95
25054	95
25078	95
25089	95
25113	95
25125	95
25148	95
25160	95
25183	95
25195	95
25207	95
25218	95
25242	95
25253	95
25265	95
25289	95
25300	95
25324	95
25335	95
25347	95
25371	95
25382	95
25394	95
25417	95
25429	95
25441	95
25464	95
25476	95
25488	95
25500	95
25511	95
25523	95
25535	95
25558	95
25570	95
25582	95
25605	95
25617	95
25628	95
25652	95
25664	95
25675	95
25699	95
25710	95
25722	96
25746	96
25757	96
25769	96
25792	96
25804	96
25816	96
25839	96
25851	96
25875	96
25886	96
25910	96
25921	96
25933	96
25957	96
25968	96
25980	96
26003	96
26015	96
26039	96
26050	96
26074	96
26097	96
26109	96
26132	96
26144	96
26156	96
26179	96
26191	96
26203	96
26226	96
26238	96
26261	96
26273	96
26285	96
26296	96
26320	96
26332	96
26343	96
26367	96
26378	96
26390	96
26414	96
26425	96
26437	96
26460	96
26472	96
26484	96
26507	96
26519	96
26542	97
26554	97
26566	97
26589	97
26601	97
26613	97
26636	97
26648	97
26660	97
26683	97
26695	97
26707	97
26730	97
26742	97
26753	97
26777	97
26800	97
26812	97
26835	97
26859	97
26871	97
26882	97
26906	97
26917	97
26929	97
26953	97
26964	97
26988	97
27000	97
27023	97
27035	97
27046	97
27070	97
27082	97
27105	97
27117	97
27128	97
27152	97
27164	97
27175	97
27199	97
27210	97
27234	97
27246	97
27269	97
27281	97
27292	97
27316	97
27328	97
27339	97
27363	98
27375	98
27398	98
27410	98
27433	98
27445	98
27457	98
27480	98
27492	98
27515	98
27527	98
27550	98
27574	98
27597	98
27609	98
27632	98
27644	98
27667	98
27679	98
27691	98
27714	98
27726	98
27750	98
27761	98
27773	98
27796	98
27808	98
27820	98
27843	98
27855	98
27878	98
27890	98
27902	98
27925	98
27937	98
27949	98
27960	98
27984	98
27996	98
28019	98
28031	98
28054	98
28066	98
28078	98
28089	98
28113	98
28125	98
28148	98
28160	98
28171	98
28195	99
28207	99
28218	99
28242	99
28253	99
28277	99
28300	99
28324	99
28347	99
28359	99
28382	99
28394	99
28417	99
28429	99
28441	99
28464	99
28488	99
28500	99
28523	99
28535	99
28558	99
28570	99
28593	99
28605	99
28628	99
28640	99
28652	99
28675	99
28687	99
28710	99
28722	99
28734	99
28757	99
28769	99
28792	99
28804	99
28828	99
28839	99
28851	99
28863	99
28875	99
28898	99
28910	99
28921	99
28945	99
28957	99
28980	99
28992	99
29003	99
29027	99
29050	100
29062	100
29085	100
29097	100
29121	100
29132	100
29156	100
29167	100
29191	100
29203	100
29226	100
29238	100
29261	100
29273	100
29296	100
29308	100
29320	100
29343	100
29355	100
29378	100
29390	100
29414	100
29425	100
29449	100
29460	100
29484	100
29496	100
29519	100
29531	100
29554	100
29566	100
29589	100
29601	100
29625	100
29636	100
29648	100
29671	100
29683	100
29707	100
29718	100
29742	100
29753	100
29777	100
29789	100
29812	100
29835	100
29847	100
29871	100
29882	100
29906	100
29917	101
29941	101
29953	101
29964	101
29988	101
30000	101
30023	101
30035	101
30058	101
30070	101
30093	101
30105	101
30128	101
30140	101
30152	101
30175	101
30187	101
30210	101
30222	101
30246	101
30257	101
30281	101
30292	101
30316	101
30328	101
30339	101
30363	101
30375	101
30386	101
30398	101
30421	101
30433	101
30445	101
30468	101
30480	101
30503	101
30515	101
30539	101
30550	101
30574	101
30597	101
30609	101
30632	101
30644	101
30667	101
30679	101
30703	101
30714	101
30738	101
30761	101
30785	102
30796	102
30820	102
30832	102
30843	102
30867	102
30878	102
30902	102
30925	102
30949	102
30960	102
30984	102
30996	102
31019	102
31031	102
31054	102
31066	102
31089	102
31101	102
31125	102
31136	102
31148	102
31171	102
31183	102
31207	102
31218	102
31242	102
31253	102
31277	102
31289	102
31312	102
31324	102
31347	102
31359	102
31382	102
31394	102
31417	102
31429	102
31453	102
31464	102
31488	102
31500	102
31523	102
31535	102
31558	102
31570	102
31582	102
31605	102
31617	102
31640	102
31664	103
31675	103
31699	103
31710	103
31734	103
31746	103
31769	103
31781	103
31804	103
31816	103
31839	103
31851	103
31863	103
31886	103
31898	103
31921	103
31933	103
31957	103
31968	103
31992	103
32003	103
32015	103
32039	103
32050	103
32074	103
32085	103
32109	103
32121	103
32144	103
32167	103
32179	103
32191	103
32214	103
32226	103
32250	103
32261	103
32285	103
32296	103
32320	103
32332	103
32355	103
32367	103
32390	103
32402	103
32425	103
32449	103
32472	103
32484	103
32507	103
32519	103
32542	104
32554	104
32578	104
32589	104
32613	104
32625	104
32636	104
32660	104
32671	104
32695	104
32707	104
32730	104
32742	104
32765	104
32777	104
32800	104
32812	104
32824	104
32847	104
32859	104
32882	104
32894	104
32917	104
32941	104
32953	104
32964	104
32988	104
33000	104
33023	104
33035	104
33058	104
33070	104
33093	104
33105	104
33128	104
33140	104
33164	104
33187	104
33210	104
33222	104
33246	104
33269	104
33281	104
33292	104
33316	104
33328	104
33351	104
33363	104
33386	104
33398	104
33421	105
33433	105
33457	105
33468	105
33492	105
33503	105
33527	105
33539	105
33550	105
33574	105
33585	105
33609	105
33621	105
33644	105
33667	105
33679	105
33703	105
33714	105
33726	105
33750	105
33761	105
33785	105
33808	105
33820	105
33832	105
33855	105
33878	105
33890	105
33914	105
33937	105
33949	105
33972	105
33996	105
34007	105
34031	105
34042	105
34066	105
34078	105
34101	105
34113	105
34136	105
34148	105
34171	105
34183	105
34207	105
34218	105
34242	105
34253	105
34277	105
34289	105
34312	106
34324	106
34347	106
34371	106
34382	106
34406	106
34417	106
34441	106
34453	106
34476	106
34488	106
34511	106
34523	106
34546	106
34558	106
34582	106
34593	106
34617	106
34640	106
34652	106
34675	106
34699	106
34722	106
34734	106
34757	106
34781	106
34792	106
34816	106
34828	106
34851	106
34863	106
34886	106
34898	106
34910	106
34933	106
34945	106
34968	106
34992	106
35003	106
35027	106
35039	106
35062	106
35074	106
35097	106
35109	106
35132	106
35144	106
35167	106
35179	106
35203	106
35214	107
35238	107
35250	107
35273	107
35285	107
35308	107
35320	107
35343	107
35355	107
35378	107
35402	107
35414	107
35437	107
35460	107
35484	107
35496	107
35519	107
35531	107
35554	107
35566	107
35589	107
35613	107
35625	107
35648	107
35660	107
35683	107
35695	107
35718	107
35742	107
35753	107
35777	107
35789	107
35812	107
35835	107
35847	107
35871	107
35894	107
35906	107
35929	107
35941	107
35964	107
35976	107
36000	107
36011	107
36035	107
36046	107
36070	107
36093	107
36105	107
36128	107
36140	108
36164	108
36187	108
36210	108
36222	108
36246	108
36269	108
36281	108
36304	108
36316	108
36339	108
36363	108
36375	108
36398	108
36410	108
36433	108
36457	108
36468	108
36492	108
36503	108
36527	108
36550	108
36562	108
36585	108
36609	108
36621	108
36644	108
36667	108
36679	108
36703	108
36714	108
36738	108
36761	108
36773	108
36796	108
36808	108
36832	108
36843	108
36867	108
36890	108
36902	108
36925	108
36949	108
36972	108
36996	108
37007	108
37031	108
37042	108
37066	108
37089	108
37113	109
37136	109
37148	109
37171	109
37195	109
37207	109
37230	109
37242	109
37265	109
37289	109
37312	109
37324	109
37347	109
37371	109
37382	109
37406	109
37429	109
37441	109
37464	109
37476	109
37500	109
37511	109
37523	109
37546	109
37558	109
37582	109
37605	109
37617	109
37640	109
37652	109
37675	109
37699	109
37710	109
37734	109
37757	109
37769	109
37792	109
37804	109
37828	109
37851	109
37875	109
37886	109
37910	109
37933	109
37945	109
37968	109
37980	109
38003	109
38027	109
38050	109
38074	110
38097	110
38121	110
38144	110
38156	110
38179	110
38191	110
38214	110
38238	110
38250	110
38273	110
38296	110
38308	110
38332	110
38343	110
38367	110
38390	110
38402	110
38425	110
38449	110
38460	110
38484	110
38496	110
38519	110
38542	110
38566	110
38578	110
38601	110
38613	110
38636	110
38660	110
38671	110
38695	110
38707	110
38730	110
38753	110
38777	110
38800	110
38824	110
38847	110
38871	110
38882	110
38906	110
38917	110
38941	110
38964	110
38988	110
39000	110
39023	110
39046	110
39058	111
39082	111
39105	111
39117	111
39140	111
39152	111
39175	111
39199	111
39222	111
39234	111
39257	111
39281	111
39292	111
39316	111
39339	111
39351	111
39375	111
39398	111
39421	111
39433	111
39457	111
39468	111
39492	111
39515	111
39539	111
39562	111
39585	111
39609	111
39632	111
39656	111
39667	111
39691	111
39714	111
39726	111
39750	111
39773	111
39785	111
39808	111
39832	111
39843	111
39867	111
39890	111
39902	111
39925	111
39937	111
39960	111
39984	111
39996	111
40019	111
40042	111
40054	112
40078	112
40101	112
40113	112
40136	112
40148	112
40171	112
40195	112
40207	112
40230	112
40253	112
40277	112
40300	112
40324	112
40347	112
40371	112
40394	112
40406	112
40429	112
40453	112
40476	112
40500	112
40523	112
40535	112
40558	112
40582	112
40593	112
40617	112
40640	112
40664	112
40675	112
40699	112
40722	112
40734	112
40757	112
40781	112
40792	112
40816	112
40839	112
40851	112
40863	112
40886	112
40910	112
40921	112
40945	112
40968	112
40980	112
41003	112
41027	112
41050	112
41074	113
41085	113
41109	113
41132	113
41156	113
41167	113
41191	113
41214	113
41238	113
41261	113
41285	113
41296	113
41320	113
41343	113
41355	113
41378	113
41402	113
41425	113
41437	113
41460	113
41484	113
41507	113
41519	113
41542	113
41566	113
41589	113
41601	113
41625	113
41648	113
41660	113
41683	113
41707	113
41718	113
41742	113
41765	113
41789	113
41812	113
41835	113
41847	113
41871	113
41894	113
41917	113
41929	113
41953	113
41976	113
42000	113
42011	113
42035	113
42058	113
42070	113
42093	114
42117	114
42140	114
42152	114
42175	114
42199	114
42222	114
42234	114
42257	114
42281	114
42304	114
42316	114
42339	114
42351	114
42375	114
42386	114
42410	114
42421	114
42445	114
42468	114
42492	114
42503	114
42527	114
42550	114
42574	114
42597	114
42621	114
42644	114
42656	114
42679	114
42703	114
42726	114
42750	114
42773	114
42796	114
42820	114
42832	114
42855	114
42878	114
42902	114
42925	114
42949	114
42972	114
42996	114
43007	114
43031	114
43054	114
43078	114
43089	114
43113	114
43136	115
43148	115
43171	115
43195	115
43207	115
43230	115
43253	115
43277	115
43300	115
43324	115
43335	115
43359	115
43382	115
43406	115
43429	115
43441	115
43464	115
43488	115
43511	115
43523	115
43546	115
43570	115
43582	115
43605	115
43628	115
43652	115
43675	115
43699	115
43722	115
43734	115
43757	115
43781	115
43804	115
43816	115
43839	115
43863	115
43875	115
43898	115
43921	115
43933	115
43957	115
43980	115
44003	115
44015	115
44039	115
44062	115
44085	115
44097	115
44121	115
44144	115
44167	116
44179	116
44203	116
44226	116
44250	116
44261	116
44285	116
44308	116
44332	116
44343	116
44367	116
44390	116
44414	116
44437	116
44460	116
44484	116
44507	116
44519	116
44542	116
44566	116
44589	116
44601	116
44625	116
44648	116
44660	116
44683	116
44707	116
44730	116
44742	116
44765	116
44789	116
44812	116
44824	116
44847	116
44871	116
44894	116
44906	116
44929	116
44953	116
44976	116
44988	116
45011	116
45035	116
45058	116
45070	116
45093	116
45117	116
45140	116
45164	116
45187	116
45210	117
45234	117
45257	117
45281	117
45292	117
45316	117
45339	117
45363	117
45375	117
45398	117
45410	117
45433	117
45457	117
45480	117
45503	117
45515	117
45539	117
45562	117
45574	117
45597	117
45621	117
45644	117
45667	117
45679	117
45703	117
45726	117
45738	117
45761	117
45785	117
45808	117
45820	117
45843	117
45867	117
45890	117
45914	117
45937	117
45960	117
45984	117
46007	117
46031	117
46054	117
46066	117
46089	117
46113	117
46136	117
46148	117
46171	117
46195	117
46218	117
46230	117
46253	118
46277	118
46300	118
46312	118
46335	118
46359	118
46382	118
46406	118
46429	118
46441	118
46464	118
46488	118
46511	118
46535	118
46546	118
46570	118
46593	118
46617	118
46640	118
46664	118
46687	118
46710	118
46734	118
46757	118
46781	118
46792	118
46816	118
46839	118
46863	118
46875	118
46898	118
46921	118
46933	118
46957	118
46980	118
47003	118
47027	118
47039	118
47062	118
47085	118
47109	118
47121	118
47144	118
47167	118
47191	118
47214	118
47226	118
47250	118
47273	118
47296	118
47308	119
47332	119
47355	119
47378	119
47402	119
47425	119
47449	119
47472	119
47496	119
47519	119
47531	119
47554	119
47578	119
47601	119
47625	119
47648	119
47660	119
47683	119
47707	119
47730	119
47753	119
47765	119
47789	119
47812	119
47835	119
47859	119
47882	119
47906	119
47929	119
47941	119
47964	119
47988	119
48011	119
48023	119
48046	119
48070	119
48093	119
48117	119
48140	119
48152	119
48187	119
48210	119
48234	119
48246	119
48269	119
48292	119
48316	119
48339	119
48363	119
48386	119
48398	120
48421	120
48445	120
48468	120
48492	120
48503	120
48527	120
48550	120
48574	120
48597	120
48621	120
48644	120
48667	120
48691	120
48714	120
48726	120
48750	120
48773	120
48796	120
48820	120
48832	120
48855	120
48878	120
48902	120
48925	120
48949	120
48972	120
48996	120
49019	120
49042	120
49066	120
49089	120
49113	120
49136	120
49160	120
49183	120
49207	120
49230	120
49253	120
49277	120
49300	120
49324	120
49347	120
49371	120
49394	120
49406	120
49429	120
49453	120
49476	120
49488	120
49511	121
49535	121
49546	121
49570	121
49593	121
49617	121
49640	121
49664	121
49687	121
49710	121
49722	121
49746	121
49769	121
49792	121
49816	121
49839	121
49863	121
49886	121
49910	121
49933	121
49957	121
49980	121
50003	121
50027	121
50050	121
50074	121
50109	121
50132	121
50144	121
50167	121
50191	121
50214	121
50238	121
50261	121
50285	121
50308	121
50320	121
50343	121
50367	121
50390	121
50414	121
50437	121
50460	121
50484	121
50507	121
50519	121
50542	121
50566	121
50589	121
50613	121
50636	122
50660	122
50683	122
50707	122
50718	122
50742	122
50777	122
50800	122
50824	122
50847	122
50871	122
50894	122
50917	122
50941	122
50964	122
50988	122
51011	122
51035	122
51058	122
51082	122
51105	122
51128	122
51152	122
51175	122
51199	122
51222	122
51234	122
51257	122
51281	122
51304	122
51328	122
51351	122
51375	122
51398	122
51421	122
51445	122
51468	122
51492	122
51515	122
51550	122
51574	122
51597	122
51632	122
51656	122
51667	122
51691	122
51714	122
51738	122
51761	122
51785	122
51808	123
51832	123
51855	123
51878	123
51902	123
51914	123
51937	123
51960	123
51984	123
52007	123
52031	123
52054	123
52078	123
52089	123
52113	123
52136	123
52160	123
52183	123
52207	123
52230	123
52253	123
52277	123
52312	123
52335	123
52359	123
52382	123
52406	123
52429	123
52453	123
52476	123
52511	123
52535	123
52558	123
52582	123
52605	123
52628	123
52652	123
52675	123
52699	123
52722	123
52734	123
52757	123
52781	123
52816	123
52828	123
52851	123
52875	123
52886	123
52910	123
52933	123
52957	124
52980	124
53003	124
53027	124
53050	124
53074	124
53097	124
53132	124
53156	124
53167	124
53191	124
53226	124
53250	124
53273	124
53296	124
53320	124
53343	124
53367	124
53390	124
53414	124
53437	124
53460	124
53484	124
53507	124
53531	124
53554	124
53578	124
53601	124
53625	124
53648	124
53671	124
53683	124
53707	124
53730	124
53753	124
53789	124
53812	124
53835	124
53859	124
53882	124
53906	124
53929	124
53953	124
53976	124
54000	124
54023	124
54046	124
54070	124
54093	124
54117	124
54140	125
54164	125
54187	125
54210	125
54234	125
54257	125
54281	125
54304	125
54328	125
54351	125
54363	125
54386	125
54410	125
54433	125
54457	125
54480	125
54503	125
54527	125
54550	125
54574	125
54597	125
54632	125
54656	125
54679	125
54703	125
54726	125
54750	125
54785	125
54808	125
54832	125
54855	125
54878	125
54902	125
54925	125
54960	125
54984	125
55007	125
55031	125
55054	125
55078	125
55101	125
55125	125
55148	125
55171	125
55195	125
55218	125
55242	125
55265	125
55289	125
55312	125
55335	126
55359	126
55382	126
55417	126
55441	126
55464	126
55488	126
55511	126
55535	126
55558	126
55582	126
55605	126
55628	126
55652	126
55675	126
55699	126
55722	126
55746	126
55769	126
55804	126
55828	126
55851	126
55863	126
55886	126
55910	126
55933	126
55957	126
55980	126
56003	126
56027	126
56050	126
56074	126
56097	126
56121	126
56144	126
56179	126
56203	126
56226	126
56250	126
56273	126
56296	126
56320	126
56343	126
56367	126
56390	126
56414	126
56449	126
56472	126
56496	126
56519	126
56542	127
56566	127
56589	127
56613	127
56636	127
56660	127
56683	127
56707	127
56730	127
56753	127
56777	127
56800	127
56824	127
56847	127
56882	127
56906	127
56929	127
56953	127
56976	127
57000	127
57023	127
57046	127
57070	127
57093	127
57117	127
57140	127
57175	127
57199	127
57222	127
57257	127
57281	127
57304	127
57328	127
57351	127
57375	127
57398	127
57421	127
57445	127
57468	127
57492	127
57515	127
57539	127
57562	127
57585	127
57609	127
57632	127
57656	127
57679	127
57703	127
57726	127
57750	128
57773	128
57808	128
57832	128
57855	128
57878	128
57902	128
57937	128
57960	128
57984	128
58019	128
58042	128
58066	128
58089	128
58113	128
58136	128
58160	128
58183	128
58207	128
58230	128
58253	128
58277	128
58300	128
58335	128
58359	128
58382	128
58406	128
58429	128
58453	128
58476	128
58511	128
58535	128
58558	128
58582	128
58605	128
58628	128
58664	128
58687	128
58722	128
58746	128
58769	128
58792	128
58816	128
58839	128
58863	128
58886	128
58910	128
58933	128
58968	128
58992	128
59015	129
59039	129
59062	129
59085	129
59109	129
59132	129
59156	129
59179	129
59203	129
59226	129
59250	129
59285	129
59308	129
59332	129
59355	129
59378	129
59402	129
59437	129
59460	129
59484	129
59519	129
59542	129
59566	129
59589	129
59613	129
59636	129
59660	129
59683	129
59718	129
59742	129
59765	129
59789	129
59812	129
59847	129
59871	129
59894	129
59917	129
59941	129
59964	129
59988	129
60011	129
60046	129
60070	129
60093	129
60117	129
60140	129
60164	129
60199	129
60222	129
60246	129
60281	130
60304	130
60328	130
60351	130
60375	130
60398	130
60433	130
60457	130
60480	130
60503	130
60527	130
60562	130
60585	130
60609	130
60632	130
60656	130
60691	130
60714	130
60738	130
60761	130
60785	130
60808	130
60832	130
60867	130
60890	130
60914	130
60949	130
60972	130
60996	130
61031	130
61054	130
61078	130
61101	130
61136	130
61160	130
61183	130
61207	130
61242	130
61265	130
61289	130
61324	130
61347	130
61371	130
61394	130
61429	130
61453	130
61476	130
61500	130
61511	130
61535	130
61558	131
61593	131
61617	131
61640	131
61664	131
61687	131
61710	131
61746	131
61769	131
61792	131
61816	131
61839	131
61875	131
61898	131
61921	131
61945	131
61968	131
62003	131
62027	131
62062	131
62097	131
62121	131
62144	131
62167	131
62191	131
62226	131
62250	131
62273	131
62296	131
62320	131
62343	131
62378	131
62402	131
62425	131
62449	131
62472	131
62496	131
62531	131
62554	131
62578	131
62601	131
62625	131
62660	131
62683	131
62707	131
62730	131
62753	131
62789	131
62824	131
62847	131
62882	132
62906	132
62929	132
62953	132
62976	132
63011	132
63035	132
63058	132
63082	132
63117	132
63140	132
63164	132
63187	132
63210	132
63246	132
63269	132
63292	132
63316	132
63339	132
63375	132
63398	132
63421	132
63445	132
63480	132
63503	132
63539	132
63562	132
63597	132
63621	132
63656	132
63679	132
63703	132
63726	132
63761	132
63785	132
63808	132
63832	132
63855	132
63878	132
63902	132
63925	132
63949	132
63972	132
64007	132
64031	132
64054	132
64078	132
64101	132
64125	132
64148	132
64183	133
64207	133
64230	133
64253	133
64289	133
64324	133
64347	133
64382	133
64406	133
64429	133
64464	133
64488	133
64523	133
64546	133
64570	133
64593	133
64628	133
64652	133
64675	133
64699	133
64722	133
64757	133
64781	133
64804	133
64828	133
64851	133
64875	133
64898	133
64921	133
64945	133
64968	133
65003	133
65027	133
65050	133
65085	133
65109	133
65144	133
65167	133
65191	133
65214	133
65250	133
65273	133
65296	133
65332	133
65355	133
65378	133
65402	133
65437	133
65460	133
65484	133
65519	134
65542	134
65566	134
65589	134
65613	134
65636	134
65671	134
65695	134
65718	134
65742	134
65777	134
65800	134
65835	134
65859	134
65882	134
65917	134
65941	134
65964	134
65988	134
66011	134
66046	134
66070	134
66093	134
66117	134
66152	134
66175	134
66199	134
66222	134
66246	134
66281	134
66304	134
66328	134
66351	134
66375	134
66398	134
66421	134
66445	134
66468	134
66503	134
66527	134
66550	134
66585	134
66609	134
66644	134
66667	134
66691	134
66726	134
66750	134
66785	134
66808	134
66832	135
66867	135
66890	135
66914	135
66949	135
66984	135
67007	135
67031	135
67054	135
67089	135
67113	135
67136	135
67160	135
67183	135
67218	135
67242	135
67265	135
67300	135
67324	135
67347	135
67382	135
67406	135
67429	135
67453	135
67488	135
67511	135
67535	135
67558	135
67593	135
67617	135
67640	135
67675	135
67699	135
67722	135
67757	135
67781	135
67804	135
67839	135
67863	135
67886	135
67910	135
67933	135
67957	135
67992	135
68015	135
68039	135
68062	135
68097	135
68121	135
68144	135
68179	136
68203	136
68226	136
68250	136
68285	136
68308	136
68332	136
68355	136
68390	136
68414	136
68449	136
68472	136
68507	136
68531	136
68554	136
68589	136
68613	136
68636	136
68660	136
68683	136
68707	136
68742	136
68765	136
68789	136
68812	136
68847	136
68871	136
68894	136
68929	136
68953	136
68976	136
69000	136
69023	136
69058	136
69082	136
69105	136
69128	136
69164	136
69199	136
69222	136
69257	136
69281	136
69304	136
69328	136
69363	136
69386	136
69410	136
69433	136
69457	136
69492	136
69515	137
69539	137
69562	137
69597	137
69621	137
69644	137
69679	137
69703	137
69726	137
69750	137
69785	137
69808	137
69832	137
69855	137
69890	137
69925	137
69949	137
69984	137
70007	137
70042	137
70066	137
70089	137
70113	137
70148	137
70171	137
70195	137
70218	137
70253	137
70277	137
70300	137
70335	137
70359	137
70382	137
70417	137
70441	137
70464	137
70488	137
70523	137
70546	137
70570	137
70605	137
70628	137
70664	137
70687	137
70722	137
70746	137
70781	137
70804	137
70828	137
70863	137
70886	138
70910	138
70933	138
70957	138
70992	138
71015	138
71039	138
71062	138
71097	138
71121	138
71144	138
71167	138
71203	138
71226	138
71250	138
71273	138
71308	138
71332	138
71355	138
71378	138
71414	138
71449	138
71472	138
71507	138
71531	138
71554	138
71589	138
71613	138
71636	138
71671	138
71695	138
71718	138
71753	138
71777	138
71800	138
71835	138
71859	138
71894	138
71917	138
71941	138
71976	138
72000	138
72023	138
72046	138
72082	138
72105	138
72128	138
72164	138
72199	138
72222	138
72257	139
72281	139
72304	139
72339	139
72363	139
72386	139
72421	139
72445	139
72468	139
72503	139
72527	139
72562	139
72585	139
72621	139
72644	139
72667	139
72703	139
72726	139
72750	139
72785	139
72808	139
72832	139
72867	139
72890	139
72925	139
72949	139
72984	139
73007	139
73042	139
73066	139
73089	139
73125	139
73160	139
73183	139
73207	139
73242	139
73265	139
73300	139
73324	139
73359	139
73382	139
73417	139
73441	139
73464	139
73488	139
73511	139
73535	139
73570	139
73593	139
73617	139
73652	140
73675	140
73699	140
73734	140
73757	140
73792	140
73816	140
73839	140
73875	140
73910	140
73933	140
73957	140
73992	140
74015	140
74050	140
74085	140
74121	140
74144	140
74167	140
74203	140
74226	140
74261	140
74285	140
74308	140
74343	140
74367	140
74402	140
74425	140
74449	140
74484	140
74507	140
74542	140
74566	140
74589	140
74625	140
74648	140
74671	140
74707	140
74730	140
74765	140
74789	140
74824	140
74859	140
74894	140
74917	140
74941	140
74976	140
75000	140
75035	140
75058	140
75082	141
75117	141
75140	141
75175	141
75199	141
75222	141
75257	141
75281	141
75316	141
75339	141
75375	141
75398	141
75433	141
75457	141
75480	141
75515	141
75550	141
75585	141
75621	141
75644	141
75679	141
75703	141
75738	141
75761	141
75785	141
75820	141
75843	141
75878	141
75902	141
75925	141
75949	141
75984	141
76007	141
76042	141
76066	141
76089	141
76113	141
76148	141
76171	141
76207	141
76230	141
76265	141
76300	141
76335	141
76371	141
76394	141
76417	141
76453	141
76488	141
76523	141
76546	142
76570	142
76605	142
76628	142
76664	142
76687	142
76722	142
76746	142
76769	142
76804	142
76828	142
76851	142
76875	142
76910	142
76933	142
76957	142
76992	142
77015	142
77050	142
77085	142
77109	142
77144	142
77167	142
77203	142
77226	142
77261	142
77285	142
77320	142
77343	142
77378	142
77402	142
77437	142
77460	142
77496	142
77519	142
77554	142
77578	142
77601	142
77636	142
77660	142
77683	142
77718	142
77742	142
77777	142
77812	142
77835	142
77871	142
77906	142
77929	142
77953	142
77988	143
78011	143
78046	143
78070	143
78105	143
78128	143
78152	143
78187	143
78210	143
78246	143
78269	143
78304	143
78328	143
78351	143
78375	143
78410	143
78433	143
78457	143
78492	143
78515	143
78550	143
78585	143
78609	143
78644	143
78667	143
78703	143
78738	143
78773	143
78796	143
78832	143
78855	143
78890	143
78925	143
78949	143
78984	143
79019	143
79042	143
79078	143
79101	143
79125	143
79160	143
79183	143
79218	143
79242	143
79277	143
79300	143
79335	143
79359	143
79394	143
79417	143
79453	144
79476	144
79511	144
79535	144
79570	144
79593	144
79628	144
79652	144
79687	144
79722	144
79746	144
79781	144
79804	144
79839	144
79863	144
79886	144
79910	144
79945	144
79968	144
80003	144
80027	144
80062	144
80085	144
80121	144
80144	144
80179	144
80203	144
80238	144
80261	144
80296	144
80320	144
80355	144
80378	144
80414	144
80449	144
80484	144
80507	144
80542	144
80566	144
80601	144
80625	144
80648	144
80683	144
80707	144
80742	144
80765	144
80800	144
80824	144
80859	144
80882	144
80917	145
80941	145
80976	145
81000	145
81035	145
81058	145
81093	145
81117	145
81152	145
81187	145
81222	145
81246	145
81281	145
81304	145
81339	145
81363	145
81398	145
81421	145
81445	145
81480	145
81503	145
81539	145
81562	145
81597	145
81621	145
81656	145
81679	145
81714	145
81738	145
81773	145
81796	145
81832	145
81855	145
81890	145
81925	145
81960	145
81984	145
82019	145
82042	145
82078	145
82113	145
82136	145
82160	145
82195	145
82218	145
82253	145
82277	145
82312	145
82335	145
82371	145
82394	146
82429	146
82464	146
82488	146
82523	146
82546	146
82582	146
82605	146
82640	146
82675	146
82710	146
82746	146
82769	146
82804	146
82828	146
82863	146
82886	146
82921	146
82945	146
82980	146
83003	146
83039	146
83062	146
83097	146
83121	146
83156	146
83191	146
83214	146
83238	146
83273	146
83296	146
83332	146
83355	146
83390	146
83425	146
83460	146
83496	146
83519	146
83554	146
83578	146
83613	146
83648	146
83671	146
83707	146
83730	146
83765	146
83789	146
83824	146
83859	146
83882	146
83917	147
83941	147
83976	147
84000	147
84035	147
84058	147
84093	147
84117	147
84152	147
84187	147
84222	147
84246	147
84281	147
84316	147
84339	147
84375	147
84398	147
84433	147
84457	147
84492	147
84527	147
84550	147
84585	147
84621	147
84644	147
84679	147
84714	147
84738	147
84773	147
84796	147
84832	147
84855	147
84890	147
84925	147
84960	147
84996	147
85019	147
85054	147
85089	147
85125	147
85160	147
85183	147
85218	147
85242	147
85277	147
85312	147
85347	147
85371	147
85406	147
85441	147
85464	148
85488	148
85523	148
85546	148
85570	148
85605	148
85640	148
85664	148
85699	148
85722	148
85757	148
85792	148
85816	148
85851	148
85886	148
85921	148
85945	148
85980	148
86003	148
86039	148
86085	148
86121	148
86144	148
86179	148
86203	148
86238	148
86273	148
86296	148
86332	148
86355	148
86390	148
86414	148
86449	148
86484	148
86507	148
86542	148
86566	148
86601	148
86636	148
86660	148
86695	148
86718	148
86753	148
86789	148
86824	148
86859	148
86894	148
86917	148
86953	148
86988	148
87023	149
87046	149
87082	149
87105	149
87140	149
87175	149
87199	149
87234	149
87269	149
87292	149
87328	149
87363	149
87398	149
87421	149
87457	149
87480	149
87515	149
87562	149
87597	149
87632	149
87656	149
87691	149
87726	149
87761	149
87785	149
87820	149
87843	149
87878	149
87902	149
87937	149
87960	149
87996	149
88019	149
88054	149
88089	149
88113	149
88148	149
88171	149
88207	149
88230	149
88265	149
88300	149
88347	149
88382	149
88406	149
88441	149
88476	149
88511	149
88546	149
88570	149
88605	150
88628	150
88664	150
88699	150
88722	150
88757	150
88792	150
88816	150
88851	150
88875	150
88898	150
88933	150
88957	150
88992	150
89027	150
89050	150
89085	150
89121	150
89156	150
89191	150
89214	150
89250	150
89285	150
89320	150
89343	150
89378	150
89414	150
89449	150
89472	150
89507	150
89542	150
89578	150
89601	150
89636	150
89660	150
89695	150
89730	150
89753	150
89789	150
89824	150
89859	150
89894	150
89929	150
89953	150
89988	150
90023	150
90046	150
90082	150
90105	150
90140	150
90175	151
90199	151
90234	151
90269	151
90304	151
90328	151
90351	151
90386	151
90410	151
90433	151
90468	151
90503	151
90539	151
90562	151
90597	151
90632	151
90667	151
90691	151
90726	151
90773	151
90796	151
90832	151
90867	151
90890	151
90925	151
90960	151
90996	151
91031	151
91066	151
91089	151
91125	151
91148	151
91183	151
91218	151
91242	151
91277	151
91312	151
91347	151
91371	151
91406	151
91441	151
91476	151
91500	151
91535	151
91570	151
91593	151
91628	151
91664	151
91699	151
91734	151
91757	152
91792	152
91828	152
91851	152
91886	152
91910	152
91945	152
91980	152
92003	152
92039	152
92074	152
92097	152
92132	152
92167	152
92203	152
92226	152
92261	152
92296	152
92320	152
92355	152
92390	152
92425	152
92460	152
92496	152
92519	152
92554	152
92589	152
92613	152
92648	152
92671	152
92707	152
92742	152
92765	152
92800	152
92824	152
92859	152
92894	152
92917	152
92953	152
92988	152
93011	152
93046	152
93070	152
93105	152
93140	152
93175	152
93210	152
93246	152
93281	152
93304	152
93339	153
93363	153
93398	153
93421	153
93457	153
93492	153
93527	153
93550	153
93585	153
93609	153
93644	153
93679	153
93714	153
93738	153
93773	153
93808	153
93832	153
93867	153
93902	153
93937	153
93972	153
94007	153
94042	153
94078	153
94113	153
94136	153
94171	153
94195	153
94230	153
94265	153
94300	153
94324	153
94359	153
94394	153
94429	153
94453	153
94488	153
94523	153
94558	153
94582	153
94617	153
94652	153
94687	153
94722	153
94757	153
94792	153
94828	153
94851	153
94886	153
94910	153
94945	154
94980	154
95003	154
95039	154
95062	154
95097	154
95132	154
95156	154
95191	154
95226	154
95250	154
95285	154
95308	154
95343	154
95378	154
95414	154
95449	154
95484	154
95519	154
95542	154
95578	154
95613	154
95636	154
95671	154
95707	154
95742	154
95765	154
95800	154
95835	154
95871	154
95894	154
95929	154
95964	154
95988	154
96023	154
96058	154
96082	154
96117	154
96152	154
96187	154
96222	154
96257	154
96292	154
96316	154
96351	154
96386	154
96421	154
96445	154
96480	154
96515	154
96550	155
96585	155
96621	155
96644	155
96679	155
96714	155
96750	155
96773	155
96808	155
96843	155
96878	155
96902	155
96949	155
96984	155
97019	155
97042	155
97078	155
97113	155
97148	155
97183	155
97218	155
97253	155
97277	155
97312	155
97347	155
97382	155
97417	155
97453	155
97476	155
97500	155
97535	155
97558	155
97593	155
97628	155
97652	155
97687	155
97722	155
97757	155
97781	155
97816	155
97851	155
97886	155
97921	155
97945	155
97980	155
98015	155
98062	155
98097	155
98132	155
98167	155
98191	156
98226	156
98261	156
98285	156
98320	156
98355	156
98390	156
98414	156
98449	156
98484	156
98519	156
98554	156
98578	156
98613	156
98648	156
98683	156
98707	156
98742	156
98777	156
98812	156
98859	156
98894	156
98917	156
98953	156
98988	156
99023	156
99046	156
99082	156
99117	156
99152	156
99175	156
99210	156
99246	156
99281	156
99316	156
99339	156
99375	156
99410	156
99445	156
99480	156
99515	156
99550	156
99585	156
99621	156
99656	156
99691	156
99726	156
99750	156
99785	156
99820	156
99855	157
99878	157
99914	157
99937	157
99972	157
100007	157
100031	157
100066	157
100101	157
100125	157
100160	157
100195	157
100218	157
100253	157
100300	157
100335	157
100371	157
100406	157
100441	157
100476	157
100511	157
100546	157
100570	157
100605	157
100640	157
100675	157
100699	157
100734	157
100769	157
100804	157
100828	157
100863	157
100886	157
100921	157
100945	157
100980	157
101015	157
101050	157
101085	157
101121	157
101156	157
101179	157
101214	157
101250	157
101285	157
101320	157
101355	157
101378	157
101414	157
101449	157
101484	158
101519	158
101554	158
101578	158
101613	158
101648	158
101671	158
101707	158
101742	158
101777	158
101812	158
101847	158
101882	158
101917	158
101941	158
101976	158
102011	158
102035	158
102070	158
102105	158
102140	158
102164	158
102199	158
102234	158
102269	158
102292	158
102328	158
102351	158
102386	158
102410	158
102445	158
102468	158
102503	158
102539	158
102574	158
102609	158
102644	158
102679	158
102703	158
102750	158
102785	158
102820	158
102843	158
102878	158
102914	158
102949	158
102984	158
103019	158
103054	158
103089	158
103113	159
103148	159
103183	159
103207	159
103242	159
103277	159
103312	159
103347	159
103382	159
103406	159
103441	159
103476	159
103511	159
103546	159
103570	159
103605	159
103640	159
103675	159
103710	159
103746	159
103769	159
103804	159
103839	159
103863	159
103898	159
103921	159
103957	159
103992	159
104015	159
104050	159
104085	159
104121	159
104156	159
104179	159
104214	159
104250	159
104285	159
104308	159
104343	159
104378	159
104414	159
104449	159
104484	159
104519	159
104542	159
104578	159
104613	159
104636	159
104671	159
104695	159
104730	160
104765	160
104800	160
104824	160
104859	160
104894	160
104929	160
104953	160
104988	160
105023	160
105046	160
105082	160
105117	160
105152	160
105187	160
105222	160
105257	160
105292	160
105328	160
105351	160
105386	160
105410	160
105445	160
105480	160
105503	160
105539	160
105574	160
105597	160
105632	160
105667	160
105703	160
105726	160
105761	160
105796	160
105832	160
105855	160
105890	160
105937	160
105972	160
106007	160
106031	160
106066	160
106101	160
106125	160
106160	160
106195	160
106230	160
106253	160
106289	160
106324	160
106347	161
106382	161
106417	161
106453	161
106476	161
106511	161
106546	161
106582	161
106605	161
106640	161
106675	161
106722	161
106746	161
106781	161
106816	161
106851	161
106875	161
106910	161
106933	161
106968	161
107003	161
107027	161
107062	161
107097	161
107132	161
107156	161
107191	161
107226	161
107250	161
107285	161
107320	161
107343	161
107378	161
107414	161
107449	161
107484	161
107519	161
107554	161
107578	161
107613	161
107648	161
107683	161
107707	161
107742	161
107777	161
107812	161
107847	161
107871	161
107906	161
107941	161
107976	162
108000	162
108035	162
108070	162
108093	162
108128	162
108164	162
108199	162
108234	162
108269	162
108292	162
108328	162
108363	162
108398	162
108421	162
108457	162
108492	162
108527	162
108562	162
108597	162
108621	162
108656	162
108691	162
108714	162
108750	162
108785	162
108808	162
108843	162
108878	162
108914	162
108949	162
108984	162
109019	162
109042	162
109078	162
109113	162
109148	162
109183	162
109218	162
109253	162
109277	162
109312	162
109347	162
109382	162
109417	162
109453	162
109476	162
109500	162
109535	162
109558	162
109593	163
109628	163
109652	163
109687	163
109722	163
109746	163
109781	163
109816	163
109851	163
109886	163
109921	163
109945	163
109980	163
110015	163
110050	163
110097	163
110132	163
110156	163
110191	163
110226	163
110250	163
110285	163
110320	163
110343	163
110378	163
110414	163
110437	163
110472	163
110507	163
110542	163
110566	163
110601	163
110636	163
110671	163
110695	163
110730	163
110765	163
110800	163
110835	163
110871	163
110906	163
110941	163
110964	163
111000	163
111035	163
111058	163
111093	163
111128	163
111152	163
111187	163
111222	164
111257	164
111281	164
111316	164
111351	164
111386	164
111421	164
111445	164
111480	164
111515	164
111550	164
111585	164
111621	164
111656	164
111691	164
111714	164
111750	164
111785	164
111808	164
111843	164
111878	164
111902	164
111937	164
111960	164
111996	164
112031	164
112066	164
112089	164
112113	164
112148	164
112183	164
112207	164
112242	164
112277	164
112324	164
112359	164
112394	164
112417	164
112453	164
112488	164
112523	164
112558	164
112593	164
112617	164
112652	164
112687	164
112710	164
112746	164
112781	164
112804	164
112839	165
112863	165
112886	165
112921	165
112957	165
112980	165
113015	165
113050	165
113085	165
113121	165
113156	165
113179	165
113214	165
113250	165
113285	165
113308	165
113343	165
113378	165
113402	165
113437	165
113472	165
113507	165
113531	165
113566	165
113601	165
113625	165
113660	165
113683	165
113718	165
113753	165
113777	165
113812	165
113847	165
113882	165
113917	165
113941	165
113976	165
114011	165
114035	165
114070	165
114105	165
114128	165
114164	165
114199	165
114222	165
114257	165
114292	165
114316	165
114351	165
114375	165
114398	166
114433	166
114457	166
114492	166
114527	166
114550	166
114585	166
114621	166
114656	166
114691	166
114714	166
114761	166
114796	166
114820	166
114855	166
114890	166
114925	166
114960	166
114996	166
115019	166
115054	166
115089	166
115113	166
115148	166
115171	166
115207	166
115230	166
115265	166
115300	166
115335	166
115359	166
115394	166
115429	166
115453	166
115488	166
115523	166
115546	166
115582	166
115617	166
115640	166
115675	166
115710	166
115746	166
115769	166
115804	166
115839	166
115863	166
115886	166
115921	166
115945	166
115980	167
116015	167
116039	167
116074	167
116109	167
116132	167
116167	167
116203	167
116226	167
116261	167
116285	167
116320	167
116355	167
116378	167
116414	167
116449	167
116484	167
116519	167
116542	167
116578	167
116613	167
116636	167
116660	167
116695	167
116730	167
116753	167
116789	167
116824	167
116847	167
116882	167
116906	167
116941	167
116976	167
117000	167
117035	167
117070	167
117093	167
117128	167
117164	167
117199	167
117234	167
117269	167
117292	167
117328	167
117351	167
117386	167
117410	167
117445	167
117480	167
117503	167
117539	168
117562	168
117597	168
117621	168
117656	168
117691	168
117714	168
117750	168
117785	168
117808	168
117843	168
117867	168
117902	168
117937	168
117972	168
118007	168
118042	168
118066	168
118101	168
118125	168
118160	168
118183	168
118218	168
118253	168
118277	168
118312	168
118347	168
118371	168
118406	168
118441	168
118464	168
118500	168
118535	168
118558	168
118593	168
118617	168
118652	168
118687	168
118722	168
118757	168
118792	168
118816	168
118851	168
118875	168
118910	168
118933	168
118968	168
119003	168
119027	168
119062	168
119097	169
119121	169
119156	169
119191	169
119214	169
119238	169
119273	169
119308	169
119332	169
119367	169
119402	169
119437	169
119472	169
119496	169
119531	169
119566	169
119589	169
119625	169
119660	169
119683	169
119718	169
119753	169
119777	169
119812	169
119847	169
119871	169
119906	169
119941	169
119964	169
120000	169
120023	169
120058	169
120082	169
120117	169
120152	169
120187	169
120222	169
120246	169
120281	169
120316	169
120339	169
120375	169
120410	169
120433	169
120468	169
120492	169
120527	169
120562	169
120597	169
120621	169
120656	170
120691	170
120714	170
120750	170
120773	170
120808	170
120843	170
120867	170
120902	170
120937	170
120972	170
121007	170
121031	170
121066	170
121101	170
121136	170
121171	170
121195	170
121230	170
121265	170
121300	170
121335	170
121359	170
121394	170
121429	170
121453	170
121488	170
121511	170
121535	170
121570	170
121593	170
121628	170
121652	170
121687	170
121722	170
121746	170
121781	170
121816	170
121839	170
121875	170
121910	170
121945	170
121968	170
122003	170
122039	170
122074	170
122109	170
122144	170
122179	170
122203	170
122238	171
122261	171
122296	171
122332	171
122355	171
122390	171
122414	171
122449	171
122484	171
122507	171
122542	171
122578	171
122601	171
122636	171
122660	171
122695	171
122718	171
122753	171
122789	171
122824	171
122859	171
122894	171
122929	171
122953	171
122988	171
123023	171
123046	171
123082	171
123105	171
123140	171
123175	171
123199	171
123234	171
123269	171
123292	171
123328	171
123363	171
123398	171
123421	171
123457	171
123480	171
123515	171
123562	171
123597	171
123632	171
123656	171
123691	171
123726	171
123750	171
123785	171
123808	172
123843	172
123878	172
123902	172
123925	172
123960	172
123984	172
124019	172
124054	172
124078	172
124113	172
124136	172
124171	172
124195	172
124230	172
124265	172
124300	172
124347	172
124371	172
124406	172
124441	172
124464	172
124511	172
124535	172
124570	172
124605	172
124628	172
124664	172
124687	172
124722	172
124746	172
124781	172
124816	172
124839	172
124863	172
124898	172
124921	172
124957	172
124980	172
125015	172
125050	172
125085	172
125121	172
125144	172
125179	172
125203	172
125238	172
125273	172
125308	172
125332	172
125367	173
125402	173
125425	173
125460	173
125496	173
125519	173
125554	173
125589	173
125613	173
125648	173
125671	173
125707	173
125730	173
125765	173
125800	173
125835	173
125871	173
125906	173
125929	173
125964	173
125988	173
126023	173
126058	173
126082	173
126117	173
126140	173
126175	173
126210	173
126234	173
126269	173
126304	173
126328	173
126351	173
126386	173
126410	173
126433	173
126468	173
126503	173
126527	173
126562	173
126597	173
126632	173
126667	173
126691	173
126726	173
126761	173
126796	173
126832	173
126855	173
126890	173
126925	174
126960	174
126996	174
127019	174
127054	174
127089	174
127113	174
127148	174
127171	174
127207	174
127230	174
127265	174
127300	174
127335	174
127359	174
127394	174
127429	174
127453	174
127488	174
127523	174
127546	174
127582	174
127617	174
127640	174
127675	174
127710	174
127746	174
127769	174
127804	174
127839	174
127863	174
127886	174
127921	174
127945	174
127980	174
128015	174
128039	174
128074	174
128097	174
128132	174
128167	174
128203	174
128226	174
128261	174
128285	174
128320	174
128355	174
128378	174
128414	174
128449	174
128484	175
128519	175
128542	175
128578	175
128613	175
128636	175
128671	175
128695	175
128730	175
128753	175
128789	175
128824	175
128847	175
128882	175
128917	175
128941	175
128976	175
129000	175
129035	175
129070	175
129093	175
129128	175
129164	175
129199	175
129234	175
129269	175
129292	175
129328	175
129351	175
129386	175
129410	175
129445	175
129480	175
129503	175
129539	175
129562	175
129597	175
129632	175
129656	175
129691	175
129726	175
129750	175
129785	175
129808	175
129843	175
129878	175
129914	175
129949	175
129984	175
130019	175
130042	176
130078	176
130113	176
130136	176
130160	176
130195	176
130230	176
130253	176
130289	176
130324	176
130347	176
130382	176
130417	176
130441	176
130476	176
130511	176
130535	176
130570	176
130605	176
130628	176
130664	176
130710	176
130746	176
130769	176
130804	176
130839	176
130863	176
130898	176
130921	176
130957	176
130980	176
131015	176
131050	176
131074	176
131109	176
131132	176
131167	176
131203	176
131226	176
131261	176
131285	176
131320	176
131355	176
131378	176
131414	176
131449	176
131484	176
131519	176
131554	176
131578	176
131613	177
131648	177
131671	177
131707	177
131742	177
131765	177
131800	177
131835	177
131871	177
131894	177
131929	177
131964	177
131988	177
132023	177
132046	177
132082	177
132105	177
132140	177
132175	177
132210	177
132246	177
132281	177
132304	177
132339	177
132375	177
132398	177
132433	177
132457	177
132492	177
132527	177
132562	177
132597	177
132621	177
132656	177
132691	177
132714	177
132750	177
132785	177
132808	177
132843	177
132878	177
132902	177
132937	177
132972	177
133007	177
133042	177
133066	177
133113	177
133148	177
133171	177
133207	178
133242	178
133277	178
133300	178
133335	178
133371	178
133406	178
133429	178
133464	178
133488	178
133511	178
133546	178
133582	178
133605	178
133640	178
133664	178
133699	178
133734	178
133769	178
133792	178
133828	178
133863	178
133898	178
133933	178
133957	178
133992	178
134027	178
134062	178
134097	178
134132	178
134167	178
134191	178
134226	178
134261	178
134285	178
134320	178
134355	178
134378	178
134414	178
134437	178
134472	178
134507	178
134542	178
134566	178
134601	178
134636	178
134660	178
134695	178
134730	178
134753	178
134789	179
134835	179
134871	179
134894	179
134929	179
134964	179
135000	179
135023	179
135058	179
135093	179
135117	179
135152	179
135187	179
135210	179
135246	179
135281	179
135316	179
135339	179
135375	179
135410	179
135445	179
135468	179
135503	179
135539	179
135585	179
135621	179
135644	179
135679	179
135714	179
135750	179
135773	179
135808	179
135832	179
135867	179
135902	179
135925	179
135960	179
135984	179
136019	179
136054	179
136078	179
136113	179
136136	179
136171	179
136195	179
136230	179
136265	179
136300	179
136347	179
136382	179
136406	180
136441	180
136476	180
136511	180
136546	180
136570	180
136605	180
136640	180
136675	180
136699	180
136734	180
136769	180
136792	180
136828	180
136851	180
136875	180
136910	180
136933	180
136968	180
137003	180
137039	180
137074	180
137109	180
137132	180
137167	180
137203	180
137238	180
137261	180
137296	180
137332	180
137367	180
137390	180
137425	180
137460	180
137496	180
137519	180
137554	180
137589	180
137613	180
137648	180
137671	180
137707	180
137742	180
137777	180
137800	180
137847	180
137871	180
137906	180
137941	180
137964	180
138000	181
138035	181
138058	181
138093	181
138128	181
138152	181
138187	181
138222	181
138246	181
138281	181
138316	181
138339	181
138363	181
138386	181
138421	181
138457	181
138480	181
138515	181
138550	181
138585	181
138609	181
138644	181
138679	181
138714	181
138750	181
138785	181
138808	181
138843	181
138878	181
138914	181
138949	181
138984	181
139007	181
139042	181
139078	181
139101	181
139136	181
139160	181
139195	181
139218	181
139253	181
139289	181
139324	181
139347	181
139382	181
139417	181
139441	181
139476	181
139511	181
139535	181
139570	182
139605	182
139628	182
139664	182
139699	182
139734	182
139769	182
139792	182
139828	182
139851	182
139886	182
139910	182
139945	182
139968	182
140003	182
140039	182
140062	182
140097	182
140132	182
140156	182
140191	182
140226	182
140250	182
140285	182
140308	182
140343	182
140378	182
140414	182
140449	182
140484	182
140507	182
140542	182
140578	182
140601	182
140636	182
140660	182
140695	182
140718	182
140753	182
140777	182
140812	182
140847	182
140871	182
140906	182
140941	182
140964	182
141000	182
141035	182
141058	182
141093	182
141117	183
141152	183
141187	183
141222	183
141257	183
141292	183
141316	183
141351	183
141375	183
141410	183
141433	183
141468	183
141503	183
141527	183
141562	183
141585	183
141621	183
141656	183
141679	183
141714	183
141750	183
141773	183
141808	183
141832	183
141867	183
141902	183
141937	183
141972	183
142007	183
142042	183
142066	183
142101	183
142125	183
142160	183
142183	183
142218	183
142253	183
142277	183
142312	183
142335	183
142371	183
142406	183
142429	183
142464	183
142500	183
142523	183
142558	183
142593	183
142617	183
142652	183
142687	184
142722	184
142757	184
142792	184
142816	184
142851	184
142875	184
142910	184
142933	184
142968	184
143003	184
143027	184
143062	184
143085	184
143121	184
143144	184
143179	184
143214	184
143238	184
143273	184
143296	184
143332	184
143367	184
143390	184
143425	184
143460	184
143496	184
143531	184
143554	184
143589	184
143625	184
143648	184
143683	184
143718	184
143742	184
143777	184
143812	184
143847	184
143871	184
143906	184
143941	184
143964	184
144000	184
144023	184
144058	184
144082	184
144117	184
144152	184
144187	184
144222	184
144246	185
144281	185
144316	185
144339	185
144375	185
144410	185
144433	185
144468	185
144503	185
144527	185
144562	185
144597	185
144632	185
144656	185
144691	185
144726	185
144750	185
144785	185
144808	185
144843	185
144878	185
144902	185
144937	185
144972	185
145007	185
145042	185
145066	185
145101	185
145148	185
145171	185
145207	185
145242	185
145265	185
145300	185
145335	185
145371	185
145406	185
145429	185
145464	185
145488	185
145511	185
145546	185
145570	185
145605	185
145640	185
145664	185
145699	185
145722	185
145757	185
145792	185
145828	186
145851	186
145886	186
145921	186
145957	186
145980	186
146015	186
146062	186
146097	186
146132	186
146156	186
146191	186
146226	186
146250	186
146285	186
146308	186
146343	186
146378	186
146402	186
146437	186
146472	186
146496	186
146531	186
146566	186
146589	186
146625	186
146660	186
146683	186
146718	186
146753	186
146789	186
146824	186
146859	186
146894	186
146917	186
146953	186
146988	186
147023	186
147046	186
147082	186
147117	186
147140	186
147175	186
147210	186
147234	186
147269	186
147304	186
147328	186
147363	186
147398	186
147433	187
147457	187
147492	187
147527	187
147574	187
147609	187
147644	187
147667	187
147703	187
147738	187
147761	187
147796	187
147820	187
147855	187
147890	187
147914	187
147949	187
147972	187
148007	187
148042	187
148066	187
148101	187
148125	187
148160	187
148195	187
148218	187
148253	187
148289	187
148335	187
148371	187
148406	187
148429	187
148464	187
148500	187
148535	187
148570	187
148593	187
148628	187
148664	187
148687	187
148722	187
148757	187
148781	187
148816	187
148851	187
148875	187
148898	187
148933	187
148957	187
148992	187
149027	188
149062	188
149097	188
149132	188
149156	188
149191	188
149226	188
149261	188
149285	188
149320	188
149355	188
149378	188
149414	188
149449	188
149484	188
149507	188
149542	188
149578	188
149601	188
149636	188
149671	188
149695	188
149730	188
149765	188
149789	188
149824	188
149859	188
149894	188
149929	188
149953	188
149988	188
150023	188
150046	188
150082	188
150117	188
150140	188
150175	188
150210	188
150234	188
150269	188
150304	188
150328	188
150363	188
150386	188
150410	188
150445	188
150480	188
150503	188
150539	188
150574	188
150609	189
150644	189
150667	189
150703	189
150738	189
150785	189
150808	189
150843	189
150878	189
150914	189
150949	189
150984	189
151019	189
151042	189
151078	189
151113	189
151136	189
151171	189
151195	189
151230	189
151265	189
151289	189
151324	189
151359	189
151394	189
151429	189
151453	189
151488	189
151523	189
151546	189
151582	189
151617	189
151640	189
151675	189
151710	189
151746	189
151781	189
151804	189
151839	189
151863	189
151898	189
151921	189
151957	189
151992	189
152015	189
152050	189
152085	189
152109	189
152144	189
152179	189
152214	190
152238	190
152273	190
152308	190
152332	190
152367	190
152402	190
152437	190
152472	190
152507	190
152531	190
152566	190
152601	190
152625	190
152660	190
152683	190
152718	190
152753	190
152777	190
152812	190
152847	190
152871	190
152906	190
152941	190
152964	190
153000	190
153035	190
153058	190
153093	190
153128	190
153164	190
153199	190
153234	190
153269	190
153292	190
153328	190
153363	190
153386	190
153421	190
153445	190
153480	190
153515	190
153539	190
153574	190
153609	190
153632	190
153667	190
153703	190
153726	190
153761	190
153796	191
153820	191
153855	191
153890	191
153925	191
153960	191
153996	191
154031	191
154066	191
154089	191
154125	191
154148	191
154183	191
154218	191
154253	191
154277	191
154312	191
154347	191
154371	191
154406	191
154441	191
154464	191
154500	191
154535	191
154570	191
154593	191
154628	191
154664	191
154699	191
154734	191
154769	191
154804	191
154839	191
154863	191
154898	191
154921	191
154957	191
154992	191
155015	191
155050	191
155085	191
155109	191
155144	191
timepoint: 180.04000000000002