0	0
0	0
0	0
0	0
0	0
0	0
0	0
0	0
0	0
0	0
0	0
0	0
0	0
0	0
0	0
0	0
0	0
0	0
0	0
0	0
0	0
0	0
0	0
0	0
0	0
0	0
0	0
0	0
0	0
0	0
0	0
0	0
0	0
0	0
0	0
0	0
0	0
0	0
0	0
0	0
0	0
0	0
0	0
0	0
0	0
0	0
0	0
0	0
0	0
0	0
0	1
0	1
0	1
0	1
0	1
0	1
0	1
0	1
0	1
0	1
0	1
0	1
0	1
0	1
0	1
0	1
0	1
0	1
0	1
0	1
0	1
0	1
0	1
0	1
0	1
0	1
0	1
0	1
0	1
0	1
0	1
0	1
0	1
0	1
0	1
0	1
0	1
0	1
0	1
0	1
0	1
0	1
0	1
0	1
0	1
0	1
0	1
0	1
0	1
0	1
0	2
0	2
0	2
0	2
0	2
0	2
0	2
0	2
0	2
0	2
0	2
0	2
0	2
0	2
0	2
0	2
0	2
0	2
0	2
0	2
0	2
0	2
0	2
0	2
0	2
0	2
0	2
0	2
0	2
0	2
0	2
0	2
0	2
0	2
0	2
0	2
0	2
0	2
0	2
0	2
0	2
0	2
0	2
0	2
0	2
0	2
0	2
0	2
0	2
0	2
0	3
0	3
0	3
0	3
0	3
0	3
0	3
0	3
0	3
0	3
0	3
0	3
0	3
0	3
0	3
0	3
0	3
0	3
0	3
0	3
0	3
0	3
0	3
0	3
0	3
0	3
0	3
0	3
0	3
0	3
0	3
0	3
0	3
0	3
0	3
0	3
0	3
0	3
0	3
0	3
0	3
0	3
0	3
0	3
0	3
0	3
0	3
0	3
0	3
0	3
0	4
0	4
0	4
0	4
0	4
0	4
0	4
0	4
0	4
0	4
0	4
0	4
0	4
0	4
0	4
0	4
0	4
0	4
0	4
0	4
0	4
0	4
0	4
0	4
0	4
0	4
0	4
0	4
0	4
0	4
0	4
0	4
0	4
0	4
0	4
0	4
0	4
0	4
0	4
0	4
0	4
0	4
0	4
0	4
0	4
0	4
0	4
0	4
0	4
0	4
0	5
0	5
0	5
0	5
0	5
11	5
11	5
11	5
11	5
11	5
11	5
11	5
11	5
11	5
11	5
11	5
23	5
23	5
23	5
23	5
23	5
23	5
23	5
23	5
23	5
23	5
23	5
23	5
23	5
23	5
23	5
23	5
23	5
23	5
23	5
23	5
23	5
23	5
23	5
23	5
23	5
23	5
23	5
23	5
23	5
23	5
23	5
23	5
23	5
23	5
23	6
23	6
11	6
11	6
11	6
11	6
11	6
11	6
11	6
11	6
11	6
11	6
11	6
11	6
11	6
11	6
11	6
11	6
11	6
11	6
11	6
11	6
11	6
11	6
11	6
11	6
11	6
11	6
11	6
11	6
11	6
11	6
11	6
11	6
23	6
23	6
23	6
23	6
23	6
23	6
23	6
23	6
23	6
23	6
23	6
23	6
23	6
23	6
23	6
23	6
23	7
23	7
23	7
23	7
35	7
35	7
35	7
35	7
35	7
35	7
35	7
35	7
35	7
23	7
23	7
23	7
23	7
23	7
23	7
23	7
23	7
23	7
23	7
23	7
23	7
23	7
23	7
23	7
23	7
23	7
23	7
23	7
23	7
23	7
23	7
23	7
23	7
23	7
23	7
23	7
23	7
23	7
23	7
23	7
23	7
23	7
23	7
23	7
23	7
23	7
23	8
23	8
23	8
23	8
23	8
23	8
23	8
23	8
23	8
23	8
23	8
23	8
23	8
23	8
23	8
23	8
23	8
23	8
23	8
23	8
23	8
23	8
23	8
23	8
35	8
35	8
35	8
35	8
35	8
35	8
35	8
35	8
35	8
35	8
35	8
35	8
35	8
35	8
35	8
35	8
23	8
23	8
23	8
23	8
23	8
23	8
23	8
23	8
23	8
23	8
23	9
23	9
23	9
23	9
23	9
23	9
23	9
23	9
23	9
23	9
23	9
23	9
23	9
23	9
23	9
23	9
23	9
23	9
23	9
23	9
23	9
23	9
23	9
23	9
23	9
23	9
23	9
23	9
23	9
23	9
23	9
23	9
23	9
23	9
23	9
23	9
23	9
23	9
23	9
23	9
23	9
23	9
23	9
23	9
23	9
23	9
23	9
23	9
23	9
23	9
23	10
23	10
23	10
35	10
35	10
35	10
35	10
35	10
35	10
35	10
35	10
35	10
35	10
35	10
23	10
23	10
23	10
23	10
23	10
23	10
23	10
23	10
23	10
23	10
23	10
23	10
23	10
23	10
23	10
23	10
23	10
23	10
23	10
23	10
23	10
23	10
23	10
23	10
23	10
23	10
23	10
23	10
23	10
23	10
23	10
23	10
23	10
23	10
23	10
23	10
23	11
23	11
23	11
23	11
23	11
23	11
23	11
23	11
23	11
23	11
23	11
23	11
23	11
23	11
23	11
23	11
23	11
23	11
23	11
23	11
23	11
23	11
23	11
23	11
23	11
23	11
23	11
23	11
23	11
23	11
23	11
23	11
23	11
23	11
23	11
23	11
23	11
23	11
23	11
23	11
23	11
23	11
23	11
23	11
23	11
23	11
23	11
23	11
23	11
23	11
23	12
23	12
23	12
23	12
23	12
23	12
23	12
23	12
23	12
23	12
23	12
23	12
23	12
23	12
23	12
23	12
23	12
23	12
23	12
23	12
23	12
23	12
23	12
23	12
23	12
23	12
23	12
23	12
23	12
23	12
23	12
23	12
23	12
23	12
23	12
23	12
23	12
23	12
23	12
23	12
23	12
23	12
23	12
23	12
23	12
23	12
23	12
23	12
23	12
23	12
23	13
23	13
23	13
23	13
23	13
23	13
23	13
23	13
23	13
23	13
23	13
23	13
23	13
23	13
23	13
23	13
23	13
23	13
23	13
23	13
23	13
23	13
23	13
23	13
23	13
23	13
23	13
23	13
23	13
23	13
23	13
23	13
23	13
23	13
23	13
23	13
23	13
23	13
23	13
23	13
23	13
23	13
23	13
23	13
23	13
23	13
23	13
23	13
23	13
23	13
23	14
23	14
23	14
23	14
23	14
23	14
23	14
23	14
23	14
23	14
23	14
23	14
23	14
23	14
23	14
23	14
23	14
23	14
23	14
23	14
23	14
23	14
23	14
23	14
23	14
23	14
23	14
23	14
23	14
23	14
23	14
23	14
23	14
23	14
23	14
23	14
23	14
23	14
23	14
23	14
23	14
23	14
23	14
23	14
23	14
23	14
23	14
23	14
23	14
23	14
23	15
23	15
23	15
23	15
23	15
23	15
23	15
23	15
23	15
23	15
23	15
23	15
23	15
23	15
23	15
23	15
23	15
23	15
23	15
23	15
23	15
23	15
23	15
23	15
23	15
23	15
23	15
23	15
23	15
23	15
23	15
23	15
23	15
23	15
23	15
23	15
23	15
23	15
23	15
23	15
23	15
23	15
23	15
23	15
23	15
23	15
23	15
23	15
23	15
23	15
23	16
23	16
23	16
23	16
23	16
23	16
23	16
23	16
23	16
23	16
23	16
23	16
23	16
23	16
23	16
23	16
23	16
23	16
23	16
23	16
23	16
23	16
23	16
23	16
23	16
23	16
23	16
23	16
23	16
23	16
23	16
23	16
23	16
23	16
23	16
23	16
23	16
23	16
23	16
23	16
23	16
23	16
23	16
23	16
23	16
23	16
23	16
23	16
23	16
23	16
23	17
23	17
23	17
23	17
23	17
23	17
23	17
23	17
23	17
23	17
23	17
23	17
23	17
23	17
23	17
23	17
23	17
23	17
23	17
23	17
23	17
23	17
23	17
23	17
23	17
23	17
23	17
23	17
23	17
23	17
23	17
23	17
23	17
23	17
23	17
23	17
23	17
23	17
23	17
23	17
23	17
23	17
23	17
23	17
23	17
23	17
23	17
23	17
23	17
23	17
23	18
23	18
23	18
23	18
23	18
23	18
23	18
23	18
23	18
23	18
23	18
23	18
23	18
23	18
23	18
23	18
23	18
23	18
23	18
23	18
23	18
23	18
23	18
23	18
23	18
23	18
23	18
23	18
23	18
23	18
23	18
23	18
23	18
23	18
23	18
23	18
23	18
23	18
23	18
23	18
23	18
23	18
23	18
23	18
23	18
23	18
23	18
23	18
23	18
23	18
23	19
23	19
23	19
23	19
23	19
23	19
23	19
23	19
23	19
23	19
23	19
23	19
23	19
23	19
23	19
23	19
23	19
23	19
23	19
23	19
23	19
23	19
23	19
23	19
23	19
23	19
23	19
23	19
23	19
23	19
23	19
23	19
23	19
23	19
23	19
23	19
23	19
23	19
23	19
23	19
23	19
23	19
23	19
23	19
23	19
23	19
23	19
23	19
23	19
23	19
23	20
23	20
23	20
23	20
23	20
23	20
23	20
23	20
23	20
23	20
23	20
23	20
23	20
23	20
23	20
23	20
23	20
23	20
23	20
23	20
23	20
23	20
23	20
23	20
23	20
23	20
23	20
23	20
23	20
23	20
23	20
23	20
23	20
23	20
23	20
23	20
23	20
23	20
23	20
23	20
23	20
23	20
23	20
23	20
23	20
23	20
23	20
23	20
23	20
23	20
23	21
23	21
23	21
23	21
23	21
23	21
23	21
23	21
23	21
23	21
23	21
23	21
23	21
23	21
23	21
23	21
23	21
23	21
23	21
23	21
23	21
23	21
23	21
23	21
23	21
23	21
23	21
23	21
23	21
23	21
23	21
23	21
23	21
23	21
23	21
23	21
23	21
23	21
23	21
23	21
23	21
23	21
23	21
23	21
23	21
23	21
23	21
23	21
23	21
23	21
23	22
23	22
23	22
23	22
23	22
23	22
23	22
23	22
23	22
23	22
23	22
23	22
23	22
23	22
23	22
23	22
23	22
23	22
23	22
23	22
23	22
23	22
23	22
23	22
23	22
23	22
23	22
23	22
23	22
23	22
23	22
23	22
23	22
23	22
23	22
23	22
23	22
23	22
23	22
23	22
23	22
23	22
23	22
23	22
23	22
23	22
23	22
23	22
23	22
23	22
23	23
23	23
23	23
23	23
23	23
23	23
23	23
23	23
23	23
23	23
23	23
23	23
23	23
23	23
23	23
23	23
23	23
23	23
23	23
23	23
23	23
23	23
23	23
23	23
23	23
23	23
23	23
23	23
23	23
23	23
23	23
23	23
23	23
23	23
23	23
23	23
23	23
23	23
23	23
23	23
23	23
23	23
23	23
23	23
23	23
23	23
23	23
23	23
23	23
23	23
23	24
23	24
23	24
23	24
23	24
23	24
23	24
23	24
23	24
23	24
23	24
23	24
23	24
23	24
23	24
23	24
23	24
23	24
23	24
23	24
23	24
23	24
23	24
23	24
23	24
23	24
23	24
23	24
23	24
23	24
23	24
23	24
23	24
23	24
23	24
23	24
23	24
23	24
23	24
23	24
23	24
23	24
23	24
23	24
23	24
23	24
23	24
23	24
23	24
23	24
23	25
23	25
23	25
23	25
23	25
23	25
23	25
23	25
23	25
23	25
23	25
23	25
23	25
23	25
23	25
23	25
23	25
23	25
23	25
23	25
23	25
23	25
23	25
23	25
23	25
23	25
23	25
23	25
23	25
23	25
23	25
23	25
23	25
23	25
23	25
23	25
23	25
23	25
23	25
23	25
23	25
23	25
23	25
23	25
23	25
23	25
23	25
23	25
23	25
23	25
23	26
23	26
23	26
23	26
23	26
23	26
23	26
23	26
23	26
23	26
23	26
23	26
23	26
23	26
23	26
23	26
23	26
23	26
23	26
23	26
23	26
23	26
23	26
23	26
23	26
23	26
23	26
23	26
23	26
23	26
23	26
23	26
23	26
23	26
23	26
23	26
23	26
23	26
23	26
23	26
23	26
23	26
23	26
23	26
23	26
23	26
23	26
23	26
23	26
23	26
23	27
23	27
23	27
23	27
23	27
23	27
23	27
23	27
23	27
23	27
23	27
23	27
23	27
23	27
23	27
23	27
23	27
23	27
23	27
23	27
23	27
23	27
23	27
23	27
23	27
23	27
23	27
23	27
23	27
23	27
23	27
23	27
23	27
23	27
23	27
23	27
23	27
23	27
23	27
23	27
23	27
23	27
23	27
23	27
23	27
23	27
23	27
23	27
23	27
23	27
23	28
23	28
23	28
23	28
23	28
23	28
23	28
23	28
35	28
35	28
35	28
35	28
35	28
35	28
35	28
35	28
35	28
35	28
35	28
35	28
35	28
35	28
35	28
35	28
35	28
35	28
35	28
35	28
35	28
35	28
35	28
35	28
35	28
35	28
35	28
35	28
35	28
35	28
35	28
35	28
35	28
35	28
35	28
35	28
35	28
35	28
35	28
35	28
35	28
35	28
35	29
35	29
46	29
46	29
46	29
46	29
46	29
46	29
46	29
46	29
46	29
46	29
46	29
46	29
46	29
46	29
46	29
46	29
46	29
46	29
46	29
46	29
46	29
46	29
46	29
58	29
58	29
58	29
58	29
58	29
58	29
58	29
58	29
58	29
58	29
58	29
58	29
58	29
58	29
70	29
70	29
70	29
70	29
70	29
70	29
70	29
70	29
70	29
70	29
70	29
70	30
70	30
70	30
70	30
82	30
82	30
82	30
82	30
82	30
82	30
82	30
82	30
82	30
82	30
82	30
82	30
82	30
82	30
82	30
82	30
93	30
93	30
93	30
93	30
93	30
93	30
93	30
93	30
93	30
93	30
105	30
105	30
105	30
105	30
105	30
105	30
105	30
105	30
105	30
105	30
105	30
117	30
117	30
117	30
117	30
117	30
117	30
117	30
117	30
117	30
117	31
128	31
128	31
128	31
128	31
128	31
128	31
128	31
128	31
128	31
128	31
128	31
140	31
140	31
140	31
140	31
140	31
140	31
140	31
140	31
152	31
152	31
152	31
152	31
152	31
152	31
152	31
152	31
152	31
152	31
164	31
164	31
164	31
164	31
164	31
164	31
164	31
164	31
164	31
175	31
175	31
175	31
175	31
175	31
175	31
175	31
175	31
175	31
187	31
187	31
187	32
187	32
187	32
187	32
187	32
187	32
199	32
199	32
199	32
199	32
199	32
199	32
199	32
210	32
210	32
210	32
210	32
210	32
210	32
210	32
210	32
222	32
222	32
222	32
222	32
222	32
222	32
234	32
234	32
234	32
234	32
234	32
234	32
234	32
234	32
246	32
246	32
246	32
246	32
246	32
246	32
246	32
257	32
257	32
257	32
257	32
257	32
257	32
257	32
269	32
269	33
269	33
269	33
269	33
269	33
269	33
281	33
281	33
281	33
281	33
281	33
281	33
281	33
292	33
292	33
292	33
292	33
292	33
292	33
292	33
304	33
304	33
304	33
304	33
304	33
304	33
304	33
316	33
316	33
316	33
316	33
316	33
316	33
316	33
328	33
328	33
328	33
328	33
328	33
328	33
339	33
339	33
339	33
339	33
339	33
339	33
339	33
351	33
351	33
351	33
351	34
351	34
351	34
363	34
363	34
363	34
363	34
363	34
363	34
375	34
375	34
375	34
375	34
375	34
375	34
386	34
386	34
386	34
386	34
386	34
386	34
398	34
398	34
398	34
398	34
398	34
398	34
398	34
410	34
410	34
410	34
410	34
410	34
410	34
421	34
421	34
421	34
421	34
421	34
421	34
433	34
433	34
433	34
433	34
433	34
433	34
445	34
445	34
445	34
445	34
445	35
445	35
457	35
457	35
457	35
457	35
457	35
457	35
468	35
468	35
468	35
468	35
468	35
480	35
480	35
480	35
480	35
480	35
492	35
492	35
492	35
492	35
492	35
503	35
503	35
503	35
503	35
503	35
515	35
515	35
515	35
515	35
515	35
527	35
527	35
527	35
527	35
527	35
527	35
539	35
539	35
539	35
539	35
550	35
550	35
550	35
550	35
550	35
550	35
562	35
562	36
562	36
562	36
574	36
574	36
574	36
574	36
574	36
574	36
585	36
585	36
585	36
585	36
585	36
597	36
597	36
597	36
597	36
597	36
609	36
609	36
609	36
609	36
609	36
621	36
621	36
621	36
621	36
621	36
621	36
632	36
632	36
632	36
632	36
632	36
644	36
644	36
644	36
644	36
644	36
656	36
656	36
656	36
656	36
656	36
667	36
667	36
667	36
667	36
667	36
667	37
679	37
679	37
679	37
679	37
679	37
691	37
691	37
691	37
691	37
691	37
703	37
703	37
703	37
703	37
703	37
703	37
714	37
714	37
714	37
714	37
714	37
726	37
726	37
726	37
726	37
726	37
726	37
738	37
738	37
738	37
738	37
738	37
750	37
750	37
750	37
750	37
750	37
750	37
761	37
761	37
761	37
761	37
761	37
773	37
773	37
773	37
773	37
773	37
773	37
785	38
785	38
785	38
785	38
785	38
796	38
796	38
796	38
796	38
796	38
808	38
808	38
808	38
808	38
820	38
820	38
820	38
820	38
820	38
832	38
832	38
832	38
832	38
832	38
843	38
843	38
843	38
843	38
843	38
855	38
855	38
855	38
855	38
855	38
867	38
867	38
867	38
867	38
867	38
878	38
878	38
878	38
878	38
878	38
878	38
890	38
890	38
890	38
890	38
890	38
902	39
902	39
902	39
902	39
902	39
914	39
914	39
914	39
914	39
914	39
925	39
925	39
925	39
925	39
925	39
937	39
937	39
937	39
937	39
937	39
949	39
949	39
949	39
949	39
949	39
949	39
960	39
960	39
960	39
960	39
960	39
972	39
972	39
972	39
972	39
972	39
984	39
984	39
984	39
984	39
984	39
996	39
996	39
996	39
996	39
996	39
1007	39
1007	39
1007	39
1007	39
1007	40
1019	40
1019	40
1019	40
1019	40
1019	40
1031	40
1031	40
1031	40
1031	40
1031	40
1042	40
1042	40
1042	40
1042	40
1042	40
1054	40
1054	40
1054	40
1054	40
1054	40
1054	40
1066	40
1066	40
1066	40
1066	40
1066	40
1078	40
1078	40
1078	40
1078	40
1078	40
1089	40
1089	40
1089	40
1089	40
1089	40
1089	40
1101	40
1101	40
1101	40
1101	40
1101	40
1113	40
1113	40
1113	40
1113	40
1113	40
1125	40
1125	40
1125	41
1125	41
1125	41
1136	41
1136	41
1136	41
1136	41
1136	41
1148	41
1148	41
1148	41
1148	41
1148	41
1160	41
1160	41
1160	41
1160	41
1160	41
1160	41
1171	41
1171	41
1171	41
1171	41
1171	41
1183	41
1183	41
1183	41
1183	41
1183	41
1195	41
1195	41
1195	41
1195	41
1195	41
1207	41
1207	41
1207	41
1207	41
1207	41
1218	41
1218	41
1218	41
1218	41
1230	41
1230	41
1230	41
1230	41
1230	41
1242	41
1242	41
1242	42
1242	42
1242	42
1253	42
1253	42
1253	42
1253	42
1265	42
1265	42
1265	42
1265	42
1265	42
1277	42
1277	42
1277	42
1277	42
1289	42
1289	42
1289	42
1289	42
1300	42
1300	42
1300	42
1300	42
1300	42
1312	42
1312	42
1312	42
1312	42
1324	42
1324	42
1324	42
1324	42
1324	42
1335	42
1335	42
1335	42
1335	42
1347	42
1347	42
1347	42
1347	42
1347	42
1359	42
1359	42
1359	42
1359	42
1359	42
1371	42
1371	42
1371	43
1371	43
1371	43
1382	43
1382	43
1382	43
1382	43
1382	43
1394	43
1394	43
1394	43
1394	43
1394	43
1406	43
1406	43
1406	43
1406	43
1417	43
1417	43
1417	43
1417	43
1417	43
1429	43
1429	43
1429	43
1429	43
1429	43
1441	43
1441	43
1441	43
1441	43
1441	43
1453	43
1453	43
1453	43
1453	43
1453	43
1464	43
1464	43
1464	43
1464	43
1464	43
1476	43
1476	43
1476	43
1476	43
1476	43
1488	43
1488	43
1488	43
1488	44
1488	44
1500	44
1500	44
1500	44
1500	44
1500	44
1511	44
1511	44
1511	44
1511	44
1511	44
1523	44
1523	44
1523	44
1523	44
1535	44
1535	44
1535	44
1535	44
1535	44
1546	44
1546	44
1546	44
1546	44
1558	44
1558	44
1558	44
1558	44
1570	44
1570	44
1570	44
1570	44
1582	44
1582	44
1582	44
1582	44
1582	44
1593	44
1593	44
1593	44
1593	44
1605	44
1605	44
1605	44
1605	44
1605	44
1617	44
1617	44
1617	44
1617	45
1617	45
1628	45
1628	45
1628	45
1628	45
1640	45
1640	45
1640	45
1640	45
1640	45
1652	45
1652	45
1652	45
1652	45
1664	45
1664	45
1664	45
1664	45
1675	45
1675	45
1675	45
1675	45
1675	45
1687	45
1687	45
1687	45
1687	45
1699	45
1699	45
1699	45
1699	45
1710	45
1710	45
1710	45
1710	45
1722	45
1722	45
1722	45
1722	45
1734	45
1734	45
1734	45
1734	45
1746	45
1746	45
1746	45
1746	45
1757	45
1757	45
1757	46
1757	46
1769	46
1769	46
1769	46
1769	46
1781	46
1781	46
1781	46
1792	46
1792	46
1792	46
1792	46
1792	46
1804	46
1804	46
1804	46
1804	46
1816	46
1816	46
1816	46
1816	46
1828	46
1828	46
1828	46
1828	46
1839	46
1839	46
1839	46
1839	46
1851	46
1851	46
1851	46
1851	46
1863	46
1863	46
1863	46
1875	46
1875	46
1875	46
1875	46
1886	46
1886	46
1886	46
1886	46
1898	46
1898	46
1898	46
1898	46
1910	46
1910	47
1910	47
1921	47
1921	47
1921	47
1921	47
1933	47
1933	47
1933	47
1933	47
1945	47
1945	47
1945	47
1957	47
1957	47
1957	47
1957	47
1968	47
1968	47
1968	47
1980	47
1980	47
1980	47
1980	47
1992	47
1992	47
1992	47
2003	47
2003	47
2003	47
2015	47
2015	47
2015	47
2027	47
2027	47
2027	47
2039	47
2039	47
2039	47
2050	47
2050	47
2050	47
2062	47
2062	47
2062	47
2074	47
2074	47
2074	47
2085	47
2085	47
2085	48
2097	48
2097	48
2097	48
2097	48
2109	48
2109	48
2109	48
2121	48
2121	48
2121	48
2121	48
2132	48
2132	48
2132	48
2144	48
2144	48
2144	48
2144	48
2156	48
2156	48
2156	48
2167	48
2167	48
2167	48
2179	48
2179	48
2179	48
2191	48
2191	48
2191	48
2191	48
2203	48
2203	48
2203	48
2214	48
2214	48
2214	48
2226	48
2226	48
2226	48
2226	48
2238	48
2238	48
2238	48
2250	48
2250	48
2250	48
2261	48
2261	48
2261	49
2261	49
2273	49
2273	49
2273	49
2285	49
2285	49
2285	49
2285	49
2296	49
2296	49
2296	49
2308	49
2308	49
2308	49
2320	49
2320	49
2320	49
2332	49
2332	49
2332	49
2343	49
2343	49
2343	49
2343	49
2355	49
2355	49
2355	49
2367	49
2367	49
2367	49
2378	49
2378	49
2378	49
2390	49
2390	49
2390	49
2390	49
2402	49
2402	49
2402	49
2414	49
2414	49
2414	49
2425	49
2425	49
2425	49
2437	49
2437	49
2437	49
2449	50
2449	50
2449	50
2460	50
2460	50
2460	50
2472	50
2472	50
2472	50
2484	50
2484	50
2484	50
2496	50
2496	50
2496	50
2507	50
2507	50
2519	50
2519	50
2519	50
2531	50
2531	50
2531	50
2542	50
2542	50
2542	50
2542	50
2554	50
2554	50
2554	50
2566	50
2566	50
2566	50
2578	50
2578	50
2578	50
2589	50
2589	50
2589	50
2601	50
2601	50
2601	50
2613	50
2613	50
2613	50
2625	50
2625	50
2625	50
2636	50
2636	50
2636	51
2648	51
2648	51
2648	51
2660	51
2660	51
2660	51
2671	51
2671	51
2671	51
2671	51
2683	51
2683	51
2683	51
2695	51
2695	51
2695	51
2707	51
2707	51
2707	51
2718	51
2718	51
2730	51
2730	51
2730	51
2742	51
2742	51
2742	51
2753	51
2753	51
2765	51
2765	51
2765	51
2777	51
2777	51
2789	51
2789	51
2789	51
2800	51
2800	51
2812	51
2812	51
2812	51
2824	51
2824	51
2824	51
2835	51
2835	51
2847	51
2847	51
2847	52
2859	52
2859	52
2859	52
2871	52
2871	52
2871	52
2882	52
2882	52
2882	52
2894	52
2894	52
2894	52
2906	52
2906	52
2906	52
2917	52
2917	52
2917	52
2929	52
2929	52
2929	52
2941	52
2941	52
2941	52
2953	52
2953	52
2953	52
2964	52
2964	52
2964	52
2976	52
2976	52
2976	52
2988	52
2988	52
2988	52
3000	52
3000	52
3000	52
3011	52
3011	52
3011	52
3011	52
3023	52
3023	52
3035	52
3035	52
3035	52
3046	52
3046	53
3046	53
3058	53
3058	53
3058	53
3070	53
3070	53
3082	53
3082	53
3082	53
3093	53
3093	53
3093	53
3105	53
3105	53
3105	53
3117	53
3117	53
3117	53
3128	53
3128	53
3128	53
3140	53
3140	53
3140	53
3152	53
3152	53
3164	53
3164	53
3164	53
3175	53
3175	53
3175	53
3187	53
3187	53
3187	53
3199	53
3199	53
3199	53
3210	53
3210	53
3210	53
3222	53
3222	53
3222	53
3234	53
3234	53
3246	53
3246	53
3246	53
3257	54
3257	54
3269	54
3269	54
3269	54
3281	54
3281	54
3281	54
3292	54
3292	54
3292	54
3304	54
3304	54
3316	54
3316	54
3316	54
3328	54
3328	54
3328	54
3339	54
3339	54
3339	54
3351	54
3351	54
3363	54
3363	54
3363	54
3375	54
3375	54
3375	54
3386	54
3386	54
3398	54
3398	54
3398	54
3410	54
3410	54
3410	54
3421	54
3421	54
3421	54
3433	54
3433	54
3445	54
3445	54
3445	54
3457	54
3457	54
3468	54
3468	54
3468	55
3480	55
3480	55
3492	55
3492	55
3492	55
3503	55
3503	55
3515	55
3515	55
3527	55
3527	55
3527	55
3539	55
3539	55
3550	55
3550	55
3562	55
3562	55
3574	55
3574	55
3574	55
3585	55
3585	55
3597	55
3597	55
3609	55
3609	55
3609	55
3621	55
3621	55
3632	55
3632	55
3632	55
3644	55
3644	55
3656	55
3656	55
3656	55
3667	55
3667	55
3679	55
3679	55
3691	55
3691	55
3691	55
3703	55
3703	55
3714	55
3714	55
3726	56
3726	56
3726	56
3738	56
3738	56
3750	56
3750	56
3761	56
3761	56
3761	56
3773	56
3773	56
3773	56
3785	56
3785	56
3796	56
3796	56
3808	56
3808	56
3808	56
3820	56
3820	56
3832	56
3832	56
3832	56
3843	56
3843	56
3855	56
3855	56
3867	56
3867	56
3867	56
3878	56
3878	56
3890	56
3890	56
3902	56
3902	56
3914	56
3914	56
3914	56
3925	56
3925	56
3937	56
3937	56
3949	56
3949	56
3960	56
3960	56
3972	56
3972	57
3972	57
3984	57
3984	57
3996	57
3996	57
4007	57
4007	57
4019	57
4019	57
4019	57
4031	57
4031	57
4042	57
4042	57
4054	57
4054	57
4054	57
4066	57
4066	57
4078	57
4078	57
4089	57
4089	57
4089	57
4101	57
4101	57
4113	57
4113	57
4125	57
4125	57
4125	57
4136	57
4136	57
4148	57
4148	57
4160	57
4160	57
4160	57
4171	57
4171	57
4183	57
4183	57
4195	57
4195	57
4207	57
4207	57
4207	57
4218	57
4218	57
4230	58
4230	58
4242	58
4242	58
4253	58
4253	58
4265	58
4265	58
4277	58
4277	58
4289	58
4289	58
4300	58
4300	58
4312	58
4312	58
4324	58
4324	58
4335	58
4335	58
4347	58
4347	58
4359	58
4359	58
4371	58
4371	58
4382	58
4382	58
4394	58
4394	58
4394	58
4406	58
4406	58
4417	58
4417	58
4429	58
4429	58
4441	58
4441	58
4453	58
4453	58
4464	58
4464	58
4476	58
4476	58
4488	58
4488	58
4500	58
4500	58
4511	58
4511	59
4523	59
4523	59
4523	59
4535	59
4535	59
4546	59
4546	59
4558	59
4558	59
4570	59
4570	59
4582	59
4582	59
4593	59
4593	59
4605	59
4605	59
4617	59
4617	59
4628	59
4628	59
4640	59
4640	59
4652	59
4652	59
4664	59
4664	59
4675	59
4675	59
4687	59
4687	59
4699	59
4699	59
4710	59
4710	59
4722	59
4722	59
4734	59
4734	59
4746	59
4746	59
4757	59
4757	59
4769	59
4769	59
4781	59
4781	59
4792	59
4792	59
4804	60
4804	60
4816	60
4816	60
4828	60
4828	60
4839	60
4839	60
4851	60
4851	60
4863	60
4863	60
4875	60
4875	60
4886	60
4886	60
4898	60
4898	60
4910	60
4910	60
4921	60
4921	60
4933	60
4933	60
4945	60
4945	60
4957	60
4957	60
4968	60
4968	60
4980	60
4980	60
4992	60
4992	60
5003	60
5003	60
5015	60
5015	60
5027	60
5027	60
5039	60
5050	60
5050	60
5062	60
5062	60
5074	60
5074	60
5085	60
5085	60
5097	60
5109	61
5109	61
5121	61
5121	61
5132	61
5132	61
5144	61
5144	61
5156	61
5156	61
5167	61
5167	61
5179	61
5179	61
5191	61
5191	61
5203	61
5203	61
5214	61
5226	61
5226	61
5238	61
5250	61
5250	61
5261	61
5261	61
5273	61
5273	61
5285	61
5285	61
5296	61
5296	61
5308	61
5308	61
5320	61
5320	61
5332	61
5332	61
5343	61
5343	61
5355	61
5355	61
5367	61
5367	61
5378	61
5390	61
5390	61
5402	61
5402	61
5414	61
5414	62
5425	62
5437	62
5437	62
5449	62
5449	62
5460	62
5460	62
5472	62
5472	62
5484	62
5484	62
5496	62
5496	62
5507	62
5507	62
5519	62
5519	62
5531	62
5542	62
5542	62
5554	62
5554	62
5566	62
5566	62
5566	62
5578	62
5578	62
5589	62
5589	62
5601	62
5601	62
5613	62
5613	62
5625	62
5625	62
5636	62
5636	62
5636	62
5648	62
5660	62
5660	62
5671	62
5671	62
5683	62
5683	62
5695	62
5695	62
5707	62
5707	62
5718	63
5718	63
5730	63
5730	63
5742	63
5753	63
5753	63
5765	63
5765	63
5777	63
5777	63
5789	63
5789	63
5800	63
5800	63
5812	63
5812	63
5824	63
5835	63
5835	63
5847	63
5847	63
5859	63
5859	63
5871	63
5871	63
5882	63
5882	63
5894	63
5906	63
5906	63
5917	63
5917	63
5929	63
5929	63
5941	63
5941	63
5953	63
5964	63
5964	63
5976	63
5976	63
5988	63
6000	63
6000	63
6011	63
6011	63
6023	63
6023	63
6035	63
6035	64
6046	64
6058	64
6058	64
6070	64
6070	64
6082	64
6082	64
6093	64
6093	64
6105	64
6117	64
6117	64
6128	64
6140	64
6140	64
6152	64
6164	64
6164	64
6175	64
6187	64
6199	64
6199	64
6210	64
6210	64
6222	64
6234	64
6234	64
6246	64
6246	64
6257	64
6257	64
6269	64
6269	64
6281	64
6292	64
6292	64
6304	64
6304	64
6316	64
6316	64
6328	64
6339	64
6339	64
6351	64
6351	64
6363	64
6363	64
6375	64
6386	64
6386	65
6398	65
6398	65
6410	65
6410	65
6421	65
6421	65
6433	65
6433	65
6445	65
6457	65
6457	65
6468	65
6468	65
6480	65
6480	65
6492	65
6503	65
6503	65
6515	65
6515	65
6527	65
6527	65
6539	65
6550	65
6550	65
6562	65
6562	65
6574	65
6585	65
6585	65
6597	65
6597	65
6609	65
6621	65
6621	65
6632	65
6632	65
6644	65
6656	65
6656	65
6667	65
6667	65
6679	65
6679	65
6691	65
6703	65
6703	65
6714	65
6714	65
6726	66
6738	66
6738	66
6750	66
6750	66
6761	66
6773	66
6773	66
6785	66
6785	66
6796	66
6796	66
6808	66
6820	66
6820	66
6832	66
6832	66
6843	66
6855	66
6855	66
6867	66
6878	66
6878	66
6890	66
6902	66
6914	66
6914	66
6925	66
6937	66
6937	66
6949	66
6960	66
6972	66
6972	66
6984	66
6984	66
6996	66
7007	66
7007	66
7019	66
7019	66
7031	66
7042	66
7042	66
7054	66
7054	66
7066	66
7078	66
7078	66
7089	66
7101	67
7101	67
7113	67
7125	67
7125	67
7136	67
7136	67
7148	67
7160	67
7160	67
7171	67
7171	67
7183	67
7195	67
7195	67
7207	67
7218	67
7218	67
7230	67
7230	67
7242	67
7253	67
7253	67
7265	67
7277	67
7277	67
7289	67
7289	67
7300	67
7312	67
7312	67
7324	67
7335	67
7335	67
7347	67
7359	67
7359	67
7371	67
7371	67
7382	67
7394	67
7394	67
7406	67
7417	67
7417	67
7429	67
7441	67
7441	67
7453	67
7453	67
7464	68
7476	68
7488	68
7488	68
7500	68
7511	68
7511	68
7523	68
7535	68
7535	68
7546	68
7546	68
7558	68
7570	68
7570	68
7582	68
7582	68
7593	68
7605	68
7617	68
7617	68
7628	68
7640	68
7652	68
7664	68
7664	68
7675	68
7687	68
7699	68
7710	68
7710	68
7722	68
7734	68
7734	68
7746	68
7757	68
7757	68
7769	68
7781	68
7781	68
7792	68
7804	68
7804	68
7816	68
7828	68
7828	68
7839	68
7851	68
7851	68
7863	68
7875	69
7875	69
7886	69
7886	69
7898	69
7910	69
7910	69
7921	69
7933	69
7933	69
7945	69
7957	69
7957	69
7968	69
7980	69
7980	69
7992	69
8003	69
8003	69
8015	69
8015	69
8027	69
8039	69
8039	69
8050	69
8050	69
8062	69
8074	69
8074	69
8085	69
8097	69
8097	69
8109	69
8121	69
8121	69
8132	69
8144	69
8144	69
8156	69
8167	69
8167	69
8179	69
8191	69
8191	69
8203	69
8203	69
8214	69
8226	69
8226	69
8238	69
8250	70
8250	70
8261	70
8273	70
8273	70
8285	70
8285	70
8296	70
8308	70
8308	70
8320	70
8332	70
8332	70
8343	70
8355	70
8367	70
8367	70
8378	70
8390	70
8402	70
8414	70
8425	70
8437	70
8437	70
8449	70
8460	70
8472	70
8484	70
8484	70
8496	70
8507	70
8507	70
8519	70
8519	70
8531	70
8542	70
8554	70
8554	70
8566	70
8578	70
8589	70
8601	70
8601	70
8613	70
8625	70
8636	70
8636	70
8648	70
8660	70
8660	70
8671	71
8683	71
8683	71
8695	71
8707	71
8707	71
8718	71
8730	71
8742	71
8742	71
8753	71
8765	71
8765	71
8777	71
8789	71
8789	71
8800	71
8812	71
8812	71
8824	71
8835	71
8835	71
8847	71
8859	71
8871	71
8871	71
8882	71
8894	71
8894	71
8906	71
8917	71
8929	71
8929	71
8941	71
8941	71
8953	71
8964	71
8964	71
8976	71
8976	71
8988	71
8988	71
9000	71
9011	71
9011	71
9023	71
9035	71
9046	71
9046	71
9058	71
9070	72
9070	72
9082	72
9093	72
9105	72
9105	72
9117	72
9128	72
9128	72
9140	72
9152	72
9164	72
9175	72
9175	72
9187	72
9199	72
9210	72
9222	72
9222	72
9234	72
9246	72
9246	72
9257	72
9269	72
9281	72
9281	72
9292	72
9304	72
9304	72
9316	72
9328	72
9339	72
9351	72
9351	72
9363	72
9375	72
9386	72
9386	72
9398	72
9410	72
9410	72
9421	72
9433	72
9445	72
9445	72
9457	72
9468	72
9480	72
9480	72
9492	72
9503	73
9515	73
9515	73
9527	73
9539	73
9550	73
9550	73
9562	73
9574	73
9585	73
9585	73
9597	73
9609	73
9621	73
9621	73
9632	73
9644	73
9656	73
9656	73
9667	73
9679	73
9679	73
9691	73
9703	73
9714	73
9714	73
9726	73
9738	73
9738	73
9750	73
9761	73
9761	73
9773	73
9785	73
9796	73
9796	73
9808	73
9820	73
9832	73
9832	73
9843	73
9855	73
9867	73
9867	73
9878	73
9890	73
9902	73
9914	73
9925	73
9925	73
9937	74
9949	74
9960	74
9972	74
9972	74
9984	74
9996	74
10007	74
10007	74
10019	74
10031	74
10042	74
10042	74
10054	74
10066	74
10078	74
10078	74
10089	74
10101	74
10113	74
10113	74
10125	74
10136	74
10148	74
10148	74
10160	74
10171	74
10183	74
10183	74
10195	74
10207	74
10218	74
10218	74
10230	74
10242	74
10253	74
10253	74
10265	74
10277	74
10289	74
10289	74
10300	74
10312	74
10324	74
10324	74
10335	74
10347	74
10359	74
10359	74
10371	74
10382	75
10394	75
10406	75
10406	75
10417	75
10429	75
10441	75
10441	75
10453	75
10453	75
10464	75
10476	75
10476	75
10488	75
10500	75
10500	75
10511	75
10523	75
10535	75
10535	75
10546	75
10558	75
10570	75
10570	75
10582	75
10593	75
10605	75
10605	75
10617	75
10628	75
10640	75
10652	75
10664	75
10664	75
10675	75
10687	75
10699	75
10710	75
10722	75
10722	75
10734	75
10746	75
10757	75
10769	75
10769	75
10781	75
10792	75
10804	75
10804	75
10816	75
10828	76
10839	76
10851	76
10863	76
10875	76
10886	76
10898	76
10898	76
10910	76
10921	76
10933	76
10933	76
10945	76
10957	76
10968	76
10980	76
10980	76
10992	76
11003	76
11015	76
11027	76
11039	76
11050	76
11062	76
11062	76
11074	76
11085	76
11097	76
11109	76
11121	76
11121	76
11132	76
11144	76
11156	76
11156	76
11167	76
11179	76
11191	76
11203	76
11203	76
11214	76
11226	76
11238	76
11238	76
11250	76
11261	76
11273	76
11273	76
11285	76
11296	76
11308	77
11308	77
11320	77
11332	77
11343	77
11355	77
11355	77
11367	77
11378	77
11390	77
11402	77
11414	77
11414	77
11425	77
11437	77
11449	77
11460	77
11472	77
11472	77
11484	77
11496	77
11507	77
11519	77
11519	77
11531	77
11542	77
11554	77
11566	77
11566	77
11578	77
11589	77
11601	77
11613	77
11613	77
11625	77
11636	77
11648	77
11660	77
11660	77
11671	77
11683	77
11695	77
11695	77
11707	77
11718	77
11730	77
11742	77
11753	77
11753	77
11765	77
11777	78
11789	78
11800	78
11812	78
11824	78
11824	78
11835	78
11847	78
11859	78
11871	78
11882	78
11882	78
11894	78
11906	78
11917	78
11929	78
11929	78
11941	78
11953	78
11964	78
11964	78
11976	78
11988	78
12000	78
12000	78
12011	78
12023	78
12035	78
12035	78
12046	78
12058	78
12070	78
12082	78
12093	78
12093	78
12105	78
12117	78
12128	78
12140	78
12140	78
12152	78
12164	78
12175	78
12187	78
12199	78
12199	78
12210	78
12222	78
12234	78
12246	78
12246	79
12257	79
12269	79
12281	79
12292	79
12304	79
12304	79
12316	79
12328	79
12339	79
12351	79
12351	79
12363	79
12375	79
12386	79
12398	79
12410	79
12410	79
12421	79
12433	79
12445	79
12457	79
12457	79
12468	79
12480	79
12492	79
12503	79
12515	79
12527	79
12539	79
12550	79
12562	79
12574	79
12574	79
12585	79
12597	79
12609	79
12621	79
12632	79
12644	79
12644	79
12656	79
12667	79
12679	79
12691	79
12703	79
12703	79
12714	79
12726	79
12738	79
12750	80
12750	80
12761	80
12773	80
12785	80
12796	80
12796	80
12808	80
12820	80
12832	80
12843	80
12855	80
12855	80
12867	80
12878	80
12890	80
12902	80
12914	80
12914	80
12925	80
12937	80
12949	80
12960	80
12972	80
12972	80
12984	80
12996	80
13007	80
13019	80
13031	80
13042	80
13042	80
13054	80
13066	80
13078	80
13089	80
13089	80
13101	80
13113	80
13125	80
13136	80
13148	80
13148	80
13160	80
13171	80
13183	80
13195	80
13207	80
13218	80
13218	80
13230	81
13242	81
13253	81
13265	81
13277	81
13289	81
13300	81
13312	81
13324	81
13335	81
13347	81
13359	81
13371	81
13382	81
13382	81
13394	81
13406	81
13417	81
13429	81
13441	81
13453	81
13453	81
13464	81
13476	81
13488	81
13500	81
13500	81
13511	81
13523	81
13535	81
13546	81
13558	81
13558	81
13570	81
13582	81
13593	81
13605	81
13617	81
13628	81
13628	81
13640	81
13652	81
13664	81
13675	81
13687	81
13687	81
13699	81
13710	81
13722	81
13734	81
13746	82
13757	82
13769	82
13769	82
13781	82
13792	82
13804	82
13816	82
13828	82
13828	82
13839	82
13851	82
13863	82
13875	82
13886	82
13898	82
13910	82
13910	82
13921	82
13933	82
13945	82
13957	82
13968	82
13980	82
13992	82
14003	82
14015	82
14027	82
14039	82
14050	82
14062	82
14074	82
14085	82
14097	82
14109	82
14121	82
14121	82
14132	82
14144	82
14156	82
14167	82
14179	82
14191	82
14203	82
14203	82
14214	82
14226	82
14238	82
14250	82
14261	82
14261	83
14273	83
14285	83
14296	83
14308	83
14320	83
14332	83
14343	83
14355	83
14355	83
14367	83
14378	83
14390	83
14402	83
14414	83
14425	83
14437	83
14437	83
14449	83
14460	83
14472	83
14484	83
14496	83
14507	83
14519	83
14531	83
14542	83
14542	83
14554	83
14566	83
14578	83
14589	83
14601	83
14613	83
14625	83
14636	83
14648	83
14648	83
14660	83
14671	83
14683	83
14695	83
14707	83
14718	83
14730	83
14742	83
14753	83
14765	83
14777	83
14789	83
14800	84
14812	84
14824	84
14835	84
14847	84
14859	84
14871	84
14882	84
14894	84
14894	84
14906	84
14917	84
14929	84
14941	84
14953	84
14964	84
14976	84
14988	84
14988	84
15000	84
15011	84
15023	84
15035	84
15046	84
15058	84
15070	84
15082	84
15082	84
15093	84
15105	84
15117	84
15128	84
15140	84
15152	84
15164	84
15175	84
15175	84
15187	84
15199	84
15210	84
15222	84
15234	84
15246	84
15257	84
15269	84
15281	84
15292	84
15304	84
15304	84
15316	84
15328	85
15339	85
15351	85
15363	85
15375	85
15386	85
15386	85
15398	85
15410	85
15421	85
15433	85
15445	85
15457	85
15468	85
15480	85
15492	85
15503	85
15515	85
15527	85
15539	85
15550	85
15562	85
15574	85
15585	85
15597	85
15609	85
15621	85
15632	85
15644	85
15656	85
15667	85
15679	85
15691	85
15703	85
15714	85
15726	85
15738	85
15750	85
15761	85
15761	85
15773	85
15785	85
15796	85
15808	85
15820	85
15832	85
15843	85
15855	85
15867	85
15878	85
15890	86
15902	86
15914	86
15925	86
15937	86
15949	86
15960	86
15972	86
15984	86
15996	86
16007	86
16019	86
16031	86
16042	86
16054	86
16054	86
16066	86
16078	86
16089	86
16101	86
16113	86
16125	86
16136	86
16148	86
16160	86
16171	86
16183	86
16195	86
16207	86
16218	86
16230	86
16230	86
16242	86
16253	86
16277	86
16289	86
16300	86
16312	86
16324	86
16335	86
16347	86
16359	86
16371	86
16382	86
16394	86
16406	86
16417	86
16429	86
16441	86
16453	86
16464	87
16476	87
16488	87
16500	87
16511	87
16523	87
16535	87
16535	87
16546	87
16558	87
16570	87
16582	87
16593	87
16605	87
16617	87
16628	87
16652	87
16664	87
16675	87
16687	87
16699	87
16710	87
16722	87
16734	87
16746	87
16757	87
16769	87
16781	87
16792	87
16804	87
16816	87
16828	87
16839	87
16851	87
16863	87
16875	87
16886	87
16886	87
16898	87
16910	87
16921	87
16933	87
16945	87
16957	87
16968	87
16980	87
16992	87
17003	87
17027	87
17039	87
17050	88
17062	88
17074	88
17085	88
17097	88
17109	88
17121	88
17132	88
17144	88
17156	88
17167	88
17179	88
17191	88
17214	88
17226	88
17238	88
17250	88
17261	88
17273	88
17285	88
17296	88
17308	88
17320	88
17332	88
17343	88
17355	88
17367	88
17378	88
17402	88
17414	88
17425	88
17437	88
17449	88
17460	88
17472	88
17484	88
17496	88
17507	88
17519	88
17531	88
17542	88
17554	88
17566	88
17578	88
17589	88
17601	88
17613	88
17613	88
17625	88
17636	88
17648	89
17660	89
17671	89
17683	89
17695	89
17707	89
17730	89
17730	89
17742	89
17753	89
17765	89
17777	89
17800	89
17812	89
17824	89
17835	89
17847	89
17859	89
17871	89
17882	89
17894	89
17906	89
17917	89
17929	89
17941	89
17953	89
17964	89
17976	89
18000	89
18011	89
18023	89
18035	89
18046	89
18058	89
18070	89
18082	89
18093	89
18105	89
18117	89
18140	89
18152	89
18164	89
18175	89
18199	89
18210	89
18222	89
18234	89
18246	89
18257	89
18269	89
18281	90
18292	90
18304	90
18316	90
18328	90
18351	90
18363	90
18375	90
18386	90
18398	90
18410	90
18421	90
18433	90
18445	90
18457	90
18468	90
18480	90
18492	90
18503	90
18515	90
18527	90
18539	90
18550	90
18562	90
18574	90
18597	90
18609	90
18621	90
18632	90
18644	90
18656	90
18667	90
18679	90
18691	90
18703	90
18714	90
18726	90
18738	90
18750	90
18761	90
18785	90
18796	90
18808	90
18820	90
18832	90
18843	90
18855	90
18867	90
18878	90
18902	90
18914	91
18925	91
18949	91
18960	91
18972	91
18984	91
18996	91
19007	91
19019	91
19031	91
19042	91
19066	91
19078	91
19089	91
19101	91
19113	91
19125	91
19136	91
19148	91
19160	91
19183	91
19195	91
19207	91
19218	91
19230	91
19242	91
19253	91
19265	91
19277	91
19300	91
19312	91
19324	91
19335	91
19347	91
19359	91
19371	91
19382	91
19394	91
19417	91
19429	91
19441	91
19453	91
19464	91
19476	91
19488	91
19511	91
19523	91
19535	91
19546	91
19558	91
19570	92
19582	92
19593	92
19605	92
19628	92
19640	92
19664	92
19675	92
19687	92
19710	92
19722	92
19734	92
19746	92
19757	92
19769	92
19781	92
19792	92
19816	92
19828	92
19839	92
19851	92
19863	92
19875	92
19886	92
19898	92
19910	92
19933	92
19945	92
19957	92
19968	92
19980	92
19992	92
20003	92
20015	92
20027	92
20039	92
20050	92
20062	92
20074	92
20085	92
20109	92
20121	92
20132	92
20144	92
20156	92
20167	92
20179	92
20191	92
20203	92
20214	92
20226	93
20250	93
20261	93
20273	93
20285	93
20296	93
20308	93
20320	93
20332	93
20343	93
20367	93
20378	93
20390	93
20414	93
20425	93
20449	93
20460	93
20472	93
20484	93
20496	93
20519	93
20531	93
20542	93
20554	93
20566	93
20578	93
20601	93
20613	93
20625	93
20636	93
20660	93
20671	93
20683	93
20695	93
20707	93
20718	93
20730	93
20742	93
20753	93
20777	93
20789	93
20800	93
20812	93
20824	93
20835	93
20847	93
20859	93
20871	93
20894	93
20906	93
20917	94
20929	94
20941	94
20953	94
20964	94
20976	94
20988	94
21000	94
21011	94
21023	94
21035	94
21046	94
21058	94
21070	94
21082	94
21093	94
21105	94
21128	94
21140	94
21152	94
21164	94
21175	94
21199	94
21210	94
21222	94
21234	94
21246	94
21257	94
21269	94
21292	94
21304	94
21316	94
21328	94
21339	94
21351	94
21375	94
21386	94
21398	94
21410	94
21421	94
21433	94
21445	94
21457	94
21480	94
21492	94
21503	94
21515	94
21527	94
21539	94
21562	94
21574	95
21585	95
21597	95
21609	95
21621	95
21632	95
21656	95
21667	95
21679	95
21691	95
21703	95
21714	95
21726	95
21738	95
21750	95
21761	95
21785	95
21796	95
21808	95
21820	95
21832	95
21843	95
21855	95
21878	95
21890	95
21902	95
21914	95
21937	95
21949	95
21960	95
21972	95
21984	95
22007	95
22019	95
22031	95
22042	95
22054	95
22066	95
22078	95
22089	95
22113	95
22125	95
22136	95
22148	95
22160	95
22171	95
22183	95
22195	95
22207	95
22230	95
22242	96
22253	96
22265	96
22277	96
22289	96
22300	96
22312	96
22324	96
22347	96
22359	96
22371	96
22382	96
22394	96
22406	96
22417	96
22441	96
22441	96
22453	96
22464	96
22476	96
22488	96
22500	96
22511	96
22523	96
22546	96
22558	96
22570	96
22582	96
22593	96
22605	96
22628	96
22640	96
22652	96
22664	96
22687	96
22699	96
22710	96
22722	96
22746	96
22757	96
22769	96
22781	96
22792	96
22804	96
22828	96
22839	96
22863	96
22875	96
22886	96
22898	96
22910	97
22921	97
22945	97
22957	97
22968	97
22980	97
22992	97
23015	97
23027	97
23039	97
23062	97
23074	97
23085	97
23097	97
23121	97
23132	97
23144	97
23156	97
23167	97
23179	97
23191	97
23203	97
23226	97
23238	97
23250	97
23261	97
23273	97
23285	97
23296	97
23308	97
23332	97
23343	97
23355	97
23367	97
23378	97
23390	97
23414	97
23425	97
23437	97
23449	97
23472	97
23484	97
23496	97
23507	97
23519	97
23542	97
23554	97
23566	97
23578	97
23589	97
23601	98
23625	98
23636	98
23648	98
23660	98
23671	98
23683	98
23707	98
23718	98
23730	98
23742	98
23753	98
23777	98
23789	98
23800	98
23812	98
23835	98
23847	98
23859	98
23871	98
23882	98
23906	98
23917	98
23929	98
23941	98
23953	98
23964	98
23976	98
23988	98
24000	98
24011	98
24023	98
24035	98
24058	98
24070	98
24082	98
24093	98
24105	98
24117	98
24140	98
24152	98
24164	98
24175	98
24187	98
24199	98
24222	98
24234	98
24246	98
24257	98
24269	98
24281	99
24304	99
24316	99
24328	99
24339	99
24351	99
24363	99
24386	99
24398	99
24410	99
24421	99
24433	99
24445	99
24457	99
24480	99
24492	99
24503	99
24527	99
24539	99
24550	99
24574	99
24585	99
24597	99
24609	99
24632	99
24644	99
24656	99
24667	99
24679	99
24691	99
24714	99
24726	99
24738	99
24750	99
24761	99
24773	99
24785	99
24796	99
24820	99
24832	99
24843	99
24855	99
24867	99
24890	99
24902	99
24914	99
24925	99
24937	99
24949	99
24972	99
24984	100
24996	100
25007	100
25019	100
25042	100
25054	100
25066	100
25078	100
25089	100
25101	100
25113	100
25125	100
25148	100
25160	100
25171	100
25183	100
25195	100
25207	100
25230	100
25242	100
25253	100
25277	100
25289	100
25300	100
25324	100
25335	100
25347	100
25359	100
25382	100
25394	100
25406	100
25417	100
25429	100
25441	100
25464	100
25476	100
25488	100
25500	100
25511	100
25523	100
25535	100
25558	100
25570	100
25582	100
25593	100
25605	100
25628	100
25640	100
25652	100
25664	100
25675	101
25687	101
25710	101
25722	101
25734	101
25746	101
25769	101
25781	101
25792	101
25804	101
25816	101
25828	101
25851	101
25863	101
25875	101
25886	101
25898	101
25921	101
25933	101
25945	101
25957	101
25968	101
25992	101
26003	101
26015	101
26039	101
26050	101
26074	101
26085	101
26097	101
26109	101
26132	101
26144	101
26156	101
26167	101
26179	101
26203	101
26214	101
26226	101
26238	101
26250	101
26261	101
26273	101
26296	101
26308	101
26320	101
26332	101
26343	101
26367	101
26378	101
26390	102
26402	102
26414	102
26437	102
26449	102
26460	102
26472	102
26484	102
26507	102
26519	102
26531	102
26542	102
26566	102
26578	102
26589	102
26601	102
26625	102
26636	102
26648	102
26660	102
26671	102
26695	102
26707	102
26718	102
26730	102
26753	102
26765	102
26789	102
26800	102
26824	102
26835	102
26847	102
26871	102
26882	102
26894	102
26906	102
26917	102
26941	102
26953	102
26964	102
26976	102
26988	102
27000	102
27023	102
27035	102
27046	102
27058	102
27070	102
27093	102
27105	102
27117	103
27128	103
27140	103
27152	103
27175	103
27187	103
27199	103
27210	103
27222	103
27246	103
27257	103
27269	103
27281	103
27304	103
27316	103
27328	103
27339	103
27351	103
27363	103
27386	103
27398	103
27410	103
27421	103
27433	103
27457	103
27468	103
27480	103
27492	103
27515	103
27527	103
27550	103
27562	103
27574	103
27597	103
27609	103
27621	103
27632	103
27656	103
27667	103
27679	103
27691	103
27714	103
27726	103
27738	103
27750	103
27773	103
27785	103
27796	103
27808	103
27832	103
27843	104
27855	104
27867	104
27890	104
27902	104
27914	104
27937	104
27949	104
27960	104
27972	104
27996	104
28007	104
28019	104
28031	104
28054	104
28066	104
28078	104
28089	104
28101	104
28125	104
28136	104
28148	104
28160	104
28171	104
28195	104
28207	104
28218	104
28230	104
28253	104
28265	104
28277	104
28300	104
28312	104
28324	104
28347	104
28359	104
28371	104
28382	104
28406	104
28417	104
28429	104
28441	104
28464	104
28476	104
28488	104
28500	104
28523	104
28535	104
28546	104
28558	104
28570	105
28593	105
28605	105
28617	105
28640	105
28652	105
28664	105
28687	105
28699	105
28710	105
28734	105
28746	105
28757	105
28769	105
28792	105
28804	105
28816	105
28828	105
28851	105
28863	105
28875	105
28886	105
28910	105
28921	105
28933	105
28945	105
28968	105
28980	105
28992	105
29015	105
29027	105
29050	105
29062	105
29074	105
29097	105
29109	105
29121	105
29144	105
29156	105
29167	105
29191	105
29203	105
29214	105
29238	105
29250	105
29273	105
29285	105
29296	105
29308	105
29332	105
29343	106
29355	106
29378	106
29390	106
29402	106
29425	106
29437	106
29449	106
29472	106
29484	106
29496	106
29507	106
29531	106
29542	106
29554	106
29566	106
29578	106
29589	106
29613	106
29625	106
29636	106
29648	106
29660	106
29683	106
29695	106
29707	106
29718	106
29742	106
29753	106
29765	106
29777	106
29800	106
29812	106
29824	106
29847	106
29859	106
29871	106
29894	106
29906	106
29917	106
29941	106
29953	106
29964	106
29988	106
30000	106
30023	106
30035	106
30046	106
30058	106
30082	106
30093	107
30105	107
30128	107
30152	107
30164	107
30187	107
30199	107
30222	107
30234	107
30246	107
30269	107
30281	107
30292	107
30304	107
30328	107
30339	107
30351	107
30375	107
30386	107
30398	107
30410	107
30433	107
30445	107
30457	107
30480	107
30492	107
30503	107
30515	107
30539	107
30550	107
30562	107
30574	107
30597	107
30609	107
30621	107
30644	107
30656	107
30667	107
30691	107
30703	107
30714	107
30726	107
30750	107
30761	107
30773	107
30796	107
30808	107
30820	107
30832	107
30855	107
30867	108
30890	108
30914	108
30925	108
30949	108
30960	108
30984	108
30996	108
31007	108
31031	108
31042	108
31054	108
31078	108
31089	108
31113	108
31125	108
31136	108
31148	108
31171	108
31183	108
31207	108
31218	108
31230	108
31242	108
31265	108
31277	108
31300	108
31312	108
31324	108
31347	108
31359	108
31371	108
31394	108
31406	108
31417	108
31441	108
31453	108
31464	108
31488	108
31500	108
31523	108
31535	108
31546	108
31558	108
31582	108
31593	108
31605	108
31628	108
31652	108
31664	108
31687	109
31710	109
31722	109
31746	109
31757	109
31769	109
31781	109
31804	109
31816	109
31839	109
31851	109
31863	109
31886	109
31898	109
31910	109
31921	109
31945	109
31957	109
31980	109
31992	109
32003	109
32015	109
32039	109
32050	109
32062	109
32074	109
32097	109
32109	109
32132	109
32144	109
32156	109
32179	109
32191	109
32203	109
32214	109
32238	109
32250	109
32273	109
32285	109
32296	109
32308	109
32332	109
32343	109
32367	109
32378	109
32402	109
32425	109
32449	109
32460	109
32484	109
32496	110
32507	110
32531	110
32542	110
32566	110
32578	110
32601	110
32613	110
32636	110
32648	110
32671	110
32683	110
32695	110
32718	110
32730	110
32742	110
32765	110
32777	110
32789	110
32812	110
32824	110
32835	110
32859	110
32871	110
32894	110
32906	110
32917	110
32941	110
32953	110
32964	110
32976	110
32988	110
33011	110
33023	110
33035	110
33058	110
33070	110
33082	110
33105	110
33117	110
33140	110
33152	110
33175	110
33187	110
33210	110
33222	110
33246	110
33257	110
33281	110
33292	110
33316	111
33328	111
33351	111
33363	111
33386	111
33398	111
33410	111
33433	111
33445	111
33468	111
33480	111
33492	111
33515	111
33527	111
33550	111
33562	111
33585	111
33597	111
33621	111
33632	111
33656	111
33667	111
33679	111
33703	111
33714	111
33726	111
33750	111
33761	111
33773	111
33796	111
33808	111
33832	111
33843	111
33867	111
33878	111
33902	111
33914	111
33937	111
33949	111
33972	111
33984	111
34007	111
34019	111
34031	111
34054	111
34066	111
34089	111
34101	111
34125	111
34136	111
34148	112
34171	112
34183	112
34207	112
34218	112
34230	112
34253	112
34265	112
34289	112
34300	112
34324	112
34335	112
34347	112
34371	112
34382	112
34406	112
34417	112
34441	112
34453	112
34464	112
34476	112
34488	112
34511	112
34523	112
34546	112
34558	112
34570	112
34593	112
34605	112
34628	112
34640	112
34664	112
34687	112
34699	112
34722	112
34734	112
34757	112
34769	112
34792	112
34804	112
34828	112
34839	112
34863	112
34886	112
34898	112
34921	112
34933	112
34945	112
34968	112
34992	112
35003	113
35027	113
35039	113
35062	113
35085	113
35097	113
35121	113
35132	113
35144	113
35167	113
35179	113
35203	113
35214	113
35226	113
35250	113
35261	113
35285	113
35296	113
35308	113
35332	113
35343	113
35367	113
35378	113
35402	113
35414	113
35437	113
35449	113
35472	113
35484	113
35507	113
35519	113
35542	113
35554	113
35578	113
35589	113
35613	113
35625	113
35648	113
35660	113
35683	113
35695	113
35707	113
35730	113
35753	113
35765	113
35789	113
35800	113
35824	113
35835	113
35859	113
35871	114
35894	114
35906	114
35929	114
35941	114
35964	114
35976	114
35988	114
36011	114
36023	114
36035	114
36058	114
36070	114
36093	114
36105	114
36128	114
36140	114
36164	114
36175	114
36199	114
36210	114
36222	114
36246	114
36257	114
36281	114
36292	114
36316	114
36328	114
36351	114
36363	114
36386	114
36398	114
36410	114
36433	114
36445	114
36468	114
36480	114
36503	114
36515	114
36539	114
36562	114
36574	114
36597	114
36609	114
36632	114
36644	114
36667	114
36679	114
36703	114
36714	114
36726	115
36750	115
36761	115
36785	115
36796	115
36820	115
36832	115
36855	115
36867	115
36878	115
36902	115
36914	115
36937	115
36949	115
36972	115
36984	115
37007	115
37019	115
37042	115
37054	115
37078	115
37089	115
37113	115
37125	115
37136	115
37160	115
37171	115
37195	115
37207	115
37230	115
37253	115
37265	115
37289	115
37312	115
37324	115
37347	115
37359	115
37382	115
37394	115
37417	115
37429	115
37453	115
37464	115
37488	115
37500	115
37511	115
37535	115
37546	115
37570	115
37582	115
37605	116
37617	116
37628	116
37652	116
37664	116
37687	116
37699	116
37722	116
37734	116
37757	116
37769	116
37792	116
37804	116
37816	116
37839	116
37851	116
37875	116
37886	116
37910	116
37921	116
37945	116
37957	116
37980	116
37992	116
38015	116
38039	116
38050	116
38074	116
38097	116
38109	116
38132	116
38144	116
38167	116
38179	116
38203	116
38214	116
38238	116
38250	116
38261	116
38285	116
38296	116
38320	116
38332	116
38355	116
38367	116
38390	116
38402	116
38425	116
38437	116
38460	116
38472	117
38496	117
38519	117
38531	117
38554	117
38566	117
38578	117
38601	117
38625	117
38636	117
38660	117
38671	117
38695	117
38707	117
38730	117
38742	117
38765	117
38789	117
38812	117
38824	117
38847	117
38859	117
38882	117
38894	117
38917	117
38929	117
38953	117
38964	117
38988	117
39000	117
39023	117
39035	117
39058	117
39070	117
39093	117
39105	117
39128	117
39140	117
39164	117
39175	117
39199	117
39210	117
39234	117
39246	117
39269	117
39281	117
39304	117
39316	117
39339	117
39351	117
39375	118
39386	118
39410	118
39421	118
39445	118
39457	118
39480	118
39503	118
39515	118
39539	118
39562	118
39585	118
39597	118
39621	118
39632	118
39656	118
39667	118
39691	118
39714	118
39726	118
39750	118
39761	118
39785	118
39796	118
39820	118
39832	118
39855	118
39878	118
39890	118
39914	118
39925	118
39949	118
39972	118
39984	118
40007	118
40019	118
40042	118
40054	118
40078	118
40089	118
40113	118
40125	118
40148	118
40160	118
40183	118
40195	118
40218	118
40230	118
40253	118
40277	118
40289	119
40312	119
40335	119
40347	119
40371	119
40382	119
40406	119
40429	119
40441	119
40464	119
40476	119
40500	119
40511	119
40535	119
40546	119
40570	119
40593	119
40605	119
40628	119
40652	119
40664	119
40687	119
40710	119
40722	119
40746	119
40757	119
40781	119
40792	119
40816	119
40839	119
40851	119
40875	119
40886	119
40910	119
40921	119
40945	119
40957	119
40980	119
41003	119
41015	119
41039	119
41062	119
41085	119
41097	119
41121	119
41144	119
41156	119
41179	119
41191	119
41214	119
41238	120
41261	120
41285	120
41296	120
41320	120
41332	120
41355	120
41367	120
41390	120
41414	120
41437	120
41449	120
41472	120
41496	120
41507	120
41531	120
41542	120
41566	120
41578	120
41601	120
41613	120
41625	120
41648	120
41660	120
41683	120
41707	120
41718	120
41742	120
41753	120
41777	120
41789	120
41812	120
41835	120
41847	120
41871	120
41894	120
41906	120
41929	120
41941	120
41964	120
41988	120
42011	120
42023	120
42046	120
42058	120
42082	120
42105	120
42117	120
42140	120
42164	120
42187	121
42210	121
42234	121
42246	121
42269	121
42292	121
42304	121
42328	121
42351	121
42363	121
42386	121
42398	121
42421	121
42433	121
42457	121
42480	121
42492	121
42515	121
42527	121
42550	121
42574	121
42585	121
42609	121
42632	121
42644	121
42667	121
42679	121
42703	121
42714	121
42738	121
42761	121
42773	121
42796	121
42808	121
42832	121
42855	121
42878	121
42890	121
42914	121
42937	121
42960	121
42984	121
43007	121
43019	121
43042	121
43054	121
43078	121
43101	121
43113	121
43136	121
43160	122
43171	122
43195	122
43218	122
43230	122
43253	122
43265	122
43289	122
43312	122
43324	122
43347	122
43371	122
43382	122
43406	122
43429	122
43441	122
43464	122
43488	122
43511	122
43523	122
43546	122
43558	122
43582	122
43605	122
43628	122
43652	122
43675	122
43699	122
43722	122
43734	122
43757	122
43769	122
43792	122
43816	122
43839	122
43851	122
43875	122
43886	122
43910	122
43933	122
43945	122
43968	122
43992	122
44003	122
44027	122
44039	122
44062	122
44074	122
44097	122
44121	122
44132	123
44156	123
44179	123
44191	123
44214	123
44226	123
44250	123
44273	123
44285	123
44308	123
44320	123
44343	123
44367	123
44390	123
44414	123
44437	123
44460	123
44484	123
44507	123
44519	123
44542	123
44566	123
44589	123
44613	123
44625	123
44648	123
44671	123
44683	123
44707	123
44730	123
44742	123
44765	123
44789	123
44800	123
44824	123
44847	123
44859	123
44882	123
44906	123
44917	123
44941	123
44953	123
44976	123
44988	123
45011	123
45023	123
45046	123
45070	123
45082	123
45105	123
45128	124
45152	124
45164	124
45187	124
45210	124
45234	124
45257	124
45269	124
45292	124
45316	124
45328	124
45351	124
45375	124
45398	124
45410	124
45433	124
45457	124
45480	124
45492	124
45515	124
45539	124
45562	124
45574	124
45597	124
45621	124
45632	124
45656	124
45679	124
45691	124
45714	124
45738	124
45750	124
45773	124
45796	124
45808	124
45832	124
45855	124
45878	124
45890	124
45914	124
45937	124
45960	124
45984	124
46007	124
46019	124
46042	124
46066	124
46078	124
46101	124
46125	124
46136	125
46160	125
46183	125
46207	125
46218	125
46242	125
46265	125
46277	125
46300	125
46324	125
46335	125
46359	125
46382	125
46406	125
46417	125
46441	125
46453	125
46476	125
46488	125
46511	125
46523	125
46546	125
46570	125
46593	125
46605	125
46628	125
46652	125
46675	125
46699	125
46710	125
46734	125
46757	125
46781	125
46792	125
46816	125
46839	125
46863	125
46886	125
46910	125
46933	125
46945	125
46968	125
46992	125
47015	125
47039	125
47062	125
47085	125
47097	125
47121	125
47144	125
47167	126
47179	126
47203	126
47226	126
47238	126
47261	126
47285	126
47296	126
47320	126
47343	126
47367	126
47378	126
47402	126
47425	126
47449	126
47472	126
47496	126
47507	126
47531	126
47554	126
47566	126
47589	126
47613	126
47636	126
47648	126
47671	126
47695	126
47718	126
47730	126
47753	126
47777	126
47800	126
47824	126
47847	126
47859	126
47882	126
47906	126
47929	126
47941	126
47964	126
47976	126
48000	126
48023	126
48035	126
48058	126
48082	126
48105	126
48117	126
48140	126
48164	126
48187	127
48199	127
48222	127
48246	127
48269	127
48292	127
48304	127
48328	127
48351	127
48375	127
48386	127
48410	127
48433	127
48445	127
48468	127
48492	127
48515	127
48539	127
48562	127
48585	127
48609	127
48621	127
48644	127
48667	127
48691	127
48703	127
48726	127
48750	127
48761	127
48785	127
48808	127
48832	127
48843	127
48867	127
48890	127
48902	127
48925	127
48949	127
48972	127
48984	127
49007	127
49031	127
49054	127
49066	127
49089	127
49113	127
49136	127
49148	127
49171	127
49195	127
49218	128
49242	128
49253	128
49289	128
49312	128
49335	128
49347	128
49371	128
49394	128
49417	128
49441	128
49453	128
49476	128
49500	128
49511	128
49535	128
49558	128
49582	128
49593	128
49617	128
49640	128
49664	128
49675	128
49699	128
49722	128
49746	128
49757	128
49781	128
49804	128
49828	128
49839	128
49863	128
49886	128
49910	128
49921	128
49945	128
49968	128
49992	128
50015	128
50039	128
50062	128
50085	128
50109	128
50132	128
50144	128
50167	128
50191	128
50214	128
50226	128
50250	128
50273	129
50285	129
50308	129
50332	129
50355	129
50367	129
50390	129
50414	129
50437	129
50460	129
50472	129
50496	129
50519	129
50542	129
50566	129
50578	129
50601	129
50625	129
50648	129
50671	129
50683	129
50707	129
50730	129
50753	129
50777	129
50800	129
50824	129
50847	129
50871	129
50894	129
50917	129
50929	129
50953	129
50976	129
51000	129
51011	129
51035	129
51058	129
51082	129
51105	129
51117	129
51140	129
51164	129
51187	129
51199	129
51222	129
51246	129
51269	129
51292	129
51304	129
51328	130
51351	130
51363	130
51386	130
51410	130
51433	130
51457	130
51468	130
51492	130
51515	130
51539	130
51574	130
51585	130
51609	130
51632	130
51656	130
51679	130
51703	130
51714	130
51738	130
51761	130
51785	130
51808	130
51832	130
51843	130
51867	130
51890	130
51914	130
51937	130
51960	130
51984	130
52007	130
52031	130
52042	130
52066	130
52089	130
52113	130
52125	130
52148	130
52171	130
52195	130
52218	130
52242	130
52265	130
52289	130
52312	130
52335	130
52359	130
52371	130
52394	130
52417	131
52441	131
52464	131
52488	131
52511	131
52523	131
52546	131
52570	131
52593	131
52617	131
52640	131
52664	131
52687	131
52710	131
52734	131
52757	131
52769	131
52792	131
52816	131
52839	131
52863	131
52875	131
52898	131
52921	131
52945	131
52968	131
52992	131
53015	131
53039	131
53062	131
53085	131
53109	131
53132	131
53144	131
53167	131
53191	131
53214	131
53250	131
53273	131
53285	131
53308	131
53332	131
53355	131
53378	131
53402	131
53425	131
53449	131
53472	131
53496	131
53519	131
53542	132
53554	132
53578	132
53601	132
53613	132
53636	132
53660	132
53671	132
53695	132
53718	132
53742	132
53765	132
53789	132
53812	132
53835	132
53847	132
53871	132
53894	132
53917	132
53941	132
53964	132
53988	132
54011	132
54035	132
54058	132
54082	132
54105	132
54128	132
54152	132
54175	132
54210	132
54234	132
54257	132
54269	132
54292	132
54316	132
54339	132
54363	132
54386	132
54410	132
54433	132
54457	132
54468	132
54492	132
54515	132
54539	132
54562	132
54585	132
54609	132
54632	132
54656	133
54667	133
54691	133
54714	133
54738	133
54761	133
54785	133
54808	133
54820	133
54843	133
54867	133
54902	133
54925	133
54949	133
54972	133
54996	133
55019	133
55042	133
55066	133
55089	133
55113	133
55136	133
55160	133
55183	133
55207	133
55218	133
55242	133
55265	133
55289	133
55312	133
55335	133
55359	133
55382	133
55406	133
55429	133
55453	133
55476	133
55500	133
55523	133
55546	133
55558	133
55582	133
55617	133
55640	133
55664	133
55699	133
55722	133
55746	133
55769	133
55792	133
55816	134
55839	134
55863	134
55875	134
55898	134
55921	134
55945	134
55968	134
55992	134
56015	134
56039	134
56050	134
56074	134
56097	134
56121	134
56144	134
56167	134
56191	134
56203	134
56226	134
56250	134
56273	134
56296	134
56320	134
56343	134
56367	134
56390	134
56425	134
56449	134
56472	134
56496	134
56519	134
56542	134
56566	134
56589	134
56625	134
56648	134
56660	134
56683	134
56707	134
56730	134
56753	134
56777	134
56800	134
56824	134
56847	134
56871	134
56894	134
56917	134
56941	134
56953	135
56976	135
56988	135
57011	135
57035	135
57058	135
57082	135
57105	135
57128	135
57152	135
57175	135
57210	135
57234	135
57257	135
57281	135
57304	135
57328	135
57351	135
57375	135
57398	135
57421	135
57445	135
57468	135
57492	135
57515	135
57539	135
57562	135
57585	135
57609	135
57632	135
57656	135
57679	135
57703	135
57714	135
57738	135
57761	135
57785	135
57808	135
57832	135
57855	135
57878	135
57902	135
57937	135
57960	135
57984	135
58007	135
58031	135
58054	135
58078	135
58101	135
58113	136
58136	136
58160	136
58183	136
58207	136
58230	136
58253	136
58277	136
58300	136
58324	136
58347	136
58371	136
58394	136
58417	136
58441	136
58453	136
58476	136
58500	136
58511	136
58535	136
58558	136
58582	136
58605	136
58628	136
58652	136
58687	136
58710	136
58734	136
58757	136
58781	136
58804	136
58828	136
58851	136
58886	136
58910	136
58921	136
58945	136
58968	136
59003	136
59027	136
59050	136
59074	136
59097	136
59121	136
59144	136
59167	136
59191	136
59214	136
59238	136
59261	136
59285	137
59308	137
59332	137
59355	137
59378	137
59402	137
59425	137
59449	137
59472	137
59496	137
59519	137
59542	137
59566	137
59589	137
59613	137
59636	137
59660	137
59683	137
59707	137
59730	137
59753	137
59777	137
59800	137
59824	137
59847	137
59871	137
59894	137
59917	137
59941	137
59964	137
59988	137
60011	137
60035	137
60058	137
60082	137
60105	137
60128	137
60140	137
60164	137
60199	137
60210	137
60246	137
60269	137
60292	137
60304	137
60328	137
60351	137
60375	137
60398	137
60421	137
60445	138
60468	138
60492	138
60527	138
60550	138
60574	138
60597	138
60621	138
60644	138
60667	138
60691	138
60714	138
60738	138
60761	138
60785	138
60808	138
60832	138
60855	138
60878	138
60890	138
60914	138
60937	138
60960	138
60984	138
61007	138
61031	138
61054	138
61078	138
61101	138
61125	138
61148	138
61171	138
61195	138
61218	138
61242	138
61277	138
61300	138
61324	138
61347	138
61371	138
61394	138
61417	138
61441	138
61464	138
61488	138
61511	138
61535	138
61558	138
61582	138
61605	138
61628	139
61652	139
61675	139
61699	139
61722	139
61746	139
61769	139
61792	139
61816	139
61839	139
61863	139
61886	139
61910	139
61933	139
61957	139
61980	139
62003	139
62027	139
62062	139
62085	139
62109	139
62132	139
62156	139
62179	139
62203	139
62226	139
62250	139
62273	139
62296	139
62320	139
62343	139
62367	139
62390	139
62414	139
62437	139
62460	139
62484	139
62507	139
62531	139
62554	139
62578	139
62601	139
62625	139
62648	139
62671	139
62695	139
62718	139
62742	139
62765	139
62800	139
62824	140
62847	140
62871	140
62894	140
62917	140
62941	140
62964	140
62988	140
63011	140
63035	140
63058	140
63082	140
63105	140
63128	140
63152	140
63175	140
63199	140
63222	140
63246	140
63269	140
63292	140
63316	140
63339	140
63363	140
63386	140
63410	140
63433	140
63457	140
63480	140
63503	140
63527	140
63562	140
63585	140
63609	140
63632	140
63656	140
63679	140
63703	140
63726	140
63750	140
63773	140
63796	140
63832	140
63855	140
63878	140
63902	140
63925	140
63949	140
63972	140
63996	140
64019	141
64042	141
64066	141
64089	141
64113	141
64136	141
64160	141
64183	141
64207	141
64242	141
64265	141
64289	141
64312	141
64335	141
64371	141
64394	141
64417	141
64441	141
64464	141
64488	141
64511	141
64535	141
64558	141
64582	141
64605	141
64628	141
64652	141
64687	141
64710	141
64734	141
64757	141
64781	141
64804	141
64828	141
64851	141
64875	141
64898	141
64921	141
64945	141
64968	141
64992	141
65027	141
65050	141
65074	141
65109	141
65132	141
65156	141
65179	141
65203	141
65238	141
65261	142
65285	142
65308	142
65332	142
65355	142
65390	142
65414	142
65437	142
65460	142
65496	142
65519	142
65542	142
65566	142
65589	142
65601	142
65625	142
65648	142
65671	142
65707	142
65730	142
65753	142
65777	142
65800	142
65824	142
65847	142
65871	142
65894	142
65917	142
65941	142
65976	142
66000	142
66023	142
66046	142
66070	142
66093	142
66128	142
66152	142
66187	142
66210	142
66234	142
66257	142
66281	142
66316	142
66339	142
66363	142
66386	142
66410	142
66433	142
66457	142
66480	142
66503	143
66527	143
66550	143
66574	143
66597	143
66621	143
66656	143
66679	143
66703	143
66726	143
66750	143
66773	143
66796	143
66820	143
66843	143
66867	143
66902	143
66937	143
66960	143
66984	143
67007	143
67031	143
67066	143
67089	143
67113	143
67136	143
67160	143
67183	143
67218	143
67242	143
67265	143
67289	143
67312	143
67335	143
67371	143
67394	143
67417	143
67441	143
67464	143
67500	143
67523	143
67546	143
67570	143
67593	143
67628	143
67652	143
67687	143
67710	143
67746	143
67769	143
67792	144
67816	144
67839	144
67863	144
67886	144
67910	144
67945	144
67968	144
67992	144
68015	144
68039	144
68062	144
68085	144
68109	144
68132	144
68156	144
68179	144
68203	144
68226	144
68250	144
68273	144
68296	144
68320	144
68355	144
68378	144
68414	144
68437	144
68472	144
68496	144
68519	144
68542	144
68578	144
68601	144
68636	144
68660	144
68683	144
68707	144
68730	144
68753	144
68777	144
68812	144
68835	144
68859	144
68882	144
68906	144
68929	144
68953	144
68976	144
69000	144
69023	144
69046	145
69070	145
69093	145
69128	145
69152	145
69175	145
69210	145
69234	145
69257	145
69281	145
69316	145
69339	145
69363	145
69398	145
69421	145
69445	145
69468	145
69492	145
69527	145
69550	145
69574	145
69597	145
69632	145
69656	145
69679	145
69703	145
69726	145
69750	145
69773	145
69796	145
69832	145
69855	145
69878	145
69902	145
69937	145
69960	145
69984	145
70019	145
70042	145
70066	145
70089	145
70113	145
70136	145
70160	145
70195	145
70218	145
70242	145
70265	145
70289	145
70312	145
70347	146
70371	146
70394	146
70417	146
70441	146
70464	146
70488	146
70511	146
70535	146
70558	146
70582	146
70617	146
70640	146
70664	146
70699	146
70722	146
70746	146
70769	146
70804	146
70828	146
70863	146
70886	146
70910	146
70945	146
70968	146
70992	146
71027	146
71050	146
71085	146
71109	146
71132	146
71167	146
71191	146
71214	146
71238	146
71261	146
71285	146
71308	146
71343	146
71367	146
71390	146
71414	146
71449	146
71472	146
71496	146
71519	146
71554	146
71578	146
71601	146
71625	146
71648	147
71683	147
71707	147
71730	147
71753	147
71789	147
71812	147
71835	147
71859	147
71894	147
71917	147
71941	147
71964	147
71988	147
72011	147
72035	147
72058	147
72093	147
72117	147
72140	147
72164	147
72187	147
72222	147
72246	147
72269	147
72292	147
72316	147
72351	147
72375	147
72398	147
72421	147
72457	147
72480	147
72503	147
72539	147
72562	147
72597	147
72621	147
72644	147
72679	147
72703	147
72726	147
72750	147
72773	147
72796	147
72832	147
72855	147
72878	147
72902	147
72937	147
72960	148
72984	148
73019	148
73042	148
73066	148
73089	148
73113	148
73148	148
73171	148
73195	148
73218	148
73253	148
73277	148
73312	148
73347	148
73371	148
73394	148
73417	148
73441	148
73476	148
73500	148
73523	148
73546	148
73570	148
73605	148
73628	148
73652	148
73675	148
73699	148
73722	148
73757	148
73781	148
73804	148
73828	148
73851	148
73886	148
73910	148
73933	148
73957	148
73992	148
74015	148
74050	148
74074	148
74109	148
74132	148
74156	148
74191	148
74214	148
74238	148
74261	148
74285	149
74320	149
74343	149
74367	149
74390	149
74425	149
74449	149
74472	149
74496	149
74531	149
74554	149
74578	149
74613	149
74636	149
74660	149
74683	149
74718	149
74742	149
74777	149
74812	149
74835	149
74871	149
74894	149
74917	149
74941	149
74976	149
75000	149
75023	149
75046	149
75082	149
75105	149
75128	149
75152	149
75175	149
75210	149
75234	149
75257	149
75292	149
75316	149
75339	149
75363	149
75386	149
75421	149
75445	149
75468	149
75492	149
75527	149
75550	149
75585	149
75609	149
75644	150
75667	150
75691	150
75714	150
75750	150
75773	150
75796	150
75820	150
75855	150
75878	150
75902	150
75937	150
75960	150
75984	150
76019	150
76042	150
76066	150
76089	150
76125	150
76148	150
76171	150
76195	150
76230	150
76253	150
76289	150
76312	150
76347	150
76371	150
76394	150
76417	150
76453	150
76476	150
76500	150
76535	150
76558	150
76582	150
76617	150
76640	150
76675	150
76699	150
76734	150
76757	150
76781	150
76816	150
76839	150
76863	150
76886	150
76921	150
76945	150
76968	150
77003	151
77027	151
77062	151
77097	151
77121	151
77144	151
77179	151
77203	151
77238	151
77261	151
77296	151
77320	151
77343	151
77378	151
77402	151
77437	151
77460	151
77496	151
77519	151
77542	151
77566	151
77589	151
77613	151
77636	151
77671	151
77695	151
77718	151
77742	151
77777	151
77800	151
77824	151
77859	151
77882	151
77906	151
77941	151
77964	151
78000	151
78023	151
78046	151
78082	151
78105	151
78140	151
78175	151
78210	151
78234	151
78257	151
78292	151
78316	151
78339	151
78375	151
78398	152
78421	152
78457	152
78480	152
78503	152
78539	152
78562	152
78597	152
78621	152
78644	152
78679	152
78703	152
78726	152
78761	152
78785	152
78808	152
78843	152
78867	152
78902	152
78937	152
78972	152
78996	152
79019	152
79054	152
79078	152
79113	152
79136	152
79160	152
79195	152
79218	152
79242	152
79277	152
79300	152
79335	152
79359	152
79382	152
79417	152
79441	152
79464	152
79500	152
79523	152
79558	152
79582	152
79605	152
79640	152
79675	152
79710	152
79734	152
79769	152
79792	152
79816	153
79851	153
79875	153
79898	153
79933	153
79957	153
79980	153
80015	153
80039	153
80062	153
80085	153
80121	153
80144	153
80167	153
80203	153
80226	153
80250	153
80285	153
80308	153
80332	153
80367	153
80402	153
80437	153
80472	153
80496	153
80519	153
80554	153
80589	153
80613	153
80648	153
80671	153
80707	153
80730	153
80753	153
80789	153
80812	153
80847	153
80871	153
80894	153
80929	153
80953	153
80976	153
81000	153
81023	153
81058	153
81082	153
81105	153
81140	153
81175	153
81199	153
81234	154
81257	154
81292	154
81316	154
81351	154
81375	154
81398	154
81433	154
81457	154
81492	154
81515	154
81550	154
81574	154
81597	154
81632	154
81656	154
81691	154
81714	154
81738	154
81761	154
81796	154
81820	154
81855	154
81878	154
81914	154
81937	154
81972	154
81996	154
82031	154
82054	154
82078	154
82113	154
82136	154
82160	154
82195	154
82218	154
82253	154
82277	154
82312	154
82335	154
82359	154
82394	154
82417	154
82441	154
82464	154
82488	154
82523	154
82546	154
82582	154
82605	154
82628	155
82664	155
82699	155
82722	155
82757	155
82781	155
82816	155
82851	155
82886	155
82910	155
82933	155
82968	155
82992	155
83027	155
83062	155
83097	155
83121	155
83144	155
83179	155
83203	155
83238	155
83261	155
83285	155
83320	155
83343	155
83378	155
83402	155
83437	155
83460	155
83496	155
83519	155
83554	155
83578	155
83601	155
83636	155
83660	155
83683	155
83718	155
83742	155
83777	155
83812	155
83835	155
83871	155
83894	155
83917	155
83953	155
83976	155
84000	155
84023	155
84058	155
84082	156
84117	156
84140	156
84164	156
84199	156
84222	156
84257	156
84281	156
84316	156
84339	156
84363	156
84398	156
84421	156
84457	156
84480	156
84515	156
84550	156
84574	156
84609	156
84632	156
84667	156
84691	156
84726	156
84750	156
84773	156
84808	156
84832	156
84867	156
84890	156
84914	156
84949	156
84972	156
85007	156
85031	156
85066	156
85089	156
85113	156
85148	156
85171	156
85207	156
85230	156
85265	156
85300	156
85324	156
85359	156
85394	156
85417	156
85441	156
85476	156
85500	156
85523	157
85558	157
85582	157
85617	157
85640	157
85664	157
85699	157
85722	157
85757	157
85781	157
85804	157
85839	157
85863	157
85898	157
85921	157
85945	157
85980	157
86015	157
86050	157
86074	157
86109	157
86132	157
86167	157
86191	157
86226	157
86250	157
86273	157
86308	157
86332	157
86367	157
86390	157
86414	157
86449	157
86472	157
86507	157
86531	157
86566	157
86589	157
86625	157
86648	157
86683	157
86707	157
86742	157
86777	157
86812	157
86835	157
86871	157
86894	157
86929	157
86953	157
86988	158
87011	158
87035	158
87070	158
87093	158
87128	158
87152	158
87187	158
87210	158
87234	158
87269	158
87292	158
87328	158
87351	158
87386	158
87410	158
87433	158
87468	158
87503	158
87527	158
87562	158
87597	158
87621	158
87656	158
87679	158
87714	158
87738	158
87773	158
87796	158
87820	158
87855	158
87878	158
87914	158
87949	158
87972	158
88007	158
88031	158
88066	158
88089	158
88113	158
88148	158
88171	158
88207	158
88230	158
88265	158
88289	158
88324	158
88359	158
88382	158
88417	158
88441	159
88476	159
88500	159
88535	159
88558	159
88593	159
88617	159
88652	159
88675	159
88710	159
88746	159
88769	159
88804	159
88828	159
88863	159
88886	159
88910	159
88945	159
88968	159
89003	159
89039	159
89074	159
89097	159
89132	159
89156	159
89191	159
89226	159
89261	159
89285	159
89320	159
89343	159
89378	159
89414	159
89449	159
89472	159
89507	159
89531	159
89566	159
89589	159
89613	159
89636	159
89671	159
89695	159
89730	159
89753	159
89789	159
89812	159
89847	159
89871	159
89906	159
89929	160
89964	160
90000	160
90023	160
90058	160
90082	160
90117	160
90152	160
90187	160
90222	160
90246	160
90281	160
90304	160
90339	160
90363	160
90398	160
90421	160
90457	160
90480	160
90515	160
90539	160
90574	160
90597	160
90632	160
90667	160
90691	160
90726	160
90750	160
90785	160
90808	160
90843	160
90867	160
90902	160
90949	160
90972	160
91007	160
91031	160
91066	160
91101	160
91125	160
91160	160
91183	160
91218	160
91242	160
91277	160
91312	160
91335	160
91371	160
91394	160
91429	160
91453	161
91488	161
91523	161
91546	161
91582	161
91605	161
91652	161
91687	161
91722	161
91746	161
91781	161
91804	161
91839	161
91875	161
91898	161
91933	161
91957	161
91992	161
92015	161
92039	161
92074	161
92097	161
92132	161
92156	161
92191	161
92214	161
92250	161
92273	161
92308	161
92332	161
92367	161
92402	161
92437	161
92472	161
92507	161
92531	161
92566	161
92601	161
92636	161
92660	161
92695	161
92730	161
92753	161
92789	161
92812	161
92847	161
92871	161
92906	161
92929	161
92964	161
92988	162
93011	162
93046	162
93070	162
93105	162
93140	162
93164	162
93199	162
93234	162
93269	162
93292	162
93328	162
93363	162
93386	162
93421	162
93445	162
93480	162
93515	162
93550	162
93574	162
93609	162
93644	162
93667	162
93703	162
93726	162
93761	162
93785	162
93820	162
93843	162
93878	162
93914	162
93949	162
93984	162
94007	162
94042	162
94066	162
94101	162
94125	162
94160	162
94195	162
94218	162
94253	162
94277	162
94312	162
94335	162
94371	162
94406	162
94429	162
94464	162
94488	162
94511	163
94535	163
94570	163
94605	163
94628	163
94664	163
94699	163
94734	163
94757	163
94792	163
94828	163
94863	163
94898	163
94921	163
94957	163
94992	163
95027	163
95062	163
95085	163
95121	163
95156	163
95179	163
95214	163
95238	163
95273	163
95296	163
95332	163
95367	163
95390	163
95425	163
95460	163
95496	163
95519	163
95554	163
95578	163
95613	163
95648	163
95671	163
95707	163
95730	163
95765	163
95800	163
95835	163
95859	163
95894	163
95929	163
95953	163
95976	163
96011	163
96035	163
96070	164
96105	164
96128	164
96164	164
96187	164
96222	164
96257	164
96281	164
96316	164
96351	164
96375	164
96410	164
96433	164
96468	164
96503	164
96539	164
96574	164
96609	164
96632	164
96667	164
96691	164
96726	164
96750	164
96785	164
96820	164
96843	164
96878	164
96902	164
96937	164
96972	164
96996	164
97031	164
97066	164
97089	164
97125	164
97160	164
97183	164
97218	164
97253	164
97289	164
97324	164
97359	164
97382	164
97417	164
97453	164
97476	164
97511	164
97535	164
97570	164
97593	164
97628	165
97664	165
97687	165
97722	165
97746	165
97781	165
97816	165
97839	165
97875	165
97910	165
97933	165
97968	165
98003	165
98039	165
98074	165
98109	165
98132	165
98167	165
98203	165
98226	165
98261	165
98285	165
98320	165
98355	165
98378	165
98414	165
98449	165
98472	165
98507	165
98542	165
98578	165
98601	165
98636	165
98671	165
98695	165
98730	165
98765	165
98800	165
98835	165
98871	165
98906	165
98929	165
98964	165
99000	165
99023	165
99058	165
99093	165
99117	165
99152	165
99175	165
99210	166
99246	166
99269	166
99304	166
99339	166
99363	166
99398	166
99421	166
99457	166
99492	166
99527	166
99562	166
99597	166
99632	166
99656	166
99691	166
99726	166
99750	166
99785	166
99820	166
99843	166
99878	166
99914	166
99949	166
99984	166
100007	166
100042	166
100078	166
100101	166
100136	166
100160	166
100195	166
100230	166
100265	166
100300	166
100324	166
100359	166
100394	166
100429	166
100453	166
100488	166
100523	166
100558	166
100582	166
100617	166
100652	166
100687	166
100722	166
100746	166
100781	166
100816	167
100851	167
100875	167
100910	167
100945	167
100968	167
101003	167
101039	167
101074	167
101109	167
101144	167
101179	167
101214	167
101250	167
101285	167
101308	167
101343	167
101378	167
101414	167
101449	167
101484	167
101519	167
101542	167
101578	167
101601	167
101636	167
101660	167
101695	167
101730	167
101753	167
101789	167
101824	167
101847	167
101882	167
101917	167
101953	167
101988	167
102023	167
102046	167
102082	167
102117	167
102152	167
102199	167
102222	167
102257	167
102292	167
102328	167
102351	167
102386	167
102421	167
102445	168
102480	168
102515	168
102550	168
102574	168
102609	168
102644	168
102679	168
102703	168
102738	168
102773	168
102796	168
102832	168
102867	168
102902	168
102949	168
102984	168
103007	168
103042	168
103078	168
103113	168
103148	168
103171	168
103207	168
103242	168
103277	168
103300	168
103335	168
103371	168
103406	168
103429	168
103464	168
103500	168
103535	168
103570	168
103605	168
103640	168
103675	168
103722	168
103746	168
103781	168
103816	168
103851	168
103886	168
103910	168
103945	168
103980	168
104003	168
104039	168
104062	168
104097	169
104132	169
104167	169
104191	169
104226	169
104261	169
104285	169
104320	169
104355	169
104390	169
104437	169
104472	169
104507	169
104531	169
104566	169
104601	169
104636	169
104671	169
104707	169
104742	169
104765	169
104800	169
104835	169
104859	169
104894	169
104929	169
104953	169
104988	169
105011	169
105046	169
105082	169
105105	169
105140	169
105175	169
105210	169
105246	169
105281	169
105316	169
105351	169
105386	169
105410	169
105445	169
105480	169
105515	169
105550	169
105585	169
105621	169
105644	169
105679	169
105714	169
105738	170
105773	170
105808	170
105843	170
105878	170
105914	170
105949	170
105984	170
106007	170
106042	170
106078	170
106113	170
106136	170
106171	170
106207	170
106242	170
106265	170
106300	170
106335	170
106371	170
106394	170
106429	170
106453	170
106488	170
106511	170
106546	170
106582	170
106605	170
106640	170
106675	170
106710	170
106746	170
106781	170
106816	170
106851	170
106886	170
106921	170
106945	170
106980	170
107015	170
107062	170
107097	170
107121	170
107156	170
107191	170
107214	170
107250	170
107285	170
107320	170
107343	170
107378	171
107414	171
107449	171
107484	171
107519	171
107542	171
107578	171
107613	171
107648	171
107671	171
107707	171
107742	171
107777	171
107812	171
107847	171
107882	171
107906	171
107941	171
107976	171
108000	171
108035	171
108058	171
108093	171
108128	171
108164	171
108187	171
108222	171
108257	171
108292	171
108316	171
108351	171
108386	171
108421	171
108445	171
108480	171
108515	171
108550	171
108585	171
108621	171
108656	171
108691	171
108714	171
108750	171
108773	171
108808	171
108843	171
108878	171
108902	171
108937	171
108972	171
109007	172
109042	172
109066	172
109101	172
109136	172
109160	172
109195	172
109230	172
109265	172
109300	172
109335	172
109371	172
109406	172
109441	172
109464	172
109500	172
109523	172
109558	172
109593	172
109628	172
109652	172
109687	172
109722	172
109746	172
109781	172
109816	172
109851	172
109886	172
109910	172
109945	172
109980	172
110015	172
110050	172
110085	172
110121	172
110156	172
110191	172
110214	172
110250	172
110285	172
110308	172
110343	172
110378	172
110414	172
110437	172
110472	172
110507	172
110542	172
110566	172
110601	172
110636	173
110671	173
110707	173
110730	173
110777	173
110812	173
110847	173
110882	173
110906	173
110941	173
110976	173
111000	173
111035	173
111070	173
111105	173
111128	173
111164	173
111199	173
111222	173
111257	173
111292	173
111316	173
111351	173
111386	173
111410	173
111445	173
111480	173
111515	173
111550	173
111585	173
111621	173
111656	173
111679	173
111714	173
111750	173
111785	173
111808	173
111843	173
111878	173
111914	173
111949	173
111984	173
112007	173
112042	173
112078	173
112101	173
112136	173
112171	173
112207	173
112230	173
112265	174
112300	174
112335	174
112371	174
112406	174
112441	174
112464	174
112500	174
112535	174
112570	174
112605	174
112628	174
112675	174
112699	174
112734	174
112769	174
112804	174
112839	174
112863	174
112898	174
112933	174
112957	174
112992	174
113027	174
113074	174
113109	174
113132	174
113167	174
113203	174
113238	174
113273	174
113308	174
113343	174
113378	174
113414	174
113449	174
113484	174
113507	174
113542	174
113578	174
113601	174
113625	174
113660	174
113695	174
113730	174
113753	174
113789	174
113824	174
113859	174
113882	174
113917	175
113953	175
113988	175
114023	175
114058	175
114082	175
114117	175
114164	175
114199	175
114234	175
114269	175
114292	175
114328	175
114363	175
114398	175
114421	175
114457	175
114492	175
114515	175
114550	175
114585	175
114621	175
114656	175
114679	175
114714	175
114750	175
114785	175
114808	175
114843	175
114878	175
114925	175
114960	175
114996	175
115019	175
115054	175
115089	175
115125	175
115160	175
115183	175
115218	175
115253	175
115289	175
115324	175
115347	175
115382	175
115417	175
115453	175
115488	175
115523	175
115546	175
115582	176
115617	176
115664	176
115699	176
115734	176
115769	176
115792	176
115828	176
115863	176
115898	176
115921	176
115957	176
115992	176
116015	176
116050	176
116085	176
116109	176
116144	176
116179	176
116203	176
116238	176
116273	176
116296	176
116332	176
116367	176
116402	176
116449	176
116484	176
116519	176
116542	176
116578	176
116613	176
116648	176
116683	176
116718	176
116742	176
116777	176
116812	176
116847	176
116871	176
116906	176
116941	176
116964	176
116988	176
117023	176
117058	176
117082	176
117117	176
117152	176
117187	176
117222	177
117257	177
117292	177
117328	177
117363	177
117386	177
117421	177
117457	177
117492	177
117527	177
117550	177
117585	177
117621	177
117656	177
117691	177
117714	177
117750	177
117785	177
117808	177
117843	177
117878	177
117914	177
117949	177
117984	177
118019	177
118042	177
118078	177
118113	177
118136	177
118171	177
118207	177
118242	177
118265	177
118300	177
118335	177
118359	177
118394	177
118429	177
118453	177
118476	177
118511	177
118535	177
118570	177
118605	177
118640	177
118675	177
118710	177
118734	177
118769	177
118804	177
118839	178
118875	178
118910	178
118945	178
118968	178
119003	178
119039	178
119074	178
119109	178
119144	178
119179	178
119203	178
119238	178
119261	178
119296	178
119332	178
119355	178
119390	178
119425	178
119460	178
119496	178
119531	178
119554	178
119589	178
119625	178
119648	178
119683	178
119718	178
119753	178
119789	178
119812	178
119847	178
119882	178
119917	178
119941	178
119976	178
120000	178
120035	178
120058	178
120093	178
120128	178
120152	178
120187	178
120222	178
120257	178
120281	178
120316	178
120351	178
120375	178
120410	178
120445	179
120468	179
120503	179
120539	179
120574	179
120609	179
120644	179
120667	179
120703	179
120738	179
120761	179
120796	179
120820	179
120855	179
120890	179
120914	179
120949	179
120984	179
121007	179
121042	179
121078	179
121101	179
121136	179
121160	179
121195	179
121230	179
121265	179
121300	179
121335	179
121371	179
121394	179
121429	179
121464	179
121488	179
121511	179
121546	179
121582	179
121605	179
121640	179
121675	179
121699	179
121734	179
121769	179
121792	179
121828	179
121863	179
121886	179
121921	179
121957	179
121980	179
122027	180
122062	180
122097	180
122121	180
122156	180
122191	180
122214	180
122250	180
122273	180
122308	180
122343	180
122367	180
122402	180
122437	180
122460	180
122496	180
122531	180
122554	180
122589	180
122625	180
122648	180
122683	180
122718	180
122742	180
122789	180
122824	180
122847	180
122882	180
122917	180
122941	180
122976	180
123000	180
123035	180
123070	180
123093	180
123128	180
123152	180
123187	180
123222	180
123246	180
123281	180
123316	180
123339	180
123375	180
123398	180
123433	180
123457	180
123492	180
123527	180
123562	180
123597	181
123632	181
123656	181
123691	181
123726	181
123750	181
123785	181
123820	181
123843	181
123878	181
123914	181
123949	181
123972	181
124007	181
124042	181
124066	181
124101	181
124125	181
124160	181
124195	181
124218	181
124253	181
124289	181
124324	181
124359	181
124382	181
124417	181
124441	181
124476	181
124511	181
124535	181
124570	181
124605	181
124640	181
124664	181
124699	181
124734	181
124769	181
124792	181
124828	181
124851	181
124886	181
124910	181
124945	181
124980	181
125003	181
125050	181
125074	181
125109	181
125144	181
125179	182
125214	182
125250	182
125273	182
125308	182
125343	182
125367	182
125402	182
125437	182
125472	182
125507	182
125531	182
125566	182
125589	182
125613	182
125648	182
125671	182
125707	182
125730	182
125765	182
125800	182
125824	182
125859	182
125894	182
125917	182
125953	182
125988	182
126023	182
126046	182
126082	182
126117	182
126152	182
126187	182
126222	182
126257	182
126281	182
126316	182
126351	182
126375	182
126410	182
126433	182
126468	182
126503	182
126527	182
126562	182
126585	182
126621	182
126656	182
126679	182
126714	182
126750	183
126773	183
126808	183
126832	183
126867	183
126914	183
126949	183
126984	183
127007	183
127042	183
127066	183
127101	183
127136	183
127160	183
127195	183
127230	183
127253	183
127289	183
127324	183
127347	183
127382	183
127406	183
127441	183
127476	183
127511	183
127535	183
127570	183
127593	183
127640	183
127675	183
127710	183
127746	183
127769	183
127804	183
127839	183
127863	183
127898	183
127921	183
127957	183
127980	183
128015	183
128039	183
128074	183
128097	183
128132	183
128167	183
128191	183
128214	183
128250	183
128285	183
128308	184
128343	184
128378	184
128414	184
128449	184
128484	184
128519	184
128542	184
128578	184
128613	184
128648	184
128671	184
128707	184
128742	184
128765	184
128800	184
128824	184
128859	184
128894	184
128917	184
128953	184
128976	184
129000	184
129035	184
129058	184
129093	184
129128	184
129152	184
129187	184
129222	184
129257	184
129281	184
129316	184
129351	184
129386	184
129410	184
129445	184
129468	184
129503	184
129539	184
129574	184
129597	184
129632	184
129667	184
129691	184
129714	184
129750	184
129785	184
129808	184
129843	184
129867	185
129902	185
129937	185
129972	185
130007	185
130031	185
130066	185
130089	185
130125	185
130160	185
130183	185
130218	185
130242	185
130277	185
130312	185
130335	185
130371	185
130394	185
130429	185
130453	185
130476	185
130511	185
130535	185
130570	185
130593	185
130628	185
130664	185
130699	185
130722	185
130757	185
130792	185
130828	185
130863	185
130898	185
130921	185
130957	185
130980	185
131015	185
131050	185
131085	185
131121	185
131156	185
131179	185
131214	185
131238	185
131273	185
131296	185
131332	185
131355	185
131390	185
131425	186
131460	186
131484	186
131519	186
131554	186
131578	186
131613	186
131636	186
131671	186
131707	186
131730	186
131765	186
131800	186
131835	186
131859	186
131894	186
131929	186
131953	186
131976	186
132011	186
132035	186
132070	186
132093	186
132128	186
132152	186
132187	186
132222	186
132246	186
132281	186
132316	186
132339	186
132375	186
132398	186
132433	186
132468	186
132492	186
132527	186
132562	186
132597	186
132632	186
132656	186
132691	186
132714	186
132750	186
132773	186
132808	186
132832	186
132867	186
132902	186
132925	186
132960	187
132984	187
133019	187
133054	187
133078	187
133113	187
133136	187
133171	187
133207	187
133230	187
133265	187
133300	187
133335	187
133371	187
133394	187
133429	187
133464	187
133488	187
133523	187
133546	187
133582	187
133605	187
133640	187
133664	187
133699	187
133734	187
133757	187
133792	187
133816	187
133851	187
133886	187
133910	187
133945	187
133980	187
134003	187
134050	187
134085	187
134109	187
134144	187
134167	187
134203	187
134238	187
134261	187
134285	187
134320	187
134355	187
134378	187
134414	187
134449	187
134472	187
134507	188
134531	188
134566	188
134601	188
134625	188
134660	188
134695	188
134718	188
134753	188
134789	188
134824	188
134859	188
134894	188
134917	188
134953	188
134976	188
135011	188
135035	188
135070	188
135105	188
135128	188
135164	188
135187	188
135222	188
135257	188
135281	188
135316	188
135339	188
135375	188
135398	188
135433	188
135468	188
135503	188
135527	188
135562	188
135597	188
135632	188
135667	188
135691	188
135726	188
135761	188
135785	188
135820	188
135855	188
135878	188
135914	188
135949	188
135984	188
136007	188
136042	188
136066	189
136101	189
136125	189
136160	189
136195	189
136218	189
136253	189
136289	189
136324	189
136359	189
136382	189
136417	189
136441	189
136476	189
136511	189
136535	189
136570	189
136605	189
136628	189
136664	189
136699	189
136734	189
136769	189
136792	189
136828	189
136851	189
136886	189
136910	189
136945	189
136980	189
137015	189
137050	189
137085	189
137109	189
137144	189
137179	189
137214	189
137250	189
137285	189
137308	189
137343	189
137378	189
137414	189
137449	189
137472	189
137507	189
137542	189
137566	189
137589	189
137625	189
137648	190
137683	190
137718	190
137742	190
137777	190
137812	190
137835	190
137871	190
137906	190
137929	190
137964	190
138000	190
138035	190
138058	190
138093	190
138128	190
138175	190
138210	190
138246	190
138269	190
138304	190
138339	190
138363	190
138398	190
138421	190
138457	190
138492	190
138515	190
138550	190
138585	190
138609	190
138644	190
138679	190
138703	190
138738	190
138773	190
138796	190
138832	190
138867	190
138902	190
138937	190
138972	190
139007	190
139031	190
139066	190
139101	190
139136	190
139160	190
139195	190
139230	190
139253	191
139289	191
139324	191
139347	191
139382	191
139417	191
139441	191
139476	191
139511	191
139546	191
139570	191
139605	191
139640	191
139687	191
139722	191
139746	191
139781	191
139816	191
139839	191
139875	191
139910	191
139933	191
139968	191
140003	191
140027	191
140062	191
140085	191
140121	191
140156	191
140179	191
140214	191
140238	191
140273	191
140308	191
140332	191
140367	191
140414	191
140449	191
140484	191
140519	191
140542	191
140578	191
140613	191
140648	191
140683	191
140707	191
140742	191
140777	191
140812	191
140835	191
140871	192
140906	192
140929	192
140953	192
140988	192
141011	192
141046	192
141070	192
141105	192
141140	192
141175	192
141210	192
141246	192
141269	192
141304	192
141339	192
141375	192
141398	192
141433	192
141468	192
141503	192
141527	192
141562	192
141597	192
141632	192
141656	192
141691	192
141714	192
141750	192
141785	192
141808	192
141843	192
141878	192
141914	192
141949	192
141984	192
142007	192
142042	192
142078	192
142101	192
142136	192
142171	192
142195	192
142230	192
142265	192
142289	192
142324	192
142359	192
142394	192
142417	192
142453	193
142476	193
142500	193
142535	193
142558	193
142593	193
142628	193
142664	193
142699	193
142734	193
142757	193
142792	193
142828	193
142863	193
142898	193
142933	193
142957	193
142992	193
143027	193
143062	193
143097	193
143132	193
143167	193
143191	193
143226	193
143250	193
143285	193
143320	193
143343	193
143378	193
143414	193
143449	193
143472	193
143507	193
143542	193
143566	193
143601	193
143636	193
143660	193
143695	193
143730	193
143765	193
143789	193
143824	193
143859	193
143894	193
143917	193
143953	193
143976	193
144000	193
144035	194
144070	194
144093	194
144128	194
144152	194
144187	194
144222	194
144257	194
144281	194
144316	194
144339	194
144375	194
144410	194
144433	194
144468	194
144503	194
144539	194
144574	194
144597	194
144632	194
144667	194
144691	194
144726	194
144750	194
144785	194
144808	194
144843	194
144878	194
144902	194
144937	194
144960	194
144996	194
145031	194
145054	194
145089	194
145125	194
145148	194
145183	194
145207	194
145242	194
145277	194
145312	194
145347	194
145382	194
145406	194
145441	194
145476	194
145500	194
145523	194
145558	194
145593	195
145617	195
145652	195
145675	195
145710	195
145746	195
145769	195
145804	195
145839	195
145863	195
145898	195
145921	195
145957	195
145992	195
146027	195
146062	195
146097	195
146121	195
146156	195
146191	195
146214	195
146250	195
146273	195
146308	195
146332	195
146367	195
146390	195
146425	195
146460	195
146484	195
146519	195
146554	195
146578	195
146613	195
146648	195
146671	195
146707	195
146730	195
146765	195
146800	195
146835	195
146871	195
146906	195
146929	195
146964	195
146988	195
147023	195
147046	195
147082	195
147117	195
147140	196
147175	196
147199	196
147234	196
147269	196
147292	196
147328	196
147351	196
147386	196
147410	196
147445	196
147480	196
147515	196
147550	196
147585	196
147609	196
147644	196
147679	196
147703	196
147738	196
147773	196
147796	196
147832	196
147867	196
147890	196
147925	196
147960	196
147996	196
148019	196
148054	196
148078	196
148113	196
148148	196
148171	196
148207	196
148230	196
148265	196
148300	196
148335	196
148371	196
148394	196
148429	196
148464	196
148488	196
148523	196
148546	196
148582	196
148617	196
148652	196
148675	196
148710	197
148746	197
148769	197
148804	197
148839	197
148863	197
148898	197
148921	197
148957	197
148992	197
149027	197
149062	197
149085	197
149121	197
149156	197
149179	197
149226	197
149261	197
149285	197
149320	197
149343	197
149378	197
149414	197
149449	197
149484	197
149507	197
149542	197
149578	197
149601	197
149625	197
149660	197
149683	197
149718	197
149742	197
149777	197
149812	197
149835	197
149871	197
149906	197
149941	197
149964	197
150000	197
150035	197
150070	197
150093	197
150128	197
150175	197
150210	197
150246	197
150269	197
150304	198
150339	198
150363	198
150398	198
150421	198
150457	198
150492	198
150515	198
150550	198
150585	198
150609	198
150644	198
150679	198
150703	198
150738	198
150773	198
150796	198
150832	198
150867	198
150902	198
150937	198
150972	198
151007	198
151031	198
151066	198
151101	198
151125	198
151160	198
151183	198
151218	198
151253	198
151277	198
151312	198
151347	198
151371	198
151406	198
151441	198
151476	198
151500	198
151535	198
151570	198
151593	198
151628	198
151675	198
151710	198
151746	198
151769	198
151804	198
151839	198
151863	198
151898	199
151933	199
151957	199
151992	199
152015	199
152050	199
152074	199
152109	199
152144	199
152167	199
152203	199
152226	199
152261	199
152296	199
152320	199
152355	199
152390	199
152437	199
152472	199
152507	199
152531	199
152566	199
152601	199
152636	199
152671	199
152695	199
152730	199
152765	199
152789	199
152824	199
152847	199
152882	199
152917	199
152941	199
152976	199
153000	199
153023	199
153058	199
153093	199
153117	199
153152	199
153187	199
153222	199
153257	199
153281	199
153316	199
153351	199
153386	199
153410	199
153445	199
153480	200
153515	200
153539	200
153574	200
153609	200
153644	200
153667	200
153703	200
153726	200
153761	200
153785	200
153820	200
153855	200
153890	200
153925	200
153949	200
153984	200
154019	200
154054	200
154078	200
154113	200
154148	200
154171	200
154207	200
154230	200
154265	200
154300	200
154324	200
154359	200
154394	200
154429	200
154453	200
154476	200
154500	200
154535	200
154570	200
154593	200
154628	200
154664	200
154699	200
154734	200
154757	200
154792	200
154828	200
154863	200
154898	200
154933	200
154968	200
154992	200
155027	200
155062	201
155097	201
155132	201
155167	201
155191	201
155226	201
155250	201
155285	201
155308	201
155343	201
155378	201
155414	201
155437	201
155472	201
155507	201
155542	201
155566	201
155601	201
155625	201
155660	201
155695	201
155718	201
155753	201
155789	201
155824	201
155847	201
155882	201
155917	201
155941	201
155976	201
156000	201
156023	201
156058	201
156093	201
156117	201
156152	201
156187	201
156210	201
156246	201
156281	201
156304	201
156339	201
156375	201
156398	201
156433	201
156468	201
156492	201
156527	201
156562	201
156597	201
156632	202
156667	202
156691	202
156726	202
156750	202
156785	202
156820	202
156843	202
156878	202
156902	202
156937	202
156972	202
157007	202
157031	202
157066	202
157101	202
157125	202
157160	202
157183	202
157218	202
157253	202
157289	202
157324	202
157359	202
157394	202
157429	202
157453	202
157488	202
157511	202
157546	202
157570	202
157605	202
157640	202
157664	202
157699	202
157722	202
157757	202
157792	202
157816	202
157851	202
157886	202
157910	202
157945	202
157980	202
158003	202
158050	202
158085	202
158109	202
158144	202
158179	202
158203	203
158238	203
158261	203
158296	203
158320	203
158355	203
158390	203
158414	203
158449	203
158484	203
158507	203
158542	203
timepoint: 190.5